a0_min         a1_min         Y1_intercept   Y2_intercept   Y3_intercept   Y4_intercept   Y5_intercept   LogPost        
   0.975039E+02   0.862764E+01   0.143256E-03   0.132262E+02   0.163685E+02   0.156843E+02   0.135741E+02   0.344586E+02
   0.997216E+02   0.523229E+00   0.363987E-03   0.114794E+02   0.123529E+02   0.138581E+02   0.147910E+02   0.390878E+02
   0.100902E+03   0.143660E+01   0.633062E-04   0.119532E+02   0.127079E+02   0.110151E+02   0.181465E+02   0.367247E+02
   0.992094E+02   0.944768E+01   0.170472E-04   0.848827E+01   0.146210E+02   0.166196E+02   0.126125E+02   0.371557E+02
   0.963178E+02   0.179493E+01   0.655730E-03   0.104896E+02   0.765966E+01   0.197426E+02   0.111270E+02   0.344733E+02
   0.989908E+02  -0.411432E+01   0.354040E-03   0.801134E+01   0.110830E+02   0.104939E+02   0.139881E+02   0.373722E+02
   0.989908E+02   0.642953E+01   0.419022E-03   0.107415E+02   0.101770E+02   0.943145E+01   0.178679E+02   0.370980E+02
   0.997498E+02   0.655295E+00   0.155187E-04   0.144847E+02   0.732125E+01   0.140612E+02   0.127521E+02   0.375772E+02
   0.997498E+02  -0.478886E-01   0.131455E-03   0.918971E+01   0.106349E+02   0.213600E+02   0.935853E+01   0.362468E+02
   0.101098E+03  -0.292551E+01   0.100582E-02   0.912213E+01   0.121712E+02   0.248226E+02   0.113440E+02   0.321814E+02
   0.991617E+02  -0.630624E-01   0.241450E-04   0.894361E+01   0.145540E+02   0.900692E+01   0.147228E+02   0.358031E+02
   0.993231E+02   0.109218E+02   0.728381E-04   0.852458E+01   0.658808E+01   0.155676E+02   0.966442E+01   0.354532E+02
   0.993231E+02  -0.759402E+01   0.849313E-03   0.916036E+01   0.119136E+02   0.134738E+02   0.106496E+02   0.353856E+02
   0.993231E+02  -0.443577E+01   0.193976E-03   0.114377E+02   0.100572E+02   0.280863E+02   0.151438E+02   0.335713E+02
   0.100415E+03  -0.332234E+01   0.588602E-03   0.109657E+02   0.751749E+01   0.164644E+02   0.179295E+02   0.371595E+02
   0.100549E+03   0.650449E+01   0.175362E-04   0.114548E+02   0.931409E+01   0.126509E+02   0.220736E+02   0.369400E+02
   0.100549E+03   0.529640E+01   0.175362E-04   0.929595E+01   0.734654E+01   0.129253E+02   0.121010E+02   0.385749E+02
   0.993516E+02   0.198419E+01   0.614739E-03   0.882474E+01   0.668540E+01   0.171153E+02   0.146201E+02   0.375329E+02
   0.101033E+03  -0.651874E+01   0.483367E-03   0.122216E+02   0.776620E+01   0.101807E+02   0.191264E+02   0.344523E+02
   0.980746E+02   0.759485E+01   0.110021E-03   0.117351E+02   0.860802E+01   0.131289E+02   0.123887E+02   0.391540E+02
   0.974966E+02   0.772803E+01   0.227697E-04   0.924866E+01   0.110348E+02   0.160264E+02   0.141596E+02   0.392733E+02
   0.987905E+02   0.728674E+00   0.272106E-03   0.832077E+01   0.111469E+02   0.153056E+02   0.117221E+02   0.394153E+02
   0.977721E+02   0.658780E+01   0.155473E-03   0.963494E+01   0.812631E+01   0.148578E+02   0.141070E+02   0.397282E+02
   0.101152E+03  -0.921226E+00   0.155473E-03   0.101025E+02   0.109608E+02   0.125794E+02   0.996772E+01   0.372546E+02
   0.990461E+02  -0.141044E+01   0.171469E-03   0.804684E+01   0.815942E+01   0.147813E+02   0.131906E+02   0.395672E+02
   0.992863E+02   0.767213E+01   0.374519E-03   0.940322E+01   0.905888E+01   0.146701E+02   0.175340E+02   0.394689E+02
   0.992863E+02   0.279717E+01   0.261317E-03   0.111326E+02   0.102501E+02   0.151898E+02   0.161026E+02   0.402240E+02
   0.989655E+02   0.190515E+01   0.261317E-03   0.135777E+02   0.932700E+01   0.193028E+02   0.124617E+02   0.378653E+02
   0.983439E+02   0.305237E+01   0.645428E-03   0.101837E+02   0.932700E+01   0.169832E+02   0.136873E+02   0.389759E+02
   0.983439E+02  -0.268723E+01   0.128979E-03   0.121016E+02   0.839057E+01   0.114838E+02   0.167554E+02   0.377936E+02
   0.100210E+03   0.388592E+01   0.480738E-03   0.121005E+02   0.917081E+01   0.170559E+02   0.149642E+02   0.386747E+02
   0.981367E+02  -0.209990E+01   0.535616E-03   0.105836E+02   0.120218E+02   0.209694E+02   0.129093E+02   0.362757E+02
   0.988152E+02   0.579533E+01   0.216097E-03   0.895055E+01   0.894497E+01   0.149114E+02   0.129093E+02   0.403653E+02
   0.986199E+02   0.513809E+01   0.551183E-03   0.121819E+02   0.933999E+01   0.115855E+02   0.147855E+02   0.384661E+02
   0.956193E+02   0.656659E+01   0.163310E-02   0.103822E+02   0.985281E+01   0.140187E+02   0.211036E+02   0.325453E+02
   0.983756E+02   0.238443E+01   0.571208E-03   0.952297E+01   0.100023E+02   0.105666E+02   0.113099E+02   0.376956E+02
   0.100204E+03   0.265635E+01   0.301743E-03   0.798524E+01   0.765993E+01   0.221409E+02   0.256273E+02   0.327379E+02
   0.986566E+02   0.810334E+00   0.232613E-03   0.900426E+01   0.790730E+01   0.136253E+02   0.185357E+02   0.392046E+02
   0.983417E+02   0.129736E+02   0.852802E-03   0.958158E+01   0.855268E+01   0.193407E+02   0.232259E+02   0.332267E+02
   0.101184E+03  -0.533660E+01   0.130994E-03   0.948506E+01   0.104328E+02   0.167851E+02   0.116757E+02   0.378538E+02
   0.977807E+02   0.919743E-01   0.341093E-03   0.103947E+02   0.949530E+01   0.131720E+02   0.116757E+02   0.388259E+02
   0.996867E+02   0.967521E+01   0.579661E-03   0.122415E+02   0.889257E+01   0.169692E+02   0.116757E+02   0.372098E+02
   0.981605E+02   0.142097E+02   0.457050E-03   0.955630E+01   0.699546E+01   0.222373E+02   0.131824E+02   0.337745E+02
   0.986252E+02   0.104323E+01   0.760069E-04   0.100147E+02   0.951944E+01   0.193085E+02   0.829092E+01   0.358540E+02
   0.958194E+02   0.696944E+01   0.102577E-02   0.106055E+02   0.155201E+02   0.200321E+02   0.165760E+02   0.314725E+02
   0.100054E+03   0.556870E+01   0.121209E-03   0.959524E+01   0.953407E+01   0.172750E+02   0.108336E+02   0.389808E+02
   0.980610E+02   0.673322E+00   0.378524E-03   0.896519E+01   0.115749E+02   0.170976E+02   0.125010E+02   0.387435E+02
   0.984054E+02  -0.146628E+01   0.447019E-03   0.975232E+01   0.823773E+01   0.157903E+02   0.152948E+02   0.390714E+02
   0.997730E+02   0.338021E+01   0.762835E-03   0.103583E+02   0.887183E+01   0.117984E+02   0.161623E+02   0.381645E+02
   0.988157E+02   0.120757E+02   0.502521E-03   0.860161E+01   0.911794E+01   0.188178E+02   0.180537E+02   0.368266E+02
   0.989422E+02   0.105554E+02   0.177937E-03   0.810925E+01   0.116401E+02   0.173085E+02   0.998651E+01   0.366697E+02
   0.989075E+02   0.342498E+01   0.299661E-03   0.882111E+01   0.111712E+02   0.148277E+02   0.199491E+02   0.389426E+02
   0.100253E+03  -0.114841E+02   0.299661E-03   0.942976E+01   0.962400E+01   0.148286E+02   0.196057E+02   0.351642E+02
   0.100401E+03   0.560739E+01   0.348434E-03   0.914340E+01   0.160772E+02   0.148545E+02   0.155511E+02   0.363303E+02
   0.990682E+02   0.428929E+01   0.457124E-03   0.859959E+01   0.101326E+02   0.139647E+02   0.198277E+02   0.387197E+02
   0.992355E+02   0.118307E+01   0.410012E-03   0.116418E+02   0.756884E+01   0.145712E+02   0.136997E+02   0.390914E+02
   0.100806E+03  -0.242769E+01   0.226811E-03   0.750286E+01   0.923376E+01   0.136763E+02   0.199375E+02   0.374597E+02
   0.995450E+02  -0.607198E+01   0.386968E-03   0.127492E+02   0.104051E+02   0.131896E+02   0.146825E+02   0.375939E+02
   0.991851E+02   0.401670E+01   0.497862E-04   0.130237E+02   0.100381E+02   0.107025E+02   0.200818E+02   0.373298E+02
   0.991851E+02   0.421405E+01   0.423153E-03   0.102785E+02   0.125511E+02   0.176354E+02   0.171284E+02   0.384648E+02
   0.990722E+02   0.746607E+01   0.262916E-04   0.751995E+01   0.140805E+02   0.170350E+02   0.187046E+02   0.367879E+02
   0.986014E+02   0.117313E+01   0.659339E-04   0.835674E+01   0.119169E+02   0.200353E+02   0.238161E+02   0.354433E+02
   0.991053E+02   0.298442E+01   0.207794E-03   0.115800E+02   0.647710E+01   0.153021E+02   0.222924E+02   0.360469E+02
   0.975925E+02   0.141658E+01   0.170087E-04   0.127863E+02   0.119355E+02   0.133130E+02   0.231277E+02   0.354455E+02
   0.968277E+02  -0.253987E+00   0.676400E-03   0.125401E+02   0.101801E+02   0.161803E+02   0.154787E+02   0.364444E+02
   0.981242E+02   0.848064E+01   0.341426E-03   0.120097E+02   0.124626E+02   0.119589E+02   0.140641E+02   0.377975E+02
   0.995343E+02   0.309676E+01   0.341426E-03   0.108633E+02   0.930808E+01   0.198493E+02   0.136690E+02   0.389782E+02
   0.996181E+02   0.709881E+01   0.500861E-05   0.963566E+01   0.116409E+02   0.154008E+02   0.161638E+02   0.398028E+02
   0.101017E+03   0.198201E+01   0.327070E-03   0.918913E+01   0.145394E+02   0.102573E+02   0.177638E+02   0.352594E+02
   0.975676E+02   0.116598E+02   0.142892E-03   0.896926E+01   0.848053E+01   0.144908E+02   0.165094E+02   0.379163E+02
   0.978717E+02   0.208414E+01   0.907437E-03   0.870224E+01   0.116672E+02   0.120060E+02   0.136010E+02   0.370979E+02
   0.993614E+02   0.390970E+01   0.373666E-03   0.107021E+02   0.973995E+01   0.185018E+02   0.107291E+02   0.384120E+02
   0.993614E+02   0.445687E+01   0.151030E-03   0.974054E+01   0.783520E+01   0.139974E+02   0.139355E+02   0.403032E+02
   0.993614E+02  -0.221132E+01   0.222041E-03   0.974054E+01   0.958597E+01   0.148680E+02   0.168196E+02   0.398988E+02
   0.995237E+02   0.514878E+01   0.153461E-03   0.874571E+01   0.870189E+01   0.198849E+02   0.192420E+02   0.381618E+02
   0.100503E+03   0.524440E+01   0.315186E-03   0.978619E+01   0.119649E+02   0.131187E+02   0.112715E+02   0.383024E+02
   0.983991E+02   0.123633E+01   0.368024E-03   0.812814E+01   0.985061E+01   0.146476E+02   0.151523E+02   0.398004E+02
   0.975361E+02   0.107286E+02   0.571952E-03   0.144534E+02   0.108311E+02   0.211550E+02   0.129742E+02   0.339738E+02
   0.986920E+02   0.377743E+00   0.838803E-03   0.130006E+02   0.840537E+01   0.129671E+02   0.164965E+02   0.368762E+02
   0.100705E+03  -0.118607E+02   0.583594E-03   0.965588E+01   0.978092E+01   0.177581E+02   0.161966E+02   0.356218E+02
   0.972890E+02   0.508518E+01   0.112245E-02   0.874442E+01   0.957309E+01   0.118005E+02   0.122636E+02   0.361595E+02
   0.995470E+02  -0.448502E+00   0.426698E-03   0.819329E+01   0.119998E+02   0.102360E+02   0.159023E+02   0.375502E+02
   0.995470E+02  -0.162510E+01   0.386251E-04   0.679157E+01   0.122050E+02   0.121186E+02   0.162446E+02   0.377424E+02
   0.995470E+02  -0.233938E+01   0.371157E-03   0.856329E+01   0.119293E+02   0.136094E+02   0.127056E+02   0.389142E+02
   0.996732E+02   0.714571E+01   0.318092E-03   0.880435E+01   0.120749E+02   0.167016E+02   0.147336E+02   0.390695E+02
   0.996732E+02   0.150244E+02   0.427271E-03   0.860979E+01   0.112634E+02   0.143253E+02   0.122962E+02   0.365598E+02
   0.100760E+03  -0.253966E+01   0.310712E-04   0.962529E+01   0.146282E+02   0.117441E+02   0.115975E+02   0.364360E+02
   0.989962E+02   0.334928E+01   0.475237E-04   0.889097E+01   0.146170E+02   0.161486E+02   0.149129E+02   0.385638E+02
   0.989542E+02   0.763534E+00   0.694648E-03   0.989990E+01   0.120739E+02   0.173883E+02   0.191796E+02   0.371331E+02
   0.983475E+02   0.113225E+01   0.274992E-03   0.974801E+01   0.132520E+02   0.150155E+02   0.242078E+02   0.356806E+02
   0.994099E+02   0.439052E+01   0.203173E-03   0.126230E+02   0.114315E+02   0.157563E+02   0.156253E+02   0.392785E+02
   0.994099E+02   0.115236E+01   0.112466E-03   0.131914E+02   0.769913E+01   0.210854E+02   0.167660E+02   0.369131E+02
   0.101079E+03   0.122856E+01   0.331430E-03   0.105509E+02   0.840778E+01   0.148329E+02   0.995461E+01   0.373026E+02
   0.100641E+03  -0.521753E+01   0.286167E-03   0.809243E+01   0.101639E+02   0.172673E+02   0.101697E+02   0.367541E+02
   0.987832E+02   0.101821E+02   0.186507E-03   0.795310E+01   0.107636E+02   0.131490E+02   0.858996E+01   0.356382E+02
   0.987832E+02   0.615166E+01   0.382394E-03   0.714375E+01   0.168454E+02   0.144845E+02   0.197740E+02   0.339542E+02
   0.998150E+02   0.699358E+01   0.382394E-03   0.125804E+02   0.878346E+01   0.181073E+02   0.216265E+02   0.361847E+02
   0.987938E+02   0.452206E+01   0.350582E-03   0.133479E+02   0.907822E+01   0.119105E+02   0.172856E+02   0.382142E+02
   0.982961E+02   0.451387E+01   0.732955E-03   0.876499E+01   0.153809E+02   0.114828E+02   0.833347E+01   0.317801E+02
   0.986552E+02   0.240616E+01   0.819343E-03   0.139018E+02   0.109595E+02   0.148753E+02   0.153494E+02   0.368160E+02
   0.101151E+03  -0.287866E+01   0.243427E-03   0.812997E+01   0.934736E+01   0.150322E+02   0.137975E+02   0.387658E+02
   0.979915E+02   0.375741E+01   0.340542E-03   0.813646E+01   0.905161E+01   0.835707E+01   0.158910E+02   0.359322E+02
   0.979915E+02  -0.125343E+01   0.337170E-04   0.852495E+01   0.836682E+01   0.199860E+02   0.135406E+02   0.379639E+02
   0.998837E+02   0.362861E+01   0.106722E-03   0.122573E+02   0.983869E+01   0.193413E+02   0.110301E+02   0.380035E+02
   0.973182E+02   0.475500E+01   0.413818E-03   0.950596E+01   0.726986E+01   0.140665E+02   0.104491E+02   0.370720E+02
   0.952911E+02   0.535158E+01   0.540770E-03   0.855791E+01   0.724179E+01   0.126662E+02   0.152994E+02   0.342590E+02
   0.100164E+03   0.262986E+01   0.628410E-03   0.106551E+02   0.731560E+01   0.176486E+02   0.160751E+02   0.376089E+02
   0.984737E+02  -0.259892E+01   0.381745E-03   0.100095E+02   0.874509E+01   0.128514E+02   0.182092E+02   0.384336E+02
   0.100671E+03   0.418399E+01   0.519329E-03   0.943119E+01   0.101047E+02   0.174491E+02   0.165031E+02   0.385178E+02
   0.101404E+03   0.135800E+02   0.872120E-03   0.110802E+02   0.130799E+02   0.116218E+02   0.163611E+02   0.339671E+02
   0.100396E+03   0.435978E+00   0.134186E-03   0.792929E+01   0.959091E+01   0.149931E+02   0.167142E+02   0.395728E+02
   0.988784E+02  -0.430190E+01   0.134186E-03   0.886722E+01   0.100877E+02   0.194007E+02   0.106589E+02   0.370857E+02
   0.988784E+02   0.133182E+01   0.388430E-03   0.100050E+02   0.124075E+02   0.229902E+02   0.175041E+02   0.362965E+02
   0.977423E+02   0.119138E+01   0.238782E-03   0.107503E+02   0.102052E+02   0.153286E+02   0.181291E+02   0.389909E+02
   0.984423E+02   0.854658E+01   0.220436E-03   0.110520E+02   0.125633E+02   0.168584E+02   0.173402E+02   0.381733E+02
   0.982667E+02  -0.588778E+01   0.515595E-03   0.951168E+01   0.117247E+02   0.150127E+02   0.174421E+02   0.367682E+02
   0.100270E+03   0.138517E+01   0.522825E-03   0.724734E+01   0.108468E+02   0.112277E+02   0.156097E+02   0.375885E+02
   0.100280E+03   0.281526E+01   0.398036E-03   0.835214E+01   0.912627E+01   0.108144E+02   0.136212E+02   0.386182E+02
   0.989744E+02   0.234959E+01   0.289305E-03   0.159801E+02   0.101183E+02   0.177024E+02   0.106979E+02   0.357576E+02
   0.102172E+03   0.398533E+01   0.309708E-03   0.108707E+02   0.106240E+02   0.166529E+02   0.165731E+02   0.365884E+02
   0.997660E+02   0.922617E+01   0.309708E-03   0.163909E+02   0.106240E+02   0.126156E+02   0.119010E+02   0.352290E+02
   0.100136E+03  -0.272001E+01   0.573463E-03   0.101267E+02   0.127479E+02   0.127351E+02   0.199497E+02   0.366391E+02
   0.100136E+03   0.585121E+01   0.854018E-04   0.117564E+02   0.820734E+01   0.170648E+02   0.213704E+02   0.372115E+02
   0.996065E+02  -0.155830E+01   0.459348E-03   0.133814E+02   0.127665E+02   0.173805E+02   0.154147E+02   0.369369E+02
   0.996065E+02   0.506494E+01   0.341691E-03   0.132967E+02   0.887838E+01   0.175358E+02   0.145263E+02   0.384790E+02
   0.966684E+02   0.511911E+01   0.686739E-04   0.828072E+01   0.887838E+01   0.148955E+02   0.139213E+02   0.383536E+02
   0.980636E+02  -0.247746E+01   0.779134E-03   0.107596E+02   0.106473E+02   0.147786E+02   0.189266E+02   0.368639E+02
   0.979107E+02   0.524616E+01   0.787688E-04   0.932160E+01   0.109919E+02   0.123134E+02   0.166498E+02   0.396199E+02
   0.980775E+02   0.963894E+01   0.774653E-03   0.844311E+01   0.118355E+02   0.177919E+02   0.146755E+02   0.369447E+02
   0.984657E+02   0.288066E+01   0.485505E-03   0.100732E+02   0.114114E+02   0.141998E+02   0.154581E+02   0.395377E+02
   0.980139E+02   0.598518E+01   0.485505E-03   0.868797E+01   0.955513E+01   0.148740E+02   0.163472E+02   0.393464E+02
   0.966628E+02   0.114198E+01   0.105809E-03   0.108824E+02   0.105372E+02   0.149598E+02   0.163472E+02   0.377580E+02
   0.100776E+03   0.211861E+01   0.259543E-03   0.100540E+02   0.105167E+02   0.134535E+02   0.180692E+02   0.389886E+02
   0.967154E+02  -0.272031E+01   0.434560E-03   0.909529E+01   0.105167E+02   0.165781E+02   0.158738E+02   0.363953E+02
   0.990231E+02   0.112369E+01   0.181744E-03   0.948761E+01   0.985647E+01   0.123463E+02   0.141787E+02   0.404777E+02
   0.962294E+02   0.612754E+01   0.469904E-03   0.103737E+02   0.122237E+02   0.136666E+02   0.153830E+02   0.367106E+02
   0.101832E+03  -0.201022E+01   0.116917E-03   0.836298E+01   0.878442E+01   0.177835E+02   0.183457E+02   0.367533E+02
   0.961366E+02   0.139225E+02   0.107317E-02   0.102051E+02   0.878442E+01   0.158731E+02   0.174865E+02   0.343654E+02
   0.990636E+02   0.655123E+01   0.612648E-03   0.140850E+02   0.869240E+01   0.170388E+02   0.169515E+02   0.368411E+02
   0.100589E+03   0.295776E+01   0.142146E-03   0.103818E+02   0.137526E+02   0.189924E+02   0.168960E+02   0.371823E+02
   0.100589E+03   0.678023E+01   0.348247E-03   0.104989E+02   0.992573E+01   0.217153E+02   0.139283E+02   0.371697E+02
   0.101367E+03   0.538571E+01   0.626507E-04   0.972960E+01   0.832922E+01   0.121708E+02   0.153034E+02   0.381643E+02
   0.974294E+02   0.902171E+01   0.209777E-03   0.912445E+01   0.103169E+02   0.194293E+02   0.198777E+02   0.366643E+02
   0.978448E+02   0.147787E+02   0.635452E-03   0.742707E+01   0.118788E+02   0.160096E+02   0.130490E+02   0.351932E+02
   0.101790E+03  -0.152791E+01   0.155809E-03   0.893850E+01   0.854579E+01   0.137596E+02   0.239411E+02   0.349714E+02
   0.998100E+02  -0.851053E+00   0.286046E-03   0.114537E+02   0.751984E+01   0.149289E+02   0.118904E+02   0.386950E+02
   0.998100E+02   0.344243E+01   0.894474E-04   0.118942E+02   0.101356E+02   0.149994E+02   0.163139E+02   0.399755E+02
   0.998100E+02   0.752045E+01   0.462307E-03   0.116075E+02   0.107278E+02   0.164567E+02   0.155559E+02   0.387186E+02
   0.981251E+02   0.268427E+01   0.370297E-03   0.888521E+01   0.804458E+01   0.138124E+02   0.830447E+01   0.358494E+02
   0.995023E+02   0.425046E+01   0.822343E-04   0.818429E+01   0.761087E+01   0.156367E+02   0.130876E+02   0.396907E+02
   0.987913E+02   0.102015E+02   0.469825E-03   0.858009E+01   0.146202E+02   0.145027E+02   0.156527E+02   0.367481E+02
   0.990869E+02   0.902401E+01   0.356069E-03   0.952019E+01   0.139279E+02   0.145656E+02   0.185997E+02   0.372360E+02
   0.990869E+02   0.539039E+01   0.781846E-03   0.823775E+01   0.116239E+02   0.260243E+02   0.127142E+02   0.336247E+02
   0.995401E+02  -0.305691E+01   0.165514E-02   0.686066E+01   0.121332E+02   0.193664E+02   0.133217E+02   0.320680E+02
   0.100431E+03   0.229454E+02   0.117236E-02   0.945409E+01   0.117865E+02   0.166126E+02   0.121054E+02   0.324056E+02
   0.993784E+02  -0.689592E+01   0.427217E-03   0.104217E+02   0.857357E+01   0.148987E+02   0.153189E+02   0.380061E+02
   0.983930E+02  -0.669521E+01   0.982904E-03   0.116744E+02   0.133438E+02   0.155904E+02   0.212584E+02   0.328425E+02
   0.977874E+02   0.857203E+01   0.361220E-03   0.105924E+02   0.820486E+01   0.193491E+02   0.155080E+02   0.378348E+02
   0.985153E+02   0.638218E+01   0.377915E-04   0.823473E+01   0.916052E+01   0.124527E+02   0.152853E+02   0.400478E+02
   0.101313E+03   0.615012E+01   0.377915E-04   0.886907E+01   0.805467E+01   0.149405E+02   0.138523E+02   0.382855E+02
   0.990095E+02   0.609415E+01   0.971950E-04   0.133695E+02   0.927120E+01   0.149405E+02   0.223986E+02   0.369497E+02
   0.988155E+02  -0.553625E+00   0.139800E-03   0.969054E+01   0.103081E+02   0.125320E+02   0.145597E+02   0.402267E+02
   0.981298E+02   0.384646E+01   0.432903E-04   0.107104E+02   0.117936E+02   0.215021E+02   0.108145E+02   0.369644E+02
   0.993396E+02   0.721260E+01   0.105926E-04   0.105770E+02   0.115183E+02   0.235222E+02   0.161319E+02   0.368833E+02
   0.985992E+02   0.414565E+01   0.209484E-03   0.105970E+02   0.102416E+02   0.151191E+02   0.179252E+02   0.399519E+02
   0.993318E+02   0.438415E+01   0.272226E-03   0.896328E+01   0.140886E+02   0.134455E+02   0.148633E+02   0.386939E+02
   0.998131E+02   0.592755E+01   0.796262E-03   0.101280E+02   0.978115E+01   0.225655E+02   0.148393E+02   0.361324E+02
   0.988776E+02   0.363161E+01   0.403756E-03   0.918089E+01   0.795575E+01   0.169024E+02   0.145501E+02   0.395775E+02
   0.974395E+02   0.691447E+01   0.202796E-03   0.822983E+01   0.103451E+02   0.155095E+02   0.148265E+02   0.392062E+02
   0.100317E+03   0.563382E+01   0.392061E-03   0.822983E+01   0.134482E+02   0.141167E+02   0.153662E+02   0.379625E+02
   0.102785E+03   0.824469E+01   0.115086E-02   0.820713E+01   0.897656E+01   0.151700E+02   0.171746E+02   0.343940E+02
   0.103247E+03   0.960333E+01   0.134077E-03   0.900450E+01   0.858230E+01   0.137555E+02   0.123054E+02   0.329693E+02
   0.100778E+03  -0.164068E+01   0.808633E-03   0.103691E+02   0.114119E+02   0.106167E+02   0.160836E+02   0.364830E+02
   0.101349E+03   0.208702E+01   0.188561E-03   0.124356E+02   0.121648E+02   0.149093E+02   0.143925E+02   0.375925E+02
   0.991199E+02   0.811257E+01   0.467427E-03   0.136479E+02   0.975230E+01   0.104160E+02   0.145185E+02   0.368354E+02
   0.993530E+02  -0.954325E+00   0.281342E-03   0.100814E+02   0.128049E+02   0.115313E+02   0.142388E+02   0.386787E+02
   0.993530E+02   0.571773E+01   0.443731E-03   0.121327E+02   0.131546E+02   0.175047E+02   0.208997E+02   0.359762E+02
   0.990901E+02   0.948338E+01   0.950472E-04   0.948587E+01   0.975725E+01   0.126545E+02   0.200067E+02   0.384473E+02
   0.975173E+02  -0.236715E+01   0.719126E-03   0.906968E+01   0.101856E+02   0.155951E+02   0.133619E+02   0.375764E+02
   0.957743E+02   0.100381E+02   0.122388E-02   0.960087E+01   0.913735E+01   0.117214E+02   0.164604E+02   0.345115E+02
   0.979336E+02  -0.565991E+01   0.306727E-03   0.761799E+01   0.100346E+02   0.156332E+02   0.110188E+02   0.359200E+02
   0.103257E+03  -0.927382E+00   0.450186E-03   0.950019E+01   0.996905E+01   0.155987E+02   0.140421E+02   0.354091E+02
   0.987746E+02  -0.262630E+01   0.101750E-02   0.765999E+01   0.134584E+02   0.194518E+02   0.171173E+02   0.340355E+02
   0.974234E+02   0.427220E-01   0.301318E-03   0.124279E+02   0.859798E+01   0.159641E+02   0.147572E+02   0.380517E+02
   0.989817E+02   0.850212E+01   0.945578E-03   0.856199E+01   0.757374E+01   0.165031E+02   0.158874E+02   0.367714E+02
   0.996369E+02   0.124547E+01   0.560483E-03   0.105266E+02   0.112279E+02   0.152090E+02   0.168380E+02   0.390153E+02
   0.100260E+03  -0.458217E+01   0.341757E-03   0.130053E+02   0.960244E+01   0.164959E+02   0.113799E+02   0.372591E+02
   0.995883E+02   0.290898E+01   0.592734E-06   0.786606E+01   0.875613E+01   0.140803E+02   0.145370E+02   0.403267E+02
   0.973196E+02   0.659511E+01   0.466336E-03   0.868187E+01   0.109897E+02   0.147808E+02   0.197895E+02   0.374840E+02
   0.978623E+02  -0.169549E+01   0.530725E-03   0.113151E+02   0.131041E+02   0.177404E+02   0.127448E+02   0.365318E+02
   0.998964E+02   0.930850E+01   0.548763E-03   0.123122E+02   0.160908E+02   0.206393E+02   0.162320E+02   0.330957E+02
   0.983153E+02   0.489703E+01   0.863764E-04   0.117248E+02   0.138242E+02   0.191511E+02   0.143271E+02   0.375698E+02
   0.987012E+02   0.893002E+00   0.888284E-03   0.870372E+01   0.876677E+01   0.203773E+02   0.193100E+02   0.356600E+02
   0.997235E+02   0.120346E+02   0.813580E-03   0.130032E+02   0.108613E+02   0.136981E+02   0.173969E+02   0.358745E+02
   0.994150E+02  -0.504401E+00   0.151660E-03   0.722042E+01   0.664083E+01   0.171915E+02   0.160535E+02   0.373847E+02
   0.999534E+02   0.610568E+01   0.151660E-03   0.932252E+01   0.911053E+01   0.137649E+02   0.144792E+02   0.402997E+02
   0.977809E+02   0.294007E+01   0.245626E-03   0.810133E+01   0.755840E+01   0.185005E+02   0.132909E+02   0.381846E+02
   0.100163E+03   0.570784E+01   0.113233E-03   0.127351E+02   0.915613E+01   0.110350E+02   0.159285E+02   0.382680E+02
   0.100163E+03   0.104603E+01   0.748103E-03   0.798745E+01   0.117672E+02   0.259392E+02   0.182807E+02   0.329252E+02
   0.986543E+02   0.950539E+01   0.246205E-03   0.816135E+01   0.112442E+02   0.146639E+02   0.179164E+02   0.385767E+02
   0.986543E+02   0.388744E+01   0.110946E-03   0.112317E+02   0.777436E+01   0.136448E+02   0.209620E+02   0.382425E+02
   0.986543E+02   0.173371E+02   0.129962E-03   0.137935E+02   0.753176E+01   0.139941E+02   0.235421E+02   0.303958E+02
   0.996549E+02   0.880844E+01   0.338668E-03   0.885689E+01   0.108555E+02   0.211430E+02   0.143397E+02   0.376039E+02
   0.994467E+02   0.869657E+01   0.193114E-03   0.150753E+02   0.119163E+02   0.146467E+02   0.101398E+02   0.353951E+02
   0.101105E+03   0.399715E+01   0.682819E-04   0.121388E+02   0.896601E+01   0.159562E+02   0.203726E+02   0.370573E+02
   0.997930E+02   0.105549E+01   0.572607E-03   0.794424E+01   0.133097E+02   0.256825E+02   0.115566E+02   0.331066E+02
   0.972824E+02   0.112217E+02   0.487881E-03   0.628609E+01   0.914970E+01   0.169577E+02   0.173336E+02   0.349324E+02
   0.102319E+03   0.537503E+01   0.107240E-02   0.772525E+01   0.102175E+02   0.141450E+02   0.118743E+02   0.349406E+02
   0.102376E+03   0.290397E+01   0.254180E-03   0.132320E+02   0.832609E+01   0.143947E+02   0.176083E+02   0.350711E+02
   0.985780E+02   0.232100E+01   0.239472E-03   0.109181E+02   0.101817E+02   0.189055E+02   0.148175E+02   0.394847E+02
   0.993638E+02   0.713343E+01   0.370914E-03   0.916485E+01   0.134309E+02   0.165687E+02   0.125740E+02   0.381842E+02
   0.990644E+02   0.296894E+01   0.196120E-03   0.137001E+02   0.114676E+02   0.156466E+02   0.160556E+02   0.386722E+02
   0.995675E+02   0.804626E+01   0.133825E-03   0.133720E+02   0.879295E+01   0.153381E+02   0.144074E+02   0.387247E+02
   0.981378E+02   0.351883E+01   0.261142E-04   0.120032E+02   0.106184E+02   0.124982E+02   0.137199E+02   0.396492E+02
   0.981204E+02  -0.109658E+01   0.476985E-03   0.856882E+01   0.817136E+01   0.126783E+02   0.164537E+02   0.383970E+02
   0.996264E+02   0.869000E+01   0.233228E-03   0.788422E+01   0.130592E+02   0.134971E+02   0.165432E+02   0.379761E+02
   0.996264E+02  -0.541651E+00   0.320154E-04   0.900807E+01   0.980450E+01   0.176484E+02   0.177676E+02   0.395805E+02
   0.981085E+02   0.403086E+01   0.862053E-04   0.997853E+01   0.105471E+02   0.182235E+02   0.228671E+02   0.371516E+02
   0.990966E+02   0.849636E+01   0.205608E-03   0.102478E+02   0.876419E+01   0.129140E+02   0.191008E+02   0.388756E+02
   0.994130E+02   0.245513E+01   0.351854E-03   0.109925E+02   0.892873E+01   0.142439E+02   0.115279E+02   0.395793E+02
   0.987450E+02   0.340710E+01   0.429947E-03   0.104414E+02   0.100450E+02   0.140770E+02   0.203420E+02   0.386652E+02
   0.986193E+02   0.612972E+01   0.816210E-04   0.144675E+02   0.700929E+01   0.213268E+02   0.143351E+02   0.354749E+02
   0.986193E+02   0.162171E+01   0.100451E-03   0.817733E+01   0.105418E+02   0.133577E+02   0.180986E+02   0.396593E+02
   0.986193E+02   0.162171E+01   0.130659E-03   0.105772E+02   0.105232E+02   0.157615E+02   0.130784E+02   0.403474E+02
   0.989714E+02   0.115863E+01   0.229261E-03   0.119432E+02   0.948286E+01   0.116885E+02   0.213923E+02   0.376144E+02
   0.989714E+02   0.427033E+01   0.436993E-03   0.104710E+02   0.141109E+02   0.132075E+02   0.167483E+02   0.379395E+02
   0.100421E+03   0.753469E+01   0.140268E-03   0.107970E+02   0.103558E+02   0.158627E+02   0.147094E+02   0.393416E+02
   0.100421E+03  -0.957687E+00   0.342752E-03   0.753555E+01   0.108891E+02   0.118133E+02   0.157597E+02   0.383482E+02
   0.986046E+02   0.161209E+01   0.510251E-04   0.907057E+01   0.127925E+02   0.139961E+02   0.121756E+02   0.394031E+02
   0.986046E+02   0.871018E+00   0.419775E-03   0.110844E+02   0.993623E+01   0.163938E+02   0.117345E+02   0.391050E+02
   0.990692E+02  -0.543102E+01   0.208899E-03   0.999314E+01   0.103438E+02   0.140035E+02   0.131942E+02   0.388328E+02
   0.990692E+02   0.950170E+01   0.197595E-03   0.108120E+02   0.102921E+02   0.148413E+02   0.132955E+02   0.395858E+02
   0.988495E+02  -0.187889E+01   0.339480E-03   0.101905E+02   0.131063E+02   0.148565E+02   0.184288E+02   0.379106E+02
   0.100456E+03  -0.425286E+00   0.321616E-03   0.108809E+02   0.841399E+01   0.167537E+02   0.122974E+02   0.389303E+02
   0.101554E+03   0.866379E+01   0.718133E-03   0.109412E+02   0.933148E+01   0.163192E+02   0.128672E+02   0.366877E+02
   0.989944E+02   0.923552E+01   0.161553E-03   0.106761E+02   0.873488E+01   0.184637E+02   0.151296E+02   0.389837E+02
   0.100192E+03   0.418368E+01   0.174849E-04   0.104611E+02   0.117729E+02   0.155766E+02   0.145399E+02   0.398214E+02
   0.994823E+02  -0.187281E+01   0.174849E-04   0.143617E+02   0.901152E+01   0.208655E+02   0.150669E+02   0.366622E+02
   0.978261E+02   0.437567E+01   0.181780E-03   0.116829E+02   0.517221E+01   0.171830E+02   0.192834E+02   0.335782E+02
   0.998070E+02   0.266652E+01   0.516201E-03   0.957101E+01   0.119423E+02   0.149726E+02   0.128267E+02   0.391060E+02
   0.984299E+02   0.494025E+01   0.448007E-03   0.990227E+01   0.969469E+01   0.211795E+02   0.180907E+02   0.375649E+02
   0.988409E+02   0.331181E+01   0.663210E-04   0.812000E+01   0.123853E+02   0.176285E+02   0.124760E+02   0.390596E+02
   0.989738E+02   0.324297E+01   0.516092E-03   0.119578E+02   0.105572E+02   0.132000E+02   0.144197E+02   0.392141E+02
   0.992276E+02   0.587180E+01   0.109284E-03   0.101849E+02   0.944163E+01   0.131135E+02   0.151442E+02   0.405873E+02
   0.993703E+02   0.288768E+01   0.228885E-03   0.854096E+01   0.897682E+01   0.149814E+02   0.162218E+02   0.403622E+02
   0.985434E+02   0.591707E+01   0.299997E-03   0.105043E+02   0.934240E+01   0.147211E+02   0.161704E+02   0.401398E+02
   0.985434E+02   0.487054E+01   0.238866E-03   0.893659E+01   0.102072E+02   0.147211E+02   0.138032E+02   0.404985E+02
   0.988243E+02  -0.524356E+01   0.338442E-03   0.795091E+01   0.130064E+02   0.195636E+02   0.192518E+02   0.349809E+02
   0.992641E+02   0.439310E+00   0.469213E-03   0.175511E+02   0.888838E+01   0.143047E+02   0.144618E+02   0.354395E+02
   0.997014E+02   0.377868E+00   0.130412E-02   0.113130E+02   0.952104E+01   0.126831E+02   0.178859E+02   0.356696E+02
   0.982444E+02   0.408323E+00   0.755241E-03   0.987330E+01   0.115476E+02   0.167309E+02   0.117664E+02   0.375414E+02
   0.996159E+02   0.175280E+01   0.371746E-03   0.736455E+01   0.103245E+02   0.120455E+02   0.169384E+02   0.387027E+02
   0.997606E+02  -0.443680E+01   0.170118E-03   0.115020E+02   0.133381E+02   0.175942E+02   0.197378E+02   0.361962E+02
   0.983069E+02   0.907301E+01   0.107976E-03   0.807128E+01   0.973361E+01   0.160902E+02   0.138675E+02   0.394153E+02
   0.100916E+03   0.429663E+01   0.137196E-03   0.114263E+02   0.909514E+01   0.151362E+02   0.146347E+02   0.391848E+02
   0.992562E+02   0.229854E+01   0.651266E-04   0.941076E+01   0.104057E+02   0.142967E+02   0.138967E+02   0.408914E+02
   0.988680E+02   0.107948E+01   0.365044E-03   0.111918E+02   0.133788E+02   0.136607E+02   0.113155E+02   0.379432E+02
   0.992319E+02   0.128518E+02   0.325949E-03   0.112158E+02   0.116158E+02   0.156466E+02   0.143676E+02   0.376770E+02
   0.998133E+02   0.480686E+01   0.751503E-03   0.139153E+02   0.105875E+02   0.119940E+02   0.162494E+02   0.365146E+02
   0.993360E+02  -0.297963E+01   0.497388E-04   0.103036E+02   0.107952E+02   0.192846E+02   0.146524E+02   0.388651E+02
   0.990934E+02   0.870502E+01   0.248188E-03   0.795498E+01   0.121523E+02   0.146631E+02   0.126306E+02   0.387021E+02
   0.992083E+02   0.361171E+01   0.601943E-03   0.856025E+01   0.100690E+02   0.148319E+02   0.111936E+02   0.387038E+02
   0.987974E+02   0.268958E+01   0.952345E-03   0.110416E+02   0.141949E+02   0.134503E+02   0.203301E+02   0.346010E+02
   0.987974E+02   0.953942E+00   0.135756E-03   0.129375E+02   0.944334E+01   0.204492E+02   0.181785E+02   0.374605E+02
   0.987974E+02   0.180697E+01   0.207353E-03   0.851340E+01   0.137875E+02   0.218460E+02   0.134612E+02   0.367256E+02
   0.983410E+02   0.236236E+01   0.145076E-03   0.126396E+02   0.888796E+01   0.925939E+01   0.204606E+02   0.356853E+02
   0.101163E+03   0.107605E+01   0.608048E-04   0.969566E+01   0.145462E+02   0.110908E+02   0.205532E+02   0.349328E+02
   0.990164E+02   0.585282E+01   0.122413E-03   0.100754E+02   0.672370E+01   0.145427E+02   0.163678E+02   0.389635E+02
   0.100855E+03  -0.177246E+00   0.963276E-03   0.779515E+01   0.560319E+01   0.101147E+02   0.119839E+02   0.315512E+02
   0.100440E+03   0.394826E+01   0.191011E-03   0.107204E+02   0.107036E+02   0.160768E+02   0.163879E+02   0.395162E+02
   0.984969E+02   0.394826E+01   0.270890E-03   0.718303E+01   0.113969E+02   0.175914E+02   0.137624E+02   0.386535E+02
   0.965523E+02   0.157115E+01   0.266644E-03   0.788368E+01   0.109379E+02   0.170338E+02   0.134075E+02   0.369693E+02
   0.990553E+02   0.733276E+00   0.622098E-04   0.801878E+01   0.125418E+02   0.141304E+02   0.136864E+02   0.395370E+02
   0.990622E+02   0.636891E+00   0.125376E-03   0.978715E+01   0.119388E+02   0.142360E+02   0.138692E+02   0.401981E+02
   0.992439E+02   0.636891E+00   0.482468E-03   0.978715E+01   0.113037E+02   0.148409E+02   0.138104E+02   0.396620E+02
   0.990966E+02   0.291045E+01   0.589106E-03   0.885869E+01   0.874470E+01   0.157230E+02   0.136339E+02   0.394365E+02
   0.100480E+03   0.136092E+01   0.306918E-03   0.133606E+02   0.142557E+02   0.148338E+02   0.169570E+02   0.363842E+02
   0.993339E+02   0.297517E+01   0.134593E-04   0.749138E+01   0.950819E+01   0.143372E+02   0.166069E+02   0.399827E+02
   0.995566E+02   0.263148E+01   0.629323E-04   0.858097E+01   0.792826E+01   0.159949E+02   0.175796E+02   0.396878E+02
   0.995566E+02   0.429808E+01   0.159617E-03   0.823040E+01   0.943970E+01   0.144475E+02   0.142152E+02   0.404859E+02
   0.995566E+02   0.456493E+01   0.175308E-03   0.102211E+02   0.107408E+02   0.144437E+02   0.216354E+02   0.384826E+02
   0.997654E+02   0.140252E+02   0.361722E-03   0.987150E+01   0.885676E+01   0.110215E+02   0.131416E+02   0.367181E+02
   0.997654E+02   0.619003E+01   0.697155E-03   0.828686E+01   0.927749E+01   0.174175E+02   0.189125E+02   0.373955E+02
   0.997654E+02   0.541603E+00   0.285979E-03   0.110461E+02   0.780263E+01   0.133995E+02   0.168282E+02   0.393209E+02
   0.100946E+03   0.482479E+01   0.350587E-03   0.606240E+01   0.890978E+01   0.160118E+02   0.148161E+02   0.363945E+02
   0.102568E+03   0.290907E+01   0.267892E-03   0.114901E+02   0.713166E+01   0.156986E+02   0.135638E+02   0.350365E+02
   0.100550E+03   0.130776E+02   0.703303E-03   0.134981E+02   0.119329E+02   0.153575E+02   0.160789E+02   0.350369E+02
   0.100201E+03   0.490648E+01   0.209654E-03   0.959966E+01   0.112371E+02   0.171487E+02   0.151253E+02   0.395556E+02
   0.996676E+02  -0.185285E+01   0.313965E-03   0.106717E+02   0.153706E+02   0.154468E+02   0.206228E+02   0.355577E+02
   0.980750E+02   0.120062E+02   0.278287E-03   0.993535E+01   0.132723E+02   0.150233E+02   0.171700E+02   0.368885E+02
   0.100185E+03  -0.321564E+01   0.384765E-04   0.116872E+02   0.126538E+02   0.234920E+02   0.119212E+02   0.351508E+02
   0.999006E+02   0.349222E+01   0.107972E-02   0.747973E+01   0.101616E+02   0.182104E+02   0.170240E+02   0.358165E+02
   0.961429E+02   0.355552E+01   0.427174E-03   0.108922E+02   0.109607E+02   0.180028E+02   0.134332E+02   0.363577E+02
   0.100602E+03   0.293787E+01   0.787299E-03   0.889096E+01   0.147972E+02   0.123048E+02   0.147326E+02   0.357776E+02
   0.100602E+03  -0.306227E+01   0.858661E-03   0.768661E+01   0.955944E+01   0.194489E+02   0.114550E+02   0.356368E+02
   0.100602E+03   0.503716E+01   0.243397E-03   0.100210E+02   0.114204E+02   0.212690E+02   0.156817E+02   0.374357E+02
   0.100602E+03   0.422971E+01   0.669202E-03   0.721487E+01   0.120169E+02   0.173035E+02   0.167977E+02   0.364796E+02
   0.101316E+03   0.732525E+01   0.264309E-03   0.101687E+02   0.105475E+02   0.117026E+02   0.172181E+02   0.373662E+02
   0.996267E+02   0.128616E+02   0.769195E-04   0.135158E+02   0.101797E+02   0.105245E+02   0.131030E+02   0.357117E+02
   0.987607E+02   0.467861E+01   0.287237E-03   0.123779E+02   0.102710E+02   0.140039E+02   0.141937E+02   0.397409E+02
   0.980997E+02   0.962827E+01   0.434948E-03   0.118887E+02   0.908858E+01   0.186602E+02   0.160390E+02   0.376274E+02
   0.100418E+03   0.938606E+01   0.179492E-02   0.973789E+01   0.122759E+02   0.146457E+02   0.135574E+02   0.338762E+02
   0.100159E+03   0.266992E+01   0.375942E-05   0.630185E+01   0.107787E+02   0.114609E+02   0.107927E+02   0.365285E+02
   0.992009E+02   0.373772E+01   0.435102E-03   0.123901E+02   0.783608E+01   0.134517E+02   0.115123E+02   0.382588E+02
   0.100581E+03   0.174086E+01   0.199698E-03   0.128407E+02   0.104443E+02   0.146058E+02   0.173918E+02   0.385323E+02
   0.100603E+03   0.592959E+01   0.165673E-03   0.124956E+02   0.892363E+01   0.194463E+02   0.172307E+02   0.373275E+02
   0.982457E+02  -0.355315E+01   0.841726E-03   0.121701E+02   0.110057E+02   0.117509E+02   0.163650E+02   0.361211E+02
   0.981955E+02  -0.322096E+01   0.569317E-03   0.118276E+02   0.849207E+01   0.208596E+02   0.112005E+02   0.353417E+02
   0.990212E+02  -0.548954E+01   0.361204E-03   0.128051E+02   0.792795E+01   0.115025E+02   0.191112E+02   0.356707E+02
   0.985083E+02   0.745020E+00   0.361204E-03   0.958820E+01   0.764231E+01   0.122711E+02   0.108904E+02   0.382480E+02
   0.999013E+02   0.632971E+01   0.211223E-03   0.116170E+02   0.140428E+02   0.130336E+02   0.124339E+02   0.376489E+02
   0.995289E+02   0.766372E+01   0.176071E-03   0.857934E+01   0.669672E+01   0.178142E+02   0.108853E+02   0.369618E+02
   0.995287E+02   0.824690E+00   0.176071E-03   0.995270E+01   0.877525E+01   0.209802E+02   0.198483E+02   0.375956E+02
   0.995287E+02   0.261133E+01   0.207074E-03   0.947078E+01   0.956127E+01   0.140169E+02   0.134725E+02   0.407176E+02
   0.100537E+03   0.346720E+01   0.974200E-03   0.885434E+01   0.956127E+01   0.158996E+02   0.134725E+02   0.375785E+02
   0.992093E+02   0.102465E+02   0.243501E-03   0.903997E+01   0.102819E+02   0.159252E+02   0.134373E+02   0.393128E+02
   0.975890E+02   0.471258E+01   0.313772E-03   0.112670E+02   0.105161E+02   0.103163E+02   0.119273E+02   0.375826E+02
   0.988705E+02   0.420507E+01   0.313772E-03   0.844957E+01   0.107198E+02   0.170214E+02   0.132063E+02   0.397939E+02
   0.988705E+02   0.106747E+02   0.386453E-03   0.123246E+02   0.139158E+02   0.149267E+02   0.161588E+02   0.365731E+02
   0.101783E+03   0.115142E+01   0.173272E-04   0.606908E+01   0.641716E+01   0.154328E+02   0.202104E+02   0.323364E+02
   0.982798E+02  -0.723395E+01   0.398886E-03   0.111066E+02   0.102721E+02   0.138612E+02   0.144099E+02   0.368180E+02
   0.989799E+02   0.110060E+02   0.565440E-05   0.787769E+01   0.126803E+02   0.100123E+02   0.156238E+02   0.363086E+02
   0.997705E+02   0.103048E+02   0.164879E-02   0.148747E+02   0.120850E+02   0.196571E+02   0.173354E+02   0.305276E+02
   0.993723E+02  -0.232468E+01   0.311351E-04   0.104240E+02   0.930718E+01   0.176439E+02   0.145378E+02   0.397431E+02
   0.979203E+02   0.259228E+01   0.311351E-04   0.118285E+02   0.930718E+01   0.205014E+02   0.104021E+02   0.370109E+02
   0.100086E+03   0.781049E+01   0.203332E-03   0.912476E+01   0.930718E+01   0.176264E+02   0.115346E+02   0.387169E+02
   0.993988E+02  -0.276007E+01   0.659431E-03   0.908806E+01   0.936275E+01   0.120448E+02   0.134953E+02   0.384740E+02
   0.990526E+02   0.735787E+01   0.378847E-03   0.919432E+01   0.830363E+01   0.129677E+02   0.218405E+02   0.374913E+02
   0.101388E+03  -0.468438E+01   0.320659E-03   0.855924E+01   0.125246E+02   0.127053E+02   0.132361E+02   0.372271E+02
   0.996310E+02   0.123626E+02   0.344357E-03   0.806472E+01   0.854708E+01   0.158407E+02   0.116325E+02   0.373487E+02
   0.973608E+02   0.520303E+01   0.654383E-04   0.728442E+01   0.820012E+01   0.126433E+02   0.933087E+01   0.359932E+02
   0.998877E+02  -0.163069E-01   0.213559E-03   0.126707E+02   0.119185E+02   0.170879E+02   0.148055E+02   0.386011E+02
   0.100799E+03  -0.928841E+00   0.358249E-03   0.101144E+02   0.135943E+02   0.148196E+02   0.148055E+02   0.379867E+02
   0.985456E+02   0.250870E+01   0.127759E-03   0.106219E+02   0.120176E+02   0.167536E+02   0.143526E+02   0.397859E+02
   0.982474E+02   0.537604E+01   0.517224E-04   0.736323E+01   0.153028E+02   0.136208E+02   0.159840E+02   0.369062E+02
   0.101492E+03   0.143222E+01   0.365765E-03   0.593167E+01   0.115080E+02   0.184374E+02   0.132163E+02   0.345777E+02
   0.997860E+02   0.329400E+00   0.120484E-02   0.139741E+02   0.115080E+02   0.127651E+02   0.175435E+02   0.343399E+02
   0.997860E+02  -0.360934E+01   0.405042E-03   0.973547E+01   0.952408E+01   0.140433E+02   0.157424E+02   0.394235E+02
   0.990704E+02   0.364453E+01   0.244515E-03   0.924809E+01   0.992246E+01   0.190292E+02   0.125054E+02   0.395268E+02
   0.100507E+03   0.808561E+01   0.718650E-03   0.819637E+01   0.992246E+01   0.144235E+02   0.152402E+02   0.379688E+02
   0.973303E+02   0.498198E+01   0.272239E-03   0.106951E+02   0.868752E+01   0.185038E+02   0.126321E+02   0.383460E+02
   0.987341E+02  -0.432448E+01   0.835784E-03   0.789249E+01   0.760535E+01   0.129313E+02   0.132374E+02   0.364726E+02
   0.997816E+02   0.645052E+01   0.977285E-05   0.789249E+01   0.817561E+01   0.142445E+02   0.190666E+02   0.387238E+02
   0.975084E+02   0.575015E+01   0.367917E-03   0.991566E+01   0.903295E+01   0.108304E+02   0.131490E+02   0.384120E+02
   0.995375E+02   0.409127E+01   0.361515E-03   0.656002E+01   0.954923E+01   0.169521E+02   0.160232E+02   0.381160E+02
   0.100252E+03   0.237892E+00   0.740074E-03   0.774759E+01   0.112297E+02   0.163565E+02   0.948759E+01   0.355861E+02
   0.997796E+02   0.165104E+01   0.469935E-03   0.735092E+01   0.842062E+01   0.130025E+02   0.986312E+01   0.369915E+02
   0.101207E+03   0.331146E+01   0.406020E-03   0.902459E+01   0.652586E+01   0.154281E+02   0.112280E+02   0.362153E+02
   0.100752E+03   0.131330E+01   0.598144E-04   0.965695E+01   0.118165E+02   0.173338E+02   0.182072E+02   0.384039E+02
   0.101492E+03  -0.706083E+01   0.547778E-03   0.972941E+01   0.111293E+02   0.121791E+02   0.154000E+02   0.370422E+02
   0.996906E+02   0.118897E+02   0.945608E-03   0.126312E+02   0.874771E+01   0.185124E+02   0.146241E+02   0.355027E+02
   0.999885E+02   0.152517E+02   0.867655E-03   0.128181E+02   0.109761E+02   0.152292E+02   0.153141E+02   0.352555E+02
   0.999618E+02  -0.300428E+01   0.102298E-03   0.909980E+01   0.110854E+02   0.219190E+02   0.166941E+02   0.373507E+02
   0.986634E+02   0.164392E+01   0.246640E-03   0.897584E+01   0.122373E+02   0.263070E+02   0.141297E+02   0.353115E+02
   0.100934E+03  -0.660193E+01   0.246640E-03   0.122845E+02   0.175159E+02   0.152163E+02   0.181789E+02   0.326026E+02
   0.100258E+03   0.785724E+01   0.239390E-03   0.854346E+01   0.811260E+01   0.187619E+02   0.189171E+02   0.373613E+02
   0.978341E+02   0.995085E+01   0.898391E-03   0.854346E+01   0.811260E+01   0.132284E+02   0.134833E+02   0.370167E+02
   0.968372E+02  -0.151048E+01   0.486348E-04   0.101933E+02   0.854579E+01   0.120194E+02   0.157840E+02   0.370154E+02
   0.102978E+03   0.858941E+01   0.460278E-03   0.985676E+01   0.130732E+02   0.130383E+02   0.132935E+02   0.335706E+02
   0.100233E+03   0.465321E+01   0.976073E-03   0.967783E+01   0.991135E+01   0.157623E+02   0.213425E+02   0.358840E+02
   0.986061E+02   0.354520E+01   0.674126E-03   0.909249E+01   0.104592E+02   0.122844E+02   0.219049E+02   0.367429E+02
   0.100355E+03  -0.463845E+01   0.246088E-04   0.914892E+01   0.110898E+02   0.933334E+01   0.130264E+02   0.368038E+02
   0.995220E+02  -0.135866E+01   0.521150E-03   0.120890E+02   0.104956E+02   0.118086E+02   0.181175E+02   0.377561E+02
   0.995220E+02   0.102362E+02   0.521150E-03   0.970008E+01   0.153545E+02   0.140868E+02   0.143650E+02   0.362271E+02
   0.101322E+03   0.342131E+01   0.883264E-03   0.822157E+01   0.139644E+02   0.149806E+02   0.145994E+02   0.355491E+02
   0.979062E+02  -0.414586E+01   0.125124E-03   0.129161E+02   0.119677E+02   0.126318E+02   0.145234E+02   0.365269E+02
   0.101893E+03  -0.185173E+01   0.125124E-03   0.952403E+01   0.114709E+02   0.240544E+02   0.198710E+02   0.333097E+02
   0.995482E+02   0.120869E+01   0.617354E-03   0.812347E+01   0.110885E+02   0.123687E+02   0.169038E+02   0.383546E+02
   0.979984E+02   0.555813E+01   0.617354E-03   0.706124E+01   0.992657E+01   0.157044E+02   0.897563E+01   0.351954E+02
   0.979984E+02   0.523696E+01   0.915835E-03   0.941073E+01   0.112486E+02   0.184028E+02   0.147541E+02   0.371358E+02
   0.994546E+02   0.428523E+01   0.401807E-03   0.123998E+02   0.759330E+01   0.129123E+02   0.136166E+02   0.386112E+02
   0.992199E+02   0.961135E+01   0.573059E-03   0.910170E+01   0.967157E+01   0.172946E+02   0.136166E+02   0.385698E+02
   0.100992E+03   0.140489E+02   0.710635E-03   0.126884E+02   0.103721E+02   0.933588E+01   0.806752E+01   0.290334E+02
   0.100280E+03   0.142367E+02   0.891573E-03   0.106729E+02   0.947501E+01   0.146680E+02   0.110169E+02   0.356828E+02
   0.975437E+02  -0.434564E+01   0.388671E-03   0.126097E+02   0.119595E+02   0.122325E+02   0.135766E+02   0.357332E+02
   0.101622E+03  -0.996616E+01   0.610325E-03   0.889335E+01   0.103764E+02   0.170425E+02   0.132253E+02   0.362635E+02
   0.999383E+02   0.622284E+01   0.341782E-03   0.118478E+02   0.144848E+02   0.180108E+02   0.142993E+02   0.367700E+02
   0.100692E+03   0.111567E+02   0.584008E-03   0.902737E+01   0.922168E+01   0.170639E+02   0.172867E+02   0.370535E+02
   0.100692E+03  -0.249682E+01   0.503657E-03   0.829668E+01   0.922168E+01   0.147054E+02   0.182485E+02   0.381514E+02
   0.970605E+02   0.157958E+02   0.166724E-02   0.104558E+02   0.106691E+02   0.166110E+02   0.129991E+02   0.335144E+02
   0.981823E+02   0.144459E+02   0.847205E-03   0.110430E+02   0.132201E+02   0.145335E+02   0.129991E+02   0.351796E+02
   0.979284E+02   0.828664E+01   0.343866E-03   0.980141E+01   0.940005E+01   0.104229E+02   0.142869E+02   0.382990E+02
   0.974515E+02   0.366412E+01   0.677172E-04   0.126642E+02   0.680929E+01   0.956072E+01   0.130946E+02   0.353163E+02
   0.989673E+02   0.573912E+01   0.677172E-04   0.831618E+01   0.718802E+01   0.167480E+02   0.156925E+02   0.391584E+02
   0.987487E+02   0.105553E+01   0.166836E-06   0.131657E+02   0.110232E+02   0.146050E+02   0.160045E+02   0.392281E+02
   0.975103E+02   0.463452E+01   0.393566E-04   0.122973E+02   0.952710E+01   0.125414E+02   0.139143E+02   0.390407E+02
   0.101248E+03   0.545164E+01   0.102056E-02   0.903758E+01   0.104353E+02   0.153235E+02   0.192608E+02   0.358946E+02
   0.994227E+02   0.912684E+01   0.406649E-03   0.934494E+01   0.833308E+01   0.157295E+02   0.171438E+02   0.388372E+02
   0.996653E+02   0.507898E+01   0.334603E-03   0.750680E+01   0.833308E+01   0.166766E+02   0.105807E+02   0.378760E+02
   0.100464E+03   0.128362E+01   0.904273E-04   0.138877E+02   0.117601E+02   0.170428E+02   0.159422E+02   0.376457E+02
   0.992162E+02  -0.373658E+01   0.641707E-04   0.696870E+01   0.715904E+01   0.162747E+02   0.138185E+02   0.372971E+02
   0.964574E+02   0.263853E+01   0.587196E-04   0.990511E+01   0.136095E+02   0.164835E+02   0.177198E+02   0.358600E+02
   0.965987E+02   0.686633E+01   0.191438E-03   0.115157E+02   0.774098E+01   0.121273E+02   0.156108E+02   0.369641E+02
   0.991921E+02   0.270071E+01   0.181906E-03   0.109522E+02   0.124672E+02   0.117113E+02   0.108172E+02   0.382559E+02
   0.100346E+03  -0.267260E+01   0.438816E-03   0.116933E+02   0.639041E+01   0.112156E+02   0.167358E+02   0.358543E+02
   0.100079E+03   0.100035E+02   0.429464E-03   0.127975E+02   0.100214E+02   0.169200E+02   0.133823E+02   0.375378E+02
   0.100519E+03  -0.101027E+01   0.128355E-03   0.108530E+02   0.125235E+02   0.173651E+02   0.176495E+02   0.381067E+02
   0.100519E+03   0.176817E+01   0.337572E-03   0.128759E+02   0.106308E+02   0.153054E+02   0.191969E+02   0.376615E+02
   0.994494E+02   0.312006E+01   0.502523E-03   0.106259E+02   0.725256E+01   0.230070E+02   0.127068E+02   0.359860E+02
   0.979919E+02   0.826347E+01   0.273277E-03   0.118641E+02   0.111413E+02   0.921361E+01   0.193692E+02   0.353751E+02
   0.984786E+02  -0.878574E+00   0.461473E-04   0.108945E+02   0.943493E+01   0.920668E+01   0.130453E+02   0.374943E+02
   0.987458E+02   0.917040E+00   0.326455E-03   0.954261E+01   0.825177E+01   0.180911E+02   0.150317E+02   0.394574E+02
   0.989644E+02   0.231985E+01   0.283436E-03   0.839736E+01   0.100950E+02   0.196384E+02   0.155760E+02   0.391464E+02
   0.984352E+02   0.899749E+01   0.159337E-03   0.977482E+01   0.859773E+01   0.152019E+02   0.155760E+02   0.397335E+02
   0.993303E+02   0.343747E+00   0.236669E-03   0.863718E+01   0.106991E+02   0.139114E+02   0.185485E+02   0.395363E+02
   0.984361E+02  -0.438080E+01   0.365107E-03   0.106409E+02   0.123189E+02   0.165039E+02   0.143890E+02   0.376487E+02
   0.984281E+02   0.976905E+01   0.136899E-04   0.893467E+01   0.123386E+02   0.110605E+02   0.188332E+02   0.372195E+02
   0.984281E+02   0.568695E+01   0.211987E-03   0.802471E+01   0.869220E+01   0.150401E+02   0.135794E+02   0.399734E+02
   0.970539E+02   0.110443E+02   0.101969E-02   0.118422E+02   0.124975E+02   0.182870E+02   0.154073E+02   0.345035E+02
   0.988618E+02  -0.807321E+00   0.438652E-03   0.137426E+02   0.109246E+02   0.889511E+01   0.154073E+02   0.351340E+02
   0.991760E+02   0.128904E+01   0.380626E-03   0.714951E+01   0.730078E+01   0.126527E+02   0.124869E+02   0.378854E+02
   0.994933E+02   0.132876E+01   0.639089E-03   0.105981E+02   0.122026E+02   0.107267E+02   0.180660E+02   0.369436E+02
   0.994933E+02   0.270721E+01   0.525157E-03   0.986216E+01   0.113730E+02   0.144669E+02   0.120785E+02   0.391965E+02
   0.994933E+02   0.702516E+00   0.139120E-03   0.139827E+02   0.101635E+02   0.126401E+02   0.120785E+02   0.383948E+02
   0.102302E+03   0.459328E+01   0.171334E-02   0.108092E+02   0.724180E+01   0.142306E+02   0.176116E+02   0.327624E+02
   0.985732E+02   0.249191E+01   0.351762E-03   0.792158E+01   0.141658E+02   0.121180E+02   0.137657E+02   0.376655E+02
   0.999298E+02  -0.104325E+01   0.326237E-03   0.987091E+01   0.122071E+02   0.184491E+02   0.101384E+02   0.371245E+02
   0.100719E+03   0.132151E+02   0.481916E-03   0.692961E+01   0.114479E+02   0.199114E+02   0.140848E+02   0.343512E+02
   0.955139E+02   0.545721E+01   0.107857E-02   0.929043E+01   0.126408E+02   0.106704E+02   0.151134E+02   0.335431E+02
   0.997004E+02  -0.178536E+01   0.620370E-04   0.103721E+02   0.103606E+02   0.135875E+02   0.114839E+02   0.396260E+02
   0.100725E+03   0.482890E+01   0.504031E-04   0.133591E+02   0.892823E+01   0.160610E+02   0.214896E+02   0.362960E+02
   0.987670E+02   0.785426E+01   0.145679E-03   0.976571E+01   0.109854E+02   0.184845E+02   0.163236E+02   0.391987E+02
   0.989637E+02  -0.319442E+01   0.197735E-03   0.814221E+01   0.143580E+02   0.164845E+02   0.187504E+02   0.363897E+02
   0.989954E+02  -0.470261E+01   0.127271E-03   0.905462E+01   0.100485E+02   0.156102E+02   0.142388E+02   0.392053E+02
   0.986919E+02   0.513167E+00   0.127271E-03   0.108934E+02   0.100615E+02   0.157546E+02   0.127195E+02   0.401635E+02
   0.986919E+02   0.864830E+01   0.111836E-03   0.964814E+01   0.102063E+02   0.111615E+02   0.128004E+02   0.391786E+02
   0.975731E+02   0.231030E+01   0.455854E-03   0.109312E+02   0.102671E+02   0.106112E+02   0.123972E+02   0.377089E+02
   0.984809E+02   0.465864E+01   0.248998E-04   0.104297E+02   0.973210E+01   0.148414E+02   0.151799E+02   0.407226E+02
   0.984809E+02   0.369545E+01   0.477672E-04   0.941228E+01   0.989020E+01   0.180945E+02   0.146529E+02   0.402112E+02
   0.993403E+02  -0.284314E+01   0.403060E-03   0.107036E+02   0.857277E+01   0.174074E+02   0.132758E+02   0.388602E+02
   0.993403E+02  -0.283110E+00   0.353533E-03   0.979549E+01   0.112731E+02   0.105950E+02   0.156684E+02   0.387061E+02
   0.997082E+02   0.211883E+01   0.193388E-03   0.916099E+01   0.130870E+02   0.112734E+02   0.160516E+02   0.386200E+02
   0.973640E+02   0.172260E+01   0.193388E-03   0.993091E+01   0.117392E+02   0.162698E+02   0.122671E+02   0.385434E+02
   0.969684E+02   0.668233E+01   0.202337E-03   0.846503E+01   0.114281E+02   0.178344E+02   0.238020E+02   0.347637E+02
   0.985447E+02   0.802805E+01   0.791169E-04   0.887021E+01   0.133323E+02   0.130463E+02   0.139267E+02   0.387967E+02
   0.100138E+03   0.294692E+00   0.561922E-03   0.832812E+01   0.985735E+01   0.125861E+02   0.137026E+02   0.390070E+02
   0.100138E+03   0.401987E+01   0.390112E-04   0.113340E+02   0.126826E+02   0.156295E+02   0.145932E+02   0.391697E+02
   0.100184E+03  -0.367994E-01   0.390112E-04   0.103782E+02   0.974121E+01   0.178791E+02   0.145099E+02   0.398548E+02
   0.100010E+03   0.462445E+01   0.390112E-04   0.100399E+02   0.748111E+01   0.165001E+02   0.184234E+02   0.388141E+02
   0.100335E+03  -0.292680E+01   0.338191E-03   0.987175E+01   0.106547E+02   0.185361E+02   0.117741E+02   0.382204E+02
   0.983332E+02  -0.234580E-01   0.330644E-03   0.102643E+02   0.943974E+01   0.220855E+02   0.130215E+02   0.375849E+02
   0.991329E+02   0.844555E+01   0.444978E-03   0.111892E+02   0.849584E+01   0.158113E+02   0.166034E+02   0.388530E+02
   0.999040E+02  -0.193965E+01   0.196216E-02   0.115282E+02   0.103305E+02   0.119968E+02   0.144520E+02   0.334621E+02
   0.974697E+02   0.717465E+01   0.135621E-03   0.971294E+01   0.949645E+01   0.151069E+02   0.154997E+02   0.396078E+02
   0.979063E+02   0.133275E+02   0.834263E-04   0.805199E+01   0.866524E+01   0.137063E+02   0.145920E+02   0.373571E+02
   0.983585E+02  -0.399768E+01   0.324642E-03   0.107299E+02   0.696023E+01   0.175033E+02   0.165553E+02   0.367531E+02
   0.978906E+02   0.124504E+01   0.108510E-02   0.119934E+02   0.862965E+01   0.137400E+02   0.135397E+02   0.365979E+02
   0.978906E+02   0.168565E+01   0.114333E-03   0.100688E+02   0.865442E+01   0.112994E+02   0.109165E+02   0.384065E+02
   0.100428E+03  -0.123192E+01   0.107406E-04   0.107332E+02   0.827325E+01   0.164950E+02   0.146179E+02   0.395548E+02
   0.100230E+03   0.240446E+01   0.470519E-03   0.130010E+02   0.116422E+02   0.139927E+02   0.926773E+01   0.357588E+02
   0.100230E+03  -0.106630E+01   0.241985E-03   0.117798E+02   0.879201E+01   0.149370E+02   0.936058E+01   0.372150E+02
   0.101826E+03   0.534545E+01   0.731887E-03   0.836801E+01   0.130996E+02   0.114697E+02   0.167208E+02   0.349745E+02
   0.101354E+03  -0.219931E+01   0.894750E-03   0.121181E+02   0.841465E+01   0.178178E+02   0.134429E+02   0.360502E+02
   0.976960E+02  -0.237161E+01   0.413946E-03   0.136762E+02   0.102049E+02   0.186245E+02   0.217011E+02   0.341198E+02
   0.988568E+02   0.787220E+01   0.500343E-03   0.941159E+01   0.818813E+01   0.977763E+01   0.109731E+02   0.365161E+02
   0.988711E+02  -0.587979E+01   0.643284E-04   0.959975E+01   0.123021E+02   0.160672E+02   0.109484E+02   0.368736E+02
   0.994326E+02   0.372285E+01   0.578140E-03   0.997672E+01   0.107580E+02   0.171955E+02   0.148584E+02   0.391814E+02
   0.994326E+02  -0.896537E+01   0.582355E-03   0.156043E+02   0.629212E+01   0.194767E+02   0.123299E+02   0.305918E+02
   0.996118E+02   0.917097E+01   0.119235E-02   0.119031E+02   0.105657E+02   0.144674E+02   0.161863E+02   0.360707E+02
   0.973385E+02  -0.332375E+01   0.645204E-03   0.128594E+02   0.704450E+01   0.116918E+02   0.106209E+02   0.334835E+02
   0.999321E+02  -0.396087E+01   0.146083E-03   0.827390E+01   0.723030E+01   0.158082E+02   0.114867E+02   0.377954E+02
   0.100438E+03   0.353080E+01   0.556343E-03   0.827390E+01   0.958221E+01   0.147132E+02   0.163248E+02   0.388884E+02
   0.100438E+03   0.506738E+00   0.173662E-03   0.102243E+02   0.958221E+01   0.170594E+02   0.112622E+02   0.390909E+02
   0.988206E+02  -0.838449E+00   0.328615E-03   0.122453E+02   0.949246E+01   0.132582E+02   0.232736E+02   0.364701E+02
   0.988206E+02   0.932892E+01   0.548505E-03   0.115966E+02   0.856936E+01   0.162511E+02   0.137900E+02   0.383998E+02
   0.978849E+02   0.239857E+01   0.592329E-03   0.940705E+01   0.116510E+02   0.153717E+02   0.241458E+02   0.354529E+02
   0.101366E+03   0.120279E+02   0.376061E-03   0.949694E+01   0.124543E+02   0.127438E+02   0.150053E+02   0.360171E+02
   0.982173E+02  -0.522178E-01   0.305922E-03   0.114255E+02   0.110134E+02   0.187299E+02   0.129068E+02   0.383906E+02
   0.977655E+02   0.430014E+00   0.264518E-03   0.117817E+02   0.150688E+02   0.116435E+02   0.137449E+02   0.360967E+02
   0.989101E+02  -0.182577E+01   0.327956E-03   0.112998E+02   0.122174E+02   0.142583E+02   0.118390E+02   0.384546E+02
   0.979780E+02  -0.804899E+00   0.286807E-04   0.136469E+02   0.809093E+01   0.203954E+02   0.174660E+02   0.360081E+02
   0.101530E+03   0.270717E+01   0.282688E-03   0.739094E+01   0.107526E+02   0.134896E+02   0.197246E+02   0.364163E+02
   0.983966E+02  -0.389630E+01   0.640644E-03   0.961132E+01   0.922983E+01   0.137402E+02   0.185952E+02   0.374925E+02
   0.100026E+03   0.107079E+02   0.673783E-04   0.979718E+01   0.121796E+02   0.163642E+02   0.235499E+02   0.352776E+02
   0.997906E+02  -0.502477E+00   0.236125E-03   0.108339E+02   0.107760E+02   0.152276E+02   0.140931E+02   0.400651E+02
   0.997906E+02   0.283941E+01   0.236125E-03   0.142583E+02   0.990250E+01   0.132892E+02   0.166875E+02   0.383221E+02
   0.997906E+02   0.414509E+00   0.224876E-03   0.795392E+01   0.115552E+02   0.142871E+02   0.158118E+02   0.395887E+02
   0.998023E+02   0.231842E+01   0.858462E-05   0.994534E+01   0.948882E+01   0.142871E+02   0.146379E+02   0.408301E+02
   0.984611E+02   0.478176E+01   0.330574E-04   0.118937E+02   0.750507E+01   0.157647E+02   0.152323E+02   0.393638E+02
   0.100670E+03  -0.211324E+01   0.185381E-03   0.885722E+01   0.882010E+01   0.125941E+02   0.121230E+02   0.390281E+02
   0.100670E+03   0.158033E+01   0.184469E-03   0.919515E+01   0.113338E+02   0.122229E+02   0.148523E+02   0.393254E+02
   0.100276E+03   0.304563E+01   0.192663E-03   0.927487E+01   0.728139E+01   0.104692E+02   0.216293E+02   0.360594E+02
   0.100276E+03   0.548423E+00   0.247423E-03   0.896182E+01   0.136668E+02   0.201684E+02   0.104111E+02   0.359311E+02
   0.100115E+03   0.255415E+01   0.686511E-03   0.965691E+01   0.798472E+01   0.128130E+02   0.101836E+02   0.370421E+02
   0.100766E+03   0.122682E+02   0.924092E-03   0.122202E+02   0.849793E+01   0.142716E+02   0.123753E+02   0.356460E+02
   0.989962E+02   0.336980E+01   0.680039E-03   0.129330E+02   0.102917E+02   0.173392E+02   0.115846E+02   0.372274E+02
   0.989656E+02   0.984387E+01   0.758926E-03   0.859886E+01   0.992612E+01   0.151235E+02   0.143591E+02   0.382501E+02
   0.993831E+02  -0.305854E+01   0.378795E-03   0.921886E+01   0.892860E+01   0.179106E+02   0.171521E+02   0.386508E+02
   0.990629E+02   0.357344E+01   0.348047E-03   0.161572E+02   0.900537E+01   0.117782E+02   0.150357E+02   0.365758E+02
   0.986624E+02   0.636691E+01   0.404115E-05   0.964838E+01   0.105200E+02   0.160312E+02   0.227089E+02   0.379063E+02
   0.978618E+02   0.293211E+01   0.185491E-04   0.807050E+01   0.122470E+02   0.149625E+02   0.100496E+02   0.376574E+02
   0.991442E+02   0.449058E+01   0.311258E-03   0.879764E+01   0.894985E+01   0.203058E+02   0.133046E+02   0.388797E+02
   0.993473E+02  -0.344565E+01   0.467594E-03   0.847145E+01   0.978512E+01   0.201026E+02   0.100398E+02   0.361697E+02
   0.986204E+02   0.394216E+00   0.302879E-03   0.110537E+02   0.122108E+02   0.160274E+02   0.133186E+02   0.391657E+02
   0.100485E+03   0.730250E+01   0.120049E-03   0.110994E+02   0.923795E+01   0.123833E+02   0.181706E+02   0.384588E+02
   0.975581E+02   0.160916E+01   0.219895E-03   0.125429E+02   0.698799E+01   0.165701E+02   0.198499E+02   0.360946E+02
   0.992060E+02  -0.271251E+01   0.504728E-03   0.892538E+01   0.120533E+02   0.190573E+02   0.840384E+01   0.341114E+02
   0.101778E+03  -0.649504E+01   0.113137E-02   0.585906E+01   0.110375E+02   0.161791E+02   0.173952E+02   0.324033E+02
   0.101624E+03   0.875339E+01   0.138706E-02   0.120434E+02   0.704453E+01   0.135624E+02   0.129850E+02   0.334883E+02
   0.997932E+02   0.884797E+01   0.664008E-03   0.124369E+02   0.126297E+02   0.189684E+02   0.891570E+01   0.331867E+02
