X1_obs         X2_obs         X3_obs         X4_obs         X1_true        X2_true        X3_true        X4_true        Y1_obs         Y2_obs         Y3_obs         Y4_obs         Y5_obs         Y1_unbiased    Y2_unbiased    Y3_unbiased    Y4_unbiased    Y5_unbiased    Y1_sim         Y2_sim         Y3_sim         Y4_sim         Y5_sim         Y1_res         Y2_res         Y3_res         Y4_res         Y5_res         Y1_stdres      Y2_stdres      Y3_stdres      Y4_stdres      Y5_stdres      
   0.100000E+01   0.200000E+01   0.270000E+05   0.108000E+05   0.100000E+01   0.200000E+01   0.270000E+05   0.108000E+05   0.431455E+01  -0.999900E+04  -0.999900E+04   0.350000E+02   0.250000E+02   0.431455E+01  -0.999900E+04  -0.999900E+04   0.350000E+02   0.250000E+02   0.436732E+01   0.156689E+03   0.489078E+00   0.205472E+02   0.150000E+02  -0.527663E-01  -0.999900E+04  -0.999900E+04   0.144528E+02   0.100000E+02  -0.952221E+00  -0.999900E+04  -0.999900E+04   0.180660E+01   0.125000E+01
   0.100000E+01   0.200000E+01   0.272500E+05   0.108000E+05   0.100000E+01   0.200000E+01   0.272500E+05   0.108000E+05   0.436370E+01  -0.999900E+04  -0.999900E+04   0.350000E+02   0.250000E+02   0.436370E+01  -0.999900E+04  -0.999900E+04   0.350000E+02   0.250000E+02   0.439093E+01   0.156689E+03   0.498392E+00   0.207917E+02   0.150000E+02  -0.272260E-01  -0.999900E+04  -0.999900E+04   0.142083E+02   0.100000E+02  -0.491321E+00  -0.999900E+04  -0.999900E+04   0.177604E+01   0.125000E+01
   0.100000E+01   0.200000E+01   0.275000E+05   0.108000E+05   0.100000E+01   0.200000E+01   0.275000E+05   0.108000E+05   0.433750E+01  -0.999900E+04  -0.999900E+04   0.350000E+02   0.250000E+02   0.433750E+01  -0.999900E+04  -0.999900E+04   0.350000E+02   0.250000E+02   0.441543E+01   0.156689E+03   0.507958E+00   0.210362E+02   0.150000E+02  -0.779297E-01  -0.999900E+04  -0.999900E+04   0.139638E+02   0.100000E+02  -0.140632E+01  -0.999900E+04  -0.999900E+04   0.174548E+01   0.125000E+01
   0.100000E+01   0.200000E+01   0.277500E+05   0.108000E+05   0.100000E+01   0.200000E+01   0.277500E+05   0.108000E+05   0.442789E+01  -0.999900E+04  -0.999900E+04   0.350000E+02   0.250000E+02   0.442789E+01  -0.999900E+04  -0.999900E+04   0.350000E+02   0.250000E+02   0.444086E+01   0.156689E+03   0.517777E+00   0.212807E+02   0.150000E+02  -0.129718E-01  -0.999900E+04  -0.999900E+04   0.137193E+02   0.100000E+02  -0.234089E+00  -0.999900E+04  -0.999900E+04   0.171491E+01   0.125000E+01
   0.100000E+01   0.200000E+01   0.280000E+05   0.108000E+05   0.100000E+01   0.200000E+01   0.280000E+05   0.108000E+05   0.438663E+01  -0.999900E+04  -0.999900E+04   0.350000E+02   0.250000E+02   0.438663E+01  -0.999900E+04  -0.999900E+04   0.350000E+02   0.250000E+02   0.446729E+01   0.156689E+03   0.527851E+00   0.215252E+02   0.150000E+02  -0.806617E-01  -0.999900E+04  -0.999900E+04   0.134748E+02   0.100000E+02  -0.145562E+01  -0.999900E+04  -0.999900E+04   0.168435E+01   0.125000E+01
   0.100000E+01   0.200000E+01   0.282500E+05   0.108000E+05   0.100000E+01   0.200000E+01   0.282500E+05   0.108000E+05   0.440362E+01  -0.999900E+04  -0.999900E+04   0.350000E+02   0.250000E+02   0.440362E+01  -0.999900E+04  -0.999900E+04   0.350000E+02   0.250000E+02   0.449478E+01   0.156689E+03   0.538164E+00   0.217697E+02   0.150000E+02  -0.911545E-01  -0.999900E+04  -0.999900E+04   0.132303E+02   0.100000E+02  -0.164498E+01  -0.999900E+04  -0.999900E+04   0.165379E+01   0.125000E+01
   0.100000E+01   0.200000E+01   0.285000E+05   0.108000E+05   0.100000E+01   0.200000E+01   0.285000E+05   0.108000E+05   0.446997E+01  -0.999900E+04  -0.999900E+04   0.350000E+02   0.250000E+02   0.446997E+01  -0.999900E+04  -0.999900E+04   0.350000E+02   0.250000E+02   0.452371E+01   0.156688E+03   0.548693E+00   0.217697E+02   0.150000E+02  -0.537467E-01  -0.999900E+04  -0.999900E+04   0.132303E+02   0.100000E+02  -0.969915E+00  -0.999900E+04  -0.999900E+04   0.165379E+01   0.125000E+01
   0.100000E+01   0.200000E+01   0.287500E+05   0.108000E+05   0.100000E+01   0.200000E+01   0.287500E+05   0.108000E+05   0.452327E+01  -0.999900E+04  -0.999900E+04   0.350000E+02   0.250000E+02   0.452327E+01  -0.999900E+04  -0.999900E+04   0.350000E+02   0.250000E+02   0.455417E+01   0.156688E+03   0.559413E+00   0.220142E+02   0.150000E+02  -0.309001E-01  -0.999900E+04  -0.999900E+04   0.129858E+02   0.100000E+02  -0.557624E+00  -0.999900E+04  -0.999900E+04   0.162323E+01   0.125000E+01
   0.100000E+01   0.200000E+01   0.290000E+05   0.108000E+05   0.100000E+01   0.200000E+01   0.290000E+05   0.108000E+05   0.453446E+01  -0.999900E+04  -0.999900E+04   0.350000E+02   0.250000E+02   0.453446E+01  -0.999900E+04  -0.999900E+04   0.350000E+02   0.250000E+02   0.458588E+01   0.156688E+03   0.570367E+00   0.222587E+02   0.150000E+02  -0.514115E-01  -0.999900E+04  -0.999900E+04   0.127413E+02   0.100000E+02  -0.927772E+00  -0.999900E+04  -0.999900E+04   0.159267E+01   0.125000E+01
   0.100000E+01   0.200000E+01   0.292500E+05   0.108000E+05   0.100000E+01   0.200000E+01   0.292500E+05   0.108000E+05   0.455054E+01  -0.999900E+04  -0.999900E+04   0.350000E+02   0.250000E+02   0.455054E+01  -0.999900E+04  -0.999900E+04   0.350000E+02   0.250000E+02   0.461888E+01   0.156688E+03   0.581547E+00   0.225032E+02   0.150000E+02  -0.683395E-01  -0.999900E+04  -0.999900E+04   0.124968E+02   0.100000E+02  -0.123326E+01  -0.999900E+04  -0.999900E+04   0.156210E+01   0.125000E+01
   0.100000E+01   0.200000E+01   0.295000E+05   0.108000E+05   0.100000E+01   0.200000E+01   0.295000E+05   0.108000E+05   0.463598E+01  -0.999900E+04  -0.999900E+04   0.350000E+02   0.250000E+02   0.463598E+01  -0.999900E+04  -0.999900E+04   0.350000E+02   0.250000E+02   0.465326E+01   0.156688E+03   0.592942E+00   0.227477E+02   0.150000E+02  -0.172807E-01  -0.999900E+04  -0.999900E+04   0.122523E+02   0.100000E+02  -0.311848E+00  -0.999900E+04  -0.999900E+04   0.153154E+01   0.125000E+01
   0.100000E+01   0.200000E+01   0.297500E+05   0.108000E+05   0.100000E+01   0.200000E+01   0.297500E+05   0.108000E+05   0.470631E+01  -0.999900E+04  -0.999900E+04   0.350000E+02   0.250000E+02   0.470631E+01  -0.999900E+04  -0.999900E+04   0.350000E+02   0.250000E+02   0.468908E+01   0.156687E+03   0.604541E+00   0.229922E+02   0.150000E+02   0.172334E-01  -0.999900E+04  -0.999900E+04   0.120078E+02   0.100000E+02   0.310994E+00  -0.999900E+04  -0.999900E+04   0.150098E+01   0.125000E+01
   0.100000E+01   0.200000E+01   0.300000E+05   0.108000E+05   0.100000E+01   0.200000E+01   0.300000E+05   0.108000E+05   0.463878E+01  -0.999900E+04  -0.999900E+04   0.350000E+02   0.250000E+02   0.463878E+01  -0.999900E+04  -0.999900E+04   0.350000E+02   0.250000E+02   0.472681E+01   0.156687E+03   0.616253E+00   0.229922E+02   0.150000E+02  -0.880301E-01  -0.999900E+04  -0.999900E+04   0.120078E+02   0.100000E+02  -0.158859E+01  -0.999900E+04  -0.999900E+04   0.150098E+01   0.125000E+01
   0.100000E+01   0.200000E+01   0.302500E+05   0.108000E+05   0.100000E+01   0.200000E+01   0.302500E+05   0.108000E+05   0.476891E+01  -0.999900E+04  -0.999900E+04   0.350000E+02   0.250000E+02   0.476891E+01  -0.999900E+04  -0.999900E+04   0.350000E+02   0.250000E+02   0.476652E+01   0.156687E+03   0.628054E+00   0.232366E+02   0.150000E+02   0.238739E-02  -0.999900E+04  -0.999900E+04   0.117634E+02   0.100000E+02   0.430828E-01  -0.999900E+04  -0.999900E+04   0.147042E+01   0.125000E+01
   0.100000E+01   0.200000E+01   0.305000E+05   0.108000E+05   0.100000E+01   0.200000E+01   0.305000E+05   0.108000E+05   0.476714E+01  -0.999900E+04  -0.999900E+04   0.350000E+02   0.250000E+02   0.476714E+01  -0.999900E+04  -0.999900E+04   0.350000E+02   0.250000E+02   0.480786E+01   0.156687E+03   0.639997E+00   0.234811E+02   0.150000E+02  -0.407182E-01  -0.999900E+04  -0.999900E+04   0.115189E+02   0.100000E+02  -0.734802E+00  -0.999900E+04  -0.999900E+04   0.143986E+01   0.125000E+01
   0.100000E+01   0.200000E+01   0.307500E+05   0.108000E+05   0.100000E+01   0.200000E+01   0.307500E+05   0.108000E+05   0.485316E+01  -0.999900E+04  -0.999900E+04   0.350000E+02   0.250000E+02   0.485316E+01  -0.999900E+04  -0.999900E+04   0.350000E+02   0.250000E+02   0.485087E+01   0.156686E+03   0.652040E+00   0.237256E+02   0.150000E+02   0.229448E-02  -0.999900E+04  -0.999900E+04   0.112744E+02   0.100000E+02   0.414062E-01  -0.999900E+04  -0.999900E+04   0.140929E+01   0.125000E+01
   0.100000E+01   0.200000E+01   0.310000E+05   0.108000E+05   0.100000E+01   0.200000E+01   0.310000E+05   0.108000E+05   0.483539E+01  -0.999900E+04  -0.999900E+04   0.350000E+02   0.250000E+02   0.483539E+01  -0.999900E+04  -0.999900E+04   0.350000E+02   0.250000E+02   0.489561E+01   0.156686E+03   0.664200E+00   0.239701E+02   0.150000E+02  -0.602222E-01  -0.999900E+04  -0.999900E+04   0.110299E+02   0.100000E+02  -0.108677E+01  -0.999900E+04  -0.999900E+04   0.137873E+01   0.125000E+01
   0.100000E+01   0.200000E+01   0.312500E+05   0.108000E+05   0.100000E+01   0.200000E+01   0.312500E+05   0.108000E+05   0.492964E+01  -0.999900E+04  -0.999900E+04   0.350000E+02   0.250000E+02   0.492964E+01  -0.999900E+04  -0.999900E+04   0.350000E+02   0.250000E+02   0.494216E+01   0.156686E+03   0.676426E+00   0.242146E+02   0.150000E+02  -0.125239E-01  -0.999900E+04  -0.999900E+04   0.107854E+02   0.100000E+02  -0.226007E+00  -0.999900E+04  -0.999900E+04   0.134817E+01   0.125000E+01
   0.100000E+01   0.200000E+01   0.315000E+05   0.108000E+05   0.100000E+01   0.200000E+01   0.315000E+05   0.108000E+05   0.497015E+01  -0.999900E+04  -0.999900E+04   0.350000E+02   0.250000E+02   0.497015E+01  -0.999900E+04  -0.999900E+04   0.350000E+02   0.250000E+02   0.499105E+01   0.156686E+03   0.688577E+00   0.242146E+02   0.150000E+02  -0.209019E-01  -0.999900E+04  -0.999900E+04   0.107854E+02   0.100000E+02  -0.377195E+00  -0.999900E+04  -0.999900E+04   0.134817E+01   0.125000E+01
   0.100000E+01   0.200000E+01   0.317500E+05   0.108000E+05   0.100000E+01   0.200000E+01   0.317500E+05   0.108000E+05   0.504265E+01  -0.999900E+04  -0.999900E+04   0.350000E+02   0.250000E+02   0.504265E+01  -0.999900E+04  -0.999900E+04   0.350000E+02   0.250000E+02   0.504230E+01   0.156686E+03   0.700618E+00   0.244591E+02   0.150000E+02   0.356674E-03  -0.999900E+04  -0.999900E+04   0.105409E+02   0.100000E+02   0.643655E-02  -0.999900E+04  -0.999900E+04   0.131761E+01   0.125000E+01
   0.100000E+01   0.200000E+01   0.320000E+05   0.108000E+05   0.100000E+01   0.200000E+01   0.320000E+05   0.108000E+05   0.509157E+01  -0.999900E+04  -0.999900E+04   0.350000E+02   0.250000E+02   0.509157E+01  -0.999900E+04  -0.999900E+04   0.350000E+02   0.250000E+02   0.509541E+01   0.156685E+03   0.712632E+00   0.247036E+02   0.150000E+02  -0.383767E-02  -0.999900E+04  -0.999900E+04   0.102964E+02   0.100000E+02  -0.692547E-01  -0.999900E+04  -0.999900E+04   0.128705E+01   0.125000E+01
   0.100000E+01   0.200000E+01   0.322500E+05   0.108000E+05   0.100000E+01   0.200000E+01   0.322500E+05   0.108000E+05   0.519411E+01  -0.999900E+04  -0.999900E+04   0.350000E+02   0.250000E+02   0.519411E+01  -0.999900E+04  -0.999900E+04   0.350000E+02   0.250000E+02   0.515042E+01   0.156685E+03   0.724589E+00   0.249481E+02   0.150000E+02   0.436954E-01  -0.999900E+04  -0.999900E+04   0.100519E+02   0.100000E+02   0.788528E+00  -0.999900E+04  -0.999900E+04   0.125649E+01   0.125000E+01
   0.100000E+01   0.200000E+01   0.325000E+05   0.108000E+05   0.100000E+01   0.200000E+01   0.325000E+05   0.108000E+05   0.528438E+01  -0.999900E+04  -0.999900E+04   0.350000E+02   0.250000E+02   0.528438E+01  -0.999900E+04  -0.999900E+04   0.350000E+02   0.250000E+02   0.520733E+01   0.156685E+03   0.736459E+00   0.251926E+02   0.150000E+02   0.770493E-01  -0.999900E+04  -0.999900E+04   0.980739E+01   0.100000E+02   0.139043E+01  -0.999900E+04  -0.999900E+04   0.122592E+01   0.125000E+01
   0.100000E+01   0.200000E+01   0.327500E+05   0.108000E+05   0.100000E+01   0.200000E+01   0.327500E+05   0.108000E+05   0.531336E+01  -0.999900E+04  -0.999900E+04   0.350000E+02   0.250000E+02   0.531336E+01  -0.999900E+04  -0.999900E+04   0.350000E+02   0.250000E+02   0.526614E+01   0.156685E+03   0.748213E+00   0.254371E+02   0.150000E+02   0.472226E-01  -0.999900E+04  -0.999900E+04   0.956289E+01   0.100000E+02   0.852179E+00  -0.999900E+04  -0.999900E+04   0.119536E+01   0.125000E+01
   0.100000E+01   0.200000E+01   0.330000E+05   0.108000E+05   0.100000E+01   0.200000E+01   0.330000E+05   0.108000E+05   0.539431E+01  -0.999900E+04  -0.999900E+04   0.350000E+02   0.250000E+02   0.539431E+01  -0.999900E+04  -0.999900E+04   0.350000E+02   0.250000E+02   0.532743E+01   0.156684E+03   0.759661E+00   0.254371E+02   0.150000E+02   0.668803E-01  -0.999900E+04  -0.999900E+04   0.956289E+01   0.100000E+02   0.120692E+01  -0.999900E+04  -0.999900E+04   0.119536E+01   0.125000E+01
   0.100000E+01   0.200000E+01   0.332500E+05   0.108000E+05   0.100000E+01   0.200000E+01   0.332500E+05   0.108000E+05   0.544897E+01  -0.999900E+04  -0.999900E+04   0.350000E+02   0.250000E+02   0.544897E+01  -0.999900E+04  -0.999900E+04   0.350000E+02   0.250000E+02   0.539119E+01   0.156684E+03   0.770735E+00   0.256816E+02   0.150000E+02   0.577806E-01  -0.999900E+04  -0.999900E+04   0.931840E+01   0.100000E+02   0.104271E+01  -0.999900E+04  -0.999900E+04   0.116480E+01   0.125000E+01
   0.100000E+01   0.200000E+01   0.335000E+05   0.108000E+05   0.100000E+01   0.200000E+01   0.335000E+05   0.108000E+05   0.558074E+01  -0.999900E+04  -0.999900E+04   0.350000E+02   0.250000E+02   0.558074E+01  -0.999900E+04  -0.999900E+04   0.350000E+02   0.250000E+02   0.545672E+01   0.156684E+03   0.781644E+00   0.259261E+02   0.150000E+02   0.124015E+00  -0.999900E+04  -0.999900E+04   0.907390E+01   0.100000E+02   0.223798E+01  -0.999900E+04  -0.999900E+04   0.113424E+01   0.125000E+01
   0.100000E+01   0.200000E+01   0.337500E+05   0.108000E+05   0.100000E+01   0.200000E+01   0.337500E+05   0.108000E+05   0.565118E+01  -0.999900E+04  -0.999900E+04   0.350000E+02   0.250000E+02   0.565118E+01  -0.999900E+04  -0.999900E+04   0.350000E+02   0.250000E+02   0.552401E+01   0.156684E+03   0.792339E+00   0.261706E+02   0.150000E+02   0.127172E+00  -0.999900E+04  -0.999900E+04   0.882941E+01   0.100000E+02   0.229496E+01  -0.999900E+04  -0.999900E+04   0.110368E+01   0.125000E+01
   0.100000E+01   0.200000E+01   0.340000E+05   0.108000E+05   0.100000E+01   0.200000E+01   0.340000E+05   0.108000E+05   0.568140E+01  -0.999900E+04  -0.999900E+04   0.350000E+02   0.250000E+02   0.568140E+01  -0.999900E+04  -0.999900E+04   0.350000E+02   0.250000E+02   0.559300E+01   0.156684E+03   0.802803E+00   0.264151E+02   0.150000E+02   0.883986E-01  -0.999900E+04  -0.999900E+04   0.858491E+01   0.100000E+02   0.159524E+01  -0.999900E+04  -0.999900E+04   0.107311E+01   0.125000E+01
   0.100000E+01   0.200000E+01   0.342500E+05   0.108000E+05   0.100000E+01   0.200000E+01   0.342500E+05   0.108000E+05   0.584284E+01  -0.999900E+04  -0.999900E+04   0.350000E+02   0.250000E+02   0.584284E+01  -0.999900E+04  -0.999900E+04   0.350000E+02   0.250000E+02   0.566365E+01   0.156683E+03   0.813022E+00   0.266596E+02   0.150000E+02   0.179197E+00  -0.999900E+04  -0.999900E+04   0.834041E+01   0.100000E+02   0.323379E+01  -0.999900E+04  -0.999900E+04   0.104255E+01   0.125000E+01
   0.100000E+01   0.100000E+01   0.347518E+05   0.108000E+05   0.100000E+01   0.100000E+01   0.347518E+05   0.108000E+05   0.589751E+01  -0.999900E+04  -0.999900E+04   0.350000E+02   0.250000E+02   0.589751E+01  -0.999900E+04  -0.999900E+04   0.350000E+02   0.250000E+02   0.580764E+01   0.152483E+03   0.811250E+00   0.269021E+02   0.150000E+02   0.898704E-01  -0.999900E+04  -0.999900E+04   0.809794E+01   0.100000E+02   0.162180E+01  -0.999900E+04  -0.999900E+04   0.101224E+01   0.125000E+01
   0.100000E+01   0.100000E+01   0.350035E+05   0.108000E+05   0.100000E+01   0.100000E+01   0.350035E+05   0.108000E+05   0.594917E+01  -0.999900E+04  -0.999900E+04   0.350000E+02   0.250000E+02   0.594917E+01  -0.999900E+04  -0.999900E+04   0.350000E+02   0.250000E+02   0.588111E+01   0.152483E+03   0.821274E+00   0.271425E+02   0.150000E+02   0.680607E-01  -0.999900E+04  -0.999900E+04   0.785748E+01   0.100000E+02   0.122822E+01  -0.999900E+04  -0.999900E+04   0.982186E+00   0.125000E+01
   0.100000E+01   0.100000E+01   0.352553E+05   0.108000E+05   0.100000E+01   0.100000E+01   0.352553E+05   0.108000E+05   0.601845E+01  -0.999900E+04  -0.999900E+04   0.350000E+02   0.250000E+02   0.601845E+01  -0.999900E+04  -0.999900E+04   0.350000E+02   0.250000E+02   0.595619E+01   0.152483E+03   0.830997E+00   0.273830E+02   0.150000E+02   0.622610E-01  -0.999900E+04  -0.999900E+04   0.761703E+01   0.100000E+02   0.112356E+01  -0.999900E+04  -0.999900E+04   0.952129E+00   0.125000E+01
   0.100000E+01   0.100000E+01   0.355071E+05   0.108000E+05   0.100000E+01   0.100000E+01   0.355071E+05   0.108000E+05   0.609220E+01  -0.999900E+04  -0.999900E+04   0.350000E+02   0.250000E+02   0.609220E+01  -0.999900E+04  -0.999900E+04   0.350000E+02   0.250000E+02   0.603282E+01   0.152483E+03   0.840414E+00   0.276234E+02   0.150000E+02   0.593769E-01  -0.999900E+04  -0.999900E+04   0.737658E+01   0.100000E+02   0.107152E+01  -0.999900E+04  -0.999900E+04   0.922072E+00   0.125000E+01
   0.100000E+01   0.100000E+01   0.357588E+05   0.108000E+05   0.100000E+01   0.100000E+01   0.357588E+05   0.108000E+05   0.611649E+01  -0.999900E+04  -0.999900E+04   0.350000E+02   0.250000E+02   0.611649E+01  -0.999900E+04  -0.999900E+04   0.350000E+02   0.250000E+02   0.611092E+01   0.152483E+03   0.849563E+00   0.278639E+02   0.150000E+02   0.557567E-02  -0.999900E+04  -0.999900E+04   0.713612E+01   0.100000E+02   0.100619E+00  -0.999900E+04  -0.999900E+04   0.892015E+00   0.125000E+01
   0.100000E+01   0.100000E+01   0.360106E+05   0.108000E+05   0.100000E+01   0.100000E+01   0.360106E+05   0.108000E+05   0.618840E+01  -0.999900E+04  -0.999900E+04   0.350000E+02   0.250000E+02   0.618840E+01  -0.999900E+04  -0.999900E+04   0.350000E+02   0.250000E+02   0.619040E+01   0.152483E+03   0.858372E+00   0.281043E+02   0.150000E+02  -0.200342E-02  -0.999900E+04  -0.999900E+04   0.689567E+01   0.100000E+02  -0.361538E-01  -0.999900E+04  -0.999900E+04   0.861958E+00   0.125000E+01
   0.100000E+01   0.100000E+01   0.362624E+05   0.108000E+05   0.100000E+01   0.100000E+01   0.362624E+05   0.108000E+05   0.624915E+01  -0.999900E+04  -0.999900E+04   0.350000E+02   0.250000E+02   0.624915E+01  -0.999900E+04  -0.999900E+04   0.350000E+02   0.250000E+02   0.627117E+01   0.152482E+03   0.866887E+00   0.283448E+02   0.150000E+02  -0.220238E-01  -0.999900E+04  -0.999900E+04   0.665521E+01   0.100000E+02  -0.397442E+00  -0.999900E+04  -0.999900E+04   0.831901E+00   0.125000E+01
   0.100000E+01   0.100000E+01   0.365141E+05   0.108000E+05   0.100000E+01   0.100000E+01   0.365141E+05   0.108000E+05   0.635194E+01  -0.999900E+04  -0.999900E+04   0.350000E+02   0.250000E+02   0.635194E+01  -0.999900E+04  -0.999900E+04   0.350000E+02   0.250000E+02   0.635385E+01   0.152482E+03   0.874856E+00   0.283448E+02   0.150000E+02  -0.190644E-02  -0.999900E+04  -0.999900E+04   0.665521E+01   0.100000E+02  -0.344036E-01  -0.999900E+04  -0.999900E+04   0.831901E+00   0.125000E+01
   0.100000E+01   0.100000E+01   0.367659E+05   0.108000E+05   0.100000E+01   0.100000E+01   0.367659E+05   0.108000E+05   0.644995E+01  -0.999900E+04  -0.999900E+04   0.350000E+02   0.250000E+02   0.644995E+01  -0.999900E+04  -0.999900E+04   0.350000E+02   0.250000E+02   0.643823E+01   0.152482E+03   0.882316E+00   0.285852E+02   0.150000E+02   0.117144E-01  -0.999900E+04  -0.999900E+04   0.641476E+01   0.100000E+02   0.211398E+00  -0.999900E+04  -0.999900E+04   0.801845E+00   0.125000E+01
   0.100000E+01   0.100000E+01   0.370176E+05   0.108000E+05   0.100000E+01   0.100000E+01   0.370176E+05   0.108000E+05   0.643952E+01  -0.999900E+04  -0.999900E+04   0.350000E+02   0.250000E+02   0.643952E+01  -0.999900E+04  -0.999900E+04   0.350000E+02   0.250000E+02   0.652349E+01   0.152482E+03   0.889565E+00   0.288257E+02   0.150000E+02  -0.839650E-01  -0.999900E+04  -0.999900E+04   0.617430E+01   0.100000E+02  -0.151523E+01  -0.999900E+04  -0.999900E+04   0.771788E+00   0.125000E+01
   0.100000E+01   0.100000E+01   0.372694E+05   0.108000E+05   0.100000E+01   0.100000E+01   0.372694E+05   0.108000E+05   0.659070E+01  -0.999900E+04  -0.999900E+04   0.350000E+02   0.250000E+02   0.659070E+01  -0.999900E+04  -0.999900E+04   0.350000E+02   0.250000E+02   0.660958E+01   0.152482E+03   0.896603E+00   0.290662E+02   0.150000E+02  -0.188796E-01  -0.999900E+04  -0.999900E+04   0.593385E+01   0.100000E+02  -0.340702E+00  -0.999900E+04  -0.999900E+04   0.741731E+00   0.125000E+01
   0.100000E+01   0.100000E+01   0.375212E+05   0.108000E+05   0.100000E+01   0.100000E+01   0.375212E+05   0.108000E+05   0.667623E+01  -0.999900E+04  -0.999900E+04   0.350000E+02   0.250000E+02   0.667623E+01  -0.999900E+04  -0.999900E+04   0.350000E+02   0.250000E+02   0.669644E+01   0.152482E+03   0.903443E+00   0.293066E+02   0.150000E+02  -0.202119E-01  -0.999900E+04  -0.999900E+04   0.569339E+01   0.100000E+02  -0.364744E+00  -0.999900E+04  -0.999900E+04   0.711674E+00   0.125000E+01
   0.100000E+01   0.100000E+01   0.377729E+05   0.108000E+05   0.100000E+01   0.100000E+01   0.377729E+05   0.108000E+05   0.671148E+01  -0.999900E+04  -0.999900E+04   0.350000E+02   0.250000E+02   0.671148E+01  -0.999900E+04  -0.999900E+04   0.350000E+02   0.250000E+02   0.678401E+01   0.152482E+03   0.910138E+00   0.295471E+02   0.150000E+02  -0.725354E-01  -0.999900E+04  -0.999900E+04   0.545294E+01   0.100000E+02  -0.130898E+01  -0.999900E+04  -0.999900E+04   0.681617E+00   0.125000E+01
   0.100000E+01   0.100000E+01   0.380247E+05   0.108000E+05   0.100000E+01   0.100000E+01   0.380247E+05   0.108000E+05   0.681352E+01  -0.999900E+04  -0.999900E+04   0.350000E+02   0.250000E+02   0.681352E+01  -0.999900E+04  -0.999900E+04   0.350000E+02   0.250000E+02   0.687225E+01   0.152482E+03   0.916616E+00   0.297875E+02   0.150000E+02  -0.587333E-01  -0.999900E+04  -0.999900E+04   0.521248E+01   0.100000E+02  -0.105990E+01  -0.999900E+04  -0.999900E+04   0.651560E+00   0.125000E+01
   0.100000E+01   0.100000E+01   0.382765E+05   0.108000E+05   0.100000E+01   0.100000E+01   0.382765E+05   0.108000E+05   0.683543E+01  -0.999900E+04  -0.999900E+04   0.350000E+02   0.250000E+02   0.683543E+01  -0.999900E+04  -0.999900E+04   0.350000E+02   0.250000E+02   0.696180E+01   0.152482E+03   0.922638E+00   0.297875E+02   0.150000E+02  -0.126374E+00  -0.999900E+04  -0.999900E+04   0.521248E+01   0.100000E+02  -0.228055E+01  -0.999900E+04  -0.999900E+04   0.651560E+00   0.125000E+01
   0.100000E+01   0.100000E+01   0.385282E+05   0.108000E+05   0.100000E+01   0.100000E+01   0.385282E+05   0.108000E+05   0.698057E+01  -0.999900E+04  -0.999900E+04   0.350000E+02   0.250000E+02   0.698057E+01  -0.999900E+04  -0.999900E+04   0.350000E+02   0.250000E+02   0.705252E+01   0.152482E+03   0.928244E+00   0.300280E+02   0.150000E+02  -0.719452E-01  -0.999900E+04  -0.999900E+04   0.497203E+01   0.100000E+02  -0.129832E+01  -0.999900E+04  -0.999900E+04   0.621504E+00   0.125000E+01
   0.100000E+01   0.100000E+01   0.387800E+05   0.108000E+05   0.100000E+01   0.100000E+01   0.387800E+05   0.108000E+05   0.704712E+01  -0.999900E+04  -0.999900E+04   0.350000E+02   0.250000E+02   0.704712E+01  -0.999900E+04  -0.999900E+04   0.350000E+02   0.250000E+02   0.714356E+01   0.152482E+03   0.933776E+00   0.302684E+02   0.150000E+02  -0.964404E-01  -0.999900E+04  -0.999900E+04   0.473157E+01   0.100000E+02  -0.174037E+01  -0.999900E+04  -0.999900E+04   0.591447E+00   0.125000E+01
   0.100000E+01   0.100000E+01   0.390318E+05   0.108000E+05   0.100000E+01   0.100000E+01   0.390318E+05   0.108000E+05   0.715017E+01  -0.999900E+04  -0.999900E+04   0.350000E+02   0.250000E+02   0.715017E+01  -0.999900E+04  -0.999900E+04   0.350000E+02   0.250000E+02   0.723492E+01   0.152482E+03   0.939240E+00   0.305089E+02   0.150000E+02  -0.847529E-01  -0.999900E+04  -0.999900E+04   0.449112E+01   0.100000E+02  -0.152945E+01  -0.999900E+04  -0.999900E+04   0.561390E+00   0.125000E+01
   0.100000E+01   0.100000E+01   0.392835E+05   0.108000E+05   0.100000E+01   0.100000E+01   0.392835E+05   0.108000E+05   0.726318E+01  -0.999900E+04  -0.999900E+04   0.350000E+02   0.250000E+02   0.726318E+01  -0.999900E+04  -0.999900E+04   0.350000E+02   0.250000E+02   0.732657E+01   0.152481E+03   0.944640E+00   0.307493E+02   0.150000E+02  -0.633915E-01  -0.999900E+04  -0.999900E+04   0.425066E+01   0.100000E+02  -0.114396E+01  -0.999900E+04  -0.999900E+04   0.531333E+00   0.125000E+01
   0.100000E+01   0.100000E+01   0.395353E+05   0.108000E+05   0.100000E+01   0.100000E+01   0.395353E+05   0.108000E+05   0.737158E+01  -0.999900E+04  -0.999900E+04   0.350000E+02   0.250000E+02   0.737158E+01  -0.999900E+04  -0.999900E+04   0.350000E+02   0.250000E+02   0.741849E+01   0.152481E+03   0.949981E+00   0.309898E+02   0.150000E+02  -0.469122E-01  -0.999900E+04  -0.999900E+04   0.401021E+01   0.100000E+02  -0.846579E+00  -0.999900E+04  -0.999900E+04   0.501276E+00   0.125000E+01
   0.100000E+01   0.100000E+01   0.397871E+05   0.108000E+05   0.100000E+01   0.100000E+01   0.397871E+05   0.108000E+05   0.744209E+01  -0.999900E+04  -0.999900E+04   0.350000E+02   0.250000E+02   0.744209E+01  -0.999900E+04  -0.999900E+04   0.350000E+02   0.250000E+02   0.751067E+01   0.152481E+03   0.955267E+00   0.312302E+02   0.150000E+02  -0.685768E-01  -0.999900E+04  -0.999900E+04   0.376975E+01   0.100000E+02  -0.123754E+01  -0.999900E+04  -0.999900E+04   0.471219E+00   0.125000E+01
   0.100000E+01   0.100000E+01   0.400388E+05   0.108000E+05   0.100000E+01   0.100000E+01   0.400388E+05   0.108000E+05   0.760769E+01  -0.999900E+04  -0.999900E+04   0.350000E+02   0.250000E+02   0.760769E+01  -0.999900E+04  -0.999900E+04   0.350000E+02   0.250000E+02   0.760379E+01   0.152481E+03   0.960229E+00   0.312302E+02   0.150000E+02   0.390621E-02  -0.999900E+04  -0.999900E+04   0.376975E+01   0.100000E+02   0.704916E-01  -0.999900E+04  -0.999900E+04   0.471219E+00   0.125000E+01
   0.100000E+01   0.100000E+01   0.402906E+05   0.108000E+05   0.100000E+01   0.100000E+01   0.402906E+05   0.108000E+05   0.765578E+01  -0.999900E+04  -0.999900E+04   0.350000E+02   0.250000E+02   0.765578E+01  -0.999900E+04  -0.999900E+04   0.350000E+02   0.250000E+02   0.769775E+01   0.152481E+03   0.964813E+00   0.314707E+02   0.150000E+02  -0.419642E-01  -0.999900E+04  -0.999900E+04   0.352930E+01   0.100000E+02  -0.757286E+00  -0.999900E+04  -0.999900E+04   0.441162E+00   0.125000E+01
   0.100000E+01   0.100000E+01   0.405424E+05   0.108000E+05   0.100000E+01   0.100000E+01   0.405424E+05   0.108000E+05   0.773604E+01  -0.999900E+04  -0.999900E+04   0.350000E+02   0.250000E+02   0.773604E+01  -0.999900E+04  -0.999900E+04   0.350000E+02   0.250000E+02   0.779173E+01   0.152481E+03   0.969430E+00   0.317112E+02   0.150000E+02  -0.556835E-01  -0.999900E+04  -0.999900E+04   0.328885E+01   0.100000E+02  -0.100487E+01  -0.999900E+04  -0.999900E+04   0.411106E+00   0.125000E+01
   0.100000E+01   0.100000E+01   0.407941E+05   0.108000E+05   0.100000E+01   0.100000E+01   0.407941E+05   0.108000E+05   0.785280E+01  -0.999900E+04  -0.999900E+04   0.350000E+02   0.250000E+02   0.785280E+01  -0.999900E+04  -0.999900E+04   0.350000E+02   0.250000E+02   0.788575E+01   0.152481E+03   0.974074E+00   0.319516E+02   0.150000E+02  -0.329465E-01  -0.999900E+04  -0.999900E+04   0.304839E+01   0.100000E+02  -0.594553E+00  -0.999900E+04  -0.999900E+04   0.381049E+00   0.125000E+01
   0.100000E+01   0.100000E+01   0.410459E+05   0.108000E+05   0.100000E+01   0.100000E+01   0.410459E+05   0.108000E+05   0.794043E+01  -0.999900E+04  -0.999900E+04   0.350000E+02   0.250000E+02   0.794043E+01  -0.999900E+04  -0.999900E+04   0.350000E+02   0.250000E+02   0.797982E+01   0.152481E+03   0.978739E+00   0.321921E+02   0.150000E+02  -0.393829E-01  -0.999900E+04  -0.999900E+04   0.280794E+01   0.100000E+02  -0.710705E+00  -0.999900E+04  -0.999900E+04   0.350992E+00   0.125000E+01
   0.100000E+01   0.100000E+01   0.412976E+05   0.108000E+05   0.100000E+01   0.100000E+01   0.412976E+05   0.108000E+05   0.801722E+01  -0.999900E+04  -0.999900E+04   0.350000E+02   0.250000E+02   0.801722E+01  -0.999900E+04  -0.999900E+04   0.350000E+02   0.250000E+02   0.807394E+01   0.152481E+03   0.983421E+00   0.324325E+02   0.150000E+02  -0.567202E-01  -0.999900E+04  -0.999900E+04   0.256748E+01   0.100000E+02  -0.102357E+01  -0.999900E+04  -0.999900E+04   0.320935E+00   0.125000E+01
   0.100000E+01   0.100000E+01   0.415494E+05   0.108000E+05   0.100000E+01   0.100000E+01   0.415494E+05   0.108000E+05   0.815914E+01  -0.999900E+04  -0.999900E+04   0.350000E+02   0.250000E+02   0.815914E+01  -0.999900E+04  -0.999900E+04   0.350000E+02   0.250000E+02   0.816814E+01   0.152481E+03   0.988115E+00   0.326730E+02   0.150000E+02  -0.900423E-02  -0.999900E+04  -0.999900E+04   0.232703E+01   0.100000E+02  -0.162490E+00  -0.999900E+04  -0.999900E+04   0.290878E+00   0.125000E+01
   0.100000E+01   0.100000E+01   0.418012E+05   0.108000E+05   0.100000E+01   0.100000E+01   0.418012E+05   0.108000E+05   0.827260E+01  -0.999900E+04  -0.999900E+04   0.350000E+02   0.250000E+02   0.827260E+01  -0.999900E+04  -0.999900E+04   0.350000E+02   0.250000E+02   0.826309E+01   0.152481E+03   0.992487E+00   0.326730E+02   0.150000E+02   0.950691E-02  -0.999900E+04  -0.999900E+04   0.232703E+01   0.100000E+02   0.171562E+00  -0.999900E+04  -0.999900E+04   0.290878E+00   0.125000E+01
   0.100000E+01   0.100000E+01   0.420529E+05   0.108000E+05   0.100000E+01   0.100000E+01   0.420529E+05   0.108000E+05   0.836102E+01  -0.999900E+04  -0.999900E+04   0.350000E+02   0.250000E+02   0.836102E+01  -0.999900E+04  -0.999900E+04   0.350000E+02   0.250000E+02   0.835870E+01   0.152481E+03   0.996625E+00   0.329134E+02   0.150000E+02   0.231839E-02  -0.999900E+04  -0.999900E+04   0.208657E+01   0.100000E+02   0.418377E-01  -0.999900E+04  -0.999900E+04   0.260821E+00   0.125000E+01
   0.100000E+01   0.100000E+01   0.423047E+05   0.108000E+05   0.100000E+01   0.100000E+01   0.423047E+05   0.108000E+05   0.846356E+01  -0.999900E+04  -0.999900E+04   0.350000E+02   0.250000E+02   0.846356E+01  -0.999900E+04  -0.999900E+04   0.350000E+02   0.250000E+02   0.845421E+01   0.152481E+03   0.100080E+01   0.331539E+02   0.150000E+02   0.934636E-02  -0.999900E+04  -0.999900E+04   0.184612E+01   0.100000E+02   0.168665E+00  -0.999900E+04  -0.999900E+04   0.230765E+00   0.125000E+01
   0.100000E+01   0.100000E+01   0.425565E+05   0.108000E+05   0.100000E+01   0.100000E+01   0.425565E+05   0.108000E+05   0.856121E+01  -0.999900E+04  -0.999900E+04   0.350000E+02   0.250000E+02   0.856121E+01  -0.999900E+04  -0.999900E+04   0.350000E+02   0.250000E+02   0.854965E+01   0.152481E+03   0.100504E+01   0.333943E+02   0.150000E+02   0.115660E-01  -0.999900E+04  -0.999900E+04   0.160566E+01   0.100000E+02   0.208720E+00  -0.999900E+04  -0.999900E+04   0.200708E+00   0.125000E+01
   0.100000E+01   0.100000E+01   0.428082E+05   0.108000E+05   0.100000E+01   0.100000E+01   0.428082E+05   0.108000E+05   0.868165E+01  -0.999900E+04  -0.999900E+04   0.350000E+02   0.250000E+02   0.868165E+01  -0.999900E+04  -0.999900E+04   0.350000E+02   0.250000E+02   0.864502E+01   0.152481E+03   0.100935E+01   0.336348E+02   0.150000E+02   0.366241E-01  -0.999900E+04  -0.999900E+04   0.136521E+01   0.100000E+02   0.660919E+00  -0.999900E+04  -0.999900E+04   0.170651E+00   0.125000E+01
   0.100000E+01   0.100000E+01   0.430600E+05   0.108000E+05   0.100000E+01   0.100000E+01   0.430600E+05   0.108000E+05   0.873166E+01  -0.999900E+04  -0.999900E+04   0.350000E+02   0.250000E+02   0.873166E+01  -0.999900E+04  -0.999900E+04   0.350000E+02   0.250000E+02   0.874034E+01   0.152481E+03   0.101373E+01   0.338752E+02   0.150000E+02  -0.867700E-02  -0.999900E+04  -0.999900E+04   0.112475E+01   0.100000E+02  -0.156585E+00  -0.999900E+04  -0.999900E+04   0.140594E+00   0.125000E+01
   0.100000E+01   0.100000E+01   0.433118E+05   0.108000E+05   0.100000E+01   0.100000E+01   0.433118E+05   0.108000E+05   0.889612E+01  -0.999900E+04  -0.999900E+04   0.350000E+02   0.250000E+02   0.889612E+01  -0.999900E+04  -0.999900E+04   0.350000E+02   0.250000E+02   0.883563E+01   0.152481E+03   0.101816E+01   0.341157E+02   0.150000E+02   0.604943E-01  -0.999900E+04  -0.999900E+04   0.884298E+00   0.100000E+02   0.109168E+01  -0.999900E+04  -0.999900E+04   0.110537E+00   0.125000E+01
   0.100000E+01   0.100000E+01   0.435635E+05   0.108000E+05   0.100000E+01   0.100000E+01   0.435635E+05   0.108000E+05   0.894794E+01  -0.999900E+04  -0.999900E+04   0.350000E+02   0.250000E+02   0.894794E+01  -0.999900E+04  -0.999900E+04   0.350000E+02   0.250000E+02   0.893158E+01   0.152481E+03   0.102229E+01   0.341157E+02   0.150000E+02   0.163608E-01  -0.999900E+04  -0.999900E+04   0.884298E+00   0.100000E+02   0.295248E+00  -0.999900E+04  -0.999900E+04   0.110537E+00   0.125000E+01
   0.100000E+01   0.100000E+01   0.438153E+05   0.108000E+05   0.100000E+01   0.100000E+01   0.438153E+05   0.108000E+05   0.908263E+01  -0.999900E+04  -0.999900E+04   0.350000E+02   0.250000E+02   0.908263E+01  -0.999900E+04  -0.999900E+04   0.350000E+02   0.250000E+02   0.902812E+01   0.152481E+03   0.102615E+01   0.343562E+02   0.150000E+02   0.545117E-01  -0.999900E+04  -0.999900E+04   0.643843E+00   0.100000E+02   0.983719E+00  -0.999900E+04  -0.999900E+04   0.804804E-01   0.125000E+01
   0.100000E+01   0.100000E+01   0.440671E+05   0.108000E+05   0.100000E+01   0.100000E+01   0.440671E+05   0.108000E+05   0.919731E+01  -0.999900E+04  -0.999900E+04   0.350000E+02   0.250000E+02   0.919731E+01  -0.999900E+04  -0.999900E+04   0.350000E+02   0.250000E+02   0.912450E+01   0.152481E+03   0.103012E+01   0.345966E+02   0.150000E+02   0.728089E-01  -0.999900E+04  -0.999900E+04   0.403389E+00   0.100000E+02   0.131391E+01  -0.999900E+04  -0.999900E+04   0.504236E-01   0.125000E+01
   0.100000E+01   0.100000E+01   0.443188E+05   0.108000E+05   0.100000E+01   0.100000E+01   0.443188E+05   0.108000E+05   0.928755E+01  -0.999900E+04  -0.999900E+04   0.350000E+02   0.250000E+02   0.928755E+01  -0.999900E+04  -0.999900E+04   0.350000E+02   0.250000E+02   0.922076E+01   0.152481E+03   0.103423E+01   0.348371E+02   0.150000E+02   0.667949E-01  -0.999900E+04  -0.999900E+04   0.162934E+00   0.100000E+02   0.120538E+01  -0.999900E+04  -0.999900E+04   0.203667E-01   0.125000E+01
   0.100000E+01   0.100000E+01   0.445706E+05   0.108000E+05   0.100000E+01   0.100000E+01   0.445706E+05   0.108000E+05   0.934640E+01  -0.999900E+04  -0.999900E+04   0.350000E+02   0.250000E+02   0.934640E+01  -0.999900E+04  -0.999900E+04   0.350000E+02   0.250000E+02   0.931694E+01   0.152481E+03   0.103837E+01   0.350775E+02   0.150000E+02   0.294578E-01  -0.999900E+04  -0.999900E+04  -0.775209E-01   0.100000E+02   0.531597E+00  -0.999900E+04  -0.999900E+04  -0.969011E-02   0.125000E+01
   0.100000E+01   0.100000E+01   0.448224E+05   0.108000E+05   0.100000E+01   0.100000E+01   0.448224E+05   0.108000E+05   0.948981E+01  -0.999900E+04  -0.999900E+04   0.350000E+02   0.250000E+02   0.948981E+01  -0.999900E+04  -0.999900E+04   0.350000E+02   0.250000E+02   0.941306E+01   0.152481E+03   0.104257E+01   0.353180E+02   0.150000E+02   0.767519E-01  -0.999900E+04  -0.999900E+04  -0.317976E+00   0.100000E+02   0.138507E+01  -0.999900E+04  -0.999900E+04  -0.397470E-01   0.125000E+01
   0.100000E+01   0.100000E+01   0.450741E+05   0.108000E+05   0.100000E+01   0.100000E+01   0.450741E+05   0.108000E+05   0.960141E+01  -0.999900E+04  -0.999900E+04   0.350000E+02   0.250000E+02   0.960141E+01  -0.999900E+04  -0.999900E+04   0.350000E+02   0.250000E+02   0.950914E+01   0.152481E+03   0.104683E+01   0.355584E+02   0.150000E+02   0.922668E-01  -0.999900E+04  -0.999900E+04  -0.558430E+00   0.100000E+02   0.166505E+01  -0.999900E+04  -0.999900E+04  -0.698038E-01   0.125000E+01
   0.100000E+01   0.100000E+01   0.453259E+05   0.108000E+05   0.100000E+01   0.100000E+01   0.453259E+05   0.108000E+05   0.972164E+01  -0.999900E+04  -0.999900E+04   0.350000E+02   0.250000E+02   0.972164E+01  -0.999900E+04  -0.999900E+04   0.350000E+02   0.250000E+02   0.960584E+01   0.152481E+03   0.105079E+01   0.355584E+02   0.150000E+02   0.115803E+00  -0.999900E+04  -0.999900E+04  -0.558430E+00   0.100000E+02   0.208979E+01  -0.999900E+04  -0.999900E+04  -0.698038E-01   0.125000E+01
   0.100000E+01   0.100000E+01   0.455776E+05   0.108000E+05   0.100000E+01   0.100000E+01   0.455776E+05   0.108000E+05   0.981330E+01  -0.999900E+04  -0.999900E+04   0.350000E+02   0.250000E+02   0.981330E+01  -0.999900E+04  -0.999900E+04   0.350000E+02   0.250000E+02   0.970306E+01   0.152481E+03   0.105449E+01   0.357989E+02   0.150000E+02   0.110236E+00  -0.999900E+04  -0.999900E+04  -0.798885E+00   0.100000E+02   0.198933E+01  -0.999900E+04  -0.999900E+04  -0.998606E-01   0.125000E+01
   0.100000E+01   0.100000E+01   0.458294E+05   0.108000E+05   0.100000E+01   0.100000E+01   0.458294E+05   0.108000E+05   0.991912E+01  -0.999900E+04  -0.999900E+04   0.350000E+02   0.250000E+02   0.991912E+01  -0.999900E+04  -0.999900E+04   0.350000E+02   0.250000E+02   0.980011E+01   0.152481E+03   0.105831E+01   0.360393E+02   0.150000E+02   0.119013E+00  -0.999900E+04  -0.999900E+04  -0.103934E+01   0.100000E+02   0.214771E+01  -0.999900E+04  -0.999900E+04  -0.129917E+00   0.125000E+01
   0.100000E+01   0.100000E+01   0.460812E+05   0.108000E+05   0.100000E+01   0.100000E+01   0.460812E+05   0.108000E+05   0.100372E+02  -0.999900E+04  -0.999900E+04   0.350000E+02   0.250000E+02   0.100372E+02  -0.999900E+04  -0.999900E+04   0.350000E+02   0.250000E+02   0.989701E+01   0.152481E+03   0.106225E+01   0.362798E+02   0.150000E+02   0.140181E+00  -0.999900E+04  -0.999900E+04  -0.127979E+01   0.100000E+02   0.252971E+01  -0.999900E+04  -0.999900E+04  -0.159974E+00   0.125000E+01
   0.100000E+01   0.100000E+01   0.463329E+05   0.108000E+05   0.100000E+01   0.100000E+01   0.463329E+05   0.108000E+05   0.100949E+02  -0.999900E+04  -0.999900E+04   0.350000E+02   0.250000E+02   0.100949E+02  -0.999900E+04  -0.999900E+04   0.350000E+02   0.250000E+02   0.999380E+01   0.152481E+03   0.106632E+01   0.365202E+02   0.150000E+02   0.101065E+00  -0.999900E+04  -0.999900E+04  -0.152025E+01   0.100000E+02   0.182381E+01  -0.999900E+04  -0.999900E+04  -0.190031E+00   0.125000E+01
   0.100000E+01   0.100000E+01   0.465847E+05   0.108000E+05   0.100000E+01   0.100000E+01   0.465847E+05   0.108000E+05   0.102010E+02  -0.999900E+04  -0.999900E+04   0.350000E+02   0.250000E+02   0.102010E+02  -0.999900E+04  -0.999900E+04   0.350000E+02   0.250000E+02   0.100905E+02   0.152481E+03   0.107041E+01   0.367607E+02   0.150000E+02   0.110517E+00  -0.999900E+04  -0.999900E+04  -0.176070E+01   0.100000E+02   0.199438E+01  -0.999900E+04  -0.999900E+04  -0.220088E+00   0.125000E+01
   0.100000E+01   0.100000E+01   0.468365E+05   0.108000E+05   0.100000E+01   0.100000E+01   0.468365E+05   0.108000E+05   0.103203E+02  -0.999900E+04  -0.999900E+04   0.350000E+02   0.250000E+02   0.103203E+02  -0.999900E+04  -0.999900E+04   0.350000E+02   0.250000E+02   0.101872E+02   0.152481E+03   0.107456E+01   0.370012E+02   0.150000E+02   0.133068E+00  -0.999900E+04  -0.999900E+04  -0.200116E+01   0.100000E+02   0.240134E+01  -0.999900E+04  -0.999900E+04  -0.250145E+00   0.125000E+01
   0.100000E+01   0.100000E+01   0.470882E+05   0.108000E+05   0.100000E+01   0.100000E+01   0.470882E+05   0.108000E+05   0.104104E+02  -0.999900E+04  -0.999900E+04   0.350000E+02   0.250000E+02   0.104104E+02  -0.999900E+04  -0.999900E+04   0.350000E+02   0.250000E+02   0.102845E+02   0.152481E+03   0.107841E+01   0.370012E+02   0.150000E+02   0.125909E+00  -0.999900E+04  -0.999900E+04  -0.200116E+01   0.100000E+02   0.227216E+01  -0.999900E+04  -0.999900E+04  -0.250145E+00   0.125000E+01
   0.100000E+01   0.100000E+01   0.473400E+05   0.108000E+05   0.100000E+01   0.100000E+01   0.473400E+05   0.108000E+05   0.104979E+02  -0.999900E+04  -0.999900E+04   0.350000E+02   0.250000E+02   0.104979E+02  -0.999900E+04  -0.999900E+04   0.350000E+02   0.250000E+02   0.103822E+02   0.152481E+03   0.108200E+01   0.372416E+02   0.150000E+02   0.115634E+00  -0.999900E+04  -0.999900E+04  -0.224161E+01   0.100000E+02   0.208673E+01  -0.999900E+04  -0.999900E+04  -0.280202E+00   0.125000E+01
   0.100000E+01   0.100000E+01   0.475918E+05   0.108000E+05   0.100000E+01   0.100000E+01   0.475918E+05   0.108000E+05   0.105064E+02  -0.999900E+04  -0.999900E+04   0.350000E+02   0.250000E+02   0.105064E+02  -0.999900E+04  -0.999900E+04   0.350000E+02   0.250000E+02   0.104798E+02   0.152481E+03   0.108573E+01   0.374821E+02   0.150000E+02   0.266671E-01  -0.999900E+04  -0.999900E+04  -0.248207E+01   0.100000E+02   0.481235E+00  -0.999900E+04  -0.999900E+04  -0.310259E+00   0.125000E+01
   0.100000E+01   0.100000E+01   0.478435E+05   0.108000E+05   0.100000E+01   0.100000E+01   0.478435E+05   0.108000E+05   0.105760E+02  -0.999900E+04  -0.999900E+04   0.350000E+02   0.250000E+02   0.105760E+02  -0.999900E+04  -0.999900E+04   0.350000E+02   0.250000E+02   0.105772E+02   0.152481E+03   0.108957E+01   0.377225E+02   0.150000E+02  -0.116925E-02  -0.999900E+04  -0.999900E+04  -0.272252E+01   0.100000E+02  -0.211003E-01  -0.999900E+04  -0.999900E+04  -0.340315E+00   0.125000E+01
   0.100000E+01   0.100000E+01   0.480953E+05   0.108000E+05   0.100000E+01   0.100000E+01   0.480953E+05   0.108000E+05   0.106913E+02  -0.999900E+04  -0.999900E+04   0.350000E+02   0.250000E+02   0.106913E+02  -0.999900E+04  -0.999900E+04   0.350000E+02   0.250000E+02   0.106745E+02   0.152481E+03   0.109351E+01   0.379630E+02   0.150000E+02   0.167747E-01  -0.999900E+04  -0.999900E+04  -0.296298E+01   0.100000E+02   0.302716E+00  -0.999900E+04  -0.999900E+04  -0.370372E+00   0.125000E+01
   0.100000E+01   0.100000E+01   0.483471E+05   0.108000E+05   0.100000E+01   0.100000E+01   0.483471E+05   0.108000E+05   0.107399E+02  -0.999900E+04  -0.999900E+04   0.350000E+02   0.250000E+02   0.107399E+02  -0.999900E+04  -0.999900E+04   0.350000E+02   0.250000E+02   0.107717E+02   0.152481E+03   0.109753E+01   0.382034E+02   0.150000E+02  -0.318205E-01  -0.999900E+04  -0.999900E+04  -0.320343E+01   0.100000E+02  -0.574233E+00  -0.999900E+04  -0.999900E+04  -0.400429E+00   0.125000E+01
   0.100000E+01   0.100000E+01   0.485988E+05   0.108000E+05   0.100000E+01   0.100000E+01   0.485988E+05   0.108000E+05   0.108262E+02  -0.999900E+04  -0.999900E+04   0.350000E+02   0.250000E+02   0.108262E+02  -0.999900E+04  -0.999900E+04   0.350000E+02   0.250000E+02   0.108688E+02   0.152481E+03   0.110166E+01   0.384439E+02   0.150000E+02  -0.426153E-01  -0.999900E+04  -0.999900E+04  -0.344389E+01   0.100000E+02  -0.769037E+00  -0.999900E+04  -0.999900E+04  -0.430486E+00   0.125000E+01
   0.100000E+01   0.100000E+01   0.488506E+05   0.108000E+05   0.100000E+01   0.100000E+01   0.488506E+05   0.108000E+05   0.109318E+02  -0.999900E+04  -0.999900E+04   0.350000E+02   0.250000E+02   0.109318E+02  -0.999900E+04  -0.999900E+04   0.350000E+02   0.250000E+02   0.109666E+02   0.152481E+03   0.110543E+01   0.384439E+02   0.150000E+02  -0.348061E-01  -0.999900E+04  -0.999900E+04  -0.344389E+01   0.100000E+02  -0.628112E+00  -0.999900E+04  -0.999900E+04  -0.430486E+00   0.125000E+01
   0.100000E+01   0.100000E+01   0.491024E+05   0.108000E+05   0.100000E+01   0.100000E+01   0.491024E+05   0.108000E+05   0.109893E+02  -0.999900E+04  -0.999900E+04   0.350000E+02   0.250000E+02   0.109893E+02  -0.999900E+04  -0.999900E+04   0.350000E+02   0.250000E+02   0.110648E+02   0.152481E+03   0.110893E+01   0.386843E+02   0.150000E+02  -0.755044E-01  -0.999900E+04  -0.999900E+04  -0.368434E+01   0.100000E+02  -0.136255E+01  -0.999900E+04  -0.999900E+04  -0.460543E+00   0.125000E+01
   0.100000E+01   0.100000E+01   0.493541E+05   0.108000E+05   0.100000E+01   0.100000E+01   0.493541E+05   0.108000E+05   0.110771E+02  -0.999900E+04  -0.999900E+04   0.350000E+02   0.250000E+02   0.110771E+02  -0.999900E+04  -0.999900E+04   0.350000E+02   0.250000E+02   0.111628E+02   0.152481E+03   0.111257E+01   0.389248E+02   0.150000E+02  -0.856623E-01  -0.999900E+04  -0.999900E+04  -0.392480E+01   0.100000E+02  -0.154586E+01  -0.999900E+04  -0.999900E+04  -0.490600E+00   0.125000E+01
   0.100000E+01   0.100000E+01   0.496059E+05   0.108000E+05   0.100000E+01   0.100000E+01   0.496059E+05   0.108000E+05   0.111817E+02  -0.999900E+04  -0.999900E+04   0.350000E+02   0.250000E+02   0.111817E+02  -0.999900E+04  -0.999900E+04   0.350000E+02   0.250000E+02   0.112606E+02   0.152481E+03   0.111636E+01   0.391653E+02   0.150000E+02  -0.789456E-01  -0.999900E+04  -0.999900E+04  -0.416525E+01   0.100000E+02  -0.142465E+01  -0.999900E+04  -0.999900E+04  -0.520656E+00   0.125000E+01
   0.100000E+01   0.100000E+01   0.498576E+05   0.108000E+05   0.100000E+01   0.100000E+01   0.498576E+05   0.108000E+05   0.112730E+02  -0.999900E+04  -0.999900E+04   0.350000E+02   0.250000E+02   0.112730E+02  -0.999900E+04  -0.999900E+04   0.350000E+02   0.250000E+02   0.113583E+02   0.152481E+03   0.112025E+01   0.394057E+02   0.150000E+02  -0.852368E-01  -0.999900E+04  -0.999900E+04  -0.440571E+01   0.100000E+02  -0.153818E+01  -0.999900E+04  -0.999900E+04  -0.550713E+00   0.125000E+01
   0.100000E+01   0.100000E+01   0.501094E+05   0.108000E+05   0.100000E+01   0.100000E+01   0.501094E+05   0.108000E+05   0.113621E+02  -0.999900E+04  -0.999900E+04   0.350000E+02   0.250000E+02   0.113621E+02  -0.999900E+04  -0.999900E+04   0.350000E+02   0.250000E+02   0.114559E+02   0.152481E+03   0.112422E+01   0.396462E+02   0.150000E+02  -0.937953E-01  -0.999900E+04  -0.999900E+04  -0.464616E+01   0.100000E+02  -0.169263E+01  -0.999900E+04  -0.999900E+04  -0.580770E+00   0.125000E+01
   0.100000E+01   0.100000E+01   0.503612E+05   0.108000E+05   0.100000E+01   0.100000E+01   0.503612E+05   0.108000E+05   0.114989E+02  -0.999900E+04  -0.999900E+04   0.350000E+02   0.250000E+02   0.114989E+02  -0.999900E+04  -0.999900E+04   0.350000E+02   0.250000E+02   0.115534E+02   0.152481E+03   0.112825E+01   0.398866E+02   0.150000E+02  -0.545112E-01  -0.999900E+04  -0.999900E+04  -0.488662E+01   0.100000E+02  -0.983711E+00  -0.999900E+04  -0.999900E+04  -0.610827E+00   0.125000E+01
   0.100000E+01   0.100000E+01   0.506129E+05   0.108000E+05   0.100000E+01   0.100000E+01   0.506129E+05   0.108000E+05   0.115639E+02  -0.999900E+04  -0.999900E+04   0.350000E+02   0.250000E+02   0.115639E+02  -0.999900E+04  -0.999900E+04   0.350000E+02   0.250000E+02   0.116515E+02   0.152481E+03   0.113203E+01   0.398866E+02   0.150000E+02  -0.876215E-01  -0.999900E+04  -0.999900E+04  -0.488662E+01   0.100000E+02  -0.158122E+01  -0.999900E+04  -0.999900E+04  -0.610827E+00   0.125000E+01
   0.100000E+01   0.100000E+01   0.508647E+05   0.108000E+05   0.100000E+01   0.100000E+01   0.508647E+05   0.108000E+05   0.116775E+02  -0.999900E+04  -0.999900E+04   0.350000E+02   0.250000E+02   0.116775E+02  -0.999900E+04  -0.999900E+04   0.350000E+02   0.250000E+02   0.117501E+02   0.152481E+03   0.113547E+01   0.401271E+02   0.150000E+02  -0.725788E-01  -0.999900E+04  -0.999900E+04  -0.512707E+01   0.100000E+02  -0.130976E+01  -0.999900E+04  -0.999900E+04  -0.640884E+00   0.125000E+01
   0.100000E+01   0.100000E+01   0.511165E+05   0.108000E+05   0.100000E+01   0.100000E+01   0.511165E+05   0.108000E+05   0.117799E+02  -0.999900E+04  -0.999900E+04   0.350000E+02   0.250000E+02   0.117799E+02  -0.999900E+04  -0.999900E+04   0.350000E+02   0.250000E+02   0.118485E+02   0.152481E+03   0.113905E+01   0.403675E+02   0.150000E+02  -0.685846E-01  -0.999900E+04  -0.999900E+04  -0.536752E+01   0.100000E+02  -0.123768E+01  -0.999900E+04  -0.999900E+04  -0.670941E+00   0.125000E+01
   0.100000E+01   0.100000E+01   0.513682E+05   0.108000E+05   0.100000E+01   0.100000E+01   0.513682E+05   0.108000E+05   0.118313E+02  -0.999900E+04  -0.999900E+04   0.350000E+02   0.250000E+02   0.118313E+02  -0.999900E+04  -0.999900E+04   0.350000E+02   0.250000E+02   0.119467E+02   0.152481E+03   0.114276E+01   0.406080E+02   0.150000E+02  -0.115417E+00  -0.999900E+04  -0.999900E+04  -0.560798E+01   0.100000E+02  -0.208282E+01  -0.999900E+04  -0.999900E+04  -0.700997E+00   0.125000E+01
   0.100000E+01   0.100000E+01   0.516200E+05   0.108000E+05   0.100000E+01   0.100000E+01   0.516200E+05   0.108000E+05   0.119882E+02  -0.999900E+04  -0.999900E+04   0.350000E+02   0.250000E+02   0.119882E+02  -0.999900E+04  -0.999900E+04   0.350000E+02   0.250000E+02   0.120448E+02   0.152481E+03   0.114657E+01   0.408484E+02   0.150000E+02  -0.565919E-01  -0.999900E+04  -0.999900E+04  -0.584843E+01   0.100000E+02  -0.102126E+01  -0.999900E+04  -0.999900E+04  -0.731054E+00   0.125000E+01
   0.100000E+01   0.100000E+01   0.518718E+05   0.108000E+05   0.100000E+01   0.100000E+01   0.518718E+05   0.108000E+05   0.121193E+02  -0.999900E+04  -0.999900E+04   0.350000E+02   0.250000E+02   0.121193E+02  -0.999900E+04  -0.999900E+04   0.350000E+02   0.250000E+02   0.121428E+02   0.152481E+03   0.115046E+01   0.410889E+02   0.150000E+02  -0.235028E-01  -0.999900E+04  -0.999900E+04  -0.608889E+01   0.100000E+02  -0.424133E+00  -0.999900E+04  -0.999900E+04  -0.761111E+00   0.125000E+01
   0.100000E+01   0.100000E+01   0.521235E+05   0.108000E+05   0.100000E+01   0.100000E+01   0.521235E+05   0.108000E+05   0.121840E+02  -0.999900E+04  -0.999900E+04   0.350000E+02   0.250000E+02   0.121840E+02  -0.999900E+04  -0.999900E+04   0.350000E+02   0.250000E+02   0.122408E+02   0.152481E+03   0.115442E+01   0.413293E+02   0.150000E+02  -0.567809E-01  -0.999900E+04  -0.999900E+04  -0.632934E+01   0.100000E+02  -0.102467E+01  -0.999900E+04  -0.999900E+04  -0.791168E+00   0.125000E+01
   0.100000E+01   0.100000E+01   0.523753E+05   0.108000E+05   0.100000E+01   0.100000E+01   0.523753E+05   0.108000E+05   0.122678E+02  -0.999900E+04  -0.999900E+04   0.350000E+02   0.250000E+02   0.122678E+02  -0.999900E+04  -0.999900E+04   0.350000E+02   0.250000E+02   0.123392E+02   0.152481E+03   0.115805E+01   0.413293E+02   0.150000E+02  -0.714579E-01  -0.999900E+04  -0.999900E+04  -0.632934E+01   0.100000E+02  -0.128953E+01  -0.999900E+04  -0.999900E+04  -0.791168E+00   0.125000E+01
   0.100000E+01   0.100000E+01   0.526271E+05   0.108000E+05   0.100000E+01   0.100000E+01   0.526271E+05   0.108000E+05   0.124230E+02  -0.999900E+04  -0.999900E+04   0.350000E+02   0.250000E+02   0.124230E+02  -0.999900E+04  -0.999900E+04   0.350000E+02   0.250000E+02   0.124382E+02   0.152481E+03   0.116142E+01   0.415698E+02   0.150000E+02  -0.151439E-01  -0.999900E+04  -0.999900E+04  -0.656980E+01   0.100000E+02  -0.273286E+00  -0.999900E+04  -0.999900E+04  -0.821225E+00   0.125000E+01
   0.100000E+01   0.100000E+01   0.528788E+05   0.108000E+05   0.100000E+01   0.100000E+01   0.528788E+05   0.108000E+05   0.125000E+02  -0.999900E+04  -0.999900E+04   0.350000E+02   0.250000E+02   0.125000E+02  -0.999900E+04  -0.999900E+04   0.350000E+02   0.250000E+02   0.125369E+02   0.152481E+03   0.116501E+01   0.418103E+02   0.150000E+02  -0.368764E-01  -0.999900E+04  -0.999900E+04  -0.681025E+01   0.100000E+02  -0.665473E+00  -0.999900E+04  -0.999900E+04  -0.851282E+00   0.125000E+01
   0.100000E+01   0.100000E+01   0.531306E+05   0.108000E+05   0.100000E+01   0.100000E+01   0.531306E+05   0.108000E+05   0.126223E+02  -0.999900E+04  -0.999900E+04   0.350000E+02   0.250000E+02   0.126223E+02  -0.999900E+04  -0.999900E+04   0.350000E+02   0.250000E+02   0.126355E+02   0.152481E+03   0.116865E+01   0.420507E+02   0.150000E+02  -0.132076E-01  -0.999900E+04  -0.999900E+04  -0.705071E+01   0.100000E+02  -0.238344E+00  -0.999900E+04  -0.999900E+04  -0.881338E+00   0.125000E+01
   0.100000E+01   0.100000E+01   0.533824E+05   0.108000E+05   0.100000E+01   0.100000E+01   0.533824E+05   0.108000E+05   0.127058E+02  -0.999900E+04  -0.999900E+04   0.350000E+02   0.250000E+02   0.127058E+02  -0.999900E+04  -0.999900E+04   0.350000E+02   0.250000E+02   0.127339E+02   0.152481E+03   0.117239E+01   0.422912E+02   0.150000E+02  -0.281055E-01  -0.999900E+04  -0.999900E+04  -0.729116E+01   0.100000E+02  -0.507192E+00  -0.999900E+04  -0.999900E+04  -0.911395E+00   0.125000E+01
   0.100000E+01   0.100000E+01   0.536341E+05   0.108000E+05   0.100000E+01   0.100000E+01   0.536341E+05   0.108000E+05   0.128194E+02  -0.999900E+04  -0.999900E+04   0.350000E+02   0.250000E+02   0.128194E+02  -0.999900E+04  -0.999900E+04   0.350000E+02   0.250000E+02   0.128323E+02   0.152481E+03   0.117622E+01   0.425316E+02   0.150000E+02  -0.129089E-01  -0.999900E+04  -0.999900E+04  -0.753162E+01   0.100000E+02  -0.232954E+00  -0.999900E+04  -0.999900E+04  -0.941452E+00   0.125000E+01
   0.100000E+01   0.100000E+01   0.538859E+05   0.108000E+05   0.100000E+01   0.100000E+01   0.538859E+05   0.108000E+05   0.129439E+02  -0.999900E+04  -0.999900E+04   0.350000E+02   0.250000E+02   0.129439E+02  -0.999900E+04  -0.999900E+04   0.350000E+02   0.250000E+02   0.129306E+02   0.152481E+03   0.118011E+01   0.427721E+02   0.150000E+02   0.133000E-01  -0.999900E+04  -0.999900E+04  -0.777207E+01   0.100000E+02   0.240013E+00  -0.999900E+04  -0.999900E+04  -0.971509E+00   0.125000E+01
   0.100000E+01   0.100000E+01   0.541376E+05   0.108000E+05   0.100000E+01   0.100000E+01   0.541376E+05   0.108000E+05   0.130279E+02  -0.999900E+04  -0.999900E+04   0.350000E+02   0.250000E+02   0.130279E+02  -0.999900E+04  -0.999900E+04   0.350000E+02   0.250000E+02   0.130294E+02   0.152481E+03   0.118368E+01   0.427721E+02   0.150000E+02  -0.146059E-02  -0.999900E+04  -0.999900E+04  -0.777207E+01   0.100000E+02  -0.263578E-01  -0.999900E+04  -0.999900E+04  -0.971509E+00   0.125000E+01
   0.100000E+01   0.100000E+01   0.543894E+05   0.108000E+05   0.100000E+01   0.100000E+01   0.543894E+05   0.108000E+05   0.131247E+02  -0.999900E+04  -0.999900E+04   0.350000E+02   0.250000E+02   0.131247E+02  -0.999900E+04  -0.999900E+04   0.350000E+02   0.250000E+02   0.131286E+02   0.152481E+03   0.118698E+01   0.430125E+02   0.150000E+02  -0.396359E-02  -0.999900E+04  -0.999900E+04  -0.801253E+01   0.100000E+02  -0.715270E-01  -0.999900E+04  -0.999900E+04  -0.100157E+01   0.125000E+01
   0.100000E+01   0.100000E+01   0.546412E+05   0.108000E+05   0.100000E+01   0.100000E+01   0.546412E+05   0.108000E+05   0.132023E+02  -0.999900E+04  -0.999900E+04   0.350000E+02   0.250000E+02   0.132023E+02  -0.999900E+04  -0.999900E+04   0.350000E+02   0.250000E+02   0.132277E+02   0.152481E+03   0.119044E+01   0.432530E+02   0.150000E+02  -0.254012E-01  -0.999900E+04  -0.999900E+04  -0.825298E+01   0.100000E+02  -0.458391E+00  -0.999900E+04  -0.999900E+04  -0.103162E+01   0.125000E+01
   0.100000E+01   0.100000E+01   0.548929E+05   0.108000E+05   0.100000E+01   0.100000E+01   0.548929E+05   0.108000E+05   0.133375E+02  -0.999900E+04  -0.999900E+04   0.350000E+02   0.250000E+02   0.133375E+02  -0.999900E+04  -0.999900E+04   0.350000E+02   0.250000E+02   0.133265E+02   0.152481E+03   0.119410E+01   0.434934E+02   0.150000E+02   0.109830E-01  -0.999900E+04  -0.999900E+04  -0.849344E+01   0.100000E+02   0.198199E+00  -0.999900E+04  -0.999900E+04  -0.106168E+01   0.125000E+01
   0.100000E+01   0.100000E+01   0.551447E+05   0.108000E+05   0.100000E+01   0.100000E+01   0.551447E+05   0.108000E+05   0.134166E+02  -0.999900E+04  -0.999900E+04   0.350000E+02   0.250000E+02   0.134166E+02  -0.999900E+04  -0.999900E+04   0.350000E+02   0.250000E+02   0.134253E+02   0.152481E+03   0.119779E+01   0.437339E+02   0.150000E+02  -0.874873E-02  -0.999900E+04  -0.999900E+04  -0.873389E+01   0.100000E+02  -0.157880E+00  -0.999900E+04  -0.999900E+04  -0.109174E+01   0.125000E+01
   0.100000E+01   0.100000E+01   0.553965E+05   0.108000E+05   0.100000E+01   0.100000E+01   0.553965E+05   0.108000E+05   0.135854E+02  -0.999900E+04  -0.999900E+04   0.350000E+02   0.250000E+02   0.135854E+02  -0.999900E+04  -0.999900E+04   0.350000E+02   0.250000E+02   0.135240E+02   0.152481E+03   0.120156E+01   0.439743E+02   0.150000E+02   0.613643E-01  -0.999900E+04  -0.999900E+04  -0.897435E+01   0.100000E+02   0.110738E+01  -0.999900E+04  -0.999900E+04  -0.112179E+01   0.125000E+01
   0.100000E+01   0.100000E+01   0.556482E+05   0.108000E+05   0.100000E+01   0.100000E+01   0.556482E+05   0.108000E+05   0.136434E+02  -0.999900E+04  -0.999900E+04   0.350000E+02   0.250000E+02   0.136434E+02  -0.999900E+04  -0.999900E+04   0.350000E+02   0.250000E+02   0.136226E+02   0.152481E+03   0.120540E+01   0.442148E+02   0.150000E+02   0.207528E-01  -0.999900E+04  -0.999900E+04  -0.921480E+01   0.100000E+02   0.374505E+00  -0.999900E+04  -0.999900E+04  -0.115185E+01   0.125000E+01
   0.200000E+01   0.300000E+01   0.453684E+03   0.108000E+05   0.200000E+01   0.300000E+01   0.453684E+03   0.108000E+05   0.676959E+01  -0.999900E+04  -0.999900E+04   0.350000E+02   0.250000E+02   0.676959E+01  -0.999900E+04  -0.999900E+04   0.350000E+02   0.250000E+02   0.677011E+01   0.263327E+02   0.128947E+00   0.311335E+02   0.150000E+02  -0.519920E-03  -0.999900E+04  -0.999900E+04   0.386648E+01   0.100000E+02  -0.938249E-02  -0.999900E+04  -0.999900E+04   0.483310E+00   0.125000E+01
   0.200000E+01   0.300000E+01   0.705368E+03   0.108000E+05   0.200000E+01   0.300000E+01   0.705368E+03   0.108000E+05   0.674242E+01  -0.999900E+04  -0.999900E+04   0.350000E+02   0.250000E+02   0.674242E+01  -0.999900E+04  -0.999900E+04   0.350000E+02   0.250000E+02   0.677109E+01   0.263326E+02   0.138103E+00   0.311994E+02   0.150000E+02  -0.286694E-01  -0.999900E+04  -0.999900E+04   0.380057E+01   0.100000E+02  -0.517368E+00  -0.999900E+04  -0.999900E+04   0.475071E+00   0.125000E+01
   0.200000E+01   0.300000E+01   0.957053E+03   0.108000E+05   0.200000E+01   0.300000E+01   0.957053E+03   0.108000E+05   0.675721E+01  -0.999900E+04  -0.999900E+04   0.350000E+02   0.250000E+02   0.675721E+01  -0.999900E+04  -0.999900E+04   0.350000E+02   0.250000E+02   0.677232E+01   0.263325E+02   0.148647E+00   0.312653E+02   0.150000E+02  -0.151122E-01  -0.999900E+04  -0.999900E+04   0.373466E+01   0.100000E+02  -0.272715E+00  -0.999900E+04  -0.999900E+04   0.466832E+00   0.125000E+01
   0.200000E+01   0.300000E+01   0.120874E+04   0.108000E+05   0.200000E+01   0.300000E+01   0.120874E+04   0.108000E+05   0.678597E+01  -0.999900E+04  -0.999900E+04   0.350000E+02   0.250000E+02   0.678597E+01  -0.999900E+04  -0.999900E+04   0.350000E+02   0.250000E+02   0.677389E+01   0.263323E+02   0.160914E+00   0.313972E+02   0.150000E+02   0.120856E-01  -0.999900E+04  -0.999900E+04   0.360284E+01   0.100000E+02   0.218097E+00  -0.999900E+04  -0.999900E+04   0.450355E+00   0.125000E+01
   0.200000E+01   0.300000E+01   0.146042E+04   0.108000E+05   0.200000E+01   0.300000E+01   0.146042E+04   0.108000E+05   0.677622E+01  -0.999900E+04  -0.999900E+04   0.350000E+02   0.250000E+02   0.677622E+01  -0.999900E+04  -0.999900E+04   0.350000E+02   0.250000E+02   0.677592E+01   0.263322E+02   0.175354E+00   0.314631E+02   0.150000E+02   0.294612E-03  -0.999900E+04  -0.999900E+04   0.353693E+01   0.100000E+02   0.531657E-02  -0.999900E+04  -0.999900E+04   0.442116E+00   0.125000E+01
   0.200000E+01   0.300000E+01   0.171211E+04   0.108000E+05   0.200000E+01   0.300000E+01   0.171211E+04   0.108000E+05   0.680128E+01  -0.999900E+04  -0.999900E+04   0.350000E+02   0.250000E+02   0.680128E+01  -0.999900E+04  -0.999900E+04   0.350000E+02   0.250000E+02   0.677865E+01   0.263321E+02   0.192583E+00   0.315290E+02   0.150000E+02   0.226338E-01  -0.999900E+04  -0.999900E+04   0.347102E+01   0.100000E+02   0.408450E+00  -0.999900E+04  -0.999900E+04   0.433877E+00   0.125000E+01
   0.200000E+01   0.300000E+01   0.196379E+04   0.108000E+05   0.200000E+01   0.300000E+01   0.196379E+04   0.108000E+05   0.678793E+01  -0.999900E+04  -0.999900E+04   0.350000E+02   0.250000E+02   0.678793E+01  -0.999900E+04  -0.999900E+04   0.350000E+02   0.250000E+02   0.678238E+01   0.263320E+02   0.213459E+00   0.316608E+02   0.150000E+02   0.555210E-02  -0.999900E+04  -0.999900E+04   0.333920E+01   0.100000E+02   0.100193E+00  -0.999900E+04  -0.999900E+04   0.417400E+00   0.125000E+01
   0.200000E+01   0.300000E+01   0.221547E+04   0.108000E+05   0.200000E+01   0.300000E+01   0.221547E+04   0.108000E+05   0.675273E+01  -0.999900E+04  -0.999900E+04   0.350000E+02   0.250000E+02   0.675273E+01  -0.999900E+04  -0.999900E+04   0.350000E+02   0.250000E+02   0.678768E+01   0.263318E+02   0.239203E+00   0.317267E+02   0.150000E+02  -0.349571E-01  -0.999900E+04  -0.999900E+04   0.327329E+01   0.100000E+02  -0.630836E+00  -0.999900E+04  -0.999900E+04   0.409161E+00   0.125000E+01
   0.200000E+01   0.300000E+01   0.246716E+04   0.108000E+05   0.200000E+01   0.300000E+01   0.246716E+04   0.108000E+05   0.680004E+01  -0.999900E+04  -0.999900E+04   0.350000E+02   0.250000E+02   0.680004E+01  -0.999900E+04  -0.999900E+04   0.350000E+02   0.250000E+02   0.679555E+01   0.263317E+02   0.271571E+00   0.317926E+02   0.150000E+02   0.448780E-02  -0.999900E+04  -0.999900E+04   0.320738E+01   0.100000E+02   0.809869E-01  -0.999900E+04  -0.999900E+04   0.400922E+00   0.125000E+01
   0.200000E+01   0.300000E+01   0.271884E+04   0.108000E+05   0.200000E+01   0.300000E+01   0.271884E+04   0.108000E+05   0.686410E+01  -0.999900E+04  -0.999900E+04   0.350000E+02   0.250000E+02   0.686410E+01  -0.999900E+04  -0.999900E+04   0.350000E+02   0.250000E+02   0.680778E+01   0.263316E+02   0.313074E+00   0.319244E+02   0.150000E+02   0.563162E-01  -0.999900E+04  -0.999900E+04   0.307556E+01   0.100000E+02   0.101628E+01  -0.999900E+04  -0.999900E+04   0.384445E+00   0.125000E+01
   0.200000E+01   0.300000E+01   0.297053E+04   0.108000E+05   0.200000E+01   0.300000E+01   0.297053E+04   0.108000E+05   0.682958E+01  -0.999900E+04  -0.999900E+04   0.350000E+02   0.250000E+02   0.682958E+01  -0.999900E+04  -0.999900E+04   0.350000E+02   0.250000E+02   0.682790E+01   0.263315E+02   0.367073E+00   0.319903E+02   0.150000E+02   0.168429E-02  -0.999900E+04  -0.999900E+04   0.300965E+01   0.100000E+02   0.303947E-01  -0.999900E+04  -0.999900E+04   0.376206E+00   0.125000E+01
   0.200000E+01   0.300000E+01   0.322221E+04   0.108000E+05   0.200000E+01   0.300000E+01   0.322221E+04   0.108000E+05   0.686177E+01  -0.999900E+04  -0.999900E+04   0.350000E+02   0.250000E+02   0.686177E+01  -0.999900E+04  -0.999900E+04   0.350000E+02   0.250000E+02   0.686297E+01   0.263314E+02   0.436860E+00   0.320563E+02   0.150000E+02  -0.120582E-02  -0.999900E+04  -0.999900E+04   0.294374E+01   0.100000E+02  -0.217603E-01  -0.999900E+04  -0.999900E+04   0.367967E+00   0.125000E+01
   0.200000E+01   0.300000E+01   0.347389E+04   0.108000E+05   0.200000E+01   0.300000E+01   0.347389E+04   0.108000E+05   0.693719E+01  -0.999900E+04  -0.999900E+04   0.350000E+02   0.250000E+02   0.693719E+01  -0.999900E+04  -0.999900E+04   0.350000E+02   0.250000E+02   0.692615E+01   0.263313E+02   0.521102E+00   0.321222E+02   0.150000E+02   0.110449E-01  -0.999900E+04  -0.999900E+04   0.287783E+01   0.100000E+02   0.199317E+00  -0.999900E+04  -0.999900E+04   0.359729E+00   0.125000E+01
   0.200000E+01   0.300000E+01   0.372558E+04   0.108000E+05   0.200000E+01   0.300000E+01   0.372558E+04   0.108000E+05   0.709004E+01  -0.999900E+04  -0.999900E+04   0.350000E+02   0.250000E+02   0.709004E+01  -0.999900E+04  -0.999900E+04   0.350000E+02   0.250000E+02   0.703499E+01   0.263312E+02   0.604300E+00   0.322540E+02   0.150000E+02   0.550525E-01  -0.999900E+04  -0.999900E+04   0.274601E+01   0.100000E+02   0.993479E+00  -0.999900E+04  -0.999900E+04   0.343251E+00   0.125000E+01
   0.200000E+01   0.300000E+01   0.397726E+04   0.108000E+05   0.200000E+01   0.300000E+01   0.397726E+04   0.108000E+05   0.718757E+01  -0.999900E+04  -0.999900E+04   0.350000E+02   0.250000E+02   0.718757E+01  -0.999900E+04  -0.999900E+04   0.350000E+02   0.250000E+02   0.719713E+01   0.263312E+02   0.660424E+00   0.323199E+02   0.150000E+02  -0.955225E-02  -0.999900E+04  -0.999900E+04   0.268010E+01   0.100000E+02  -0.172380E+00  -0.999900E+04  -0.999900E+04   0.335012E+00   0.125000E+01
   0.200000E+01   0.300000E+01   0.422895E+04   0.108000E+05   0.200000E+01   0.300000E+01   0.422895E+04   0.108000E+05   0.742759E+01  -0.999900E+04  -0.999900E+04   0.350000E+02   0.250000E+02   0.742759E+01  -0.999900E+04  -0.999900E+04   0.350000E+02   0.250000E+02   0.739736E+01   0.263311E+02   0.684055E+00   0.323858E+02   0.150000E+02   0.302230E-01  -0.999900E+04  -0.999900E+04   0.261419E+01   0.100000E+02   0.545405E+00  -0.999900E+04  -0.999900E+04   0.326774E+00   0.125000E+01
   0.200000E+01   0.300000E+01   0.448063E+04   0.108000E+05   0.200000E+01   0.300000E+01   0.448063E+04   0.108000E+05   0.760842E+01  -0.999900E+04  -0.999900E+04   0.350000E+02   0.250000E+02   0.760842E+01  -0.999900E+04  -0.999900E+04   0.350000E+02   0.250000E+02   0.761324E+01   0.263311E+02   0.691646E+00   0.325176E+02   0.150000E+02  -0.482010E-02  -0.999900E+04  -0.999900E+04   0.248237E+01   0.100000E+02  -0.869836E-01  -0.999900E+04  -0.999900E+04   0.310296E+00   0.125000E+01
   0.200000E+01   0.300000E+01   0.473232E+04   0.108000E+05   0.200000E+01   0.300000E+01   0.473232E+04   0.108000E+05   0.783655E+01  -0.999900E+04  -0.999900E+04   0.350000E+02   0.250000E+02   0.783655E+01  -0.999900E+04  -0.999900E+04   0.350000E+02   0.250000E+02   0.783359E+01   0.263311E+02   0.694379E+00   0.325835E+02   0.150000E+02   0.296409E-02  -0.999900E+04  -0.999900E+04   0.241646E+01   0.100000E+02   0.534901E-01  -0.999900E+04  -0.999900E+04   0.302057E+00   0.125000E+01
   0.200000E+01   0.300000E+01   0.498400E+04   0.108000E+05   0.200000E+01   0.300000E+01   0.498400E+04   0.108000E+05   0.805821E+01  -0.999900E+04  -0.999900E+04   0.350000E+02   0.250000E+02   0.805821E+01  -0.999900E+04  -0.999900E+04   0.350000E+02   0.250000E+02   0.805526E+01   0.263311E+02   0.695641E+00   0.326494E+02   0.150000E+02   0.295094E-02  -0.999900E+04  -0.999900E+04   0.235055E+01   0.100000E+02   0.532527E-01  -0.999900E+04  -0.999900E+04   0.293819E+00   0.125000E+01
   0.200000E+01   0.300000E+01   0.523568E+04   0.108000E+05   0.200000E+01   0.300000E+01   0.523568E+04   0.108000E+05   0.830934E+01  -0.999900E+04  -0.999900E+04   0.350000E+02   0.250000E+02   0.830934E+01  -0.999900E+04  -0.999900E+04   0.350000E+02   0.250000E+02   0.827695E+01   0.263311E+02   0.697000E+00   0.327813E+02   0.150000E+02   0.323896E-01  -0.999900E+04  -0.999900E+04   0.221873E+01   0.100000E+02   0.584503E+00  -0.999900E+04  -0.999900E+04   0.277341E+00   0.125000E+01
   0.200000E+01   0.300000E+01   0.548737E+04   0.108000E+05   0.200000E+01   0.300000E+01   0.548737E+04   0.108000E+05   0.852786E+01  -0.999900E+04  -0.999900E+04   0.350000E+02   0.250000E+02   0.852786E+01  -0.999900E+04  -0.999900E+04   0.350000E+02   0.250000E+02   0.849866E+01   0.263311E+02   0.698232E+00   0.328472E+02   0.150000E+02   0.291977E-01  -0.999900E+04  -0.999900E+04   0.215282E+01   0.100000E+02   0.526902E+00  -0.999900E+04  -0.999900E+04   0.269102E+00   0.125000E+01
   0.200000E+01   0.300000E+01   0.573905E+04   0.108000E+05   0.200000E+01   0.300000E+01   0.573905E+04   0.108000E+05   0.876235E+01  -0.999900E+04  -0.999900E+04   0.350000E+02   0.250000E+02   0.876235E+01  -0.999900E+04  -0.999900E+04   0.350000E+02   0.250000E+02   0.872064E+01   0.263311E+02   0.699155E+00   0.329131E+02   0.150000E+02   0.417075E-01  -0.999900E+04  -0.999900E+04   0.208691E+01   0.100000E+02   0.752654E+00  -0.999900E+04  -0.999900E+04   0.260864E+00   0.125000E+01
   0.200000E+01   0.300000E+01   0.599074E+04   0.108000E+05   0.200000E+01   0.300000E+01   0.599074E+04   0.108000E+05   0.898489E+01  -0.999900E+04  -0.999900E+04   0.350000E+02   0.250000E+02   0.898489E+01  -0.999900E+04  -0.999900E+04   0.350000E+02   0.250000E+02   0.894269E+01   0.263311E+02   0.700011E+00   0.329790E+02   0.150000E+02   0.421980E-01  -0.999900E+04  -0.999900E+04   0.202100E+01   0.100000E+02   0.761507E+00  -0.999900E+04  -0.999900E+04   0.252625E+00   0.125000E+01
   0.200000E+01   0.300000E+01   0.624242E+04   0.108000E+05   0.200000E+01   0.300000E+01   0.624242E+04   0.108000E+05   0.923509E+01  -0.999900E+04  -0.999900E+04   0.350000E+02   0.250000E+02   0.923509E+01  -0.999900E+04  -0.999900E+04   0.350000E+02   0.250000E+02   0.916444E+01   0.263311E+02   0.701204E+00   0.331108E+02   0.150000E+02   0.706491E-01  -0.999900E+04  -0.999900E+04   0.188918E+01   0.100000E+02   0.127493E+01  -0.999900E+04  -0.999900E+04   0.236147E+00   0.125000E+01
   0.200000E+01   0.300000E+01   0.649411E+04   0.108000E+05   0.200000E+01   0.300000E+01   0.649411E+04   0.108000E+05   0.940561E+01  -0.999900E+04  -0.999900E+04   0.350000E+02   0.250000E+02   0.940561E+01  -0.999900E+04  -0.999900E+04   0.350000E+02   0.250000E+02   0.938613E+01   0.263311E+02   0.702470E+00   0.331767E+02   0.150000E+02   0.194792E-01  -0.999900E+04  -0.999900E+04   0.182327E+01   0.100000E+02   0.351522E+00  -0.999900E+04  -0.999900E+04   0.227909E+00   0.125000E+01
   0.200000E+01   0.300000E+01   0.674579E+04   0.108000E+05   0.200000E+01   0.300000E+01   0.674579E+04   0.108000E+05   0.956327E+01  -0.999900E+04  -0.999900E+04   0.350000E+02   0.250000E+02   0.956327E+01  -0.999900E+04  -0.999900E+04   0.350000E+02   0.250000E+02   0.960812E+01   0.263311E+02   0.703396E+00   0.332426E+02   0.150000E+02  -0.448544E-01  -0.999900E+04  -0.999900E+04   0.175736E+01   0.100000E+02  -0.809444E+00  -0.999900E+04  -0.999900E+04   0.219670E+00   0.125000E+01
   0.200000E+01   0.300000E+01   0.699747E+04   0.108000E+05   0.200000E+01   0.300000E+01   0.699747E+04   0.108000E+05   0.983592E+01  -0.999900E+04  -0.999900E+04   0.350000E+02   0.250000E+02   0.983592E+01  -0.999900E+04  -0.999900E+04   0.350000E+02   0.250000E+02   0.982992E+01   0.263311E+02   0.704552E+00   0.333745E+02   0.150000E+02   0.599874E-02  -0.999900E+04  -0.999900E+04   0.162554E+01   0.100000E+02   0.108253E+00  -0.999900E+04  -0.999900E+04   0.203192E+00   0.125000E+01
   0.200000E+01   0.300000E+01   0.724916E+04   0.108000E+05   0.200000E+01   0.300000E+01   0.724916E+04   0.108000E+05   0.100529E+02  -0.999900E+04  -0.999900E+04   0.350000E+02   0.250000E+02   0.100529E+02  -0.999900E+04  -0.999900E+04   0.350000E+02   0.250000E+02   0.100516E+02   0.263311E+02   0.705808E+00   0.334404E+02   0.150000E+02   0.122340E-02  -0.999900E+04  -0.999900E+04   0.155963E+01   0.100000E+02   0.220775E-01  -0.999900E+04  -0.999900E+04   0.194954E+00   0.125000E+01
   0.200000E+01   0.300000E+01   0.750084E+04   0.108000E+05   0.200000E+01   0.300000E+01   0.750084E+04   0.108000E+05   0.102877E+02  -0.999900E+04  -0.999900E+04   0.350000E+02   0.250000E+02   0.102877E+02  -0.999900E+04  -0.999900E+04   0.350000E+02   0.250000E+02   0.102736E+02   0.263311E+02   0.706779E+00   0.335063E+02   0.150000E+02   0.140629E-01  -0.999900E+04  -0.999900E+04   0.149372E+01   0.100000E+02   0.253780E+00  -0.999900E+04  -0.999900E+04   0.186715E+00   0.125000E+01
   0.200000E+01   0.300000E+01   0.775253E+04   0.108000E+05   0.200000E+01   0.300000E+01   0.775253E+04   0.108000E+05   0.105466E+02  -0.999900E+04  -0.999900E+04   0.350000E+02   0.250000E+02   0.105466E+02  -0.999900E+04  -0.999900E+04   0.350000E+02   0.250000E+02   0.104953E+02   0.263311E+02   0.707992E+00   0.336381E+02   0.150000E+02   0.512921E-01  -0.999900E+04  -0.999900E+04   0.136190E+01   0.100000E+02   0.925618E+00  -0.999900E+04  -0.999900E+04   0.170237E+00   0.125000E+01
   0.200000E+01   0.300000E+01   0.800421E+04   0.108000E+05   0.200000E+01   0.300000E+01   0.800421E+04   0.108000E+05   0.107264E+02  -0.999900E+04  -0.999900E+04   0.350000E+02   0.250000E+02   0.107264E+02  -0.999900E+04  -0.999900E+04   0.350000E+02   0.250000E+02   0.107171E+02   0.263311E+02   0.709207E+00   0.337040E+02   0.150000E+02   0.932861E-02  -0.999900E+04  -0.999900E+04   0.129599E+01   0.100000E+02   0.168344E+00  -0.999900E+04  -0.999900E+04   0.161999E+00   0.125000E+01
   0.200000E+01   0.300000E+01   0.825589E+04   0.108000E+05   0.200000E+01   0.300000E+01   0.825589E+04   0.108000E+05   0.109433E+02  -0.999900E+04  -0.999900E+04   0.350000E+02   0.250000E+02   0.109433E+02  -0.999900E+04  -0.999900E+04   0.350000E+02   0.250000E+02   0.109391E+02   0.263311E+02   0.710115E+00   0.337699E+02   0.150000E+02   0.418410E-02  -0.999900E+04  -0.999900E+04   0.123008E+01   0.100000E+02   0.755063E-01  -0.999900E+04  -0.999900E+04   0.153760E+00   0.125000E+01
   0.200000E+01   0.300000E+01   0.850758E+04   0.108000E+05   0.200000E+01   0.300000E+01   0.850758E+04   0.108000E+05   0.111986E+02  -0.999900E+04  -0.999900E+04   0.350000E+02   0.250000E+02   0.111986E+02  -0.999900E+04  -0.999900E+04   0.350000E+02   0.250000E+02   0.111612E+02   0.263311E+02   0.711010E+00   0.338358E+02   0.150000E+02   0.374091E-01  -0.999900E+04  -0.999900E+04   0.116417E+01   0.100000E+02   0.675086E+00  -0.999900E+04  -0.999900E+04   0.145521E+00   0.125000E+01
   0.200000E+01   0.300000E+01   0.875926E+04   0.108000E+05   0.200000E+01   0.300000E+01   0.875926E+04   0.108000E+05   0.114266E+02  -0.999900E+04  -0.999900E+04   0.350000E+02   0.250000E+02   0.114266E+02  -0.999900E+04  -0.999900E+04   0.350000E+02   0.250000E+02   0.113829E+02   0.263311E+02   0.712206E+00   0.339676E+02   0.150000E+02   0.436315E-01  -0.999900E+04  -0.999900E+04   0.103235E+01   0.100000E+02   0.787375E+00  -0.999900E+04  -0.999900E+04   0.129044E+00   0.125000E+01
   0.200000E+01   0.300000E+01   0.901095E+04   0.108000E+05   0.200000E+01   0.300000E+01   0.901095E+04   0.108000E+05   0.116258E+02  -0.999900E+04  -0.999900E+04   0.350000E+02   0.250000E+02   0.116258E+02  -0.999900E+04  -0.999900E+04   0.350000E+02   0.250000E+02   0.116047E+02   0.263310E+02   0.713412E+00   0.340336E+02   0.150000E+02   0.210584E-01  -0.999900E+04  -0.999900E+04   0.966440E+00   0.100000E+02   0.380021E+00  -0.999900E+04  -0.999900E+04   0.120805E+00   0.125000E+01
   0.200000E+01   0.300000E+01   0.926263E+04   0.108000E+05   0.200000E+01   0.300000E+01   0.926263E+04   0.108000E+05   0.118650E+02  -0.999900E+04  -0.999900E+04   0.350000E+02   0.250000E+02   0.118650E+02  -0.999900E+04  -0.999900E+04   0.350000E+02   0.250000E+02   0.118267E+02   0.263310E+02   0.714315E+00   0.340995E+02   0.150000E+02   0.382132E-01  -0.999900E+04  -0.999900E+04   0.900530E+00   0.100000E+02   0.689596E+00  -0.999900E+04  -0.999900E+04   0.112566E+00   0.125000E+01
   0.200000E+01   0.300000E+01   0.951432E+04   0.108000E+05   0.200000E+01   0.300000E+01   0.951432E+04   0.108000E+05   0.120899E+02  -0.999900E+04  -0.999900E+04   0.350000E+02   0.250000E+02   0.120899E+02  -0.999900E+04  -0.999900E+04   0.350000E+02   0.250000E+02   0.120485E+02   0.263310E+02   0.715510E+00   0.342313E+02   0.150000E+02   0.413640E-01  -0.999900E+04  -0.999900E+04   0.768710E+00   0.100000E+02   0.746456E+00  -0.999900E+04  -0.999900E+04   0.960887E-01   0.125000E+01
   0.200000E+01   0.300000E+01   0.976600E+04   0.108000E+05   0.200000E+01   0.300000E+01   0.976600E+04   0.108000E+05   0.123094E+02  -0.999900E+04  -0.999900E+04   0.350000E+02   0.250000E+02   0.123094E+02  -0.999900E+04  -0.999900E+04   0.350000E+02   0.250000E+02   0.122703E+02   0.263310E+02   0.716764E+00   0.342972E+02   0.150000E+02   0.391573E-01  -0.999900E+04  -0.999900E+04   0.702800E+00   0.100000E+02   0.706634E+00  -0.999900E+04  -0.999900E+04   0.878500E-01   0.125000E+01
   0.200000E+01   0.300000E+01   0.100177E+05   0.108000E+05   0.200000E+01   0.300000E+01   0.100177E+05   0.108000E+05   0.125088E+02  -0.999900E+04  -0.999900E+04   0.350000E+02   0.250000E+02   0.125088E+02  -0.999900E+04  -0.999900E+04   0.350000E+02   0.250000E+02   0.124923E+02   0.263310E+02   0.717674E+00   0.343631E+02   0.150000E+02   0.164630E-01  -0.999900E+04  -0.999900E+04   0.636890E+00   0.100000E+02   0.297091E+00  -0.999900E+04  -0.999900E+04   0.796112E-01   0.125000E+01
   0.200000E+01   0.300000E+01   0.102694E+05   0.108000E+05   0.200000E+01   0.300000E+01   0.102694E+05   0.108000E+05   0.127643E+02  -0.999900E+04  -0.999900E+04   0.350000E+02   0.250000E+02   0.127643E+02  -0.999900E+04  -0.999900E+04   0.350000E+02   0.250000E+02   0.127142E+02   0.263310E+02   0.718817E+00   0.344949E+02   0.150000E+02   0.501538E-01  -0.999900E+04  -0.999900E+04   0.505070E+00   0.100000E+02   0.905076E+00  -0.999900E+04  -0.999900E+04   0.631337E-01   0.125000E+01
   0.200000E+01   0.300000E+01   0.105211E+05   0.108000E+05   0.200000E+01   0.300000E+01   0.105211E+05   0.108000E+05   0.129119E+02  -0.999900E+04  -0.999900E+04   0.350000E+02   0.250000E+02   0.129119E+02  -0.999900E+04  -0.999900E+04   0.350000E+02   0.250000E+02   0.129359E+02   0.263310E+02   0.720058E+00   0.345608E+02   0.150000E+02  -0.239894E-01  -0.999900E+04  -0.999900E+04   0.439160E+00   0.100000E+02  -0.432914E+00  -0.999900E+04  -0.999900E+04   0.548950E-01   0.125000E+01
   0.200000E+01   0.300000E+01   0.107727E+05   0.108000E+05   0.200000E+01   0.300000E+01   0.107727E+05   0.108000E+05   0.132068E+02  -0.999900E+04  -0.999900E+04   0.350000E+02   0.250000E+02   0.132068E+02  -0.999900E+04  -0.999900E+04   0.350000E+02   0.250000E+02   0.131579E+02   0.263310E+02   0.721012E+00   0.346268E+02   0.150000E+02   0.488621E-01  -0.999900E+04  -0.999900E+04   0.373250E+00   0.100000E+02   0.881766E+00  -0.999900E+04  -0.999900E+04   0.466562E-01   0.125000E+01
   0.200000E+01   0.300000E+01   0.110244E+05   0.108000E+05   0.200000E+01   0.300000E+01   0.110244E+05   0.108000E+05   0.134243E+02  -0.999900E+04  -0.999900E+04   0.350000E+02   0.250000E+02   0.134243E+02  -0.999900E+04  -0.999900E+04   0.350000E+02   0.250000E+02   0.133797E+02   0.263310E+02   0.722213E+00   0.347586E+02   0.150000E+02   0.445964E-01  -0.999900E+04  -0.999900E+04   0.241430E+00   0.100000E+02   0.804787E+00  -0.999900E+04  -0.999900E+04   0.301787E-01   0.125000E+01
   0.200000E+01   0.300000E+01   0.112761E+05   0.108000E+05   0.200000E+01   0.300000E+01   0.112761E+05   0.108000E+05   0.136883E+02  -0.999900E+04  -0.999900E+04   0.350000E+02   0.250000E+02   0.136883E+02  -0.999900E+04  -0.999900E+04   0.350000E+02   0.250000E+02   0.136016E+02   0.263310E+02   0.723412E+00   0.348245E+02   0.150000E+02   0.867846E-01  -0.999900E+04  -0.999900E+04   0.175520E+00   0.100000E+02   0.156612E+01  -0.999900E+04  -0.999900E+04   0.219400E-01   0.125000E+01
   0.200000E+01   0.300000E+01   0.115278E+05   0.108000E+05   0.200000E+01   0.300000E+01   0.115278E+05   0.108000E+05   0.138664E+02  -0.999900E+04  -0.999900E+04   0.350000E+02   0.250000E+02   0.138664E+02  -0.999900E+04  -0.999900E+04   0.350000E+02   0.250000E+02   0.138236E+02   0.263310E+02   0.724304E+00   0.348904E+02   0.150000E+02   0.428113E-01  -0.999900E+04  -0.999900E+04   0.109610E+00   0.100000E+02   0.772573E+00  -0.999900E+04  -0.999900E+04   0.137012E-01   0.125000E+01
   0.200000E+01   0.300000E+01   0.117795E+05   0.108000E+05   0.200000E+01   0.300000E+01   0.117795E+05   0.108000E+05   0.140854E+02  -0.999900E+04  -0.999900E+04   0.350000E+02   0.250000E+02   0.140854E+02  -0.999900E+04  -0.999900E+04   0.350000E+02   0.250000E+02   0.140457E+02   0.263310E+02   0.725187E+00   0.349563E+02   0.150000E+02   0.397152E-01  -0.999900E+04  -0.999900E+04   0.437000E-01   0.100000E+02   0.716702E+00  -0.999900E+04  -0.999900E+04   0.546250E-02   0.125000E+01
   0.200000E+01   0.300000E+01   0.120312E+05   0.108000E+05   0.200000E+01   0.300000E+01   0.120312E+05   0.108000E+05   0.143353E+02  -0.999900E+04  -0.999900E+04   0.350000E+02   0.250000E+02   0.143353E+02  -0.999900E+04  -0.999900E+04   0.350000E+02   0.250000E+02   0.142675E+02   0.263310E+02   0.726371E+00   0.350881E+02   0.150000E+02   0.678184E-01  -0.999900E+04  -0.999900E+04  -0.881200E-01   0.100000E+02   0.122385E+01  -0.999900E+04  -0.999900E+04  -0.110150E-01   0.125000E+01
   0.200000E+01   0.300000E+01   0.122828E+05   0.108000E+05   0.200000E+01   0.300000E+01   0.122828E+05   0.108000E+05   0.145466E+02  -0.999900E+04  -0.999900E+04   0.350000E+02   0.250000E+02   0.145466E+02  -0.999900E+04  -0.999900E+04   0.350000E+02   0.250000E+02   0.144894E+02   0.263310E+02   0.727563E+00   0.351540E+02   0.150000E+02   0.572305E-01  -0.999900E+04  -0.999900E+04  -0.154030E+00   0.100000E+02   0.103278E+01  -0.999900E+04  -0.999900E+04  -0.192537E-01   0.125000E+01
   0.200000E+01   0.300000E+01   0.125345E+05   0.108000E+05   0.200000E+01   0.300000E+01   0.125345E+05   0.108000E+05   0.147184E+02  -0.999900E+04  -0.999900E+04   0.350000E+02   0.250000E+02   0.147184E+02  -0.999900E+04  -0.999900E+04   0.350000E+02   0.250000E+02   0.147114E+02   0.263310E+02   0.728450E+00   0.352199E+02   0.150000E+02   0.695666E-02  -0.999900E+04  -0.999900E+04  -0.219940E+00   0.100000E+02   0.125540E+00  -0.999900E+04  -0.999900E+04  -0.274925E-01   0.125000E+01
   0.200000E+01   0.300000E+01   0.127862E+05   0.108000E+05   0.200000E+01   0.300000E+01   0.127862E+05   0.108000E+05   0.148966E+02  -0.999900E+04  -0.999900E+04   0.350000E+02   0.250000E+02   0.148966E+02  -0.999900E+04  -0.999900E+04   0.350000E+02   0.250000E+02   0.149333E+02   0.263310E+02   0.729633E+00   0.353518E+02   0.150000E+02  -0.366908E-01  -0.999900E+04  -0.999900E+04  -0.351760E+00   0.100000E+02  -0.662124E+00  -0.999900E+04  -0.999900E+04  -0.439700E-01   0.125000E+01
   0.200000E+01   0.300000E+01   0.130379E+05   0.108000E+05   0.200000E+01   0.300000E+01   0.130379E+05   0.108000E+05   0.151120E+02  -0.999900E+04  -0.999900E+04   0.350000E+02   0.250000E+02   0.151120E+02  -0.999900E+04  -0.999900E+04   0.350000E+02   0.250000E+02   0.151551E+02   0.263310E+02   0.730872E+00   0.354177E+02   0.150000E+02  -0.430859E-01  -0.999900E+04  -0.999900E+04  -0.417670E+00   0.100000E+02  -0.777528E+00  -0.999900E+04  -0.999900E+04  -0.522087E-01   0.125000E+01
   0.200000E+01   0.300000E+01   0.132896E+05   0.108000E+05   0.200000E+01   0.300000E+01   0.132896E+05   0.108000E+05   0.153025E+02  -0.999900E+04  -0.999900E+04   0.350000E+02   0.250000E+02   0.153025E+02  -0.999900E+04  -0.999900E+04   0.350000E+02   0.250000E+02   0.153771E+02   0.263310E+02   0.731765E+00   0.354836E+02   0.150000E+02  -0.746309E-01  -0.999900E+04  -0.999900E+04  -0.483580E+00   0.100000E+02  -0.134679E+01  -0.999900E+04  -0.999900E+04  -0.604475E-01   0.125000E+01
   0.200000E+01   0.300000E+01   0.135413E+05   0.108000E+05   0.200000E+01   0.300000E+01   0.135413E+05   0.108000E+05   0.155827E+02  -0.999900E+04  -0.999900E+04   0.350000E+02   0.250000E+02   0.155827E+02  -0.999900E+04  -0.999900E+04   0.350000E+02   0.250000E+02   0.155990E+02   0.263310E+02   0.732947E+00   0.356154E+02   0.150000E+02  -0.163456E-01  -0.999900E+04  -0.999900E+04  -0.615400E+00   0.100000E+02  -0.294972E+00  -0.999900E+04  -0.999900E+04  -0.769250E-01   0.125000E+01
   0.200000E+01   0.300000E+01   0.137929E+05   0.108000E+05   0.200000E+01   0.300000E+01   0.137929E+05   0.108000E+05   0.157610E+02  -0.999900E+04  -0.999900E+04   0.350000E+02   0.250000E+02   0.157610E+02  -0.999900E+04  -0.999900E+04   0.350000E+02   0.250000E+02   0.158208E+02   0.263310E+02   0.734184E+00   0.356813E+02   0.150000E+02  -0.598008E-01  -0.999900E+04  -0.999900E+04  -0.681310E+00   0.100000E+02  -0.107917E+01  -0.999900E+04  -0.999900E+04  -0.851637E-01   0.125000E+01
   0.200000E+01   0.300000E+01   0.140446E+05   0.108000E+05   0.200000E+01   0.300000E+01   0.140446E+05   0.108000E+05   0.159899E+02  -0.999900E+04  -0.999900E+04   0.350000E+02   0.250000E+02   0.159899E+02  -0.999900E+04  -0.999900E+04   0.350000E+02   0.250000E+02   0.160429E+02   0.263310E+02   0.735073E+00   0.357472E+02   0.150000E+02  -0.530120E-01  -0.999900E+04  -0.999900E+04  -0.747220E+00   0.100000E+02  -0.956656E+00  -0.999900E+04  -0.999900E+04  -0.934025E-01   0.125000E+01
   0.200000E+01   0.300000E+01   0.142963E+05   0.108000E+05   0.200000E+01   0.300000E+01   0.142963E+05   0.108000E+05   0.162373E+02  -0.999900E+04  -0.999900E+04   0.350000E+02   0.250000E+02   0.162373E+02  -0.999900E+04  -0.999900E+04   0.350000E+02   0.250000E+02   0.162650E+02   0.263310E+02   0.735897E+00   0.358131E+02   0.150000E+02  -0.277421E-01  -0.999900E+04  -0.999900E+04  -0.813130E+00   0.100000E+02  -0.500634E+00  -0.999900E+04  -0.999900E+04  -0.101641E+00   0.125000E+01
   0.200000E+01   0.300000E+01   0.145480E+05   0.108000E+05   0.200000E+01   0.300000E+01   0.145480E+05   0.108000E+05   0.164329E+02  -0.999900E+04  -0.999900E+04   0.350000E+02   0.250000E+02   0.164329E+02  -0.999900E+04  -0.999900E+04   0.350000E+02   0.250000E+02   0.164869E+02   0.263310E+02   0.737014E+00   0.359449E+02   0.150000E+02  -0.540351E-01  -0.999900E+04  -0.999900E+04  -0.944950E+00   0.100000E+02  -0.975119E+00  -0.999900E+04  -0.999900E+04  -0.118119E+00   0.125000E+01
   0.200000E+01   0.300000E+01   0.147997E+05   0.108000E+05   0.200000E+01   0.300000E+01   0.147997E+05   0.108000E+05   0.166631E+02  -0.999900E+04  -0.999900E+04   0.350000E+02   0.250000E+02   0.166631E+02  -0.999900E+04  -0.999900E+04   0.350000E+02   0.250000E+02   0.167088E+02   0.263310E+02   0.738317E+00   0.360109E+02   0.150000E+02  -0.456836E-01  -0.999900E+04  -0.999900E+04  -0.101086E+01   0.100000E+02  -0.824408E+00  -0.999900E+04  -0.999900E+04  -0.126357E+00   0.125000E+01
   0.200000E+01   0.300000E+01   0.150514E+05   0.108000E+05   0.200000E+01   0.300000E+01   0.150514E+05   0.108000E+05   0.169268E+02  -0.999900E+04  -0.999900E+04   0.350000E+02   0.250000E+02   0.169268E+02  -0.999900E+04  -0.999900E+04   0.350000E+02   0.250000E+02   0.169309E+02   0.263310E+02   0.739183E+00   0.360768E+02   0.150000E+02  -0.411465E-02  -0.999900E+04  -0.999900E+04  -0.107677E+01   0.100000E+02  -0.742530E-01  -0.999900E+04  -0.999900E+04  -0.134596E+00   0.125000E+01
   0.200000E+01   0.300000E+01   0.153031E+05   0.108000E+05   0.200000E+01   0.300000E+01   0.153031E+05   0.108000E+05   0.170955E+02  -0.999900E+04  -0.999900E+04   0.350000E+02   0.250000E+02   0.170955E+02  -0.999900E+04  -0.999900E+04   0.350000E+02   0.250000E+02   0.171528E+02   0.263310E+02   0.740355E+00   0.362086E+02   0.150000E+02  -0.572951E-01  -0.999900E+04  -0.999900E+04  -0.120859E+01   0.100000E+02  -0.103395E+01  -0.999900E+04  -0.999900E+04  -0.151074E+00   0.125000E+01
   0.200000E+01   0.300000E+01   0.155547E+05   0.108000E+05   0.200000E+01   0.300000E+01   0.155547E+05   0.108000E+05   0.173285E+02  -0.999900E+04  -0.999900E+04   0.350000E+02   0.250000E+02   0.173285E+02  -0.999900E+04  -0.999900E+04   0.350000E+02   0.250000E+02   0.173747E+02   0.263310E+02   0.741533E+00   0.362745E+02   0.150000E+02  -0.461747E-01  -0.999900E+04  -0.999900E+04  -0.127450E+01   0.100000E+02  -0.833270E+00  -0.999900E+04  -0.999900E+04  -0.159312E+00   0.125000E+01
   0.200000E+01   0.300000E+01   0.158064E+05   0.108000E+05   0.200000E+01   0.300000E+01   0.158064E+05   0.108000E+05   0.175945E+02  -0.999900E+04  -0.999900E+04   0.350000E+02   0.250000E+02   0.175945E+02  -0.999900E+04  -0.999900E+04   0.350000E+02   0.250000E+02   0.175968E+02   0.263310E+02   0.742405E+00   0.363404E+02   0.150000E+02  -0.228275E-02  -0.999900E+04  -0.999900E+04  -0.134041E+01   0.100000E+02  -0.411945E-01  -0.999900E+04  -0.999900E+04  -0.167551E+00   0.125000E+01
   0.200000E+01   0.300000E+01   0.160581E+05   0.108000E+05   0.200000E+01   0.300000E+01   0.160581E+05   0.108000E+05   0.177712E+02  -0.999900E+04  -0.999900E+04   0.350000E+02   0.250000E+02   0.177712E+02  -0.999900E+04  -0.999900E+04   0.350000E+02   0.250000E+02   0.178187E+02   0.263310E+02   0.743576E+00   0.364722E+02   0.150000E+02  -0.474571E-01  -0.999900E+04  -0.999900E+04  -0.147223E+01   0.100000E+02  -0.856412E+00  -0.999900E+04  -0.999900E+04  -0.184029E+00   0.125000E+01
   0.200000E+01   0.300000E+01   0.163098E+05   0.108000E+05   0.200000E+01   0.300000E+01   0.163098E+05   0.108000E+05   0.179887E+02  -0.999900E+04  -0.999900E+04   0.350000E+02   0.250000E+02   0.179887E+02  -0.999900E+04  -0.999900E+04   0.350000E+02   0.250000E+02   0.180405E+02   0.263310E+02   0.744802E+00   0.365381E+02   0.150000E+02  -0.517843E-01  -0.999900E+04  -0.999900E+04  -0.153814E+01   0.100000E+02  -0.934501E+00  -0.999900E+04  -0.999900E+04  -0.192267E+00   0.125000E+01
   0.200000E+01   0.300000E+01   0.165615E+05   0.108000E+05   0.200000E+01   0.300000E+01   0.165615E+05   0.108000E+05   0.182318E+02  -0.999900E+04  -0.999900E+04   0.350000E+02   0.250000E+02   0.182318E+02  -0.999900E+04  -0.999900E+04   0.350000E+02   0.250000E+02   0.182626E+02   0.263310E+02   0.745679E+00   0.366040E+02   0.150000E+02  -0.308189E-01  -0.999900E+04  -0.999900E+04  -0.160405E+01   0.100000E+02  -0.556158E+00  -0.999900E+04  -0.999900E+04  -0.200506E+00   0.125000E+01
   0.200000E+01   0.300000E+01   0.168132E+05   0.108000E+05   0.200000E+01   0.300000E+01   0.168132E+05   0.108000E+05   0.184635E+02  -0.999900E+04  -0.999900E+04   0.350000E+02   0.250000E+02   0.184635E+02  -0.999900E+04  -0.999900E+04   0.350000E+02   0.250000E+02   0.184848E+02   0.263310E+02   0.746494E+00   0.366700E+02   0.150000E+02  -0.213095E-01  -0.999900E+04  -0.999900E+04  -0.166996E+01   0.100000E+02  -0.384551E+00  -0.999900E+04  -0.999900E+04  -0.208745E+00   0.125000E+01
   0.200000E+01   0.300000E+01   0.170648E+05   0.108000E+05   0.200000E+01   0.300000E+01   0.170648E+05   0.108000E+05   0.186547E+02  -0.999900E+04  -0.999900E+04   0.350000E+02   0.250000E+02   0.186547E+02  -0.999900E+04  -0.999900E+04   0.350000E+02   0.250000E+02   0.187067E+02   0.263310E+02   0.747654E+00   0.368018E+02   0.150000E+02  -0.520394E-01  -0.999900E+04  -0.999900E+04  -0.180178E+01   0.100000E+02  -0.939105E+00  -0.999900E+04  -0.999900E+04  -0.225222E+00   0.125000E+01
   0.200000E+01   0.300000E+01   0.173165E+05   0.108000E+05   0.200000E+01   0.300000E+01   0.173165E+05   0.108000E+05   0.188903E+02  -0.999900E+04  -0.999900E+04   0.350000E+02   0.250000E+02   0.188903E+02  -0.999900E+04  -0.999900E+04   0.350000E+02   0.250000E+02   0.189286E+02   0.263310E+02   0.748874E+00   0.368677E+02   0.150000E+02  -0.382483E-01  -0.999900E+04  -0.999900E+04  -0.186769E+01   0.100000E+02  -0.690229E+00  -0.999900E+04  -0.999900E+04  -0.233461E+00   0.125000E+01
   0.200000E+01   0.300000E+01   0.175682E+05   0.108000E+05   0.200000E+01   0.300000E+01   0.175682E+05   0.108000E+05   0.191135E+02  -0.999900E+04  -0.999900E+04   0.350000E+02   0.250000E+02   0.191135E+02  -0.999900E+04  -0.999900E+04   0.350000E+02   0.250000E+02   0.191507E+02   0.263310E+02   0.749746E+00   0.369336E+02   0.150000E+02  -0.372220E-01  -0.999900E+04  -0.999900E+04  -0.193360E+01   0.100000E+02  -0.671709E+00  -0.999900E+04  -0.999900E+04  -0.241700E+00   0.125000E+01
   0.200000E+01   0.300000E+01   0.178199E+05   0.108000E+05   0.200000E+01   0.300000E+01   0.178199E+05   0.108000E+05   0.193153E+02  -0.999900E+04  -0.999900E+04   0.350000E+02   0.250000E+02   0.193153E+02  -0.999900E+04  -0.999900E+04   0.350000E+02   0.250000E+02   0.193726E+02   0.263310E+02   0.750913E+00   0.370654E+02   0.150000E+02  -0.573454E-01  -0.999900E+04  -0.999900E+04  -0.206542E+01   0.100000E+02  -0.103486E+01  -0.999900E+04  -0.999900E+04  -0.258177E+00   0.125000E+01
   0.200000E+01   0.300000E+01   0.180716E+05   0.108000E+05   0.200000E+01   0.300000E+01   0.180716E+05   0.108000E+05   0.195627E+02  -0.999900E+04  -0.999900E+04   0.350000E+02   0.250000E+02   0.195627E+02  -0.999900E+04  -0.999900E+04   0.350000E+02   0.250000E+02   0.195945E+02   0.263310E+02   0.752132E+00   0.371313E+02   0.150000E+02  -0.318202E-01  -0.999900E+04  -0.999900E+04  -0.213133E+01   0.100000E+02  -0.574227E+00  -0.999900E+04  -0.999900E+04  -0.266416E+00   0.125000E+01
   0.200000E+01   0.300000E+01   0.183233E+05   0.108000E+05   0.200000E+01   0.300000E+01   0.183233E+05   0.108000E+05   0.198273E+02  -0.999900E+04  -0.999900E+04   0.350000E+02   0.250000E+02   0.198273E+02  -0.999900E+04  -0.999900E+04   0.350000E+02   0.250000E+02   0.198166E+02   0.263310E+02   0.753001E+00   0.371972E+02   0.150000E+02   0.106567E-01  -0.999900E+04  -0.999900E+04  -0.219724E+01   0.100000E+02   0.192311E+00  -0.999900E+04  -0.999900E+04  -0.274655E+00   0.125000E+01
   0.200000E+01   0.300000E+01   0.185749E+05   0.108000E+05   0.200000E+01   0.300000E+01   0.185749E+05   0.108000E+05   0.200299E+02  -0.999900E+04  -0.999900E+04   0.350000E+02   0.250000E+02   0.200299E+02  -0.999900E+04  -0.999900E+04   0.350000E+02   0.250000E+02   0.200385E+02   0.263310E+02   0.754166E+00   0.373291E+02   0.150000E+02  -0.860466E-02  -0.999900E+04  -0.999900E+04  -0.232906E+01   0.100000E+02  -0.155280E+00  -0.999900E+04  -0.999900E+04  -0.291132E+00   0.125000E+01
   0.200000E+01   0.300000E+01   0.188266E+05   0.108000E+05   0.200000E+01   0.300000E+01   0.188266E+05   0.108000E+05   0.202123E+02  -0.999900E+04  -0.999900E+04   0.350000E+02   0.250000E+02   0.202123E+02  -0.999900E+04  -0.999900E+04   0.350000E+02   0.250000E+02   0.202605E+02   0.263310E+02   0.755331E+00   0.373950E+02   0.150000E+02  -0.481162E-01  -0.999900E+04  -0.999900E+04  -0.239497E+01   0.100000E+02  -0.868307E+00  -0.999900E+04  -0.999900E+04  -0.299371E+00   0.125000E+01
   0.200000E+01   0.300000E+01   0.190783E+05   0.108000E+05   0.200000E+01   0.300000E+01   0.190783E+05   0.108000E+05   0.204622E+02  -0.999900E+04  -0.999900E+04   0.350000E+02   0.250000E+02   0.204622E+02  -0.999900E+04  -0.999900E+04   0.350000E+02   0.250000E+02   0.204826E+02   0.263310E+02   0.756187E+00   0.374609E+02   0.150000E+02  -0.204236E-01  -0.999900E+04  -0.999900E+04  -0.246088E+01   0.100000E+02  -0.368564E+00  -0.999900E+04  -0.999900E+04  -0.307610E+00   0.125000E+01
