a0_min         a1_min         Y1_intercept   Y2_intercept   Y3_intercept   Y4_intercept   LogPost        
   0.101447E+03  -0.805164E+00   0.303114E-04   0.177182E-03   0.168207E-03   0.856157E-03   0.217125E+03
   0.101447E+03  -0.805164E+00   0.303114E-04   0.177182E-03   0.168207E-03   0.856157E-03   0.217125E+03
   0.101192E+03  -0.805164E+00   0.303114E-04   0.177182E-03   0.168207E-03   0.856157E-03   0.217587E+03
   0.100799E+03   0.224396E+01   0.303114E-04   0.177182E-03   0.168207E-03   0.856157E-03   0.218360E+03
   0.100799E+03   0.224396E+01   0.303114E-04   0.177182E-03   0.168207E-03   0.856157E-03   0.218360E+03
   0.100799E+03   0.247110E+01   0.303114E-04   0.177182E-03   0.168207E-03   0.856157E-03   0.218286E+03
   0.100799E+03   0.247110E+01   0.303114E-04   0.300624E-03   0.168207E-03   0.109665E-02   0.217731E+03
   0.100799E+03   0.247110E+01   0.303114E-04   0.300624E-03   0.168207E-03   0.938625E-03   0.217828E+03
   0.100799E+03   0.247110E+01   0.303114E-04   0.300624E-03   0.168207E-03   0.938625E-03   0.217828E+03
   0.100799E+03   0.247110E+01   0.303114E-04   0.300624E-03   0.168207E-03   0.938625E-03   0.217828E+03
   0.100799E+03   0.247110E+01   0.303114E-04   0.300624E-03   0.168207E-03   0.938625E-03   0.217828E+03
   0.100799E+03   0.247110E+01   0.303603E-03   0.300624E-03   0.168207E-03   0.938625E-03   0.217432E+03
   0.100799E+03   0.247110E+01   0.303603E-03   0.300624E-03   0.168207E-03   0.938625E-03   0.217432E+03
   0.100799E+03   0.247110E+01   0.303603E-03   0.300624E-03   0.168207E-03   0.938625E-03   0.217432E+03
   0.100799E+03   0.298679E+01   0.303603E-03   0.300624E-03   0.168207E-03   0.938625E-03   0.217198E+03
   0.100799E+03   0.298679E+01   0.303603E-03   0.366813E-03   0.168207E-03   0.938625E-03   0.216824E+03
   0.100799E+03   0.298679E+01   0.303603E-03   0.366813E-03   0.168207E-03   0.938625E-03   0.216824E+03
   0.100094E+03   0.298679E+01   0.303603E-03   0.366813E-03   0.168207E-03   0.938625E-03   0.216465E+03
   0.100094E+03  -0.133341E+01   0.303603E-03   0.366813E-03   0.168207E-03   0.938625E-03   0.216013E+03
   0.100094E+03  -0.151693E+01   0.303603E-03   0.366813E-03   0.168207E-03   0.113038E-02   0.215543E+03
   0.100094E+03  -0.151693E+01   0.303603E-03   0.366813E-03   0.168207E-03   0.113038E-02   0.215543E+03
   0.100094E+03   0.138528E+01   0.303603E-03   0.366813E-03   0.168207E-03   0.847013E-03   0.216938E+03
   0.100094E+03   0.138528E+01   0.303603E-03   0.366813E-03   0.168207E-03   0.847013E-03   0.216938E+03
   0.100094E+03   0.138528E+01   0.303603E-03   0.366813E-03   0.168207E-03   0.847013E-03   0.216938E+03
   0.100094E+03   0.138528E+01   0.303603E-03   0.366813E-03   0.168207E-03   0.847013E-03   0.216938E+03
   0.100094E+03   0.323137E+01   0.303603E-03   0.366813E-03   0.168207E-03   0.668954E-03   0.215933E+03
   0.100094E+03   0.323137E+01   0.303603E-03   0.366813E-03   0.168207E-03   0.668954E-03   0.215933E+03
   0.100094E+03  -0.114232E+01   0.303603E-03   0.366813E-03   0.168207E-03   0.668954E-03   0.215760E+03
   0.100094E+03  -0.629577E+00   0.303603E-03   0.366813E-03   0.168207E-03   0.668954E-03   0.216067E+03
   0.100094E+03  -0.629577E+00   0.303603E-03   0.366813E-03   0.168207E-03   0.668954E-03   0.216067E+03
   0.100189E+03  -0.629577E+00   0.303603E-03   0.197317E-03   0.168207E-03   0.668954E-03   0.216524E+03
   0.100189E+03  -0.629577E+00   0.303603E-03   0.197317E-03   0.168207E-03   0.668954E-03   0.216524E+03
   0.100189E+03  -0.629577E+00   0.303603E-03   0.197317E-03   0.578479E-04   0.668954E-03   0.216907E+03
   0.100189E+03   0.634707E+00   0.303603E-03   0.197317E-03   0.578479E-04   0.668954E-03   0.217414E+03
   0.100189E+03   0.634707E+00   0.303603E-03   0.197317E-03   0.578479E-04   0.668954E-03   0.217414E+03
   0.100189E+03   0.634707E+00   0.144661E-03   0.197317E-03   0.578479E-04   0.668954E-03   0.217685E+03
   0.100189E+03   0.634707E+00   0.492130E-03   0.197317E-03   0.578479E-04   0.668954E-03   0.216888E+03
   0.100189E+03   0.634707E+00   0.492130E-03   0.197317E-03   0.578479E-04   0.668954E-03   0.216888E+03
   0.100189E+03   0.678541E+01   0.492130E-03   0.197317E-03   0.578479E-04   0.122027E-02   0.211865E+03
   0.100189E+03   0.678541E+01   0.492130E-03   0.197317E-03   0.578479E-04   0.122027E-02   0.211865E+03
   0.100189E+03   0.678541E+01   0.492130E-03   0.197317E-03   0.578479E-04   0.276805E-02   0.207068E+03
   0.100189E+03   0.567885E+01   0.492130E-03   0.197317E-03   0.578479E-04   0.276805E-02   0.208803E+03
   0.100189E+03   0.567885E+01   0.492130E-03   0.197317E-03   0.578479E-04   0.276805E-02   0.208803E+03
   0.100189E+03  -0.416769E+00   0.492130E-03   0.197317E-03   0.578479E-04   0.276805E-02   0.211545E+03
   0.100189E+03  -0.416769E+00   0.492130E-03   0.197317E-03   0.578479E-04   0.276805E-02   0.211545E+03
   0.100189E+03  -0.101659E+01   0.492130E-03   0.197317E-03   0.578479E-04   0.276805E-02   0.211196E+03
   0.100189E+03  -0.101659E+01   0.492130E-03   0.374561E-03   0.578479E-04   0.276805E-02   0.210876E+03
   0.100189E+03  -0.226675E+01   0.492130E-03   0.374561E-03   0.578479E-04   0.276805E-02   0.209996E+03
   0.100189E+03   0.777501E+00   0.935701E-03   0.374561E-03   0.578479E-04   0.276805E-02   0.209632E+03
   0.100189E+03   0.777501E+00   0.935701E-03   0.374561E-03   0.578479E-04   0.276805E-02   0.209632E+03
   0.100189E+03   0.777501E+00   0.935701E-03   0.374561E-03   0.578479E-04   0.707854E-03   0.214799E+03
   0.100189E+03  -0.209549E+01   0.213435E-03   0.374561E-03   0.578479E-04   0.707854E-03   0.215819E+03
   0.100189E+03  -0.209549E+01   0.213435E-03   0.374561E-03   0.578479E-04   0.707854E-03   0.215819E+03
   0.100189E+03   0.505728E+01   0.213435E-03   0.374561E-03   0.578479E-04   0.707854E-03   0.214796E+03
   0.100189E+03   0.505728E+01   0.213435E-03   0.374561E-03   0.578479E-04   0.707854E-03   0.214796E+03
   0.998766E+02   0.505728E+01   0.213435E-03   0.374561E-03   0.578479E-04   0.707854E-03   0.214386E+03
   0.100285E+03   0.375056E+01   0.213435E-03   0.374561E-03   0.578479E-04   0.707854E-03   0.216192E+03
   0.100285E+03   0.375056E+01   0.441626E-03   0.374561E-03   0.578479E-04   0.707854E-03   0.215587E+03
   0.100285E+03   0.375056E+01   0.441626E-03   0.374561E-03   0.578479E-04   0.707854E-03   0.215587E+03
   0.101222E+03   0.375056E+01   0.441626E-03   0.374561E-03   0.578479E-04   0.707854E-03   0.214596E+03
   0.101222E+03   0.375056E+01   0.441626E-03   0.374561E-03   0.578479E-04   0.707854E-03   0.214596E+03
   0.101504E+03   0.880516E+00   0.441626E-03   0.374561E-03   0.578479E-04   0.102516E-02   0.216178E+03
   0.101504E+03   0.880516E+00   0.441626E-03   0.374561E-03   0.578479E-04   0.102516E-02   0.216178E+03
   0.101504E+03   0.880516E+00   0.441626E-03   0.374561E-03   0.152286E-03   0.102516E-02   0.216003E+03
   0.101504E+03   0.880516E+00   0.441626E-03   0.374561E-03   0.152286E-03   0.102516E-02   0.216003E+03
   0.101504E+03  -0.181237E+01   0.441626E-03   0.374561E-03   0.152286E-03   0.102516E-02   0.215319E+03
   0.101504E+03  -0.181237E+01   0.441626E-03   0.374561E-03   0.152286E-03   0.102516E-02   0.215319E+03
   0.101504E+03  -0.181237E+01   0.441626E-03   0.592124E-03   0.152286E-03   0.102516E-02   0.214094E+03
   0.101504E+03  -0.771492E+00   0.441626E-03   0.592124E-03   0.152286E-03   0.102516E-02   0.214423E+03
   0.101504E+03  -0.771492E+00   0.441626E-03   0.592124E-03   0.152286E-03   0.905233E-03   0.214269E+03
   0.101504E+03  -0.771492E+00   0.222705E-03   0.592124E-03   0.152286E-03   0.905233E-03   0.214778E+03
   0.101504E+03  -0.843242E+00   0.563501E-03   0.592124E-03   0.152286E-03   0.905233E-03   0.213863E+03
   0.101504E+03  -0.843242E+00   0.563501E-03   0.592124E-03   0.152286E-03   0.905233E-03   0.213863E+03
   0.101504E+03   0.245747E+01   0.563501E-03   0.592124E-03   0.152286E-03   0.905233E-03   0.213438E+03
   0.101504E+03  -0.211948E+01   0.962619E-04   0.415646E-03   0.152286E-03   0.841833E-03   0.215177E+03
   0.101175E+03   0.684016E+00   0.962619E-04   0.415646E-03   0.152286E-03   0.115242E-02   0.217000E+03
   0.101175E+03   0.684016E+00   0.319200E-03   0.415646E-03   0.152286E-03   0.115242E-02   0.216627E+03
   0.101175E+03   0.684016E+00   0.319200E-03   0.415646E-03   0.355362E-03   0.115242E-02   0.215571E+03
   0.100984E+03   0.684016E+00   0.319200E-03   0.415646E-03   0.355362E-03   0.115242E-02   0.215712E+03
   0.100984E+03   0.625262E+00   0.319200E-03   0.403176E-04   0.221372E-03   0.115242E-02   0.217948E+03
   0.100984E+03   0.625262E+00   0.319200E-03   0.403176E-04   0.221372E-03   0.115242E-02   0.217948E+03
   0.101072E+03   0.138036E+00   0.319200E-03   0.403176E-04   0.295505E-03   0.115242E-02   0.217356E+03
   0.101072E+03   0.127173E+01   0.319200E-03   0.403176E-04   0.295505E-03   0.115242E-02   0.217610E+03
   0.101343E+03   0.127173E+01   0.146540E-03   0.403176E-04   0.295505E-03   0.115242E-02   0.217702E+03
   0.101343E+03   0.127173E+01   0.146540E-03   0.403176E-04   0.295505E-03   0.115242E-02   0.217702E+03
   0.101343E+03   0.127173E+01   0.146540E-03   0.403176E-04   0.305335E-03   0.115242E-02   0.217649E+03
   0.101343E+03   0.127173E+01   0.599366E-03   0.403176E-04   0.305335E-03   0.115242E-02   0.216411E+03
   0.101343E+03   0.200290E+01   0.300273E-03   0.403176E-04   0.305335E-03   0.115242E-02   0.217339E+03
   0.101343E+03   0.200290E+01   0.300273E-03   0.403176E-04   0.305335E-03   0.115242E-02   0.217339E+03
   0.101343E+03   0.200290E+01   0.300273E-03   0.403176E-04   0.305335E-03   0.115242E-02   0.217339E+03
   0.101343E+03   0.200290E+01   0.300273E-03   0.403176E-04   0.305335E-03   0.115242E-02   0.217339E+03
   0.100273E+03   0.200290E+01   0.300273E-03   0.403176E-04   0.305335E-03   0.115242E-02   0.216938E+03
   0.100273E+03   0.200290E+01   0.300273E-03   0.403176E-04   0.305335E-03   0.115242E-02   0.216938E+03
   0.101687E+03   0.200290E+01   0.300273E-03   0.403176E-04   0.305335E-03   0.115242E-02   0.216687E+03
   0.101687E+03   0.436122E+01   0.300273E-03   0.403176E-04   0.305335E-03   0.115242E-02   0.215603E+03
   0.101687E+03   0.156198E+01   0.533184E-03   0.403176E-04   0.305335E-03   0.115242E-02   0.216047E+03
   0.101687E+03   0.597299E+00   0.533184E-03   0.403176E-04   0.305335E-03   0.115242E-02   0.215997E+03
   0.101687E+03   0.597299E+00   0.533184E-03   0.403176E-04   0.207803E-03   0.115242E-02   0.216413E+03
   0.101687E+03   0.539620E+00   0.533184E-03   0.403176E-04   0.207803E-03   0.115242E-02   0.216407E+03
   0.101687E+03   0.539620E+00   0.533184E-03   0.403176E-04   0.207803E-03   0.115242E-02   0.216407E+03
   0.101687E+03   0.317435E+00   0.533184E-03   0.403176E-04   0.207803E-03   0.115242E-02   0.216371E+03
   0.100154E+03   0.317435E+00   0.533184E-03   0.403176E-04   0.207803E-03   0.115242E-02   0.216268E+03
   0.100154E+03   0.317435E+00   0.533184E-03   0.403176E-04   0.207803E-03   0.115242E-02   0.216268E+03
   0.100154E+03   0.317435E+00   0.533184E-03   0.403176E-04   0.207803E-03   0.115242E-02   0.216268E+03
   0.100154E+03  -0.167456E+00   0.533184E-03   0.403176E-04   0.207803E-03   0.115242E-02   0.216049E+03
   0.100154E+03   0.355531E+01   0.533184E-03   0.293857E-03   0.207803E-03   0.115242E-02   0.215328E+03
   0.100154E+03   0.355531E+01   0.827328E-03   0.293857E-03   0.207803E-03   0.115242E-02   0.214109E+03
   0.100772E+03   0.151143E+00   0.827328E-03   0.293857E-03   0.216963E-03   0.115242E-02   0.215340E+03
   0.100772E+03   0.151143E+00   0.827328E-03   0.293857E-03   0.216963E-03   0.115242E-02   0.215340E+03
   0.100891E+03   0.856048E-01   0.827328E-03   0.312811E-03   0.216963E-03   0.115242E-02   0.215240E+03
   0.100891E+03   0.197002E+01   0.945496E-03   0.312811E-03   0.216963E-03   0.115242E-02   0.214653E+03
   0.100891E+03   0.592977E+00   0.945496E-03   0.312811E-03   0.216963E-03   0.132468E-02   0.214419E+03
   0.100891E+03   0.592977E+00   0.807372E-03   0.312811E-03   0.216963E-03   0.132157E-02   0.215029E+03
   0.100891E+03   0.592977E+00   0.807372E-03   0.312811E-03   0.216963E-03   0.132157E-02   0.215029E+03
   0.100891E+03   0.592977E+00   0.807372E-03   0.312811E-03   0.216963E-03   0.132157E-02   0.215029E+03
   0.100891E+03  -0.443643E+00   0.703571E-03   0.428740E-03   0.216963E-03   0.161907E-02   0.213825E+03
   0.100891E+03   0.371433E+00   0.703571E-03   0.428740E-03   0.216963E-03   0.161907E-02   0.213964E+03
   0.100891E+03   0.371433E+00   0.703571E-03   0.428740E-03   0.216963E-03   0.161907E-02   0.213964E+03
   0.100891E+03   0.371433E+00   0.475277E-03   0.428740E-03   0.216963E-03   0.161907E-02   0.214820E+03
   0.100346E+03   0.102341E+01   0.475277E-03   0.253507E-04   0.216963E-03   0.161907E-02   0.215639E+03
   0.101102E+03   0.102341E+01   0.475277E-03   0.253507E-04   0.368449E-03   0.851930E-03   0.216607E+03
   0.101102E+03   0.102341E+01   0.475277E-03   0.253507E-04   0.368449E-03   0.851930E-03   0.216607E+03
   0.101102E+03   0.571716E+01   0.868564E-04   0.253507E-04   0.368449E-03   0.851930E-03   0.215435E+03
   0.100488E+03   0.127805E+01   0.868564E-04   0.253507E-04   0.368449E-03   0.111410E-02   0.217286E+03
   0.100488E+03   0.112161E+01   0.868564E-04   0.253507E-04   0.288373E-03   0.111410E-02   0.217797E+03
   0.100488E+03   0.112161E+01   0.868564E-04   0.253507E-04   0.288373E-03   0.664738E-03   0.217341E+03
   0.100488E+03  -0.741581E-01   0.868564E-04   0.253507E-04   0.288373E-03   0.726136E-03   0.217209E+03
   0.100488E+03   0.332857E+01   0.570151E-04   0.253507E-04   0.288373E-03   0.726136E-03   0.217345E+03
   0.100488E+03   0.332857E+01   0.570151E-04   0.253507E-04   0.288373E-03   0.761272E-03   0.217474E+03
   0.100488E+03   0.332857E+01   0.570151E-04   0.253507E-04   0.288373E-03   0.753319E-03   0.217448E+03
   0.100488E+03   0.613165E+01   0.570151E-04   0.253507E-04   0.288373E-03   0.949238E-03   0.215197E+03
   0.100488E+03   0.326573E+01   0.570151E-04   0.253507E-04   0.288373E-03   0.734536E-03   0.217409E+03
   0.100488E+03   0.326573E+01   0.570151E-04   0.253507E-04   0.288373E-03   0.734536E-03   0.217409E+03
   0.100488E+03   0.199450E+01   0.570151E-04   0.253507E-04   0.288373E-03   0.734536E-03   0.217752E+03
   0.101062E+03  -0.534670E+00   0.292974E-03   0.253507E-04   0.288373E-03   0.734536E-03   0.216658E+03
   0.101062E+03   0.338978E+01   0.557598E-04   0.253507E-04   0.288373E-03   0.734536E-03   0.217131E+03
   0.101062E+03   0.307956E+01   0.557598E-04   0.253507E-04   0.288373E-03   0.734536E-03   0.217279E+03
   0.101062E+03   0.557779E+00   0.557598E-04   0.253507E-04   0.288373E-03   0.734536E-03   0.217459E+03
   0.101546E+03   0.557779E+00   0.557598E-04   0.253507E-04   0.288373E-03   0.734536E-03   0.216507E+03
   0.101546E+03  -0.641224E+00   0.206586E-03   0.253507E-04   0.288373E-03   0.734536E-03   0.215888E+03
   0.101546E+03  -0.175716E+01   0.833952E-04   0.253507E-04   0.302692E-03   0.734536E-03   0.215149E+03
   0.997025E+02  -0.141327E+01   0.159644E-03   0.253507E-04   0.302692E-03   0.734536E-03   0.214057E+03
   0.997025E+02  -0.141327E+01   0.159644E-03   0.574558E-03   0.302692E-03   0.734536E-03   0.213903E+03
   0.997025E+02   0.502224E+01   0.159644E-03   0.244047E-03   0.302692E-03   0.734536E-03   0.214332E+03
   0.997025E+02   0.485047E+01   0.271165E-03   0.244047E-03   0.302692E-03   0.734536E-03   0.214301E+03
   0.997025E+02   0.485047E+01   0.271165E-03   0.244047E-03   0.302692E-03   0.734536E-03   0.214301E+03
   0.998609E+02   0.332757E+00   0.165820E-03   0.244047E-03   0.302692E-03   0.121637E-02   0.215329E+03
   0.101690E+03  -0.146574E+01   0.928131E-04   0.244047E-03   0.302692E-03   0.121637E-02   0.215510E+03
   0.100799E+03  -0.146574E+01   0.928131E-04   0.244047E-03   0.302692E-03   0.121637E-02   0.216142E+03
   0.100799E+03   0.881372E+00   0.928131E-04   0.244047E-03   0.302692E-03   0.121637E-02   0.217258E+03
   0.100799E+03   0.206228E-01   0.928131E-04   0.244047E-03   0.302692E-03   0.121637E-02   0.217016E+03
   0.100799E+03   0.206228E-01   0.928131E-04   0.244047E-03   0.302692E-03   0.121637E-02   0.217016E+03
   0.100799E+03  -0.362171E-01   0.928131E-04   0.179037E-03   0.302692E-03   0.121637E-02   0.217197E+03
   0.100799E+03  -0.362171E-01   0.928131E-04   0.179037E-03   0.302692E-03   0.121637E-02   0.217197E+03
   0.100799E+03  -0.362171E-01   0.248715E-03   0.127188E-03   0.302692E-03   0.121637E-02   0.217106E+03
   0.100799E+03   0.965768E-01   0.417495E-03   0.127188E-03   0.302692E-03   0.121637E-02   0.216743E+03
   0.100799E+03   0.285459E+00   0.417495E-03   0.127188E-03   0.302692E-03   0.121637E-02   0.216813E+03
   0.100799E+03   0.442790E+01   0.417495E-03   0.127188E-03   0.302692E-03   0.121637E-02   0.215936E+03
   0.100799E+03   0.777875E+00   0.417495E-03   0.127188E-03   0.302692E-03   0.121637E-02   0.216950E+03
   0.100799E+03   0.777875E+00   0.417495E-03   0.127188E-03   0.302692E-03   0.495446E-03   0.214490E+03
   0.100137E+03   0.777875E+00   0.303952E-03   0.127188E-03   0.302692E-03   0.495446E-03   0.214957E+03
   0.100137E+03   0.777875E+00   0.303952E-03   0.306644E-03   0.302692E-03   0.495446E-03   0.214589E+03
   0.100137E+03   0.114165E+01   0.303952E-03   0.306644E-03   0.302692E-03   0.190286E-02   0.213659E+03
   0.100137E+03   0.114165E+01   0.303952E-03   0.306644E-03   0.302692E-03   0.190286E-02   0.213659E+03
   0.100658E+03   0.114165E+01   0.381500E-03   0.306644E-03   0.302692E-03   0.865585E-03   0.216725E+03
   0.100658E+03   0.114165E+01   0.381500E-03   0.306644E-03   0.302692E-03   0.865585E-03   0.216725E+03
   0.100658E+03   0.186824E+01   0.381500E-03   0.306644E-03   0.302692E-03   0.865585E-03   0.216709E+03
   0.100658E+03   0.186824E+01   0.141371E-03   0.306644E-03   0.302692E-03   0.865585E-03   0.217226E+03
   0.100658E+03   0.186824E+01   0.141371E-03   0.306644E-03   0.302692E-03   0.865585E-03   0.217226E+03
   0.100658E+03   0.186824E+01   0.141371E-03   0.306644E-03   0.302692E-03   0.865585E-03   0.217226E+03
   0.100658E+03   0.250734E+01   0.141371E-03   0.306644E-03   0.302692E-03   0.865585E-03   0.217111E+03
   0.100658E+03   0.250734E+01   0.141371E-03   0.306644E-03   0.302692E-03   0.865585E-03   0.217111E+03
   0.100658E+03   0.250734E+01   0.141371E-03   0.306644E-03   0.302692E-03   0.865585E-03   0.217111E+03
   0.100782E+03   0.250734E+01   0.141371E-03   0.306644E-03   0.302692E-03   0.865585E-03   0.217086E+03
   0.100488E+03   0.397301E+01   0.141371E-03   0.920895E-03   0.302692E-03   0.865585E-03   0.212573E+03
   0.100488E+03   0.397301E+01   0.141371E-03   0.920895E-03   0.302692E-03   0.865585E-03   0.212573E+03
   0.100488E+03   0.397301E+01   0.141371E-03   0.920895E-03   0.302692E-03   0.865585E-03   0.212573E+03
   0.993946E+02   0.397301E+01   0.141371E-03   0.339976E-03   0.452327E-03   0.865585E-03   0.213443E+03
   0.993946E+02   0.397301E+01   0.141371E-03   0.339976E-03   0.774608E-03   0.128198E-02   0.210357E+03
   0.993946E+02   0.397301E+01   0.141371E-03   0.339976E-03   0.774608E-03   0.128198E-02   0.210357E+03
   0.993946E+02   0.397301E+01   0.141371E-03   0.339976E-03   0.311842E-03   0.128198E-02   0.212954E+03
   0.993946E+02   0.918942E-01   0.141371E-03   0.823532E-03   0.311842E-03   0.128198E-02   0.211819E+03
   0.101538E+03  -0.571063E+00   0.141371E-03   0.823532E-03   0.311842E-03   0.128198E-02   0.212445E+03
   0.101538E+03  -0.323961E+01   0.141371E-03   0.614162E-03   0.311842E-03   0.138294E-02   0.212368E+03
   0.101538E+03   0.240314E+01   0.141371E-03   0.614162E-03   0.311842E-03   0.138294E-02   0.213561E+03
   0.101538E+03   0.240314E+01   0.141371E-03   0.614162E-03   0.311842E-03   0.138294E-02   0.213561E+03
   0.101538E+03   0.216707E+01   0.141371E-03   0.614162E-03   0.311842E-03   0.138294E-02   0.213630E+03
   0.101538E+03   0.127050E+01   0.141371E-03   0.614162E-03   0.311842E-03   0.138294E-02   0.213794E+03
   0.102580E+03   0.127050E+01   0.141371E-03   0.614162E-03   0.311842E-03   0.138294E-02   0.210496E+03
   0.102580E+03   0.127050E+01   0.141371E-03   0.614162E-03   0.311842E-03   0.138294E-02   0.210496E+03
   0.102580E+03  -0.173583E+01   0.141371E-03   0.614162E-03   0.467853E-03   0.138294E-02   0.209594E+03
   0.100648E+03   0.345953E+01   0.141371E-03   0.614162E-03   0.238182E-03   0.138294E-02   0.214323E+03
   0.100648E+03   0.345953E+01   0.141371E-03   0.614162E-03   0.863226E-04   0.138294E-02   0.214646E+03
   0.100648E+03   0.345953E+01   0.141371E-03   0.626246E-03   0.863226E-04   0.138294E-02   0.214564E+03
   0.100648E+03   0.345953E+01   0.141371E-03   0.626246E-03   0.863226E-04   0.138294E-02   0.214564E+03
   0.100648E+03  -0.532452E+00   0.141371E-03   0.626246E-03   0.863226E-04   0.160180E-02   0.214811E+03
   0.100648E+03  -0.532452E+00   0.141371E-03   0.505252E-03   0.863226E-04   0.160180E-02   0.215501E+03
   0.999494E+02  -0.532452E+00   0.725375E-04   0.505252E-03   0.863226E-04   0.160180E-02   0.214481E+03
   0.100158E+03  -0.532452E+00   0.725375E-04   0.505252E-03   0.863226E-04   0.626374E-03   0.216069E+03
   0.100158E+03   0.236416E+01   0.725375E-04   0.959530E-03   0.863226E-04   0.670689E-03   0.213566E+03
   0.100158E+03   0.283670E+01   0.725375E-04   0.959530E-03   0.863226E-04   0.670689E-03   0.213315E+03
   0.100158E+03   0.430903E+01   0.149929E-03   0.265651E-03   0.509834E-03   0.670689E-03   0.214546E+03
   0.100158E+03   0.430903E+01   0.149929E-03   0.265651E-03   0.509834E-03   0.670689E-03   0.214546E+03
   0.100158E+03   0.430903E+01   0.149929E-03   0.322910E-03   0.509834E-03   0.670689E-03   0.214336E+03
   0.100158E+03   0.430903E+01   0.149929E-03   0.322910E-03   0.509834E-03   0.670689E-03   0.214336E+03
   0.100158E+03   0.430903E+01   0.149929E-03   0.322910E-03   0.330446E-03   0.670689E-03   0.215238E+03
   0.100158E+03  -0.160376E+01   0.149929E-03   0.322910E-03   0.330446E-03   0.670689E-03   0.214701E+03
   0.101364E+03  -0.160376E+01   0.149929E-03   0.322910E-03   0.330446E-03   0.670689E-03   0.214189E+03
   0.101364E+03  -0.160376E+01   0.492173E-03   0.322910E-03   0.330446E-03   0.670689E-03   0.213456E+03
   0.101044E+03   0.383526E+01   0.487968E-03   0.322910E-03   0.330446E-03   0.670689E-03   0.214281E+03
   0.101201E+03   0.515959E+01   0.487968E-03   0.322910E-03   0.330446E-03   0.670689E-03   0.212988E+03
   0.101201E+03   0.204456E+01   0.487968E-03   0.322910E-03   0.381761E-03   0.670689E-03   0.214379E+03
   0.101201E+03   0.204456E+01   0.487968E-03   0.322910E-03   0.381761E-03   0.670689E-03   0.214379E+03
   0.101199E+03   0.204456E+01   0.487968E-03   0.468043E-03   0.381761E-03   0.670689E-03   0.213424E+03
   0.101199E+03   0.204456E+01   0.487968E-03   0.468043E-03   0.381761E-03   0.670689E-03   0.213424E+03
   0.101199E+03   0.204456E+01   0.487968E-03   0.493471E-03   0.381761E-03   0.670689E-03   0.213243E+03
   0.101199E+03   0.196556E+01   0.487968E-03   0.262939E-03   0.381761E-03   0.670689E-03   0.214730E+03
   0.101199E+03   0.113583E+01   0.487968E-03   0.262939E-03   0.381761E-03   0.489249E-03   0.212361E+03
   0.100318E+03   0.113583E+01   0.819623E-04   0.262939E-03   0.381761E-03   0.121619E-02   0.216190E+03
   0.100318E+03   0.113583E+01   0.819623E-04   0.262939E-03   0.381761E-03   0.121619E-02   0.216190E+03
   0.100318E+03   0.347136E+01   0.819623E-04   0.262939E-03   0.381761E-03   0.163646E-02   0.214655E+03
   0.100318E+03   0.520395E+01   0.819623E-04   0.262939E-03   0.381761E-03   0.163646E-02   0.213582E+03
   0.100318E+03   0.520395E+01   0.819623E-04   0.262939E-03   0.381761E-03   0.163646E-02   0.213582E+03
   0.998554E+02   0.689285E+01   0.819623E-04   0.262939E-03   0.381761E-03   0.163646E-02   0.210638E+03
   0.100894E+03  -0.489514E+01   0.819623E-04   0.262939E-03   0.381761E-03   0.163646E-02   0.210326E+03
   0.100894E+03  -0.489514E+01   0.819623E-04   0.262939E-03   0.381761E-03   0.163646E-02   0.210326E+03
   0.100894E+03  -0.146301E+01   0.819623E-04   0.262939E-03   0.381761E-03   0.163646E-02   0.214391E+03
   0.100894E+03  -0.146301E+01   0.819623E-04   0.262939E-03   0.381761E-03   0.931455E-03   0.215794E+03
   0.100894E+03  -0.146301E+01   0.139062E-03   0.262939E-03   0.381761E-03   0.931455E-03   0.215748E+03
   0.100946E+03   0.618793E+01   0.139062E-03   0.262939E-03   0.381761E-03   0.122824E-02   0.214221E+03
   0.100946E+03   0.618793E+01   0.139062E-03   0.262939E-03   0.676888E-03   0.122824E-02   0.213067E+03
   0.100946E+03   0.335790E+01   0.139062E-03   0.262939E-03   0.676888E-03   0.122824E-02   0.214448E+03
   0.100946E+03   0.335790E+01   0.139062E-03   0.261274E-03   0.676888E-03   0.122824E-02   0.214456E+03
   0.100946E+03   0.126484E+01   0.139062E-03   0.261274E-03   0.548971E-03   0.122824E-02   0.215406E+03
   0.100953E+03   0.126484E+01   0.139062E-03   0.261274E-03   0.548971E-03   0.122824E-02   0.215407E+03
   0.100953E+03   0.568164E+00   0.139062E-03   0.261274E-03   0.548971E-03   0.175477E-02   0.213748E+03
   0.100953E+03   0.540066E+01   0.139062E-03   0.261274E-03   0.548971E-03   0.175477E-02   0.212868E+03
   0.100953E+03  -0.838975E+00   0.139062E-03   0.261274E-03   0.548971E-03   0.175477E-02   0.213060E+03
   0.100953E+03  -0.838975E+00   0.139062E-03   0.308417E-03   0.548971E-03   0.175477E-02   0.212877E+03
   0.100953E+03  -0.885731E+00   0.482608E-03   0.308417E-03   0.548971E-03   0.116372E-02   0.213684E+03
   0.100953E+03  -0.126375E+01   0.482608E-03   0.308417E-03   0.548971E-03   0.116372E-02   0.213451E+03
   0.100953E+03  -0.126375E+01   0.482608E-03   0.282509E-03   0.548971E-03   0.116372E-02   0.213546E+03
   0.100725E+03   0.297618E+01   0.306091E-03   0.737324E-04   0.548971E-03   0.116372E-02   0.215765E+03
   0.100725E+03   0.297618E+01   0.306091E-03   0.737324E-04   0.181089E-03   0.116372E-02   0.217743E+03
   0.100725E+03   0.235185E+01   0.306091E-03   0.737324E-04   0.181089E-03   0.116372E-02   0.217988E+03
   0.100725E+03   0.235185E+01   0.306091E-03   0.737324E-04   0.181089E-03   0.116372E-02   0.217988E+03
   0.101375E+03   0.235185E+01   0.306091E-03   0.737324E-04   0.188424E-03   0.116372E-02   0.217570E+03
   0.101375E+03  -0.295890E+00   0.306091E-03   0.737324E-04   0.188424E-03   0.116372E-02   0.217483E+03
   0.101375E+03  -0.295890E+00   0.306091E-03   0.737324E-04   0.188424E-03   0.116372E-02   0.217483E+03
   0.101375E+03  -0.295890E+00   0.306091E-03   0.737324E-04   0.188424E-03   0.116372E-02   0.217483E+03
   0.100551E+03   0.317485E+00   0.306091E-03   0.737324E-04   0.188424E-03   0.558210E-03   0.216438E+03
   0.100551E+03  -0.292605E+00   0.306091E-03   0.737324E-04   0.188424E-03   0.558210E-03   0.216166E+03
   0.100551E+03  -0.292605E+00   0.306091E-03   0.737324E-04   0.188424E-03   0.558210E-03   0.216166E+03
   0.100551E+03   0.906585E+00   0.306091E-03   0.737324E-04   0.188424E-03   0.558210E-03   0.216588E+03
   0.101313E+03   0.906585E+00   0.306091E-03   0.737324E-04   0.188424E-03   0.901092E-03   0.217838E+03
   0.998464E+02   0.975461E+00   0.306091E-03   0.737324E-04   0.188424E-03   0.901092E-03   0.216726E+03
   0.101219E+03   0.975461E+00   0.306091E-03   0.737324E-04   0.188424E-03   0.901092E-03   0.217995E+03
   0.100871E+03   0.975461E+00   0.306091E-03   0.134194E-03   0.188424E-03   0.901092E-03   0.218180E+03
   0.100871E+03  -0.268800E+00   0.306091E-03   0.134194E-03   0.188424E-03   0.114387E-02   0.217724E+03
   0.100871E+03  -0.268800E+00   0.306091E-03   0.134194E-03   0.188424E-03   0.114387E-02   0.217724E+03
   0.100871E+03   0.444124E+00   0.306091E-03   0.134194E-03   0.188424E-03   0.114387E-02   0.217969E+03
   0.100871E+03   0.174283E+01   0.306091E-03   0.134194E-03   0.188424E-03   0.114387E-02   0.218039E+03
   0.100871E+03   0.861990E+00   0.306091E-03   0.134194E-03   0.973777E-04   0.127207E-02   0.218094E+03
   0.100871E+03   0.861990E+00   0.306091E-03   0.134194E-03   0.973777E-04   0.127207E-02   0.218094E+03
   0.100871E+03  -0.526531E+00   0.306091E-03   0.134194E-03   0.973777E-04   0.136555E-02   0.217466E+03
   0.100732E+03  -0.526531E+00   0.306091E-03   0.134194E-03   0.973777E-04   0.136555E-02   0.217381E+03
   0.100297E+03  -0.526531E+00   0.430498E-03   0.134194E-03   0.973777E-04   0.136555E-02   0.216367E+03
   0.100254E+03  -0.526531E+00   0.430498E-03   0.134194E-03   0.294814E-04   0.136555E-02   0.216397E+03
   0.100254E+03  -0.526531E+00   0.189294E-03   0.134194E-03   0.294814E-04   0.136555E-02   0.216909E+03
   0.100254E+03  -0.526531E+00   0.189294E-03   0.134194E-03   0.294814E-04   0.224169E-02   0.214031E+03
   0.100254E+03  -0.526531E+00   0.272966E-03   0.134194E-03   0.304753E-03   0.229585E-02   0.212442E+03
   0.100254E+03  -0.526531E+00   0.272966E-03   0.134194E-03   0.304753E-03   0.229585E-02   0.212442E+03
   0.100135E+03  -0.526531E+00   0.272966E-03   0.134194E-03   0.304753E-03   0.482634E-03   0.214174E+03
   0.100135E+03   0.297582E+01   0.272966E-03   0.134194E-03   0.304753E-03   0.983395E-03   0.216733E+03
   0.100135E+03   0.156368E+01   0.272966E-03   0.134194E-03   0.304753E-03   0.983395E-03   0.216917E+03
   0.100135E+03   0.156368E+01   0.385362E-03   0.134194E-03   0.304753E-03   0.983395E-03   0.216637E+03
   0.100135E+03   0.156368E+01   0.385362E-03   0.134194E-03   0.304753E-03   0.983395E-03   0.216637E+03
   0.100135E+03   0.156368E+01   0.385362E-03   0.134194E-03   0.304753E-03   0.983395E-03   0.216637E+03
   0.100135E+03   0.156368E+01   0.385362E-03   0.134194E-03   0.304753E-03   0.983395E-03   0.216637E+03
   0.100361E+03   0.156368E+01   0.385362E-03   0.134194E-03   0.304753E-03   0.983395E-03   0.217061E+03
   0.100361E+03   0.156368E+01   0.361347E-03   0.134194E-03   0.304753E-03   0.983395E-03   0.217129E+03
   0.100361E+03   0.156368E+01   0.361347E-03   0.134194E-03   0.304753E-03   0.668004E-03   0.216604E+03
   0.100361E+03   0.156368E+01   0.361347E-03   0.134194E-03   0.304753E-03   0.668004E-03   0.216604E+03
   0.100959E+03   0.475059E+00   0.361347E-03   0.134194E-03   0.304753E-03   0.827535E-03   0.217129E+03
   0.100959E+03   0.475059E+00   0.361347E-03   0.134194E-03   0.304753E-03   0.827535E-03   0.217129E+03
   0.100959E+03   0.475059E+00   0.361347E-03   0.134194E-03   0.304753E-03   0.803101E-03   0.217055E+03
   0.100959E+03   0.111526E+01   0.361347E-03   0.134194E-03   0.304753E-03   0.138658E-02   0.216771E+03
   0.100959E+03   0.111526E+01   0.361347E-03   0.134194E-03   0.352712E-03   0.119059E-02   0.216918E+03
   0.100959E+03   0.111526E+01   0.361347E-03   0.134194E-03   0.171791E-03   0.119059E-02   0.217896E+03
   0.100959E+03   0.852509E+00   0.361347E-03   0.134194E-03   0.100605E-03   0.119059E-02   0.218107E+03
   0.100959E+03   0.852509E+00   0.361347E-03   0.134194E-03   0.100605E-03   0.119059E-02   0.218107E+03
   0.101158E+03   0.237919E+01   0.361347E-03   0.134194E-03   0.100605E-03   0.127499E-02   0.217550E+03
   0.101158E+03   0.237919E+01   0.196917E-03   0.182177E-03   0.100605E-03   0.920634E-03   0.218039E+03
   0.101158E+03   0.172829E+01   0.196917E-03   0.182177E-03   0.100605E-03   0.920634E-03   0.218238E+03
   0.100250E+03   0.172829E+01   0.196917E-03   0.182177E-03   0.100605E-03   0.920634E-03   0.218158E+03
   0.100250E+03   0.143389E+01   0.432497E-03   0.182177E-03   0.100605E-03   0.920634E-03   0.217617E+03
   0.100250E+03   0.143389E+01   0.432497E-03   0.182177E-03   0.100605E-03   0.920634E-03   0.217617E+03
   0.100250E+03   0.156600E+01   0.169508E-03   0.182177E-03   0.100605E-03   0.920634E-03   0.218217E+03
   0.100250E+03   0.156600E+01   0.169508E-03   0.182177E-03   0.100605E-03   0.920634E-03   0.218217E+03
   0.100250E+03   0.189134E+01   0.169508E-03   0.182177E-03   0.100605E-03   0.113927E-02   0.217847E+03
   0.101619E+03   0.189134E+01   0.169508E-03   0.182177E-03   0.100605E-03   0.109749E-02   0.217319E+03
   0.101619E+03   0.189134E+01   0.169508E-03   0.182177E-03   0.100605E-03   0.109749E-02   0.217319E+03
   0.100068E+03   0.244853E+01   0.169508E-03   0.182177E-03   0.100605E-03   0.109749E-02   0.217384E+03
   0.100068E+03   0.244853E+01   0.463368E-04   0.182177E-03   0.100605E-03   0.135632E-02   0.216764E+03
   0.100068E+03   0.244853E+01   0.463368E-04   0.182177E-03   0.100605E-03   0.135632E-02   0.216764E+03
   0.101179E+03   0.421588E+01   0.286208E-03   0.182177E-03   0.100605E-03   0.135632E-02   0.216155E+03
   0.101179E+03   0.510677E+01   0.286208E-03   0.182177E-03   0.100605E-03   0.717327E-03   0.214880E+03
   0.101179E+03   0.510677E+01   0.286208E-03   0.182177E-03   0.100605E-03   0.717327E-03   0.214880E+03
   0.101247E+03   0.564123E+01   0.286208E-03   0.182177E-03   0.100605E-03   0.121613E-02   0.214745E+03
   0.101247E+03   0.564123E+01   0.733509E-04   0.182177E-03   0.812709E-03   0.121613E-02   0.213013E+03
   0.101247E+03   0.564123E+01   0.733509E-04   0.182177E-03   0.812709E-03   0.121613E-02   0.213013E+03
   0.100715E+03   0.564123E+01   0.733509E-04   0.182177E-03   0.812709E-03   0.121613E-02   0.213001E+03
   0.101440E+03   0.564123E+01   0.733509E-04   0.429849E-04   0.812709E-03   0.164334E-02   0.212189E+03
   0.101440E+03   0.361617E+01   0.733509E-04   0.429849E-04   0.812709E-03   0.164334E-02   0.213051E+03
   0.101440E+03   0.361617E+01   0.733509E-04   0.429849E-04   0.812709E-03   0.164334E-02   0.213051E+03
   0.101973E+03   0.361617E+01   0.733509E-04   0.429849E-04   0.812709E-03   0.164334E-02   0.212281E+03
   0.101277E+03   0.297428E+01   0.733509E-04   0.429849E-04   0.812709E-03   0.164334E-02   0.213228E+03
   0.101277E+03   0.297428E+01   0.733509E-04   0.429849E-04   0.812709E-03   0.926740E-03   0.214406E+03
   0.101277E+03   0.343615E+01   0.733509E-04   0.874959E-04   0.812709E-03   0.926740E-03   0.214277E+03
   0.101277E+03   0.343615E+01   0.733509E-04   0.874959E-04   0.640776E-03   0.926740E-03   0.215422E+03
   0.101277E+03   0.264225E+01   0.733509E-04   0.874959E-04   0.493949E-03   0.926740E-03   0.216542E+03
   0.101034E+03   0.264225E+01   0.733509E-04   0.874959E-04   0.493949E-03   0.926740E-03   0.216762E+03
   0.100532E+03   0.264225E+01   0.733509E-04   0.874959E-04   0.493949E-03   0.926740E-03   0.216653E+03
   0.102138E+03   0.264225E+01   0.733509E-04   0.874959E-04   0.493949E-03   0.159286E-02   0.213937E+03
   0.102138E+03   0.983888E+00   0.733509E-04   0.874959E-04   0.493949E-03   0.159286E-02   0.213979E+03
   0.102138E+03   0.477262E+01   0.733509E-04   0.874959E-04   0.493949E-03   0.159286E-02   0.213027E+03
   0.998482E+02   0.496701E+01   0.733509E-04   0.874959E-04   0.402027E-04   0.162175E-02   0.213357E+03
   0.998482E+02   0.496701E+01   0.733509E-04   0.874959E-04   0.362041E-03   0.109416E-02   0.214657E+03
   0.998482E+02  -0.747320E+00   0.156715E-03   0.874959E-04   0.362041E-03   0.109416E-02   0.214528E+03
   0.999985E+02   0.255548E+00   0.156715E-03   0.874959E-04   0.362041E-03   0.588067E-03   0.215266E+03
   0.999985E+02   0.578052E+01   0.156715E-03   0.874959E-04   0.362041E-03   0.588067E-03   0.213570E+03
   0.100033E+03   0.578052E+01   0.156715E-03   0.874959E-04   0.362041E-03   0.190490E-02   0.211779E+03
   0.101843E+03   0.155794E+01   0.860787E-04   0.874959E-04   0.362041E-03   0.125714E-02   0.216212E+03
   0.101843E+03   0.155794E+01   0.860787E-04   0.874959E-04   0.362041E-03   0.126658E-02   0.216198E+03
   0.101843E+03   0.155794E+01   0.860787E-04   0.874959E-04   0.362041E-03   0.126658E-02   0.216198E+03
   0.101843E+03   0.155794E+01   0.860787E-04   0.874959E-04   0.362041E-03   0.979190E-03   0.216253E+03
   0.990382E+02   0.155794E+01   0.186001E-03   0.874959E-04   0.362041E-03   0.119142E-02   0.211446E+03
   0.990382E+02  -0.212871E+01   0.186001E-03   0.874959E-04   0.362041E-03   0.119142E-02   0.208220E+03
   0.101268E+03  -0.212871E+01   0.186001E-03   0.874959E-04   0.362041E-03   0.119142E-02   0.215414E+03
   0.101268E+03  -0.212871E+01   0.186001E-03   0.874959E-04   0.342396E-03   0.119142E-02   0.215561E+03
   0.101268E+03  -0.212871E+01   0.186001E-03   0.874959E-04   0.342396E-03   0.946749E-03   0.215647E+03
   0.101268E+03  -0.212871E+01   0.186001E-03   0.874959E-04   0.342396E-03   0.946749E-03   0.215647E+03
   0.101044E+03   0.579241E+01   0.186001E-03   0.874959E-04   0.342396E-03   0.946749E-03   0.215423E+03
   0.101044E+03   0.579241E+01   0.186001E-03   0.874959E-04   0.342396E-03   0.946749E-03   0.215423E+03
   0.101044E+03   0.131393E+01   0.186730E-03   0.874959E-04   0.342396E-03   0.946749E-03   0.217672E+03
   0.101044E+03   0.131393E+01   0.186730E-03   0.874959E-04   0.342396E-03   0.946749E-03   0.217672E+03
   0.101293E+03   0.131393E+01   0.186730E-03   0.874959E-04   0.594122E-03   0.114381E-02   0.215641E+03
   0.101293E+03   0.317734E+01   0.186730E-03   0.874959E-04   0.594122E-03   0.114381E-02   0.215634E+03
   0.101293E+03   0.324643E+00   0.186730E-03   0.874959E-04   0.266599E-04   0.114381E-02   0.218407E+03
   0.101293E+03   0.323966E+01   0.277492E-04   0.874959E-04   0.685382E-05   0.114381E-02   0.217851E+03
   0.101293E+03   0.323966E+01   0.277492E-04   0.874959E-04   0.685382E-05   0.114381E-02   0.217851E+03
   0.101293E+03   0.323966E+01   0.277492E-04   0.874959E-04   0.685382E-05   0.965010E-03   0.217901E+03
   0.101293E+03   0.323966E+01   0.277492E-04   0.874959E-04   0.685382E-05   0.115353E-02   0.217839E+03
   0.101293E+03   0.323966E+01   0.277304E-03   0.874959E-04   0.685382E-05   0.115353E-02   0.217510E+03
   0.101293E+03   0.282240E+01   0.277304E-03   0.874959E-04   0.380705E-03   0.115353E-02   0.216823E+03
   0.101293E+03   0.282240E+01   0.277304E-03   0.874959E-04   0.380705E-03   0.115353E-02   0.216823E+03
   0.100314E+03   0.282240E+01   0.409386E-03   0.874959E-04   0.380705E-03   0.115353E-02   0.216096E+03
   0.100314E+03   0.282240E+01   0.409386E-03   0.874959E-04   0.380705E-03   0.115353E-02   0.216096E+03
   0.100314E+03   0.282240E+01   0.305119E-03   0.874959E-04   0.263674E-03   0.124871E-02   0.216782E+03
   0.100314E+03   0.282240E+01   0.494393E-03   0.874959E-04   0.263674E-03   0.124871E-02   0.216201E+03
   0.100314E+03   0.282240E+01   0.107209E-03   0.874959E-04   0.263674E-03   0.124871E-02   0.217128E+03
   0.100314E+03   0.282240E+01   0.107209E-03   0.874959E-04   0.263674E-03   0.124871E-02   0.217128E+03
   0.100282E+03   0.282240E+01   0.107209E-03   0.874959E-04   0.263674E-03   0.124871E-02   0.217062E+03
   0.100519E+03   0.263269E+00   0.107209E-03   0.874959E-04   0.263674E-03   0.124871E-02   0.217374E+03
   0.100519E+03   0.314804E-02   0.107209E-03   0.874959E-04   0.263674E-03   0.987074E-03   0.217732E+03
   0.100519E+03   0.227263E+01   0.107209E-03   0.874959E-04   0.890368E-04   0.987074E-03   0.218682E+03
   0.100519E+03   0.227263E+01   0.107209E-03   0.874959E-04   0.890368E-04   0.987074E-03   0.218682E+03
   0.100993E+03   0.227263E+01   0.107209E-03   0.874959E-04   0.890368E-04   0.987074E-03   0.218726E+03
   0.100993E+03   0.267706E+01   0.107209E-03   0.874959E-04   0.890368E-04   0.987074E-03   0.218560E+03
   0.100993E+03  -0.422013E+00   0.107209E-03   0.874959E-04   0.890368E-04   0.987074E-03   0.218549E+03
   0.101097E+03  -0.422013E+00   0.604165E-03   0.874959E-04   0.890368E-04   0.987074E-03   0.217250E+03
   0.101091E+03  -0.422013E+00   0.322364E-03   0.874959E-04   0.890368E-04   0.129939E-02   0.217734E+03
   0.101538E+03  -0.422013E+00   0.322364E-03   0.874959E-04   0.890368E-04   0.129939E-02   0.217185E+03
   0.996695E+02  -0.422013E+00   0.322364E-03   0.874959E-04   0.890368E-04   0.129939E-02   0.214728E+03
   0.996695E+02  -0.422013E+00   0.322364E-03   0.874959E-04   0.890368E-04   0.146286E-02   0.214157E+03
   0.996695E+02  -0.422013E+00   0.479348E-03   0.609136E-03   0.890368E-04   0.139402E-02   0.213416E+03
   0.996695E+02  -0.422013E+00   0.235539E-03   0.609136E-03   0.890368E-04   0.139402E-02   0.213928E+03
   0.996695E+02  -0.422013E+00   0.235539E-03   0.408716E-03   0.890368E-04   0.213561E-02   0.211877E+03
   0.996695E+02  -0.422013E+00   0.235539E-03   0.408716E-03   0.890368E-04   0.213561E-02   0.211877E+03
   0.996695E+02  -0.696804E+00   0.235539E-03   0.263567E-03   0.890368E-04   0.213561E-02   0.211830E+03
   0.996695E+02  -0.696804E+00   0.235539E-03   0.221260E-03   0.890368E-04   0.213561E-02   0.211818E+03
   0.996695E+02  -0.696804E+00   0.235539E-03   0.221260E-03   0.890368E-04   0.213561E-02   0.211818E+03
   0.101281E+03  -0.696804E+00   0.335962E-03   0.221260E-03   0.890368E-04   0.213561E-02   0.214713E+03
   0.101281E+03  -0.696804E+00   0.335962E-03   0.221260E-03   0.930594E-05   0.187436E-02   0.215600E+03
   0.101281E+03  -0.696804E+00   0.335962E-03   0.221260E-03   0.930594E-05   0.187436E-02   0.215600E+03
   0.101281E+03   0.345917E+01   0.335962E-03   0.221260E-03   0.444832E-03   0.187436E-02   0.213818E+03
   0.998276E+02   0.345917E+01   0.335962E-03   0.221260E-03   0.444832E-03   0.112519E-02   0.214396E+03
   0.998276E+02   0.345917E+01   0.335962E-03   0.221260E-03   0.526589E-04   0.112519E-02   0.215738E+03
   0.998276E+02   0.154235E+01   0.626383E-03   0.575579E-03   0.526589E-04   0.112519E-02   0.214428E+03
   0.100143E+03  -0.129711E+01   0.626383E-03   0.575579E-03   0.531049E-04   0.112519E-02   0.214659E+03
   0.101520E+03  -0.129711E+01   0.271323E-03   0.697232E-03   0.531049E-04   0.112519E-02   0.214192E+03
   0.101340E+03  -0.129711E+01   0.271323E-03   0.697232E-03   0.531049E-04   0.112798E-02   0.214587E+03
   0.101340E+03  -0.129711E+01   0.271323E-03   0.697232E-03   0.531049E-04   0.112798E-02   0.214587E+03
   0.101340E+03  -0.181847E+00   0.271323E-03   0.697232E-03   0.531049E-04   0.940231E-03   0.214770E+03
   0.101340E+03  -0.186382E+01   0.271323E-03   0.204027E-03   0.531049E-04   0.940231E-03   0.216826E+03
   0.101340E+03   0.145192E+01   0.271323E-03   0.263814E-03   0.531049E-04   0.940231E-03   0.217531E+03
   0.101340E+03   0.145192E+01   0.827824E-04   0.263814E-03   0.531049E-04   0.940231E-03   0.217808E+03
   0.101340E+03   0.145192E+01   0.827824E-04   0.263814E-03   0.531049E-04   0.940231E-03   0.217808E+03
   0.101340E+03   0.118777E+00   0.827824E-04   0.353637E-03   0.531049E-04   0.778457E-03   0.216840E+03
   0.101340E+03   0.242837E+00   0.827824E-04   0.353637E-03   0.531049E-04   0.778457E-03   0.216857E+03
   0.100796E+03   0.242837E+00   0.115661E-03   0.353637E-03   0.531049E-04   0.778457E-03   0.217732E+03
