               MC_Kmin_SR1_a0 MC_Kflood_SR1_aY1_intercept   Y2_intercept   Y3_intercept   Y4_intercept   Y5_intercept   
N                 0.200100E+04   0.200100E+04   0.200100E+04   0.200100E+04   0.200100E+04   0.200100E+04   0.200100E+04
Minimum           0.498497E+02   0.500199E+01   0.457449E-05   0.571579E+01   0.553222E+01   0.822673E+01   0.853615E+01
Maximum           0.249742E+03   0.317704E+03   0.617875E-02   0.206498E+02   0.186506E+02   0.278717E+02   0.276921E+02
Range             0.199892E+03   0.312702E+03   0.617418E-02   0.149340E+02   0.131184E+02   0.196450E+02   0.191560E+02
Mean              0.107577E+03   0.910983E+02   0.137611E-02   0.101042E+02   0.101333E+02   0.152984E+02   0.153367E+02
Median            0.912595E+02   0.844300E+02   0.117144E-02   0.988584E+01   0.993998E+01   0.151527E+02   0.149080E+02
Q10%              0.611974E+02   0.123208E+02   0.250039E-03   0.782206E+01   0.762779E+01   0.115056E+02   0.117135E+02
Q25%              0.711083E+02   0.353795E+02   0.601706E-03   0.876400E+01   0.857376E+01   0.130450E+02   0.131259E+02
Q75%              0.133826E+03   0.132674E+03   0.190392E-02   0.113209E+02   0.113279E+02   0.173589E+02   0.171588E+02
Q90%              0.189073E+03   0.172536E+03   0.285722E-02   0.126097E+02   0.130451E+02   0.194332E+02   0.195754E+02
St.Dev.           0.485494E+02   0.613653E+02   0.101481E-02   0.196830E+01   0.208089E+01   0.305933E+01   0.305514E+01
Variance          0.235704E+04   0.376570E+04   0.102984E-05   0.387420E+01   0.433011E+01   0.935950E+01   0.933386E+01
CV                0.451299E+00   0.673617E+00   0.737450E+00   0.194800E+00   0.205352E+00   0.199977E+00   0.199205E+00
Skewness          0.965292E+00   0.541409E+00   0.102024E+01   0.811910E+00   0.609477E+00   0.410508E+00   0.607388E+00
Kurtosis         -0.366898E+00  -0.927283E-01   0.862198E+00   0.164064E+01   0.287747E+00   0.192997E+00   0.445187E+00
MaxPost           0.500000E+02   0.287133E+03   0.645587E-03   0.100501E+02   0.100198E+02   0.145861E+02   0.146946E+02
