a0_min         a1_min         Y1_intercept   Y2_intercept   Y3_intercept   Y4_intercept   Y5_intercept   LogPost        
   0.968635E+02   0.541246E+01   0.878736E-03   0.945041E+01   0.569485E+01   0.156741E+02   0.182192E+02   0.168720E+03
   0.967700E+02   0.618017E+01   0.792733E-03   0.115514E+02   0.951786E+01   0.113154E+02   0.148150E+02   0.171827E+03
   0.988215E+02  -0.224624E+01   0.720383E-03   0.849433E+01   0.129344E+02   0.138127E+02   0.989542E+01   0.171589E+03
   0.990501E+02   0.357644E+00   0.617690E-03   0.729411E+01   0.735603E+01   0.116983E+02   0.142461E+02   0.172394E+03
   0.976358E+02   0.309542E+01   0.617690E-03   0.849861E+01   0.802116E+01   0.179505E+02   0.116407E+02   0.174314E+03
   0.966067E+02  -0.893437E+00   0.617690E-03   0.107023E+02   0.961407E+01   0.131479E+02   0.155243E+02   0.174468E+03
   0.966067E+02   0.613008E+01   0.907874E-03   0.102787E+02   0.124819E+02   0.182385E+02   0.142264E+02   0.170318E+03
   0.976927E+02  -0.189817E+01   0.322075E-03   0.101439E+02   0.782105E+01   0.179693E+02   0.175699E+02   0.171196E+03
   0.976925E+02  -0.117869E+01   0.777115E-03   0.722952E+01   0.715108E+01   0.133442E+02   0.150436E+02   0.173041E+03
   0.967950E+02   0.136410E+01   0.637796E-03   0.836712E+01   0.105949E+02   0.141601E+02   0.166046E+02   0.175010E+03
   0.982152E+02  -0.186860E+01   0.380251E-03   0.105868E+02   0.782593E+01   0.152400E+02   0.132072E+02   0.172787E+03
   0.982152E+02  -0.986970E+00   0.660515E-03   0.120835E+02   0.931239E+01   0.183962E+02   0.185789E+02   0.173731E+03
   0.975908E+02   0.311342E+01   0.857244E-03   0.878682E+01   0.127063E+02   0.171447E+02   0.126412E+02   0.172833E+03
   0.975908E+02   0.110071E+01   0.586690E-03   0.120567E+02   0.100320E+02   0.151022E+02   0.233803E+02   0.172904E+03
   0.976055E+02   0.349309E+01   0.562358E-03   0.107305E+02   0.941953E+01   0.181417E+02   0.145276E+02   0.175026E+03
   0.967810E+02   0.910441E+00   0.645771E-03   0.746892E+01   0.103744E+02   0.149883E+02   0.131327E+02   0.174563E+03
   0.987191E+02   0.437573E+01   0.557288E-03   0.750571E+01   0.104703E+02   0.135064E+02   0.201353E+02   0.171639E+03
   0.988477E+02  -0.219025E+01   0.640613E-03   0.981957E+01   0.768670E+01   0.125140E+02   0.132270E+02   0.173825E+03
   0.983699E+02   0.370704E+01   0.640613E-03   0.874948E+01   0.883857E+01   0.100406E+02   0.953117E+01   0.171347E+03
   0.984420E+02  -0.289929E+01   0.397721E-03   0.874948E+01   0.673825E+01   0.144243E+02   0.130763E+02   0.171002E+03
   0.984816E+02   0.222759E+01   0.562191E-03   0.101059E+02   0.102331E+02   0.143020E+02   0.168357E+02   0.175169E+03
   0.984816E+02   0.158030E+01   0.562191E-03   0.906210E+01   0.798631E+01   0.125479E+02   0.122351E+02   0.174668E+03
   0.984816E+02   0.404237E+01   0.780362E-03   0.133969E+02   0.839065E+01   0.179402E+02   0.123342E+02   0.172019E+03
   0.988013E+02   0.187942E+00   0.514188E-03   0.136474E+02   0.890006E+01   0.159600E+02   0.178638E+02   0.172462E+03
   0.971586E+02   0.502136E+01   0.514188E-03   0.988857E+01   0.884505E+01   0.136568E+02   0.154340E+02   0.174103E+03
   0.987279E+02   0.304732E+01   0.849952E-03   0.909064E+01   0.988178E+01   0.171280E+02   0.132106E+02   0.173504E+03
   0.970016E+02  -0.116700E+01   0.551477E-03   0.107616E+02   0.995481E+01   0.156670E+02   0.208807E+02   0.173483E+03
   0.990134E+02   0.603110E+01   0.692092E-03   0.103058E+02   0.118371E+02   0.155213E+02   0.180097E+02   0.171450E+03
   0.993616E+02   0.285596E+01   0.876247E-03   0.926538E+01   0.943893E+01   0.109066E+02   0.166013E+02   0.171579E+03
   0.982857E+02   0.795686E+00   0.784416E-03   0.926538E+01   0.993424E+01   0.109066E+02   0.113958E+02   0.173660E+03
   0.977461E+02  -0.170387E+01   0.925382E-03   0.107943E+02   0.778251E+01   0.219314E+02   0.132548E+02   0.170524E+03
   0.986041E+02   0.785975E+00   0.803212E-03   0.963542E+01   0.901199E+01   0.149794E+02   0.163029E+02   0.174639E+03
   0.977818E+02  -0.284166E+01   0.550730E-03   0.893582E+01   0.921643E+01   0.166473E+02   0.971847E+01   0.172913E+03
   0.988774E+02  -0.429841E+00   0.856271E-03   0.704429E+01   0.101045E+02   0.221132E+02   0.204425E+02   0.168989E+03
   0.992924E+02   0.353003E-01   0.785188E-03   0.955431E+01   0.932262E+01   0.139126E+02   0.141898E+02   0.173881E+03
   0.973319E+02   0.235029E+01   0.552217E-03   0.148029E+02   0.103837E+02   0.232426E+02   0.243238E+02   0.167497E+03
   0.970240E+02   0.496651E+00   0.552217E-03   0.109325E+02   0.848754E+01   0.133098E+02   0.117950E+02   0.175031E+03
   0.989216E+02   0.284673E+01   0.828761E-03   0.138222E+02   0.842846E+01   0.167145E+02   0.118146E+02   0.171340E+03
   0.973978E+02   0.853718E+00   0.569486E-03   0.105277E+02   0.135878E+02   0.993658E+01   0.151167E+02   0.173084E+03
   0.955500E+02   0.261749E+01   0.108099E-02   0.106695E+02   0.119238E+02   0.215234E+02   0.150714E+02   0.166336E+03
   0.971264E+02   0.402024E+01   0.569250E-03   0.130106E+02   0.107116E+02   0.143710E+02   0.219732E+02   0.171805E+03
   0.971264E+02  -0.434303E+00   0.627532E-03   0.110269E+02   0.831544E+01   0.118423E+02   0.114632E+02   0.174278E+03
   0.972961E+02  -0.110315E+00   0.527790E-03   0.877190E+01   0.830163E+01   0.111803E+02   0.134888E+02   0.174934E+03
   0.980236E+02   0.870605E+00   0.603568E-03   0.140538E+02   0.855846E+01   0.147398E+02   0.130491E+02   0.174319E+03
   0.976927E+02   0.334354E+01   0.755310E-03   0.102782E+02   0.855846E+01   0.115261E+02   0.133140E+02   0.174459E+03
   0.985455E+02  -0.194550E+00   0.971664E-03   0.128923E+02   0.102648E+02   0.117982E+02   0.165039E+02   0.171244E+03
   0.971698E+02   0.516779E+01   0.431903E-03   0.104972E+02   0.731715E+01   0.166927E+02   0.216329E+02   0.169748E+03
   0.974365E+02  -0.232917E+01   0.418609E-03   0.899823E+01   0.140147E+02   0.146873E+02   0.132398E+02   0.172337E+03
   0.965758E+02   0.278827E+01   0.577589E-03   0.830831E+01   0.924959E+01   0.124177E+02   0.952123E+01   0.172288E+03
   0.961420E+02  -0.962126E+00   0.760495E-03   0.821228E+01   0.990265E+01   0.203533E+02   0.126695E+02   0.170959E+03
   0.982023E+02   0.318630E+01   0.833370E-03   0.147840E+02   0.104384E+02   0.208486E+02   0.136111E+02   0.170473E+03
   0.968330E+02  -0.455052E+01   0.600770E-03   0.119646E+02   0.111000E+02   0.134663E+02   0.121229E+02   0.171091E+03
   0.990359E+02  -0.140668E+01   0.654750E-03   0.936228E+01   0.103990E+02   0.140611E+02   0.204254E+02   0.173053E+03
   0.972111E+02   0.645604E+01   0.654750E-03   0.109024E+02   0.966189E+01   0.110926E+02   0.163067E+02   0.172428E+03
   0.984082E+02  -0.176831E+01   0.654750E-03   0.124187E+02   0.978277E+01   0.157678E+02   0.164069E+02   0.174420E+03
   0.976389E+02   0.153116E+01   0.697345E-03   0.692187E+01   0.798788E+01   0.160824E+02   0.159748E+02   0.174094E+03
   0.976389E+02   0.151628E+00   0.637644E-03   0.720122E+01   0.943438E+01   0.197294E+02   0.120343E+02   0.173714E+03
   0.974769E+02   0.459833E+00   0.637644E-03   0.112827E+02   0.103056E+02   0.141639E+02   0.113183E+02   0.175254E+03
   0.977974E+02  -0.315868E+01   0.636311E-03   0.128187E+02   0.167000E+02   0.112804E+02   0.213838E+02   0.167531E+03
   0.979628E+02   0.650332E+01   0.580502E-03   0.115520E+02   0.989727E+01   0.106949E+02   0.113689E+02   0.171184E+03
   0.979628E+02  -0.495483E+00   0.331119E-03   0.117424E+02   0.107835E+02   0.171706E+02   0.136538E+02   0.172384E+03
   0.973544E+02   0.168901E+01   0.874017E-03   0.856400E+01   0.122830E+02   0.143179E+02   0.122389E+02   0.173160E+03
   0.981708E+02  -0.385399E+01   0.644131E-03   0.105457E+02   0.101698E+02   0.121556E+02   0.136285E+02   0.174043E+03
   0.984609E+02   0.774525E+00   0.672664E-03   0.117807E+02   0.103959E+02   0.145498E+02   0.123317E+02   0.174963E+03
   0.976362E+02   0.842472E+00   0.348110E-03   0.564435E+01   0.998406E+01   0.224962E+02   0.187977E+02   0.167379E+03
   0.980006E+02   0.232342E+01   0.988171E-03   0.696282E+01   0.118047E+02   0.138046E+02   0.850246E+01   0.167759E+03
   0.980274E+02  -0.760942E+00   0.626951E-03   0.773152E+01   0.149810E+02   0.130143E+02   0.167875E+02   0.172727E+03
   0.980274E+02   0.991770E+00   0.626951E-03   0.789038E+01   0.137437E+02   0.198342E+02   0.184929E+02   0.172249E+03
   0.980274E+02  -0.325427E-01   0.501162E-03   0.916792E+01   0.616427E+01   0.157498E+02   0.214420E+02   0.171491E+03
   0.985467E+02   0.180938E+01   0.501162E-03   0.998976E+01   0.947264E+01   0.195119E+02   0.158910E+02   0.173790E+03
   0.969560E+02  -0.512233E+00   0.512025E-03   0.110904E+02   0.889225E+01   0.120109E+02   0.197254E+02   0.173545E+03
   0.965697E+02   0.751851E+01   0.106480E-02   0.104237E+02   0.119687E+02   0.139112E+02   0.153985E+02   0.168786E+03
   0.975928E+02   0.164072E+01   0.703304E-03   0.109833E+02   0.141849E+02   0.104769E+02   0.154654E+02   0.172637E+03
   0.970547E+02   0.418308E+01   0.677928E-03   0.928013E+01   0.105695E+02   0.159444E+02   0.145896E+02   0.174855E+03
   0.987865E+02   0.228432E+01   0.677928E-03   0.116939E+02   0.899533E+01   0.112931E+02   0.158116E+02   0.173732E+03
   0.975212E+02   0.261538E+01   0.495684E-03   0.102277E+02   0.175166E+02   0.137180E+02   0.133062E+02   0.171225E+03
   0.984062E+02  -0.504321E+00   0.419705E-03   0.138337E+02   0.132919E+02   0.101988E+02   0.158222E+02   0.169839E+03
   0.980636E+02  -0.117057E+01   0.592249E-03   0.111632E+02   0.876936E+01   0.208425E+02   0.129014E+02   0.173852E+03
   0.977153E+02   0.159866E+01   0.592249E-03   0.903391E+01   0.122009E+02   0.133893E+02   0.149285E+02   0.175642E+03
   0.977028E+02   0.988181E+00   0.399340E-03   0.113791E+02   0.798972E+01   0.159300E+02   0.135617E+02   0.174216E+03
   0.972568E+02   0.104089E+01   0.387265E-03   0.979509E+01   0.747418E+01   0.150804E+02   0.193477E+02   0.173035E+03
   0.970131E+02   0.844928E+00   0.387265E-03   0.752337E+01   0.117384E+02   0.154691E+02   0.125760E+02   0.173128E+03
   0.982602E+02   0.366745E+01   0.696236E-03   0.824240E+01   0.129864E+02   0.174068E+02   0.132427E+02   0.173387E+03
   0.971424E+02  -0.168367E+01   0.610761E-03   0.123983E+02   0.782568E+01   0.137210E+02   0.219276E+02   0.171885E+03
   0.984505E+02  -0.350646E+01   0.610761E-03   0.121660E+02   0.893840E+01   0.205065E+02   0.182928E+02   0.171609E+03
   0.972478E+02   0.117502E+01   0.672752E-03   0.933047E+01   0.136948E+02   0.195013E+02   0.142385E+02   0.173364E+03
   0.984241E+02  -0.231756E+01   0.560450E-03   0.113469E+02   0.744860E+01   0.194887E+02   0.196597E+02   0.171702E+03
   0.980760E+02   0.294945E+01   0.489071E-03   0.127077E+02   0.908246E+01   0.124157E+02   0.162081E+02   0.173890E+03
   0.981055E+02   0.178189E+01   0.539141E-03   0.951380E+01   0.833064E+01   0.156580E+02   0.178538E+02   0.175194E+03
   0.981055E+02  -0.675622E+00   0.996600E-03   0.982031E+01   0.900343E+01   0.206612E+02   0.144380E+02   0.171228E+03
   0.982691E+02   0.829353E+01   0.710107E-03   0.113879E+02   0.122744E+02   0.199173E+02   0.105676E+02   0.168233E+03
   0.979328E+02   0.490769E+01   0.584103E-03   0.127017E+02   0.801064E+01   0.190308E+02   0.156657E+02   0.172474E+03
   0.972262E+02   0.212276E+01   0.584103E-03   0.866523E+01   0.138920E+02   0.139646E+02   0.986196E+01   0.172560E+03
   0.975004E+02   0.242825E+01   0.437965E-03   0.114647E+02   0.814657E+01   0.182927E+02   0.191657E+02   0.172937E+03
   0.978896E+02  -0.594515E+01   0.618516E-03   0.118245E+02   0.775857E+01   0.146329E+02   0.164866E+02   0.171170E+03
   0.984472E+02   0.143266E+01   0.694386E-03   0.538352E+01   0.106790E+02   0.115529E+02   0.158722E+02   0.170691E+03
   0.981469E+02  -0.716502E+00   0.602118E-03   0.746121E+01   0.683873E+01   0.196081E+02   0.157233E+02   0.172642E+03
   0.981469E+02  -0.219407E+01   0.732274E-03   0.764558E+01   0.989733E+01   0.192314E+02   0.158976E+02   0.173404E+03
   0.985156E+02   0.386681E+01   0.835744E-03   0.865594E+01   0.100452E+02   0.153440E+02   0.914714E+01   0.171348E+03
   0.976725E+02   0.246822E+01   0.776428E-03   0.902009E+01   0.858333E+01   0.138118E+02   0.194121E+02   0.174099E+03
   0.984950E+02   0.178842E+01   0.943405E-03   0.857957E+01   0.105747E+02   0.133531E+02   0.105620E+02   0.171930E+03
   0.960263E+02   0.192206E+01   0.676178E-03   0.886099E+01   0.130124E+02   0.136405E+02   0.174731E+02   0.171848E+03
   0.977749E+02  -0.338929E+01   0.678798E-03   0.887288E+01   0.116615E+02   0.125595E+02   0.164530E+02   0.173821E+03
   0.975704E+02   0.211914E+01   0.577036E-03   0.109861E+02   0.854184E+01   0.146041E+02   0.107631E+02   0.174917E+03
   0.980169E+02   0.808311E+00   0.577036E-03   0.858046E+01   0.129448E+02   0.124691E+02   0.222143E+02   0.172545E+03
   0.967203E+02   0.442803E+01   0.571830E-03   0.749246E+01   0.880574E+01   0.167038E+02   0.139272E+02   0.173320E+03
   0.970642E+02   0.232804E+01   0.589894E-03   0.967739E+01   0.884874E+01   0.149445E+02   0.127965E+02   0.175709E+03
   0.970642E+02  -0.256533E+01   0.855370E-03   0.916620E+01   0.876829E+01   0.166202E+02   0.204079E+02   0.171485E+03
   0.992827E+02  -0.263702E+01   0.854523E-03   0.950452E+01   0.108279E+02   0.166485E+02   0.184528E+02   0.171821E+03
   0.986570E+02   0.743784E+01   0.654573E-03   0.867896E+01   0.129715E+02   0.134849E+02   0.162311E+02   0.170578E+03
   0.975930E+02   0.163125E+01   0.577314E-03   0.916765E+01   0.113325E+02   0.134280E+02   0.151691E+02   0.176013E+03
   0.978786E+02   0.687884E+00   0.815068E-03   0.136144E+02   0.770790E+01   0.131269E+02   0.133986E+02   0.172914E+03
   0.982862E+02   0.147390E+01   0.486265E-03   0.103153E+02   0.159495E+02   0.103490E+02   0.183348E+02   0.170158E+03
   0.978344E+02   0.367034E+01   0.486265E-03   0.105518E+02   0.996779E+01   0.125868E+02   0.162997E+02   0.174614E+03
   0.984723E+02   0.272482E+01   0.486265E-03   0.102025E+02   0.930931E+01   0.114313E+02   0.178734E+02   0.173429E+03
   0.974011E+02   0.353568E+01   0.649924E-03   0.107283E+02   0.774282E+01   0.128294E+02   0.133695E+02   0.174808E+03
   0.991093E+02  -0.437049E+01   0.566933E-03   0.978501E+01   0.712142E+01   0.162119E+02   0.181797E+02   0.170711E+03
   0.972571E+02  -0.187259E+01   0.577093E-03   0.961235E+01   0.118634E+02   0.148653E+02   0.168456E+02   0.174635E+03
   0.976089E+02  -0.277047E+01   0.793082E-03   0.665726E+01   0.815792E+01   0.178285E+02   0.161147E+02   0.171670E+03
   0.980036E+02  -0.401514E+01   0.456908E-03   0.751347E+01   0.973466E+01   0.110573E+02   0.171642E+02   0.171329E+03
   0.980036E+02  -0.787784E+00   0.639291E-03   0.712010E+01   0.946240E+01   0.145109E+02   0.115656E+02   0.174449E+03
   0.965524E+02   0.281149E+01   0.556453E-03   0.101481E+02   0.811085E+01   0.137072E+02   0.134615E+02   0.174390E+03
   0.965524E+02  -0.140921E+01   0.626597E-03   0.860807E+01   0.114203E+02   0.157810E+02   0.164028E+02   0.173548E+03
   0.983624E+02   0.534592E+01   0.899456E-03   0.809522E+01   0.103826E+02   0.129922E+02   0.187091E+02   0.171659E+03
   0.978181E+02   0.253692E+01   0.926198E-03   0.892710E+01   0.112975E+02   0.185988E+02   0.122124E+02   0.172303E+03
   0.978181E+02  -0.207371E+01   0.555539E-03   0.144351E+02   0.737311E+01   0.149064E+02   0.119634E+02   0.172311E+03
   0.977860E+02  -0.285281E+01   0.839301E-03   0.108592E+02   0.983963E+01   0.188761E+02   0.913723E+01   0.170345E+03
   0.982228E+02  -0.257921E+01   0.408256E-03   0.101691E+02   0.100308E+02   0.122419E+02   0.151972E+02   0.173206E+03
   0.990179E+02  -0.999943E+00   0.682914E-03   0.819225E+01   0.120104E+02   0.191324E+02   0.163388E+02   0.172628E+03
   0.987889E+02   0.179024E+01   0.540166E-03   0.107696E+02   0.105431E+02   0.177539E+02   0.156433E+02   0.173954E+03
   0.968782E+02   0.223873E+01   0.429406E-03   0.931968E+01   0.928629E+01   0.148452E+02   0.128256E+02   0.174594E+03
   0.967870E+02  -0.422693E+01   0.684621E-03   0.102490E+02   0.117489E+02   0.144571E+02   0.171194E+02   0.171758E+03
   0.968965E+02   0.250286E+01   0.645244E-03   0.138973E+02   0.118325E+02   0.110053E+02   0.124959E+02   0.172221E+03
   0.979486E+02  -0.930585E-01   0.645244E-03   0.801712E+01   0.124359E+02   0.131031E+02   0.183426E+02   0.174239E+03
   0.978012E+02  -0.146273E+01   0.645244E-03   0.825696E+01   0.115960E+02   0.142216E+02   0.171467E+02   0.174866E+03
   0.975676E+02  -0.843601E+00   0.435847E-03   0.103742E+02   0.838732E+01   0.172395E+02   0.155223E+02   0.174642E+03
   0.974231E+02  -0.440039E+00   0.499917E-03   0.101600E+02   0.779264E+01   0.149215E+02   0.130317E+02   0.175320E+03
   0.969519E+02  -0.115338E+01   0.728954E-03   0.880973E+01   0.138100E+02   0.142193E+02   0.123225E+02   0.172870E+03
   0.970904E+02  -0.499091E+01   0.723052E-03   0.104251E+02   0.800387E+01   0.113552E+02   0.137355E+02   0.171263E+03
   0.980118E+02  -0.218202E+01   0.558463E-03   0.804597E+01   0.104587E+02   0.134119E+02   0.144261E+02   0.175068E+03
   0.967873E+02  -0.200211E+01   0.743619E-03   0.110784E+02   0.971398E+01   0.162047E+02   0.101777E+02   0.172195E+03
   0.969570E+02   0.205487E+01   0.759536E-03   0.929223E+01   0.743713E+01   0.111422E+02   0.210488E+02   0.171686E+03
   0.966192E+02   0.153448E+01   0.629533E-03   0.910798E+01   0.985532E+01   0.113981E+02   0.133121E+02   0.174481E+03
   0.972649E+02  -0.486270E+01   0.739342E-03   0.112393E+02   0.100454E+02   0.137869E+02   0.123692E+02   0.172226E+03
   0.974394E+02  -0.480234E+01   0.746202E-03   0.775218E+01   0.115048E+02   0.181820E+02   0.141476E+02   0.171483E+03
   0.977510E+02  -0.432556E+01   0.745136E-03   0.876724E+01   0.942372E+01   0.135318E+02   0.156480E+02   0.173594E+03
   0.980012E+02   0.712604E+00   0.703244E-03   0.104967E+02   0.106530E+02   0.142634E+02   0.142733E+02   0.175866E+03
   0.980012E+02   0.133931E+00   0.703244E-03   0.756616E+01   0.590066E+01   0.127678E+02   0.146777E+02   0.172193E+03
   0.973875E+02   0.948643E+00   0.409570E-03   0.106973E+02   0.949264E+01   0.110072E+02   0.841578E+01   0.170673E+03
   0.978536E+02   0.572419E+00   0.672404E-03   0.952591E+01   0.143423E+02   0.228037E+02   0.134947E+02   0.171607E+03
   0.978536E+02  -0.211947E+01   0.966224E-03   0.879716E+01   0.101440E+02   0.146102E+02   0.134947E+02   0.172753E+03
   0.961312E+02   0.141399E+01   0.891982E-03   0.128413E+02   0.676933E+01   0.131833E+02   0.155401E+02   0.169685E+03
   0.979366E+02   0.298715E+01   0.624113E-03   0.106181E+02   0.102103E+02   0.122773E+02   0.166085E+02   0.175295E+03
   0.989653E+02  -0.224156E-01   0.624113E-03   0.750299E+01   0.111338E+02   0.135852E+02   0.154511E+02   0.173856E+03
   0.966423E+02   0.674547E+00   0.583562E-03   0.114811E+02   0.134022E+02   0.129343E+02   0.251444E+02   0.169545E+03
   0.969497E+02   0.807560E+01   0.753526E-03   0.897947E+01   0.110263E+02   0.114913E+02   0.159907E+02   0.170680E+03
   0.968006E+02   0.129561E+01   0.881542E-03   0.945678E+01   0.118823E+02   0.120824E+02   0.155155E+02   0.172749E+03
   0.971854E+02   0.265947E+00   0.479479E-03   0.847624E+01   0.903780E+01   0.109995E+02   0.164753E+02   0.174491E+03
   0.977365E+02   0.212841E+00   0.479479E-03   0.126825E+02   0.102420E+02   0.106546E+02   0.178331E+02   0.173369E+03
   0.972194E+02   0.396951E+01   0.753641E-03   0.789161E+01   0.125949E+02   0.157215E+02   0.136565E+02   0.173436E+03
   0.987293E+02  -0.356064E+01   0.599014E-03   0.867729E+01   0.886862E+01   0.141132E+02   0.137741E+02   0.173971E+03
   0.977681E+02   0.151355E+01   0.599014E-03   0.115864E+02   0.106868E+02   0.157616E+02   0.185876E+02   0.174998E+03
   0.982796E+02   0.689893E+01   0.591354E-03   0.123391E+02   0.808612E+01   0.152184E+02   0.171886E+02   0.171202E+03
   0.964904E+02   0.264980E+01   0.579318E-03   0.105495E+02   0.961768E+01   0.188795E+02   0.188492E+02   0.172914E+03
   0.980534E+02   0.177686E+01   0.579318E-03   0.119532E+02   0.136183E+02   0.175208E+02   0.127383E+02   0.173505E+03
   0.980398E+02   0.185018E+01   0.615338E-03   0.133031E+02   0.107002E+02   0.150020E+02   0.948585E+01   0.172623E+03
   0.984564E+02   0.495808E+01   0.615338E-03   0.129270E+02   0.124350E+02   0.112133E+02   0.122716E+02   0.171359E+03
   0.984564E+02   0.495808E+01   0.615338E-03   0.917577E+01   0.127125E+02   0.138374E+02   0.154270E+02   0.173317E+03
   0.979868E+02   0.102924E-01   0.539066E-03   0.869675E+01   0.555531E+01   0.174993E+02   0.137033E+02   0.171921E+03
   0.981342E+02   0.118998E+00   0.582827E-03   0.103681E+02   0.113054E+02   0.136610E+02   0.146912E+02   0.175862E+03
   0.972030E+02   0.287543E+01   0.577446E-03   0.902945E+01   0.101592E+02   0.136610E+02   0.184101E+02   0.175093E+03
   0.974850E+02  -0.345055E-01   0.515537E-03   0.761776E+01   0.102613E+02   0.163473E+02   0.120747E+02   0.174942E+03
   0.975918E+02   0.829214E+01   0.945653E-03   0.103532E+02   0.117498E+02   0.110374E+02   0.133292E+02   0.169486E+03
   0.993248E+02   0.237360E+01   0.685311E-03   0.118494E+02   0.122022E+02   0.163011E+02   0.171502E+02   0.172004E+03
   0.984355E+02  -0.536014E+01   0.618952E-03   0.120887E+02   0.875445E+01   0.163534E+02   0.100805E+02   0.170587E+03
   0.967736E+02   0.168532E+01   0.463863E-03   0.138452E+02   0.805301E+01   0.203592E+02   0.196954E+02   0.170332E+03
   0.969993E+02   0.212286E+01   0.629459E-03   0.742359E+01   0.776437E+01   0.121538E+02   0.198001E+02   0.172872E+03
   0.975232E+02   0.283366E+01   0.682530E-03   0.944059E+01   0.763161E+01   0.149935E+02   0.168431E+02   0.174969E+03
   0.975770E+02   0.540038E+01   0.545929E-03   0.971161E+01   0.112212E+02   0.149935E+02   0.112538E+02   0.173320E+03
   0.979043E+02  -0.835359E+00   0.715136E-03   0.676748E+01   0.768091E+01   0.139158E+02   0.114999E+02   0.173025E+03
   0.979091E+02  -0.568609E+01   0.756514E-03   0.905160E+01   0.640538E+01   0.189132E+02   0.104803E+02   0.168437E+03
   0.980328E+02   0.271914E+01   0.710892E-03   0.914013E+01   0.104860E+02   0.158230E+02   0.129264E+02   0.175401E+03
   0.975754E+02   0.305697E+01   0.635725E-03   0.762969E+01   0.102847E+02   0.127946E+02   0.163110E+02   0.174971E+03
   0.976557E+02   0.525203E+01   0.651330E-03   0.140812E+02   0.823881E+01   0.162979E+02   0.192286E+02   0.171509E+03
   0.976557E+02   0.176639E+01   0.651330E-03   0.104534E+02   0.103859E+02   0.150413E+02   0.133529E+02   0.176086E+03
   0.967487E+02   0.117729E+01   0.651330E-03   0.113768E+02   0.103361E+02   0.159984E+02   0.181642E+02   0.174262E+03
   0.968953E+02  -0.731422E-01   0.505707E-03   0.114604E+02   0.126374E+02   0.169033E+02   0.151602E+02   0.173841E+03
   0.976838E+02  -0.310968E+01   0.334985E-03   0.884732E+01   0.114071E+02   0.123763E+02   0.191030E+02   0.170359E+03
   0.973555E+02   0.259569E+01   0.713643E-03   0.107492E+02   0.954724E+01   0.145634E+02   0.129955E+02   0.175474E+03
   0.982961E+02   0.707013E-02   0.608147E-03   0.807984E+01   0.116636E+02   0.203629E+02   0.123981E+02   0.173526E+03
   0.982990E+02   0.225467E+00   0.608147E-03   0.116317E+02   0.926023E+01   0.173223E+02   0.162677E+02   0.175081E+03
   0.982990E+02   0.596666E+01   0.612840E-03   0.126665E+02   0.102867E+02   0.249212E+02   0.134145E+02   0.168985E+03
   0.975645E+02   0.899739E-01   0.612840E-03   0.994468E+01   0.126290E+02   0.173467E+02   0.212618E+02   0.173161E+03
   0.978865E+02   0.229006E+01   0.618587E-03   0.113292E+02   0.120313E+02   0.144342E+02   0.145190E+02   0.175314E+03
   0.979869E+02   0.196433E+01   0.475957E-03   0.841293E+01   0.791884E+01   0.117845E+02   0.174299E+02   0.174077E+03
   0.976598E+02  -0.156311E+01   0.605288E-03   0.950019E+01   0.108071E+02   0.151156E+02   0.140707E+02   0.175774E+03
   0.990657E+02   0.316769E+00   0.636580E-03   0.128099E+02   0.973981E+01   0.186424E+02   0.145191E+02   0.172914E+03
   0.971706E+02   0.943132E+00   0.609767E-03   0.111213E+02   0.125576E+02   0.165277E+02   0.183741E+02   0.174095E+03
   0.984453E+02   0.355006E+00   0.581504E-03   0.755851E+01   0.910653E+01   0.136464E+02   0.157340E+02   0.175051E+03
   0.981591E+02  -0.230331E+01   0.640159E-03   0.153760E+02   0.911871E+01   0.126206E+02   0.126822E+02   0.172325E+03
   0.974488E+02   0.560964E+01   0.447650E-03   0.123480E+02   0.112889E+02   0.126206E+02   0.160851E+02   0.171525E+03
   0.974488E+02   0.419345E+01   0.523095E-03   0.801832E+01   0.101865E+02   0.162791E+02   0.161862E+02   0.174399E+03
   0.982986E+02   0.552356E+00   0.511082E-03   0.881531E+01   0.125288E+02   0.130005E+02   0.183605E+02   0.173984E+03
   0.978980E+02  -0.178862E+01   0.735814E-03   0.125992E+02   0.792034E+01   0.154105E+02   0.189043E+02   0.173038E+03
   0.977553E+02  -0.253999E+01   0.710580E-03   0.119262E+02   0.991124E+01   0.186794E+02   0.145525E+02   0.173747E+03
   0.971010E+02   0.169284E+01   0.623250E-03   0.807912E+01   0.920752E+01   0.137011E+02   0.166458E+02   0.175406E+03
   0.977148E+02  -0.444205E+01   0.509677E-03   0.995859E+01   0.122939E+02   0.109743E+02   0.111874E+02   0.170945E+03
   0.978395E+02   0.144106E+01   0.552876E-03   0.112026E+02   0.115414E+02   0.164528E+02   0.158103E+02   0.175383E+03
   0.963781E+02   0.216152E+01   0.682634E-03   0.119418E+02   0.899106E+01   0.164894E+02   0.174246E+02   0.173205E+03
   0.981464E+02   0.379541E+01   0.801681E-03   0.890451E+01   0.936378E+01   0.188506E+02   0.149576E+02   0.173751E+03
   0.981464E+02  -0.113487E-02   0.594824E-03   0.775468E+01   0.737148E+01   0.175166E+02   0.171932E+02   0.173972E+03
   0.981342E+02   0.186934E+01   0.589303E-03   0.867279E+01   0.681639E+01   0.217231E+02   0.141095E+02   0.172496E+03
   0.972468E+02   0.211099E+01   0.662211E-03   0.889577E+01   0.145847E+02   0.118723E+02   0.156126E+02   0.173256E+03
   0.979559E+02   0.224008E+01   0.605483E-03   0.111679E+02   0.120473E+02   0.158646E+02   0.121728E+02   0.174879E+03
   0.972438E+02  -0.985055E+00   0.605483E-03   0.140576E+02   0.962407E+01   0.145617E+02   0.159195E+02   0.173980E+03
   0.972438E+02   0.967111E+00   0.645024E-03   0.969039E+01   0.962407E+01   0.156139E+02   0.819524E+01   0.172143E+03
   0.984552E+02  -0.173517E+00   0.521905E-03   0.971742E+01   0.115838E+02   0.141327E+02   0.134770E+02   0.175102E+03
   0.974017E+02   0.147829E+01   0.521905E-03   0.979139E+01   0.115838E+02   0.141795E+02   0.150767E+02   0.175832E+03
   0.974017E+02   0.176037E+00   0.742242E-03   0.982979E+01   0.805240E+01   0.149367E+02   0.146013E+02   0.175271E+03
   0.965734E+02   0.151415E+01   0.488436E-03   0.102289E+02   0.969494E+01   0.176483E+02   0.180267E+02   0.173666E+03
   0.977133E+02   0.255119E+00   0.457529E-03   0.927336E+01   0.104657E+02   0.191974E+02   0.133961E+02   0.174702E+03
   0.979030E+02   0.172623E+01   0.701917E-03   0.104423E+02   0.742764E+01   0.153747E+02   0.123350E+02   0.174816E+03
   0.964819E+02   0.465044E+01   0.701917E-03   0.135519E+02   0.118421E+02   0.185116E+02   0.199613E+02   0.169718E+03
   0.989322E+02  -0.135510E+00   0.685223E-03   0.125752E+02   0.132049E+02   0.169736E+02   0.135305E+02   0.172489E+03
   0.991990E+02   0.605674E+01   0.685223E-03   0.147319E+02   0.126982E+02   0.135044E+02   0.171139E+02   0.168586E+03
   0.977645E+02  -0.286881E+00   0.902827E-03   0.728022E+01   0.923904E+01   0.140493E+02   0.196793E+02   0.171936E+03
   0.976309E+02  -0.286881E+00   0.418898E-03   0.994044E+01   0.109088E+02   0.198952E+02   0.129501E+02   0.173722E+03
   0.982499E+02   0.320210E+01   0.772405E-03   0.887870E+01   0.626267E+01   0.162244E+02   0.188647E+02   0.171656E+03
   0.987629E+02   0.496101E+01   0.784354E-03   0.673145E+01   0.720437E+01   0.163216E+02   0.182144E+02   0.170215E+03
   0.975705E+02   0.102445E+01   0.457630E-03   0.104261E+02   0.655727E+01   0.136918E+02   0.164434E+02   0.173783E+03
   0.972525E+02   0.153120E+01   0.619892E-03   0.130375E+02   0.114723E+02   0.112693E+02   0.162828E+02   0.173774E+03
   0.984310E+02  -0.342811E+00   0.775226E-03   0.738218E+01   0.138978E+02   0.108270E+02   0.135067E+02   0.171595E+03
   0.974241E+02   0.652781E+00   0.367915E-03   0.104048E+02   0.132544E+02   0.163206E+02   0.139863E+02   0.173131E+03
   0.974241E+02  -0.198179E+01   0.480116E-03   0.865096E+01   0.980469E+01   0.181506E+02   0.109360E+02   0.173424E+03
   0.978745E+02   0.144468E+01   0.651736E-03   0.111780E+02   0.112395E+02   0.162103E+02   0.195294E+02   0.174440E+03
   0.973978E+02   0.324666E+01   0.707117E-03   0.983080E+01   0.900283E+01   0.103802E+02   0.133851E+02   0.174175E+03
   0.973978E+02   0.321156E+01   0.743944E-03   0.987298E+01   0.784215E+01   0.176659E+02   0.239916E+02   0.171135E+03
   0.969095E+02   0.125606E+01   0.644588E-03   0.937192E+01   0.803810E+01   0.116530E+02   0.162476E+02   0.174644E+03
   0.976181E+02  -0.673228E-01   0.642216E-03   0.825018E+01   0.122739E+02   0.126899E+02   0.104665E+02   0.173822E+03
   0.978457E+02  -0.134416E+01   0.571738E-03   0.100456E+02   0.677757E+01   0.180937E+02   0.140037E+02   0.173881E+03
   0.978457E+02   0.429322E+01   0.704350E-03   0.877899E+01   0.988277E+01   0.149511E+02   0.160963E+02   0.175002E+03
   0.973841E+02   0.356535E+01   0.476005E-03   0.996347E+01   0.875527E+01   0.191993E+02   0.170664E+02   0.173693E+03
   0.978504E+02   0.630943E+01   0.694945E-03   0.101038E+02   0.145983E+02   0.192257E+02   0.139573E+02   0.170706E+03
   0.963240E+02  -0.337520E+01   0.670214E-03   0.772388E+01   0.914806E+01   0.118849E+02   0.109716E+02   0.170191E+03
   0.982870E+02   0.275209E+01   0.784523E-03   0.843694E+01   0.926060E+01   0.128218E+02   0.174752E+02   0.174243E+03
   0.979371E+02  -0.159735E+01   0.845579E-03   0.117459E+02   0.772286E+01   0.160221E+02   0.135076E+02   0.173212E+03
   0.976891E+02  -0.865249E+00   0.600611E-03   0.877067E+01   0.102487E+02   0.127843E+02   0.108607E+02   0.174923E+03
   0.976045E+02  -0.165526E+01   0.600611E-03   0.877067E+01   0.865834E+01   0.197406E+02   0.136369E+02   0.174406E+03
   0.974353E+02   0.217725E+01   0.653490E-03   0.953684E+01   0.101466E+02   0.123890E+02   0.113178E+02   0.175154E+03
   0.981064E+02   0.426492E+01   0.435311E-03   0.807983E+01   0.703213E+01   0.133679E+02   0.116547E+02   0.171456E+03
   0.981064E+02   0.265644E+00   0.649913E-03   0.950230E+01   0.972127E+01   0.112029E+02   0.213104E+02   0.173560E+03
   0.983008E+02   0.267047E+01   0.614882E-03   0.105180E+02   0.822559E+01   0.149083E+02   0.132062E+02   0.175309E+03
   0.970565E+02   0.538945E+01   0.456830E-03   0.101632E+02   0.102137E+02   0.186286E+02   0.116253E+02   0.171654E+03
   0.979114E+02  -0.758342E+00   0.619108E-03   0.874548E+01   0.831216E+01   0.110898E+02   0.163850E+02   0.174822E+03
   0.992095E+02   0.149358E+01   0.718122E-03   0.962704E+01   0.758364E+01   0.114649E+02   0.177377E+02   0.172393E+03
   0.971162E+02  -0.996968E+00   0.451122E-03   0.162068E+02   0.983600E+01   0.188151E+02   0.167164E+02   0.170552E+03
   0.966860E+02   0.178669E+01   0.578185E-03   0.137016E+02   0.917806E+01   0.126978E+02   0.137035E+02   0.173616E+03
   0.983979E+02   0.115485E+01   0.617523E-03   0.115338E+02   0.874292E+01   0.127679E+02   0.130369E+02   0.175183E+03
   0.976998E+02  -0.178745E+01   0.630249E-03   0.997320E+01   0.107205E+02   0.119958E+02   0.132484E+02   0.175180E+03
   0.975755E+02   0.463176E+01   0.605180E-03   0.101325E+02   0.696992E+01   0.141114E+02   0.113869E+02   0.173243E+03
   0.969768E+02  -0.192268E+01   0.605180E-03   0.101325E+02   0.123391E+02   0.141114E+02   0.805653E+01   0.170001E+03
   0.975336E+02  -0.349784E+01   0.452863E-03   0.134601E+02   0.160121E+02   0.197224E+02   0.158490E+02   0.167702E+03
   0.983444E+02  -0.352111E+01   0.738043E-03   0.809842E+01   0.161008E+02   0.153655E+02   0.233703E+02   0.167794E+03
   0.988676E+02   0.277898E+00   0.655060E-03   0.772433E+01   0.605194E+01   0.170131E+02   0.139659E+02   0.171612E+03
   0.977832E+02   0.415289E+01   0.677615E-03   0.977189E+01   0.872874E+01   0.141776E+02   0.117924E+02   0.174843E+03
   0.977832E+02   0.291917E+01   0.677615E-03   0.119870E+02   0.107662E+02   0.142667E+02   0.163968E+02   0.174993E+03
   0.986430E+02   0.538208E+01   0.948700E-03   0.100081E+02   0.113535E+02   0.156051E+02   0.155842E+02   0.171824E+03
   0.978102E+02  -0.237879E+00   0.628813E-03   0.701897E+01   0.975752E+01   0.186594E+02   0.165545E+02   0.174063E+03
   0.988842E+02  -0.224038E+01   0.698794E-03   0.687867E+01   0.815762E+01   0.158444E+02   0.131421E+02   0.172704E+03
   0.961710E+02   0.722829E+00   0.503774E-03   0.102591E+02   0.816659E+01   0.205625E+02   0.136742E+02   0.171684E+03
   0.972979E+02   0.418755E+01   0.710225E-03   0.113373E+02   0.858470E+01   0.143814E+02   0.153514E+02   0.174642E+03
   0.983776E+02   0.462974E+01   0.532432E-03   0.147302E+02   0.845615E+01   0.158235E+02   0.160704E+02   0.171493E+03
   0.977448E+02   0.285043E+01   0.639753E-03   0.740177E+01   0.908207E+01   0.192311E+02   0.193775E+02   0.173101E+03
   0.975707E+02   0.256500E+01   0.668484E-03   0.958371E+01   0.671873E+01   0.143995E+02   0.149720E+02   0.174491E+03
   0.975707E+02  -0.134711E+01   0.658753E-03   0.106185E+02   0.810021E+01   0.173070E+02   0.125757E+02   0.174760E+03
   0.986092E+02  -0.173239E+01   0.405394E-03   0.888611E+01   0.110004E+02   0.238713E+02   0.138924E+02   0.169749E+03
   0.969469E+02  -0.866402E+00   0.776358E-03   0.908809E+01   0.889997E+01   0.163903E+02   0.156772E+02   0.174251E+03
   0.991299E+02  -0.176712E+01   0.870709E-03   0.701787E+01   0.151775E+02   0.137147E+02   0.176354E+02   0.168965E+03
   0.994843E+02   0.412686E+01   0.821307E-03   0.930515E+01   0.111421E+02   0.128066E+02   0.101229E+02   0.170481E+03
   0.969909E+02   0.811428E+00   0.843396E-03   0.118294E+02   0.844973E+01   0.100064E+02   0.196960E+02   0.170779E+03
   0.982333E+02   0.132997E+01   0.577344E-03   0.891473E+01   0.969561E+01   0.152339E+02   0.130845E+02   0.175947E+03
   0.976997E+02   0.231629E+01   0.815318E-03   0.105431E+02   0.969561E+01   0.158202E+02   0.181118E+02   0.174238E+03
   0.994565E+02  -0.114093E+01   0.753982E-03   0.942739E+01   0.104792E+02   0.155043E+02   0.135678E+02   0.173369E+03
   0.979127E+02  -0.114093E+01   0.724891E-03   0.121739E+02   0.797278E+01   0.110751E+02   0.106419E+02   0.172539E+03
   0.980100E+02   0.275461E+01   0.555226E-03   0.132610E+02   0.148621E+02   0.134392E+02   0.204444E+02   0.170710E+03
   0.980100E+02   0.405440E+01   0.114826E-02   0.102639E+02   0.997859E+01   0.190680E+02   0.167191E+02   0.169290E+03
   0.974876E+02   0.478519E+01   0.738598E-03   0.135916E+02   0.903651E+01   0.222445E+02   0.123190E+02   0.170620E+03
   0.978481E+02   0.874807E+00   0.705568E-03   0.122241E+02   0.912229E+01   0.139436E+02   0.131835E+02   0.175255E+03
   0.975506E+02   0.107376E+01   0.699093E-03   0.986918E+01   0.749122E+01   0.131376E+02   0.127987E+02   0.175066E+03
   0.980323E+02   0.482780E+01   0.572715E-03   0.977369E+01   0.119377E+02   0.141339E+02   0.154827E+02   0.174183E+03
   0.984604E+02   0.379312E+01   0.772910E-03   0.952103E+01   0.103559E+02   0.120015E+02   0.163145E+02   0.174018E+03
   0.986193E+02  -0.977771E+00   0.747795E-03   0.102343E+02   0.912339E+01   0.159695E+02   0.135831E+02   0.174885E+03
   0.972458E+02   0.237765E+01   0.855823E-03   0.111698E+02   0.103141E+02   0.125295E+02   0.135736E+02   0.173842E+03
   0.971414E+02  -0.118658E+01   0.716474E-03   0.129582E+02   0.723773E+01   0.193547E+02   0.120299E+02   0.171645E+03
   0.971414E+02  -0.370530E+01   0.613347E-03   0.118298E+02   0.796376E+01   0.206723E+02   0.145843E+02   0.171371E+03
   0.961111E+02   0.366344E+01   0.613347E-03   0.948069E+01   0.900385E+01   0.162966E+02   0.165393E+02   0.172976E+03
   0.976681E+02   0.117152E+01   0.709784E-03   0.970086E+01   0.993346E+01   0.153196E+02   0.147903E+02   0.176024E+03
   0.974650E+02  -0.304517E+01   0.755248E-03   0.676112E+01   0.115474E+02   0.126154E+02   0.177474E+02   0.171702E+03
   0.967961E+02   0.133440E+01   0.737929E-03   0.102367E+02   0.980375E+01   0.142756E+02   0.116806E+02   0.174499E+03
   0.967961E+02  -0.107174E+01   0.744336E-03   0.119548E+02   0.104842E+02   0.181896E+02   0.136795E+02   0.173180E+03
   0.964817E+02   0.139207E+01   0.744336E-03   0.129104E+02   0.896554E+01   0.133730E+02   0.166015E+02   0.172998E+03
   0.969277E+02   0.292364E+01   0.520940E-03   0.771179E+01   0.969543E+01   0.161349E+02   0.115423E+02   0.174051E+03
   0.977843E+02   0.292364E+01   0.487968E-03   0.578000E+01   0.115700E+02   0.183358E+02   0.109699E+02   0.170316E+03
   0.973722E+02   0.113165E+01   0.315838E-03   0.132284E+02   0.735046E+01   0.164382E+02   0.211817E+02   0.169384E+03
   0.978866E+02   0.238722E+01   0.588211E-03   0.984377E+01   0.915953E+01   0.176344E+02   0.166941E+02   0.175449E+03
   0.972456E+02  -0.113827E+01   0.588211E-03   0.103169E+02   0.110780E+02   0.181776E+02   0.127359E+02   0.174686E+03
   0.983591E+02   0.550604E+00   0.563779E-03   0.112880E+02   0.118272E+02   0.141516E+02   0.174451E+02   0.174696E+03
   0.983541E+02  -0.118202E+01   0.563779E-03   0.133707E+02   0.923590E+01   0.198156E+02   0.108495E+02   0.172104E+03
   0.969537E+02   0.628252E+01   0.725431E-03   0.122236E+02   0.959516E+01   0.187144E+02   0.114704E+02   0.171237E+03
   0.982279E+02   0.243990E+01   0.555751E-03   0.123163E+02   0.104281E+02   0.155875E+02   0.154087E+02   0.174865E+03
   0.970680E+02   0.215083E+01   0.530713E-03   0.112932E+02   0.106524E+02   0.175729E+02   0.109392E+02   0.174021E+03
   0.982723E+02   0.183274E+01   0.557818E-03   0.136654E+02   0.783592E+01   0.145381E+02   0.167036E+02   0.173629E+03
   0.975718E+02  -0.219332E+01   0.453423E-03   0.905010E+01   0.113888E+02   0.174428E+02   0.198350E+02   0.172746E+03
   0.978780E+02   0.395749E+01   0.422274E-03   0.784949E+01   0.123318E+02   0.172636E+02   0.133183E+02   0.172245E+03
   0.978702E+02  -0.281391E+01   0.941685E-03   0.128473E+02   0.115878E+02   0.114039E+02   0.149062E+02   0.170801E+03
   0.971939E+02   0.425166E+01   0.400958E-03   0.112611E+02   0.718937E+01   0.167262E+02   0.122485E+02   0.171540E+03
   0.980747E+02  -0.464575E+01   0.943528E-03   0.128157E+02   0.811326E+01   0.128001E+02   0.137081E+02   0.170528E+03
   0.981288E+02   0.269104E+01   0.943528E-03   0.707245E+01   0.122002E+02   0.133760E+02   0.136322E+02   0.171571E+03
   0.978348E+02  -0.256354E+00   0.457236E-03   0.813804E+01   0.119686E+02   0.171692E+02   0.166282E+02   0.174185E+03
   0.992138E+02  -0.295313E+01   0.723933E-03   0.104824E+02   0.110183E+02   0.160649E+02   0.149648E+02   0.173225E+03
   0.997104E+02  -0.143539E+01   0.532658E-03   0.122439E+02   0.836952E+01   0.243679E+02   0.123619E+02   0.166894E+03
   0.965609E+02   0.486558E+01   0.707521E-03   0.773793E+01   0.785293E+01   0.150989E+02   0.168996E+02   0.172432E+03
   0.972732E+02   0.480755E+01   0.707521E-03   0.129209E+02   0.138332E+02   0.165589E+02   0.180730E+02   0.171221E+03
   0.979729E+02  -0.163816E+01   0.712360E-03   0.955835E+01   0.819867E+01   0.124662E+02   0.158893E+02   0.174906E+03
   0.984877E+02  -0.305532E+01   0.121916E-02   0.864293E+01   0.892093E+01   0.139903E+02   0.209318E+02   0.167329E+03
   0.978230E+02   0.112647E+01   0.525671E-03   0.107991E+02   0.130892E+02   0.164720E+02   0.129654E+02   0.174636E+03
   0.992383E+02   0.431196E+01   0.837313E-03   0.111008E+02   0.604339E+01   0.122219E+02   0.125317E+02   0.169346E+03
   0.980191E+02   0.320922E+01   0.799877E-03   0.132102E+02   0.996345E+01   0.134984E+02   0.170216E+02   0.173329E+03
   0.980055E+02   0.319310E+01   0.624160E-03   0.936674E+01   0.101197E+02   0.117643E+02   0.121975E+02   0.175013E+03
   0.975829E+02   0.251266E+01   0.494133E-03   0.800478E+01   0.891118E+01   0.134763E+02   0.143887E+02   0.175378E+03
   0.976657E+02  -0.223473E+00   0.618211E-03   0.784424E+01   0.704580E+01   0.127223E+02   0.133856E+02   0.174413E+03
   0.978725E+02   0.206939E+01   0.727592E-03   0.961301E+01   0.823454E+01   0.126238E+02   0.123720E+02   0.175074E+03
   0.978725E+02   0.811219E+00   0.518032E-03   0.909735E+01   0.867427E+01   0.203034E+02   0.156798E+02   0.174592E+03
   0.978725E+02  -0.881123E+00   0.652499E-03   0.121937E+02   0.104945E+02   0.143560E+02   0.105755E+02   0.174140E+03
   0.972089E+02   0.284881E+00   0.546491E-03   0.969983E+01   0.135774E+02   0.933671E+01   0.126699E+02   0.172148E+03
   0.971836E+02  -0.172649E+01   0.520399E-03   0.919723E+01   0.928712E+01   0.150486E+02   0.204727E+02   0.173739E+03
   0.976055E+02   0.232975E+01   0.425346E-03   0.113231E+02   0.791332E+01   0.200313E+02   0.905633E+01   0.170395E+03
   0.977638E+02   0.727992E+00   0.362445E-03   0.915469E+01   0.117225E+02   0.211547E+02   0.113178E+02   0.171403E+03
   0.967839E+02  -0.725028E+00   0.795515E-03   0.722928E+01   0.101045E+02   0.162532E+02   0.153935E+02   0.172999E+03
   0.969751E+02  -0.313107E+01   0.572976E-03   0.112919E+02   0.751918E+01   0.146160E+02   0.284350E+02   0.167255E+03
   0.979693E+02  -0.731620E+01   0.648671E-03   0.713972E+01   0.959125E+01   0.159866E+02   0.148371E+02   0.169676E+03
   0.976582E+02   0.569307E+00   0.531848E-03   0.890644E+01   0.883853E+01   0.233878E+02   0.161646E+02   0.173183E+03
   0.989990E+02  -0.361415E+00   0.706528E-03   0.125881E+02   0.803868E+01   0.163642E+02   0.137388E+02   0.173295E+03
   0.973260E+02   0.443420E+01   0.763012E-03   0.899604E+01   0.833501E+01   0.144506E+02   0.176975E+02   0.173942E+03
   0.971440E+02   0.502719E+01   0.763012E-03   0.846481E+01   0.120526E+02   0.136413E+02   0.208641E+02   0.171745E+03
   0.988491E+02  -0.288367E+01   0.475480E-03   0.130864E+02   0.115799E+02   0.125051E+02   0.146059E+02   0.171355E+03
   0.969889E+02  -0.206232E+01   0.475480E-03   0.105415E+02   0.106851E+02   0.144812E+02   0.194487E+02   0.173114E+03
   0.977981E+02  -0.930154E+00   0.741943E-03   0.109982E+02   0.106851E+02   0.157483E+02   0.163746E+02   0.174952E+03
   0.985992E+02  -0.209315E+01   0.741943E-03   0.921319E+01   0.141658E+02   0.175605E+02   0.166421E+02   0.172246E+03
   0.989350E+02   0.996754E+00   0.741943E-03   0.921319E+01   0.926855E+01   0.135985E+02   0.133731E+02   0.174675E+03
   0.979268E+02  -0.110476E+00   0.704207E-03   0.143985E+02   0.117557E+02   0.127069E+02   0.119690E+02   0.172865E+03
   0.970358E+02   0.485974E+00   0.814545E-03   0.110376E+02   0.105228E+02   0.181477E+02   0.137995E+02   0.173695E+03
   0.982799E+02   0.605386E+00   0.725589E-03   0.128552E+02   0.912893E+01   0.192222E+02   0.159646E+02   0.173533E+03
   0.978199E+02   0.806230E+00   0.898702E-03   0.913617E+01   0.901088E+01   0.101367E+02   0.145621E+02   0.172662E+03
   0.962532E+02  -0.145610E+01   0.711800E-03   0.125383E+02   0.104549E+02   0.131690E+02   0.184450E+02   0.171461E+03
   0.969621E+02   0.182476E+01   0.647877E-03   0.133477E+02   0.100401E+02   0.130763E+02   0.162833E+02   0.174151E+03
   0.977405E+02  -0.309418E+00   0.714640E-03   0.663822E+01   0.112267E+02   0.140994E+02   0.181832E+02   0.173259E+03
   0.977809E+02  -0.987297E+00   0.575932E-03   0.128777E+02   0.977551E+01   0.183151E+02   0.156378E+02   0.174347E+03
   0.984715E+02   0.246973E+01   0.575932E-03   0.101402E+02   0.103529E+02   0.138794E+02   0.122498E+02   0.175096E+03
   0.984715E+02  -0.249648E+01   0.575932E-03   0.134539E+02   0.119298E+02   0.128293E+02   0.158379E+02   0.172831E+03
   0.989984E+02  -0.547592E+01   0.100579E-02   0.747288E+01   0.871345E+01   0.196390E+02   0.143087E+02   0.168705E+03
   0.968573E+02  -0.422515E+01   0.588696E-03   0.106310E+02   0.967373E+01   0.106876E+02   0.154666E+02   0.171470E+03
   0.968573E+02   0.176548E+01   0.672609E-03   0.118451E+02   0.102300E+02   0.146640E+02   0.135776E+02   0.174935E+03
   0.984866E+02   0.171160E+01   0.869653E-03   0.119742E+02   0.617823E+01   0.168891E+02   0.153403E+02   0.170922E+03
   0.966972E+02   0.228638E+01   0.697242E-03   0.104853E+02   0.116497E+02   0.131964E+02   0.149831E+02   0.174450E+03
   0.984416E+02   0.974143E+00   0.935863E-03   0.121866E+02   0.117815E+02   0.201632E+02   0.971579E+01   0.169079E+03
   0.980969E+02  -0.211396E+01   0.872052E-03   0.826862E+01   0.834556E+01   0.211709E+02   0.158866E+02   0.171562E+03
   0.986095E+02  -0.203738E+01   0.713010E-03   0.794044E+01   0.119049E+02   0.153744E+02   0.867592E+01   0.170754E+03
   0.986095E+02   0.294491E+01   0.710230E-03   0.145507E+02   0.768461E+01   0.211131E+02   0.182283E+02   0.169847E+03
   0.978920E+02   0.112787E+01   0.764792E-03   0.891153E+01   0.864363E+01   0.146236E+02   0.129185E+02   0.175318E+03
   0.970371E+02  -0.251696E+01   0.517120E-03   0.960430E+01   0.140947E+02   0.166986E+02   0.199150E+02   0.171108E+03
   0.970371E+02   0.131408E+01   0.636173E-03   0.710833E+01   0.937487E+01   0.146240E+02   0.125686E+02   0.174627E+03
   0.970371E+02  -0.885435E+00   0.786833E-03   0.128131E+02   0.147077E+02   0.161584E+02   0.125686E+02   0.170990E+03
   0.973087E+02  -0.366184E+01   0.576982E-03   0.115383E+02   0.890786E+01   0.171619E+02   0.152875E+02   0.173307E+03
   0.977743E+02   0.136612E+01   0.865905E-03   0.840127E+01   0.135294E+02   0.127804E+02   0.120422E+02   0.172397E+03
   0.981500E+02   0.136612E+01   0.687778E-03   0.107093E+02   0.122364E+02   0.233269E+02   0.147675E+02   0.172293E+03
   0.981500E+02   0.636726E+00   0.665854E-03   0.942906E+01   0.978200E+01   0.154212E+02   0.173171E+02   0.175712E+03
   0.980563E+02   0.193747E+01   0.383718E-03   0.101704E+02   0.117165E+02   0.131375E+02   0.160921E+02   0.173477E+03
   0.986180E+02   0.115277E+01   0.810579E-03   0.101726E+02   0.698443E+01   0.200590E+02   0.161568E+02   0.171964E+03
   0.973335E+02   0.118466E+01   0.701223E-03   0.113912E+02   0.117887E+02   0.137744E+02   0.133126E+02   0.175009E+03
   0.969983E+02   0.809959E+01   0.682930E-03   0.147913E+02   0.112388E+02   0.170471E+02   0.243567E+02   0.165326E+03
   0.983814E+02   0.894708E-01   0.598509E-03   0.702200E+01   0.962448E+01   0.135033E+02   0.146660E+02   0.174760E+03
   0.971140E+02   0.243456E+01   0.575781E-03   0.992056E+01   0.141688E+02   0.163612E+02   0.102390E+02   0.172449E+03
   0.970955E+02   0.734306E+00   0.575781E-03   0.112559E+02   0.116333E+02   0.137074E+02   0.130350E+02   0.175229E+03
   0.967168E+02   0.116251E+01   0.633090E-03   0.722874E+01   0.917140E+01   0.130734E+02   0.212273E+02   0.172453E+03
   0.982703E+02  -0.841628E-01   0.716308E-03   0.981292E+01   0.941289E+01   0.174255E+02   0.128393E+02   0.175186E+03
   0.975782E+02   0.147237E+01   0.753864E-03   0.821753E+01   0.120965E+02   0.159426E+02   0.185950E+02   0.173825E+03
   0.979514E+02   0.220678E+01   0.874695E-03   0.897590E+01   0.100180E+02   0.134766E+02   0.149659E+02   0.174338E+03
   0.982996E+02   0.390559E+01   0.835078E-03   0.102199E+02   0.702949E+01   0.178602E+02   0.129685E+02   0.172338E+03
   0.987081E+02   0.279759E+01   0.674027E-03   0.103397E+02   0.140714E+02   0.162128E+02   0.154319E+02   0.173004E+03
   0.966998E+02  -0.578342E+00   0.880809E-03   0.143277E+02   0.110541E+02   0.124814E+02   0.124635E+02   0.170583E+03
   0.979828E+02   0.760844E+00   0.682154E-03   0.932915E+01   0.754565E+01   0.115605E+02   0.181397E+02   0.174213E+03
   0.983862E+02   0.454347E+01   0.863482E-03   0.714658E+01   0.111560E+02   0.139396E+02   0.163555E+02   0.172168E+03
   0.980737E+02  -0.210780E+01   0.773013E-03   0.866178E+01   0.109979E+02   0.139396E+02   0.163555E+02   0.174414E+03
   0.982717E+02  -0.188840E+01   0.581501E-03   0.867684E+01   0.934898E+01   0.950699E+01   0.103895E+02   0.172003E+03
   0.978263E+02  -0.396908E+00   0.581501E-03   0.105516E+02   0.127478E+02   0.139595E+02   0.126821E+02   0.175062E+03
   0.968142E+02   0.429642E+01   0.378026E-03   0.828302E+01   0.107139E+02   0.170084E+02   0.151824E+02   0.171735E+03
   0.968142E+02   0.666663E+00   0.463169E-03   0.828302E+01   0.764536E+01   0.150274E+02   0.169955E+02   0.173915E+03
   0.976687E+02   0.316894E+01   0.374821E-03   0.141128E+02   0.118517E+02   0.173799E+02   0.134387E+02   0.171016E+03
   0.979710E+02  -0.748770E-01   0.590010E-03   0.809973E+01   0.978760E+01   0.138943E+02   0.114303E+02   0.175343E+03
   0.980308E+02   0.301509E+01   0.668486E-03   0.943899E+01   0.855476E+01   0.158448E+02   0.198699E+02   0.174308E+03
   0.980308E+02   0.101489E+01   0.415204E-03   0.895703E+01   0.111006E+02   0.154227E+02   0.124937E+02   0.174458E+03
   0.970699E+02   0.101489E+01   0.521583E-03   0.969753E+01   0.127753E+02   0.167113E+02   0.151598E+02   0.174701E+03
   0.970699E+02   0.233441E+00   0.521583E-03   0.131441E+02   0.102721E+02   0.142464E+02   0.242886E+02   0.171260E+03
   0.979781E+02   0.119503E+01   0.754587E-03   0.119187E+02   0.111750E+02   0.145386E+02   0.140077E+02   0.174867E+03
   0.980519E+02   0.450504E+01   0.533048E-03   0.905313E+01   0.107144E+02   0.180873E+02   0.170919E+02   0.173606E+03
   0.978839E+02  -0.231825E+01   0.572888E-03   0.103949E+02   0.946205E+01   0.142030E+02   0.176359E+02   0.175019E+03
   0.987050E+02   0.107049E+00   0.561491E-03   0.120846E+02   0.121352E+02   0.120502E+02   0.177542E+02   0.173089E+03
   0.978587E+02   0.149833E+01   0.540228E-03   0.906130E+01   0.890909E+01   0.108717E+02   0.184678E+02   0.174490E+03
   0.979007E+02   0.358284E+00   0.540228E-03   0.834841E+01   0.112295E+02   0.153233E+02   0.143121E+02   0.175792E+03
   0.979007E+02  -0.277766E+00   0.611243E-03   0.111844E+02   0.129633E+02   0.114246E+02   0.187914E+02   0.173418E+03
   0.971332E+02   0.188466E+01   0.611243E-03   0.776509E+01   0.943091E+01   0.127155E+02   0.145509E+02   0.175366E+03
   0.976227E+02   0.112673E+01   0.443122E-03   0.987727E+01   0.183702E+02   0.218656E+02   0.181112E+02   0.167689E+03
   0.968199E+02   0.536756E+00   0.475597E-03   0.111844E+02   0.108443E+02   0.172396E+02   0.229912E+02   0.171704E+03
   0.961836E+02   0.806895E+01   0.689999E-03   0.106999E+02   0.909035E+01   0.134035E+02   0.131770E+02   0.169801E+03
   0.988177E+02   0.559420E+01   0.755392E-03   0.789513E+01   0.907434E+01   0.140544E+02   0.159706E+02   0.172723E+03
   0.978415E+02   0.273253E-01   0.630215E-03   0.137482E+02   0.986708E+01   0.126034E+02   0.140079E+02   0.174560E+03
   0.978415E+02   0.354970E+01   0.714275E-03   0.734747E+01   0.115468E+02   0.145139E+02   0.154633E+02   0.174181E+03
   0.979426E+02   0.338380E+01   0.642560E-03   0.801537E+01   0.121145E+02   0.106393E+02   0.162387E+02   0.173442E+03
   0.979426E+02  -0.231755E+01   0.713722E-03   0.902509E+01   0.869430E+01   0.971923E+01   0.170515E+02   0.172848E+03
   0.981535E+02   0.424338E+01   0.662367E-03   0.100616E+02   0.844852E+01   0.142788E+02   0.204700E+02   0.173487E+03
   0.965139E+02   0.930942E+00   0.536024E-03   0.100100E+02   0.964527E+01   0.156289E+02   0.236356E+02   0.171796E+03
   0.969975E+02   0.193805E+01   0.488183E-03   0.104977E+02   0.128491E+02   0.135076E+02   0.106202E+02   0.173272E+03
   0.980073E+02   0.193805E+01   0.487275E-03   0.831415E+01   0.103103E+02   0.204216E+02   0.186168E+02   0.173154E+03
   0.980073E+02  -0.250184E+01   0.679365E-03   0.147686E+02   0.103103E+02   0.106973E+02   0.124127E+02   0.171624E+03
   0.982251E+02   0.344194E+01   0.595811E-03   0.116690E+02   0.954367E+01   0.131417E+02   0.117537E+02   0.174478E+03
   0.981146E+02  -0.871447E+00   0.745670E-03   0.898411E+01   0.972440E+01   0.126249E+02   0.132447E+02   0.175205E+03
   0.982881E+02  -0.208881E+01   0.781286E-03   0.898411E+01   0.762565E+01   0.133404E+02   0.106702E+02   0.172937E+03
   0.982881E+02  -0.225645E-02   0.781286E-03   0.790927E+01   0.204687E+02   0.158334E+02   0.122309E+02   0.167267E+03
   0.985955E+02  -0.225645E-02   0.631370E-03   0.944842E+01   0.113349E+02   0.145874E+02   0.124468E+02   0.175115E+03
   0.990138E+02   0.260858E+01   0.544711E-03   0.137929E+02   0.887281E+01   0.172278E+02   0.154451E+02   0.171809E+03
   0.980570E+02  -0.185627E+00   0.730000E-03   0.119387E+02   0.912798E+01   0.122002E+02   0.124618E+02   0.174599E+03
   0.987519E+02  -0.368420E+01   0.673657E-03   0.991690E+01   0.100184E+02   0.129102E+02   0.157970E+02   0.173924E+03
   0.977259E+02   0.197064E+01   0.771143E-03   0.806661E+01   0.116884E+02   0.179865E+02   0.116451E+02   0.173525E+03
   0.977386E+02   0.303020E+01   0.657860E-03   0.104392E+02   0.103584E+02   0.188896E+02   0.108254E+02   0.173923E+03
   0.973161E+02   0.705545E+00   0.931910E-03   0.148270E+02   0.888880E+01   0.124370E+02   0.149575E+02   0.170969E+03
   0.982406E+02  -0.107993E+01   0.695967E-03   0.129450E+02   0.116729E+02   0.147758E+02   0.128588E+02   0.174007E+03
   0.982406E+02   0.117936E+01   0.483482E-03   0.100927E+02   0.866903E+01   0.174774E+02   0.136181E+02   0.174960E+03
   0.982406E+02   0.165893E+01   0.564243E-03   0.113302E+02   0.863480E+01   0.126768E+02   0.131322E+02   0.175280E+03
   0.978879E+02   0.165893E+01   0.802021E-03   0.119611E+02   0.787968E+01   0.191317E+02   0.111329E+02   0.172390E+03
   0.985616E+02   0.282712E+01   0.596497E-03   0.144744E+02   0.657885E+01   0.141976E+02   0.106314E+02   0.170277E+03
   0.974661E+02  -0.146896E+00   0.596497E-03   0.863154E+01   0.159079E+02   0.177526E+02   0.171061E+02   0.172133E+03
   0.980087E+02   0.250060E+01   0.753485E-03   0.145882E+02   0.115958E+02   0.177526E+02   0.174588E+02   0.171946E+03
   0.973408E+02   0.921264E+00   0.509691E-03   0.989714E+01   0.103687E+02   0.220311E+02   0.133175E+02   0.173831E+03
   0.973408E+02  -0.195582E+01   0.980909E-03   0.822904E+01   0.128575E+02   0.147193E+02   0.139592E+02   0.171156E+03
   0.962871E+02  -0.214543E+01   0.420746E-03   0.822904E+01   0.105544E+02   0.140215E+02   0.215376E+02   0.169226E+03
   0.974813E+02   0.305440E+01   0.633926E-03   0.957020E+01   0.116784E+02   0.170492E+02   0.217832E+02   0.173081E+03
   0.985968E+02   0.243904E+01   0.662202E-03   0.828833E+01   0.923886E+01   0.134534E+02   0.197030E+02   0.173866E+03
   0.976610E+02   0.256550E+01   0.353271E-03   0.918142E+01   0.109365E+02   0.123363E+02   0.161324E+02   0.173148E+03
   0.978667E+02   0.178225E+01   0.479109E-03   0.962767E+01   0.113187E+02   0.203492E+02   0.152348E+02   0.174051E+03
   0.982372E+02   0.265155E+01   0.685918E-03   0.820588E+01   0.131047E+02   0.143090E+02   0.145828E+02   0.174254E+03
   0.982372E+02   0.593114E+00   0.704644E-03   0.907767E+01   0.127139E+02   0.138133E+02   0.112895E+02   0.174162E+03
   0.974122E+02   0.234074E+01   0.763960E-03   0.107742E+02   0.976924E+01   0.135005E+02   0.199369E+02   0.173943E+03
   0.969998E+02   0.282036E+01   0.733025E-03   0.107742E+02   0.806530E+01   0.141480E+02   0.168082E+02   0.174413E+03
   0.969998E+02  -0.441750E-01   0.452527E-03   0.123736E+02   0.804811E+01   0.160858E+02   0.128892E+02   0.173828E+03
   0.971358E+02  -0.770847E-01   0.600690E-03   0.119186E+02   0.103267E+02   0.150280E+02   0.197934E+02   0.174148E+03
   0.978695E+02  -0.556140E+01   0.505524E-03   0.144969E+02   0.975436E+01   0.100359E+02   0.139349E+02   0.168345E+03
   0.976234E+02   0.393450E+00   0.737135E-03   0.140123E+02   0.153466E+02   0.132336E+02   0.138739E+02   0.171231E+03
   0.978644E+02   0.139951E+00   0.459220E-03   0.145071E+02   0.871712E+01   0.120303E+02   0.194919E+02   0.172048E+03
   0.981391E+02   0.169216E+01   0.587076E-03   0.952502E+01   0.926056E+01   0.141185E+02   0.120137E+02   0.175799E+03
   0.970132E+02   0.412920E+01   0.760909E-03   0.106459E+02   0.679825E+01   0.144690E+02   0.131367E+02   0.172917E+03
   0.966208E+02   0.283094E+01   0.701063E-03   0.102399E+02   0.776913E+01   0.129148E+02   0.174131E+02   0.173644E+03
   0.978632E+02  -0.276377E+01   0.617524E-03   0.969999E+01   0.924924E+01   0.169995E+02   0.980612E+01   0.173163E+03
   0.978981E+02   0.197834E+01   0.617524E-03   0.851986E+01   0.112881E+02   0.186135E+02   0.124798E+02   0.174771E+03
   0.982960E+02   0.756107E+00   0.447204E-03   0.992287E+01   0.614297E+01   0.162889E+02   0.192950E+02   0.171380E+03
   0.971942E+02   0.113983E+00   0.623518E-03   0.839827E+01   0.106781E+02   0.188270E+02   0.114612E+02   0.174222E+03
   0.974173E+02   0.185902E+01   0.770699E-03   0.960864E+01   0.910650E+01   0.115401E+02   0.232610E+02   0.171972E+03
   0.965392E+02  -0.290798E+01   0.792080E-03   0.822321E+01   0.850106E+01   0.170974E+02   0.137525E+02   0.171843E+03
   0.967689E+02   0.144868E+01   0.365510E-03   0.100997E+02   0.746200E+01   0.191937E+02   0.156155E+02   0.171895E+03
   0.966541E+02   0.144868E+01   0.729503E-03   0.100321E+02   0.758452E+01   0.153474E+02   0.104068E+02   0.172820E+03
   0.977565E+02   0.205043E+01   0.500189E-03   0.108642E+02   0.109547E+02   0.178490E+02   0.135483E+02   0.175055E+03
   0.981053E+02   0.248253E+01   0.532764E-03   0.140246E+02   0.967497E+01   0.158762E+02   0.163894E+02   0.173760E+03
   0.991111E+02   0.218981E+01   0.639917E-03   0.109546E+02   0.107266E+02   0.202380E+02   0.169029E+02   0.172282E+03
   0.991111E+02  -0.144384E+01   0.771802E-03   0.892228E+01   0.975621E+01   0.136086E+02   0.152151E+02   0.174023E+03
   0.978644E+02   0.288385E+00   0.792081E-03   0.109775E+02   0.983912E+01   0.167658E+02   0.186785E+02   0.174057E+03
   0.982761E+02  -0.519453E+00   0.789328E-03   0.109246E+02   0.913101E+01   0.116229E+02   0.157725E+02   0.174292E+03
   0.978836E+02  -0.304453E+01   0.422112E-03   0.833288E+01   0.110176E+02   0.160020E+02   0.109490E+02   0.172243E+03
   0.969297E+02   0.956143E+00   0.422112E-03   0.818242E+01   0.672954E+01   0.160020E+02   0.133602E+02   0.172899E+03
   0.985006E+02  -0.203500E+01   0.403279E-03   0.154599E+02   0.877969E+01   0.156714E+02   0.171529E+02   0.169949E+03
   0.976188E+02   0.258571E+01   0.712549E-03   0.107259E+02   0.997376E+01   0.130020E+02   0.108094E+02   0.174547E+03
   0.994375E+02  -0.342678E+01   0.774324E-03   0.107259E+02   0.805277E+01   0.213984E+02   0.165052E+02   0.170204E+03
   0.980573E+02  -0.104929E+01   0.522906E-03   0.137341E+02   0.714321E+01   0.166953E+02   0.188952E+02   0.172047E+03
   0.976692E+02   0.146161E+01   0.550565E-03   0.967516E+01   0.834390E+01   0.143210E+02   0.116961E+02   0.175664E+03
   0.976692E+02   0.372632E+01   0.517701E-03   0.113491E+02   0.950866E+01   0.145308E+02   0.158875E+02   0.175011E+03
   0.970871E+02   0.548243E+00   0.671621E-03   0.145513E+02   0.105817E+02   0.145883E+02   0.128562E+02   0.173455E+03
   0.975602E+02   0.294988E+01   0.671621E-03   0.125325E+02   0.103366E+02   0.173389E+02   0.147226E+02   0.174601E+03
   0.972645E+02   0.137951E+01   0.594313E-03   0.125658E+02   0.832886E+01   0.144328E+02   0.948674E+01   0.172994E+03
   0.990216E+02  -0.140576E+01   0.579003E-03   0.128496E+02   0.131902E+02   0.117335E+02   0.159612E+02   0.171500E+03
   0.978642E+02  -0.167448E+01   0.897164E-03   0.128131E+02   0.146752E+02   0.145110E+02   0.224192E+02   0.168191E+03
   0.982854E+02   0.110312E+01   0.612386E-03   0.804149E+01   0.114041E+02   0.154358E+02   0.136115E+02   0.175306E+03
   0.978531E+02   0.213922E+01   0.559584E-03   0.115656E+02   0.610025E+01   0.210878E+02   0.145212E+02   0.171479E+03
   0.978531E+02   0.265525E+01   0.554402E-03   0.114478E+02   0.101484E+02   0.193561E+02   0.149327E+02   0.174596E+03
   0.978531E+02  -0.117984E+01   0.751528E-03   0.111053E+02   0.116487E+02   0.208599E+02   0.117912E+02   0.172547E+03
   0.984123E+02   0.828630E+00   0.584148E-03   0.807293E+01   0.107485E+02   0.166376E+02   0.137676E+02   0.175174E+03
   0.986576E+02  -0.277250E-02   0.663578E-03   0.105350E+02   0.130952E+02   0.137690E+02   0.184078E+02   0.173508E+03
   0.985500E+02   0.408864E+00   0.663578E-03   0.110865E+02   0.944607E+01   0.123093E+02   0.183020E+02   0.174488E+03
   0.962946E+02   0.211038E+00   0.651906E-03   0.129711E+02   0.999719E+01   0.135658E+02   0.111509E+02   0.172267E+03
   0.969539E+02  -0.125985E+01   0.596672E-03   0.122422E+02   0.152136E+02   0.128211E+02   0.100104E+02   0.170171E+03
   0.973667E+02  -0.148316E+01   0.675160E-03   0.132022E+02   0.833234E+01   0.136437E+02   0.171053E+02   0.173701E+03
   0.973667E+02  -0.252351E+01   0.457612E-03   0.943538E+01   0.120717E+02   0.134015E+02   0.186056E+02   0.172987E+03
