a0_min         a1_min         a2_min         a3_min         Y1_intercept   Y2_intercept   Y3_intercept   Y4_intercept   Y5_intercept   LogPost        
   0.984611E+02   0.213823E+01  -0.343267E+01  -0.328913E+00   0.721221E-03   0.786693E+01   0.105481E+02   0.132944E+02   0.130497E+02   0.174256E+03
   0.979064E+02   0.312101E+01   0.726737E+01   0.558841E+01   0.720643E-03   0.108948E+02   0.897028E+01   0.897594E+01   0.203519E+02   0.170737E+03
   0.993955E+02   0.207935E+01   0.136577E+02  -0.116624E+00   0.574957E-03   0.102935E+02   0.874536E+01   0.210579E+02   0.156096E+02   0.171339E+03
   0.974157E+02   0.356548E+01  -0.761121E+01  -0.470749E+01   0.833576E-03   0.968072E+01   0.985611E+01   0.199439E+02   0.148133E+02   0.172374E+03
   0.991763E+02  -0.300784E+01   0.748702E+01  -0.847053E+01   0.640282E-03   0.100801E+02   0.862010E+01   0.164941E+02   0.141174E+02   0.174129E+03
   0.991763E+02   0.571663E+01   0.179539E+02   0.125424E+02   0.732411E-03   0.146539E+02   0.842673E+01   0.973063E+01   0.109105E+02   0.166969E+03
   0.993346E+02   0.754982E+01   0.960277E+01   0.122005E+02   0.670979E-03   0.114880E+02   0.110949E+02   0.116477E+02   0.137135E+02   0.173086E+03
   0.986616E+02  -0.244005E+01   0.113221E+01  -0.535515E+01   0.583365E-03   0.103502E+02   0.122551E+02   0.150822E+02   0.209645E+02   0.172725E+03
   0.993590E+02  -0.192501E+01  -0.115186E+01  -0.130475E+02   0.669542E-03   0.116131E+02   0.763814E+01   0.168068E+02   0.168905E+02   0.172583E+03
   0.980055E+02   0.495933E+00   0.341637E+01   0.427281E+01   0.396718E-03   0.130281E+02   0.114365E+02   0.164026E+02   0.165264E+02   0.172923E+03
   0.980055E+02   0.112687E+01  -0.336527E+01  -0.317800E+01   0.411292E-03   0.105515E+02   0.131135E+02   0.172541E+02   0.141078E+02   0.172589E+03
   0.966440E+02   0.112687E+01  -0.309069E+01   0.364423E+01   0.364081E-03   0.920304E+01   0.124763E+02   0.126340E+02   0.163248E+02   0.172391E+03
   0.971161E+02   0.587690E+01   0.171298E+00   0.111034E+02   0.740742E-03   0.883323E+01   0.940961E+01   0.128245E+02   0.149341E+02   0.174303E+03
   0.978720E+02   0.335945E+01   0.126336E+01   0.460862E+01   0.740742E-03   0.738666E+01   0.108840E+02   0.170354E+02   0.153404E+02   0.174303E+03
   0.967601E+02   0.414813E+01  -0.165774E+01   0.121585E+02   0.634603E-03   0.112401E+02   0.101975E+02   0.178655E+02   0.225625E+02   0.171316E+03
   0.983964E+02   0.129917E+01  -0.393839E+01  -0.140346E+01   0.549525E-03   0.917624E+01   0.112386E+02   0.110298E+02   0.200589E+02   0.172537E+03
   0.977706E+02  -0.164945E+01   0.151218E+01  -0.237311E+01   0.430598E-03   0.116911E+02   0.796702E+01   0.143915E+02   0.132224E+02   0.174029E+03
   0.976309E+02   0.327385E+01   0.221875E+01   0.798930E+01   0.657909E-03   0.766646E+01   0.106533E+02   0.103043E+02   0.141184E+02   0.174030E+03
   0.985069E+02   0.388121E+01  -0.538537E+01   0.701773E+01   0.547218E-03   0.932722E+01   0.119304E+02   0.163477E+02   0.125390E+02   0.172470E+03
   0.985069E+02   0.922487E+00   0.339742E+01  -0.153531E+01   0.547218E-03   0.147814E+02   0.114426E+02   0.184576E+02   0.185988E+02   0.171527E+03
   0.986540E+02   0.635546E+01  -0.311626E+01   0.109541E+02   0.815293E-03   0.646116E+01   0.943717E+01   0.179321E+02   0.173521E+02   0.170100E+03
   0.986540E+02   0.733452E+01   0.862518E+00   0.168882E+02   0.631780E-03   0.991113E+01   0.115152E+02   0.126604E+02   0.770826E+01   0.168667E+03
   0.993653E+02   0.779711E+01   0.123417E+02   0.375515E+01   0.842986E-03   0.101398E+02   0.761901E+01   0.153034E+02   0.123400E+02   0.170888E+03
   0.102618E+03   0.186019E+02   0.220194E+02   0.392605E+02   0.120553E-02   0.751527E+01   0.901472E+01   0.166407E+02   0.158018E+02   0.165428E+03
   0.102618E+03   0.133675E+02   0.202671E+02   0.392605E+02   0.786502E-03   0.103508E+02   0.843328E+01   0.134826E+02   0.120357E+02   0.169863E+03
   0.102429E+03   0.113782E+02   0.244131E+02   0.297836E+02   0.582317E-03   0.665490E+01   0.903074E+01   0.135469E+02   0.206814E+02   0.165911E+03
   0.102429E+03   0.775760E+01   0.244526E+02   0.278706E+02   0.801741E-03   0.137161E+02   0.135240E+02   0.137987E+02   0.105476E+02   0.165604E+03
   0.100250E+03   0.828815E+01   0.128055E+02   0.189858E+02   0.760116E-03   0.111349E+02   0.992709E+01   0.164692E+02   0.176528E+02   0.172512E+03
   0.100250E+03   0.172971E+01   0.211162E+02   0.145692E+02   0.618645E-03   0.104087E+02   0.897814E+01   0.171581E+02   0.171446E+02   0.169324E+03
   0.100994E+03   0.104058E+02   0.149911E+02   0.338164E+02   0.570021E-03   0.759750E+01   0.103296E+02   0.148664E+02   0.124717E+02   0.170708E+03
   0.991979E+02   0.110853E+02   0.123158E+02   0.240775E+02   0.644638E-03   0.898817E+01   0.128763E+02   0.152364E+02   0.200677E+02   0.170452E+03
   0.995007E+02   0.780767E+01   0.260261E+01   0.258140E+02   0.705381E-03   0.825265E+01   0.803624E+01   0.144733E+02   0.158299E+02   0.172276E+03
   0.992216E+02  -0.215847E+01  -0.365860E+01  -0.179106E+02   0.594701E-03   0.111951E+02   0.120502E+02   0.160239E+02   0.147584E+02   0.173058E+03
   0.978183E+02   0.599910E+01  -0.936265E+01  -0.604323E+01   0.647189E-03   0.894218E+01   0.718766E+01   0.925182E+01   0.191733E+02   0.166962E+03
   0.978183E+02   0.446041E+01   0.980128E+01   0.543638E+01   0.638657E-03   0.850906E+01   0.116765E+02   0.175833E+02   0.143196E+02   0.173259E+03
   0.987241E+02   0.408037E+01   0.482706E+01   0.214845E+02   0.638056E-03   0.123578E+02   0.818031E+01   0.160204E+02   0.232902E+02   0.170767E+03
   0.987241E+02   0.993212E+00   0.228075E+01   0.155118E+02   0.853101E-03   0.990518E+01   0.116578E+02   0.159255E+02   0.159248E+02   0.173076E+03
   0.985243E+02   0.348833E+01   0.445741E+01   0.874136E+01   0.476272E-03   0.134988E+02   0.911671E+01   0.213450E+02   0.159982E+02   0.171918E+03
   0.990918E+02   0.273202E+01   0.761573E+01   0.279767E+01   0.476272E-03   0.112681E+02   0.911671E+01   0.180279E+02   0.115686E+02   0.172537E+03
   0.985924E+02   0.273202E+01  -0.151278E+01   0.106174E+02   0.547188E-03   0.114889E+02   0.928026E+01   0.121838E+02   0.121779E+02   0.173891E+03
   0.981614E+02   0.127445E+01   0.544372E+01  -0.804055E+00   0.577926E-03   0.120592E+02   0.119780E+02   0.192460E+02   0.179228E+02   0.173064E+03
   0.975954E+02   0.159639E+01  -0.226331E+01   0.265666E-01   0.794227E-03   0.105593E+02   0.126380E+02   0.168054E+02   0.181621E+02   0.173343E+03
   0.993236E+02  -0.853595E+00   0.485572E+01  -0.314960E+01   0.794227E-03   0.915767E+01   0.129823E+02   0.190926E+02   0.119542E+02   0.171586E+03
   0.983001E+02  -0.461601E+00   0.855337E+01   0.364131E+01   0.569624E-03   0.111242E+02   0.959161E+01   0.136924E+02   0.952552E+01   0.172645E+03
   0.984455E+02  -0.452958E+00   0.391528E+01  -0.864063E+01   0.708370E-03   0.712872E+01   0.100246E+02   0.104360E+02   0.100749E+02   0.171249E+03
   0.974889E+02   0.183125E+01  -0.732385E+01  -0.708660E+01   0.650597E-03   0.108929E+02   0.593408E+01   0.211382E+02   0.125694E+02   0.169983E+03
   0.974922E+02   0.199604E+01   0.185396E+01  -0.381246E+01   0.314012E-03   0.108472E+02   0.117895E+02   0.130378E+02   0.167742E+02   0.171374E+03
   0.974922E+02   0.183427E+01  -0.252486E+01   0.611316E+01   0.754956E-03   0.101918E+02   0.895931E+01   0.151863E+02   0.158257E+02   0.175357E+03
   0.978782E+02  -0.133791E+01   0.827239E+01  -0.109584E+02   0.104161E-02   0.115703E+02   0.105426E+02   0.182619E+02   0.173299E+02   0.169039E+03
   0.969894E+02  -0.177777E+01   0.402690E+01  -0.461006E+01   0.738693E-03   0.138003E+02   0.723858E+01   0.179458E+02   0.123528E+02   0.170312E+03
   0.981964E+02  -0.222340E+01   0.109869E+01  -0.153356E+02   0.464631E-03   0.136746E+02   0.110014E+02   0.135512E+02   0.106948E+02   0.171106E+03
   0.978133E+02  -0.484687E+01   0.833417E+01  -0.734170E+01   0.642933E-03   0.116928E+02   0.947218E+01   0.222290E+02   0.149300E+02   0.169979E+03
   0.991617E+02   0.359478E+00   0.218593E+01  -0.272437E+02   0.106473E-02   0.979871E+01   0.113395E+02   0.121235E+02   0.194039E+02   0.167380E+03
   0.991617E+02   0.221284E+00   0.289465E+01  -0.133515E+02   0.566678E-03   0.902262E+01   0.129382E+02   0.144199E+02   0.122259E+02   0.172394E+03
   0.984929E+02   0.684404E+01   0.731001E+01   0.572384E+01   0.934447E-03   0.892453E+01   0.114964E+02   0.118349E+02   0.175310E+02   0.171215E+03
   0.971612E+02  -0.111937E+01   0.175734E+01   0.240793E+01   0.897178E-03   0.114269E+02   0.836210E+01   0.865518E+01   0.123831E+02   0.169223E+03
   0.982610E+02   0.490950E+01   0.182074E+01  -0.215309E+01   0.623221E-03   0.144877E+02   0.942715E+01   0.142269E+02   0.159839E+02   0.172227E+03
   0.969331E+02   0.431342E+01  -0.478037E+00   0.353792E+00   0.495543E-03   0.102117E+02   0.913629E+01   0.169315E+02   0.198239E+02   0.172864E+03
   0.975850E+02   0.906880E+00  -0.134681E+01   0.877981E+01   0.928946E-03   0.139104E+02   0.973145E+01   0.177011E+02   0.150332E+02   0.171333E+03
   0.978517E+02  -0.492287E+01  -0.143576E+02   0.380575E+01   0.908215E-03   0.940335E+01   0.895573E+01   0.163338E+02   0.133044E+02   0.169138E+03
   0.969782E+02   0.255056E+01  -0.307439E-01  -0.637734E+01   0.841564E-03   0.125963E+02   0.914831E+01   0.168013E+02   0.163699E+02   0.172176E+03
   0.970957E+02   0.529324E+01   0.411012E+01   0.120019E+02   0.671435E-03   0.825459E+01   0.933629E+01   0.240093E+02   0.150359E+02   0.171135E+03
   0.979598E+02   0.134358E+01   0.156319E+01   0.123629E+02   0.775181E-03   0.135855E+02   0.104253E+02   0.149946E+02   0.146257E+02   0.173438E+03
   0.100290E+03  -0.114716E+01  -0.185140E+01  -0.306209E+02   0.944141E-03   0.128339E+02   0.856137E+01   0.155906E+02   0.116047E+02   0.169132E+03
   0.977722E+02   0.251313E+01  -0.105640E+02  -0.563938E+01   0.788372E-03   0.109181E+02   0.121332E+02   0.218953E+02   0.154440E+02   0.170668E+03
   0.983297E+02   0.845198E+01   0.395532E+01   0.135062E+02   0.603579E-03   0.113678E+02   0.110269E+02   0.124436E+02   0.203393E+02   0.171880E+03
   0.981972E+02   0.232250E+01  -0.702734E+01  -0.445468E+00   0.737272E-03   0.925497E+01   0.819667E+01   0.164068E+02   0.177064E+02   0.173560E+03
   0.968164E+02   0.209492E+01  -0.340121E+01   0.455790E+00   0.737272E-03   0.645658E+01   0.122651E+02   0.145230E+02   0.144677E+02   0.172547E+03
   0.983460E+02   0.209492E+01   0.286698E+01  -0.565754E+00   0.735590E-03   0.118541E+02   0.931157E+01   0.131001E+02   0.188999E+02   0.173967E+03
   0.970453E+02   0.100967E+01  -0.410568E+01   0.365503E+01   0.460301E-03   0.792114E+01   0.122363E+02   0.111358E+02   0.133054E+02   0.173301E+03
   0.977026E+02   0.694608E+01   0.377259E+01   0.812389E+01   0.773354E-03   0.130951E+02   0.817775E+01   0.136557E+02   0.133515E+02   0.172682E+03
   0.977026E+02   0.264037E+01  -0.871327E+01   0.978619E+00   0.773354E-03   0.127919E+02   0.779080E+01   0.167924E+02   0.137334E+02   0.172503E+03
   0.980441E+02  -0.322731E+01  -0.866176E+01   0.121221E+01   0.687215E-03   0.707458E+01   0.762801E+01   0.145308E+02   0.145533E+02   0.171645E+03
   0.978704E+02   0.610713E+00  -0.493835E+01   0.886000E+01   0.527762E-03   0.152513E+02   0.112243E+02   0.156419E+02   0.146021E+02   0.171982E+03
   0.977938E+02  -0.121274E+01  -0.125241E+01  -0.523506E+01   0.674618E-03   0.980567E+01   0.107313E+02   0.157434E+02   0.174660E+02   0.175236E+03
   0.994011E+02   0.390289E+01   0.387451E+01   0.145910E+02   0.517855E-03   0.868430E+01   0.131268E+02   0.166898E+02   0.148020E+02   0.172432E+03
   0.990283E+02   0.413097E+01   0.700472E+01   0.146632E+01   0.607353E-03   0.814230E+01   0.911280E+01   0.145385E+02   0.169493E+02   0.173881E+03
   0.984762E+02  -0.130817E+01  -0.124060E+01  -0.322032E+01   0.548932E-03   0.103833E+02   0.763450E+01   0.115674E+02   0.146849E+02   0.174121E+03
   0.984762E+02  -0.151732E+01  -0.116184E+01   0.895616E+01   0.674468E-03   0.916922E+01   0.959585E+01   0.146622E+02   0.126390E+02   0.174356E+03
   0.984762E+02   0.238105E+01  -0.225043E+01  -0.226820E+01   0.108221E-02   0.109859E+02   0.907628E+01   0.178767E+02   0.131919E+02   0.170541E+03
   0.990644E+02   0.773488E+01   0.872898E+01   0.105133E+02   0.531290E-03   0.916062E+01   0.821083E+01   0.164031E+02   0.115009E+02   0.172487E+03
   0.976351E+02   0.170270E+01  -0.245454E+01   0.451648E+01   0.824106E-03   0.152895E+02   0.751367E+01   0.222714E+02   0.190754E+02   0.168250E+03
   0.978889E+02   0.397396E+01   0.496627E+01   0.152723E+02   0.715999E-03   0.912466E+01   0.817831E+01   0.124451E+02   0.174638E+02   0.174144E+03
   0.968061E+02  -0.133907E+01  -0.234942E+01  -0.606995E+01   0.616029E-03   0.848191E+01   0.131702E+02   0.124451E+02   0.124219E+02   0.173014E+03
   0.986607E+02  -0.134169E+00  -0.306417E+01  -0.289183E+00   0.728494E-03   0.943425E+01   0.103468E+02   0.153955E+02   0.150860E+02   0.174808E+03
   0.990164E+02   0.219876E+01  -0.147119E+00   0.128473E+02   0.728494E-03   0.155149E+02   0.111699E+02   0.174869E+02   0.154464E+02   0.170927E+03
   0.990164E+02  -0.109716E+01  -0.279835E+01  -0.221921E+02   0.728494E-03   0.816777E+01   0.840160E+01   0.193609E+02   0.193252E+02   0.171057E+03
   0.990164E+02   0.488302E+01  -0.493918E+01   0.127299E+01   0.667128E-03   0.106530E+02   0.927874E+01   0.136079E+02   0.211823E+02   0.170278E+03
   0.981694E+02   0.109448E+01  -0.366842E+01  -0.767695E+01   0.667128E-03   0.958241E+01   0.901885E+01   0.204559E+02   0.202203E+02   0.172492E+03
   0.981694E+02   0.103644E+01   0.417310E+01  -0.334697E+01   0.723520E-03   0.107471E+02   0.997299E+01   0.143716E+02   0.153723E+02   0.175321E+03
   0.968997E+02  -0.829204E+00  -0.595307E+01  -0.334697E+01   0.518537E-03   0.996249E+01   0.144898E+02   0.140350E+02   0.130951E+02   0.172833E+03
   0.975119E+02   0.589016E+01   0.658511E+01   0.185747E+02   0.450337E-03   0.914677E+01   0.132152E+02   0.194384E+02   0.160523E+02   0.170240E+03
   0.972229E+02   0.506259E+01   0.124634E+00   0.727979E+01   0.769739E-03   0.102818E+02   0.885634E+01   0.142367E+02   0.110959E+02   0.173885E+03
   0.975920E+02  -0.262887E+01  -0.261967E+01   0.195749E+01   0.491496E-03   0.884390E+01   0.743308E+01   0.136038E+02   0.140373E+02   0.173593E+03
   0.983306E+02   0.457861E+01  -0.664386E+01   0.146480E+02   0.812915E-03   0.746248E+01   0.981657E+01   0.178053E+02   0.161726E+02   0.171438E+03
   0.975550E+02   0.457861E+01   0.111547E+02   0.874265E+01   0.601298E-03   0.994381E+01   0.697717E+01   0.109946E+02   0.184064E+02   0.170310E+03
   0.966833E+02   0.114054E+01  -0.785086E+01   0.867428E+00   0.811266E-03   0.927435E+01   0.114637E+02   0.146182E+02   0.105503E+02   0.172512E+03
   0.983333E+02   0.137859E+01   0.255983E+01  -0.258628E+01   0.726061E-03   0.117175E+02   0.863504E+01   0.152668E+02   0.121095E+02   0.174565E+03
   0.975276E+02  -0.130811E+01   0.133900E+01   0.289364E+01   0.465120E-03   0.119649E+02   0.111977E+02   0.188642E+02   0.125813E+02   0.173182E+03
   0.974149E+02  -0.227353E+01  -0.219451E+01  -0.162827E+01   0.841832E-03   0.141120E+02   0.793242E+01   0.163765E+02   0.167562E+02   0.171357E+03
   0.986701E+02  -0.227353E+01   0.589458E+01  -0.411115E+01   0.888224E-03   0.154727E+02   0.896687E+01   0.150342E+02   0.175460E+02   0.170219E+03
   0.975731E+02   0.426832E+01   0.309773E+01   0.565168E+01   0.636560E-03   0.100518E+02   0.913964E+01   0.225194E+02   0.172061E+02   0.173000E+03
   0.979928E+02   0.237648E+01  -0.188870E+01   0.565168E+01   0.658264E-03   0.129049E+02   0.873815E+01   0.109439E+02   0.185052E+02   0.173178E+03
   0.975054E+02   0.313135E+01  -0.378864E+01   0.220849E+01   0.624854E-03   0.108762E+02   0.114546E+02   0.137123E+02   0.174886E+02   0.174840E+03
   0.971845E+02  -0.104729E+01  -0.538567E+01   0.293787E+01   0.828508E-03   0.109607E+02   0.804595E+01   0.108605E+02   0.141078E+02   0.172594E+03
   0.973339E+02   0.669157E+01  -0.636065E+01   0.934053E+00   0.921518E-03   0.900739E+01   0.110026E+02   0.140338E+02   0.127166E+02   0.171312E+03
   0.973339E+02   0.318770E+01  -0.902042E+01   0.885334E+01   0.501151E-03   0.913409E+01   0.730562E+01   0.135043E+02   0.198841E+02   0.170844E+03
   0.973339E+02  -0.404007E+00  -0.631809E+01  -0.357544E+01   0.634867E-03   0.127273E+02   0.177561E+02   0.187416E+02   0.169492E+02   0.168825E+03
   0.983416E+02   0.209759E+01   0.576075E+01   0.109414E+02   0.802927E-03   0.111287E+02   0.831515E+01   0.165699E+02   0.113886E+02   0.173426E+03
   0.983726E+02   0.399688E+01  -0.196724E+00   0.151003E+02   0.396808E-03   0.857608E+01   0.106278E+02   0.137185E+02   0.126033E+02   0.172804E+03
   0.983726E+02   0.532806E+01   0.595328E+01   0.151003E+02   0.537052E-03   0.993513E+01   0.120337E+02   0.192558E+02   0.211775E+02   0.172070E+03
   0.979780E+02   0.184479E+01   0.638765E+01   0.225357E+01   0.567481E-03   0.103153E+02   0.119032E+02   0.151584E+02   0.183422E+02   0.174498E+03
   0.100984E+03  -0.604751E+01   0.139151E+01  -0.282504E+02   0.113513E-02   0.120557E+02   0.129326E+02   0.170263E+02   0.119050E+02   0.166576E+03
   0.983080E+02   0.160043E+01   0.218292E+01  -0.373163E+00   0.568956E-03   0.124355E+02   0.817233E+01   0.128401E+02   0.107221E+02   0.173685E+03
   0.988668E+02   0.514896E+01  -0.140308E+01   0.186644E+02   0.846554E-03   0.908411E+01   0.910627E+01   0.128401E+02   0.174616E+02   0.172637E+03
   0.990329E+02   0.695853E+01  -0.562234E+01   0.131758E+02   0.846554E-03   0.925369E+01   0.807866E+01   0.177681E+02   0.169567E+02   0.169910E+03
   0.978487E+02   0.153459E+01  -0.187107E+02  -0.103509E+02   0.826614E-03   0.100760E+02   0.116093E+02   0.202347E+02   0.164892E+02   0.168900E+03
   0.978487E+02   0.986282E+00   0.362729E+01   0.307352E+01   0.533874E-03   0.757944E+01   0.875621E+01   0.108902E+02   0.149253E+02   0.174488E+03
   0.975250E+02   0.591580E+01  -0.412306E+01  -0.315266E+01   0.933265E-03   0.101690E+02   0.109230E+02   0.183904E+02   0.108757E+02   0.170126E+03
   0.981262E+02   0.477815E+01   0.968699E-01  -0.971799E+01   0.504400E-03   0.854627E+01   0.119706E+02   0.194003E+02   0.109919E+02   0.168856E+03
   0.990303E+02   0.558247E+01   0.263258E+01   0.510276E+01   0.790608E-03   0.101595E+02   0.104141E+02   0.200571E+02   0.135286E+02   0.172290E+03
   0.995127E+02  -0.278289E+01   0.150504E+02  -0.418155E+01   0.790608E-03   0.799712E+01   0.982813E+01   0.140313E+02   0.145626E+02   0.172113E+03
   0.983227E+02   0.370381E+01  -0.167467E+01  -0.487003E+01   0.601105E-03   0.985977E+01   0.691238E+01   0.147361E+02   0.160044E+02   0.173015E+03
   0.974411E+02   0.405893E+01  -0.350383E+01   0.583003E+01   0.601105E-03   0.746191E+01   0.111668E+02   0.139514E+02   0.116330E+02   0.173998E+03
   0.976572E+02   0.153871E-01   0.148037E+01  -0.396657E+01   0.523815E-03   0.131914E+02   0.867804E+01   0.108273E+02   0.139794E+02   0.173666E+03
   0.989237E+02  -0.713399E+00   0.509472E+01  -0.132751E+02   0.649141E-03   0.110605E+02   0.958647E+01   0.183165E+02   0.174115E+02   0.173157E+03
   0.975512E+02   0.176779E+01  -0.292757E+01   0.104389E+02   0.625828E-03   0.104409E+02   0.770384E+01   0.164384E+02   0.107604E+02   0.173848E+03
   0.987764E+02   0.474447E+01   0.726540E+01   0.189719E+02   0.598531E-03   0.983997E+01   0.127893E+02   0.104173E+02   0.154735E+02   0.172909E+03
   0.985633E+02  -0.326972E+01   0.333244E+01   0.920497E+00   0.805999E-03   0.122255E+02   0.101724E+02   0.187136E+02   0.201250E+02   0.170997E+03
   0.965081E+02  -0.190963E+01  -0.101838E+02  -0.785991E+00   0.608460E-03   0.125887E+02   0.839201E+01   0.111607E+02   0.129394E+02   0.170897E+03
   0.965081E+02   0.445385E+01  -0.845373E+01   0.101802E+02   0.937990E-03   0.968746E+01   0.881292E+01   0.176206E+02   0.116594E+02   0.170397E+03
   0.980546E+02   0.808535E+00  -0.100095E+02   0.914429E+01   0.547703E-03   0.733678E+01   0.937292E+01   0.127058E+02   0.131586E+02   0.171739E+03
   0.100151E+03  -0.216973E+01   0.544508E+01   0.793252E+00   0.100378E-02   0.100271E+02   0.117736E+02   0.108995E+02   0.156101E+02   0.169194E+03
   0.992869E+02  -0.418937E+01   0.918703E+01  -0.976161E+01   0.100378E-02   0.866362E+01   0.940866E+01   0.145311E+02   0.156101E+02   0.171335E+03
   0.991435E+02  -0.138787E+01   0.252921E+01  -0.107102E+02   0.499647E-03   0.952021E+01   0.787573E+01   0.223448E+02   0.126758E+02   0.170870E+03
   0.978354E+02   0.313732E+01   0.199088E+01   0.977471E+01   0.514378E-03   0.998919E+01   0.973108E+01   0.130696E+02   0.137251E+02   0.176019E+03
   0.984302E+02   0.394003E+00  -0.799439E+01  -0.316716E+01   0.782460E-03   0.107207E+02   0.132669E+02   0.137574E+02   0.183005E+02   0.172035E+03
   0.969300E+02   0.321004E+01  -0.473267E+00  -0.610764E+01   0.789271E-03   0.130416E+02   0.128686E+02   0.179042E+02   0.162590E+02   0.170834E+03
   0.979917E+02   0.168662E+01   0.287290E+01   0.161516E+02   0.825064E-03   0.845769E+01   0.102128E+02   0.143778E+02   0.980540E+01   0.171964E+03
   0.999231E+02   0.348054E+01   0.495776E+01   0.196254E+02   0.489834E-03   0.888713E+01   0.959644E+01   0.172454E+02   0.163350E+02   0.171703E+03
   0.982039E+02  -0.902011E+00   0.824613E+01  -0.805458E+01   0.713271E-03   0.561671E+01   0.100760E+02   0.142786E+02   0.166550E+02   0.170476E+03
   0.982039E+02  -0.195542E+01  -0.119334E+02  -0.172427E+02   0.728396E-03   0.897247E+01   0.748035E+01   0.128862E+02   0.188655E+02   0.170709E+03
   0.994928E+02   0.671600E+01  -0.645972E+00   0.112222E+02   0.750838E-03   0.114430E+02   0.794460E+01   0.160861E+02   0.144179E+02   0.171300E+03
   0.988540E+02  -0.245064E+01   0.570819E+00  -0.110794E+02   0.654506E-03   0.108028E+02   0.707300E+01   0.126504E+02   0.151617E+02   0.173570E+03
   0.991018E+02  -0.603732E+01   0.134561E+02  -0.251643E+01   0.713178E-03   0.846488E+01   0.103832E+02   0.126130E+02   0.145819E+02   0.171082E+03
   0.985584E+02   0.140518E+01   0.274129E+01   0.130164E+02   0.562692E-03   0.880954E+01   0.116422E+02   0.135745E+02   0.120985E+02   0.174539E+03
   0.984176E+02   0.845590E-02  -0.370400E+01   0.632766E+01   0.485422E-03   0.108494E+02   0.127078E+02   0.142184E+02   0.227824E+02   0.170444E+03
   0.984176E+02   0.502238E+01   0.438750E+01   0.104016E+02   0.601443E-03   0.960644E+01   0.108661E+02   0.125569E+02   0.133623E+02   0.175405E+03
   0.980184E+02   0.647919E+01   0.438750E+01   0.116928E+02   0.822912E-03   0.981588E+01   0.128208E+02   0.131706E+02   0.187828E+02   0.172370E+03
   0.991476E+02   0.521949E+01   0.171303E+01   0.783562E+01   0.565747E-03   0.962068E+01   0.108314E+02   0.165829E+02   0.165625E+02   0.173090E+03
   0.986253E+02   0.535709E+01   0.409339E+01   0.153623E+02   0.638913E-03   0.816089E+01   0.118291E+02   0.162746E+02   0.175132E+02   0.174133E+03
   0.978817E+02  -0.174806E+01   0.680698E+01  -0.718935E+01   0.579520E-03   0.101744E+02   0.694931E+01   0.169090E+02   0.144827E+02   0.173060E+03
   0.978817E+02   0.114156E+01  -0.308035E+01   0.146200E+02   0.564751E-03   0.856034E+01   0.101841E+02   0.107985E+02   0.134069E+02   0.173507E+03
   0.978817E+02   0.315148E+01  -0.334573E+01   0.870085E+01   0.593492E-03   0.109295E+02   0.139074E+02   0.144716E+02   0.156600E+02   0.173744E+03
   0.962669E+02   0.367326E+01  -0.337867E+01   0.555448E+01   0.460027E-03   0.116162E+02   0.107973E+02   0.157035E+02   0.179281E+02   0.172224E+03
   0.967652E+02   0.585362E+00   0.183300E+00   0.961779E+00   0.308652E-03   0.116016E+02   0.854777E+01   0.149558E+02   0.146197E+02   0.172128E+03
   0.978482E+02  -0.307839E+00  -0.546988E+01   0.520572E+00   0.532341E-03   0.119130E+02   0.137832E+02   0.172491E+02   0.169052E+02   0.172594E+03
   0.969131E+02   0.190933E+00  -0.112394E+02  -0.269918E+01   0.654939E-03   0.147900E+02   0.123666E+02   0.114737E+02   0.148662E+02   0.170457E+03
   0.972216E+02   0.721329E+00  -0.760707E+01  -0.211581E+01   0.654939E-03   0.116272E+02   0.770346E+01   0.188856E+02   0.162901E+02   0.173352E+03
   0.970347E+02   0.187715E+01   0.183224E+01   0.781298E+01   0.555737E-03   0.108767E+02   0.660329E+01   0.150262E+02   0.162901E+02   0.173535E+03
   0.973462E+02   0.889264E+00  -0.645206E+01   0.255443E+00   0.414543E-03   0.104544E+02   0.123454E+02   0.131870E+02   0.158695E+02   0.173306E+03
   0.983909E+02   0.505507E+00   0.615400E+01  -0.200892E+01   0.708450E-03   0.170441E+02   0.118210E+02   0.143395E+02   0.185260E+02   0.170050E+03
   0.981312E+02  -0.669852E+01   0.695365E+01  -0.309081E+01   0.624926E-03   0.143849E+02   0.854346E+01   0.169339E+02   0.107045E+02   0.168167E+03
   0.968604E+02   0.373190E+01  -0.476964E+01  -0.438054E+01   0.608240E-03   0.134230E+02   0.160751E+02   0.163427E+02   0.178281E+02   0.169027E+03
   0.964316E+02   0.206532E+01  -0.209656E+01   0.247326E+01   0.692356E-03   0.164886E+02   0.859597E+01   0.158753E+02   0.123352E+02   0.170731E+03
   0.964070E+02   0.175767E+01  -0.119273E+01   0.772614E+01   0.441072E-03   0.105878E+02   0.117732E+02   0.114287E+02   0.123254E+02   0.172197E+03
   0.974419E+02   0.654302E+01   0.201017E+00   0.125123E+02   0.632644E-03   0.896497E+01   0.862363E+01   0.115919E+02   0.235182E+02   0.171056E+03
   0.975474E+02   0.136328E+01   0.450768E+00  -0.629587E+01   0.632644E-03   0.106654E+02   0.128622E+02   0.179553E+02   0.266544E+02   0.169238E+03
   0.984206E+02  -0.384657E+01  -0.102304E+01   0.100092E+02   0.735949E-03   0.979721E+01   0.103102E+02   0.119012E+02   0.179990E+02   0.171564E+03
   0.982245E+02  -0.294983E-01   0.396361E+01   0.826739E+01   0.575238E-03   0.851315E+01   0.961284E+01   0.110062E+02   0.138865E+02   0.174627E+03
   0.985154E+02   0.126127E+01   0.478887E+01  -0.716413E+01   0.702988E-03   0.937166E+01   0.852489E+01   0.131678E+02   0.194802E+02   0.173604E+03
   0.969565E+02  -0.105625E+01  -0.263227E+01   0.267728E+01   0.691832E-03   0.137771E+02   0.109602E+02   0.162439E+02   0.115220E+02   0.172530E+03
   0.969565E+02   0.147852E+01  -0.499526E+00  -0.581680E+01   0.454369E-03   0.793702E+01   0.106620E+02   0.265488E+02   0.183400E+02   0.168508E+03
   0.966735E+02   0.258981E+01   0.303245E+01   0.381971E+01   0.846845E-03   0.872453E+01   0.931409E+01   0.126600E+02   0.125635E+02   0.172954E+03
   0.975686E+02   0.319414E+01  -0.123157E+02  -0.153753E+01   0.846845E-03   0.115280E+02   0.749928E+01   0.143200E+02   0.168396E+02   0.171354E+03
   0.978374E+02   0.756373E+01   0.143325E+02   0.504244E+01   0.865339E-03   0.152231E+02   0.880846E+01   0.159101E+02   0.188977E+02   0.166492E+03
   0.977854E+02   0.474415E+01  -0.458414E+01   0.860892E+01   0.495102E-03   0.119633E+02   0.156709E+02   0.105883E+02   0.187531E+02   0.168407E+03
   0.995810E+02   0.117792E+02   0.163376E+02   0.174861E+02   0.982137E-03   0.116686E+02   0.954368E+01   0.149704E+02   0.141677E+02   0.169994E+03
   0.999697E+02   0.563616E+01   0.167233E+02   0.631803E+01   0.622962E-03   0.107926E+02   0.113398E+02   0.200300E+02   0.129536E+02   0.170409E+03
   0.997309E+02   0.754512E+00   0.687410E+01   0.632183E+01   0.622962E-03   0.104419E+02   0.881972E+01   0.213800E+02   0.138464E+02   0.171842E+03
   0.979634E+02  -0.157996E+01  -0.262017E+01   0.293520E+01   0.720512E-03   0.774629E+01   0.107137E+02   0.205138E+02   0.123268E+02   0.172663E+03
   0.979634E+02   0.130609E+01   0.392216E+01   0.535369E+01   0.628887E-03   0.127489E+02   0.101550E+02   0.139346E+02   0.137860E+02   0.175231E+03
   0.994811E+02   0.135336E+01  -0.287029E+01   0.709341E+01   0.621167E-03   0.109759E+02   0.101550E+02   0.123260E+02   0.153980E+02   0.172017E+03
   0.993511E+02   0.579449E+01   0.110729E+02   0.103209E+02   0.718563E-03   0.917517E+01   0.912477E+01   0.142572E+02   0.147535E+02   0.174422E+03
   0.100483E+03   0.391107E+00   0.624560E+01  -0.107853E+02   0.876161E-03   0.110910E+02   0.799499E+01   0.145191E+02   0.139300E+02   0.170538E+03
   0.988482E+02   0.313228E+01   0.615416E+01   0.120871E+02   0.572524E-03   0.113389E+02   0.837075E+01   0.173351E+02   0.124881E+02   0.174462E+03
   0.984240E+02   0.369286E+01   0.542811E+01   0.102599E+02   0.651873E-03   0.120655E+02   0.121760E+02   0.152081E+02   0.182046E+02   0.173978E+03
   0.999986E+02  -0.100043E+01   0.113842E+02  -0.937730E+01   0.651873E-03   0.911157E+01   0.859279E+01   0.171523E+02   0.101715E+02   0.170851E+03
   0.983785E+02   0.224380E+01   0.502464E+00   0.428600E+01   0.531963E-03   0.103447E+02   0.768657E+01   0.111655E+02   0.130949E+02   0.174219E+03
   0.976897E+02   0.443052E+01   0.548544E+01   0.428600E+01   0.547742E-03   0.950119E+01   0.103463E+02   0.171344E+02   0.161498E+02   0.174805E+03
   0.976897E+02   0.320944E+01  -0.703188E+00   0.270173E+01   0.547742E-03   0.901687E+01   0.135153E+02   0.144961E+02   0.184039E+02   0.173885E+03
   0.976897E+02  -0.257191E-01  -0.653175E+00   0.282634E+01   0.354085E-03   0.151859E+02   0.110364E+02   0.167715E+02   0.170368E+02   0.170723E+03
   0.972805E+02   0.225847E+01  -0.339995E+01   0.460110E+01   0.801669E-03   0.913376E+01   0.106676E+02   0.160818E+02   0.199556E+02   0.173462E+03
   0.979270E+02  -0.129947E+01  -0.695752E+01   0.272577E+01   0.635095E-03   0.112938E+02   0.959072E+01   0.121307E+02   0.164868E+02   0.173997E+03
   0.971694E+02   0.246301E+01  -0.496160E+00   0.165756E+02   0.619207E-03   0.797055E+01   0.821546E+01   0.170623E+02   0.182516E+02   0.172622E+03
   0.965861E+02   0.616612E+00  -0.323251E+01  -0.913186E+01   0.561183E-03   0.103962E+02   0.975806E+01   0.164676E+02   0.211462E+02   0.171949E+03
   0.979707E+02  -0.905416E+00  -0.462411E+01  -0.155253E+02   0.561183E-03   0.110236E+02   0.105814E+02   0.194270E+02   0.131313E+02   0.173130E+03
   0.993608E+02  -0.532111E+01   0.327782E+01  -0.189327E+02   0.658531E-03   0.134767E+02   0.109475E+02   0.158778E+02   0.142805E+02   0.172142E+03
   0.988995E+02  -0.248790E+01  -0.532113E+01   0.154842E+02   0.723335E-03   0.118676E+02   0.888715E+01   0.119168E+02   0.134598E+02   0.170608E+03
   0.997013E+02   0.364646E+01   0.798561E+01  -0.454344E+01   0.667428E-03   0.983924E+01   0.963225E+01   0.205622E+02   0.121425E+02   0.170761E+03
   0.986329E+02   0.426319E+01   0.665198E+01   0.611612E+01   0.688804E-03   0.105472E+02   0.115418E+02   0.142517E+02   0.114539E+02   0.174302E+03
   0.986329E+02   0.206090E+01  -0.105945E+01   0.221732E+02   0.514285E-03   0.125764E+02   0.813414E+01   0.134546E+02   0.150977E+02   0.171518E+03
   0.986050E+02   0.878101E+01   0.781920E+00   0.223735E+02   0.932817E-03   0.983324E+01   0.108370E+02   0.160854E+02   0.135551E+02   0.171274E+03
   0.986050E+02   0.789316E+01   0.752836E+01   0.204287E+01   0.608686E-03   0.107934E+02   0.930758E+01   0.140584E+02   0.145972E+02   0.172251E+03
   0.978212E+02   0.308513E+01   0.118689E+01   0.215359E+02   0.658677E-03   0.816673E+01   0.903840E+01   0.152038E+02   0.148782E+02   0.173507E+03
   0.996943E+02   0.601653E+01   0.648647E+01   0.289825E+02   0.658677E-03   0.103560E+02   0.766857E+01   0.162445E+02   0.107446E+02   0.171489E+03
   0.991899E+02   0.677433E+01   0.470280E+01   0.244601E+02   0.707317E-03   0.966839E+01   0.124011E+02   0.220594E+02   0.160415E+02   0.171013E+03
   0.977043E+02   0.230065E+01   0.443592E+01   0.137462E+02   0.676496E-03   0.145699E+02   0.991175E+01   0.131960E+02   0.154998E+02   0.172918E+03
   0.995977E+02  -0.569830E+01   0.485981E+01  -0.147246E+02   0.676496E-03   0.130969E+02   0.104681E+02   0.163466E+02   0.131833E+02   0.172007E+03
   0.981747E+02   0.288843E+01   0.971343E+00   0.187119E+01   0.632739E-03   0.106531E+02   0.119117E+02   0.112949E+02   0.177246E+02   0.174099E+03
   0.981747E+02   0.606750E+01   0.175037E+01   0.102808E+02   0.632739E-03   0.112409E+02   0.117396E+02   0.130251E+02   0.148028E+02   0.174464E+03
   0.987275E+02   0.824240E+01   0.691253E+01   0.161247E+02   0.741929E-03   0.107174E+02   0.815393E+01   0.136156E+02   0.117226E+02   0.173406E+03
   0.980840E+02   0.314628E+01   0.575451E+01   0.137456E+02   0.730839E-03   0.111859E+02   0.103895E+02   0.156423E+02   0.166544E+02   0.174573E+03
   0.973434E+02   0.323683E+01   0.232998E+01  -0.152080E+02   0.625064E-03   0.992966E+01   0.113938E+02   0.145415E+02   0.118476E+02   0.170212E+03
   0.978387E+02   0.211318E+01   0.194013E+01   0.512431E+01   0.552550E-03   0.145125E+02   0.126910E+02   0.106918E+02   0.154788E+02   0.172241E+03
   0.978387E+02  -0.117101E+01  -0.343682E+00  -0.158193E+02   0.677044E-03   0.117657E+02   0.104761E+02   0.164420E+02   0.121842E+02   0.173394E+03
   0.978387E+02  -0.500674E+00   0.274666E+00  -0.118223E+02   0.692956E-03   0.840249E+01   0.138306E+02   0.143139E+02   0.198702E+02   0.172044E+03
   0.978387E+02   0.652557E+00   0.397921E+00   0.910276E+00   0.568791E-03   0.101871E+02   0.830377E+01   0.152529E+02   0.112626E+02   0.175413E+03
   0.999065E+02  -0.107351E+01   0.105404E+02   0.296014E+01   0.611577E-03   0.130366E+02   0.108546E+02   0.134944E+02   0.112626E+02   0.171154E+03
   0.981347E+02  -0.172193E+01   0.105924E+02  -0.540663E-01   0.639303E-03   0.145369E+02   0.923408E+01   0.167811E+02   0.117566E+02   0.170958E+03
   0.993150E+02   0.335851E+01   0.965083E+01  -0.415451E+01   0.670571E-03   0.126900E+02   0.104029E+02   0.136443E+02   0.168463E+02   0.172078E+03
   0.977071E+02   0.613803E+00  -0.757024E+01   0.190290E+02   0.768231E-03   0.109140E+02   0.940481E+01   0.168942E+02   0.164688E+02   0.171511E+03
   0.100093E+03   0.418375E+01   0.142684E+01   0.497533E+01   0.768231E-03   0.928103E+01   0.111577E+02   0.216943E+02   0.155590E+02   0.169113E+03
   0.978464E+02   0.299368E+01  -0.363010E+01   0.274363E+01   0.605509E-03   0.871013E+01   0.826635E+01   0.155531E+02   0.160054E+02   0.175222E+03
   0.992879E+02  -0.573914E+01   0.737094E+01  -0.367085E+01   0.812705E-03   0.959955E+01   0.139184E+02   0.184569E+02   0.202841E+02   0.168675E+03
   0.974088E+02  -0.224987E+01  -0.328973E+01   0.177992E+02   0.674285E-03   0.104482E+02   0.973361E+01   0.149574E+02   0.120147E+02   0.170703E+03
   0.988028E+02   0.552972E+01  -0.395528E+01  -0.701384E+01   0.872024E-03   0.795680E+01   0.104874E+02   0.198827E+02   0.118964E+02   0.169346E+03
   0.976948E+02  -0.771453E+00  -0.193114E+01   0.244512E+01   0.693375E-03   0.803407E+01   0.111890E+02   0.156291E+02   0.221300E+02   0.172762E+03
   0.976948E+02  -0.191393E+00   0.539051E+01   0.124740E+01   0.676960E-03   0.671804E+01   0.117991E+02   0.144338E+02   0.121671E+02   0.173032E+03
   0.976948E+02   0.180225E+01   0.258827E+01   0.132145E+02   0.523554E-03   0.962524E+01   0.118621E+02   0.174533E+02   0.183567E+02   0.173739E+03
   0.976948E+02   0.412232E+01   0.815202E+00   0.861110E+01   0.659163E-03   0.113817E+02   0.904964E+01   0.127387E+02   0.120906E+02   0.175108E+03
   0.982905E+02   0.152093E+01  -0.169818E+01   0.341362E+01   0.371230E-03   0.136754E+02   0.826014E+01   0.173027E+02   0.132414E+02   0.171028E+03
   0.971534E+02  -0.412436E+01  -0.604077E+00  -0.630385E+01   0.552550E-03   0.963491E+01   0.782692E+01   0.138201E+02   0.143974E+02   0.173236E+03
   0.972969E+02   0.117274E+01  -0.596343E+01   0.742083E+01   0.101097E-02   0.990977E+01   0.163501E+02   0.152491E+02   0.850067E+01   0.165242E+03
   0.984080E+02   0.117274E+01  -0.707244E+01  -0.236987E+02   0.748141E-03   0.135752E+02   0.100556E+02   0.148140E+02   0.135337E+02   0.170619E+03
   0.981154E+02   0.906815E+01   0.687321E+01   0.984691E+01   0.706925E-03   0.820406E+01   0.100268E+02   0.147810E+02   0.165918E+02   0.172879E+03
   0.967239E+02   0.127734E+01  -0.590430E+01   0.846434E+01   0.706925E-03   0.118148E+02   0.105211E+02   0.124638E+02   0.109813E+02   0.172815E+03
   0.983377E+02   0.287390E+01  -0.871143E+01   0.106686E+02   0.819044E-03   0.137163E+02   0.131783E+02   0.176719E+02   0.150091E+02   0.169657E+03
   0.992791E+02  -0.338251E+01   0.553117E+00  -0.161586E+02   0.952466E-03   0.112810E+02   0.116706E+02   0.130302E+02   0.194422E+02   0.170504E+03
   0.974607E+02   0.233664E+01   0.237596E+00   0.187421E+01   0.740356E-03   0.100307E+02   0.116753E+02   0.132100E+02   0.155120E+02   0.175117E+03
   0.972866E+02   0.195408E+01  -0.665586E+00   0.860473E+01   0.489906E-03   0.101763E+02   0.100294E+02   0.163046E+02   0.113574E+02   0.174880E+03
   0.965550E+02   0.266740E+01  -0.521357E+01   0.114911E+02   0.713478E-03   0.631477E+01   0.140274E+02   0.108576E+02   0.211172E+02   0.167205E+03
   0.991315E+02  -0.209316E+01  -0.602713E+01  -0.110230E+02   0.688155E-03   0.859200E+01   0.812127E+01   0.138428E+02   0.117863E+02   0.172940E+03
   0.989923E+02   0.462612E+01  -0.685104E+01  -0.534118E+01   0.792748E-03   0.932956E+01   0.110136E+02   0.125131E+02   0.162162E+02   0.171233E+03
   0.981684E+02   0.836307E+00   0.945047E+01   0.107677E+02   0.861202E-03   0.101022E+02   0.132027E+02   0.114957E+02   0.136580E+02   0.171193E+03
   0.984136E+02   0.579287E+00   0.514213E+01   0.107143E+02   0.937122E-03   0.913193E+01   0.103052E+02   0.129350E+02   0.156150E+02   0.172885E+03
   0.983254E+02   0.194475E+01   0.985821E+01   0.690973E+01   0.726529E-03   0.726224E+01   0.115643E+02   0.147074E+02   0.124814E+02   0.173156E+03
   0.992764E+02  -0.682554E+00   0.598682E+01   0.616825E+01   0.540279E-03   0.829879E+01   0.121120E+02   0.148405E+02   0.156918E+02   0.173125E+03
   0.978131E+02   0.268872E+01   0.826486E+01  -0.162282E+00   0.591604E-03   0.810232E+01   0.613451E+01   0.147170E+02   0.101364E+02   0.170356E+03
   0.974268E+02   0.248467E+01   0.167266E+01   0.620125E+01   0.720962E-03   0.947840E+01   0.129710E+02   0.150480E+02   0.163912E+02   0.174484E+03
   0.981974E+02   0.578670E+01   0.153571E+01   0.134089E+02   0.721951E-03   0.126217E+02   0.124140E+02   0.155178E+02   0.120143E+02   0.173024E+03
   0.975673E+02  -0.142504E+01   0.390978E+01  -0.226888E+01   0.571967E-03   0.123584E+02   0.918066E+01   0.139331E+02   0.160582E+02   0.174581E+03
   0.982511E+02  -0.772706E+00  -0.281251E+01  -0.117646E-01   0.621117E-03   0.775964E+01   0.115704E+02   0.148773E+02   0.195541E+02   0.173584E+03
   0.997645E+02  -0.351363E+01  -0.457115E+01  -0.155451E+02   0.993161E-03   0.871026E+01   0.111821E+02   0.117654E+02   0.112853E+02   0.169663E+03
   0.960808E+02  -0.107159E+00  -0.277484E+01  -0.129096E+02   0.530049E-03   0.102537E+02   0.109940E+02   0.136863E+02   0.150706E+02   0.170232E+03
   0.994834E+02   0.153774E+01   0.178818E+01   0.170978E+02   0.553288E-03   0.104400E+02   0.125017E+02   0.198539E+02   0.866409E+01   0.167812E+03
   0.974294E+02   0.388425E+01  -0.513771E+01   0.636199E+01   0.654456E-03   0.102121E+02   0.103704E+02   0.129695E+02   0.142640E+02   0.175091E+03
   0.974294E+02   0.136162E+01  -0.325886E+00   0.328202E+01   0.513432E-03   0.786929E+01   0.842482E+01   0.151865E+02   0.164177E+02   0.175412E+03
   0.972524E+02   0.339362E+01  -0.929133E+01  -0.152668E+00   0.591839E-03   0.779716E+01   0.114517E+02   0.137304E+02   0.201827E+02   0.171922E+03
   0.979890E+02   0.226161E+01   0.304915E+01  -0.120802E+02   0.843826E-03   0.989251E+01   0.109267E+02   0.163011E+02   0.142934E+02   0.172681E+03
   0.986291E+02   0.352948E+01  -0.141019E-01   0.195558E+02   0.500088E-03   0.117621E+02   0.109962E+02   0.169948E+02   0.132699E+02   0.172849E+03
   0.977561E+02   0.114214E+01  -0.262411E+01   0.143815E+02   0.578827E-03   0.126050E+02   0.135441E+02   0.156605E+02   0.135690E+02   0.172483E+03
   0.986140E+02   0.132541E+01   0.110816E+02   0.621772E+01   0.650600E-03   0.118540E+02   0.988419E+01   0.166101E+02   0.153583E+02   0.173965E+03
   0.989423E+02   0.549286E+01   0.649319E+01   0.115074E+02   0.925241E-03   0.946729E+01   0.921724E+01   0.242160E+02   0.144910E+02   0.170025E+03
   0.989519E+02   0.720166E+01   0.949987E+01  -0.571548E+01   0.100989E-02   0.138359E+02   0.921724E+01   0.147777E+02   0.167274E+02   0.167539E+03
   0.100375E+03   0.350503E+01   0.175150E+02   0.153360E+02   0.684108E-03   0.131265E+02   0.961913E+01   0.126762E+02   0.128843E+02   0.171136E+03
   0.982759E+02   0.463527E+01   0.784510E+01   0.159768E+02   0.652994E-03   0.101422E+02   0.122482E+02   0.116236E+02   0.151056E+02   0.173932E+03
   0.982917E+02   0.787318E+01   0.784510E+01   0.127678E+02   0.606069E-03   0.872531E+01   0.865047E+01   0.128008E+02   0.193100E+02   0.173125E+03
   0.972258E+02   0.337389E+01  -0.728872E+01  -0.229289E+01   0.822771E-03   0.108208E+02   0.103721E+02   0.161665E+02   0.178700E+02   0.173058E+03
   0.972160E+02   0.744316E+01   0.108349E+02   0.116835E+02   0.905429E-03   0.981148E+01   0.102638E+02   0.111572E+02   0.121631E+02   0.169639E+03
   0.998725E+02  -0.128299E+01  -0.941096E+01  -0.189179E+02   0.710404E-03   0.815004E+01   0.623427E+01   0.128203E+02   0.147296E+02   0.169654E+03
   0.979446E+02  -0.268102E+00   0.632290E+00  -0.935094E+01   0.710404E-03   0.101336E+02   0.105870E+02   0.149669E+02   0.111210E+02   0.174474E+03
   0.972266E+02   0.280838E+01  -0.429533E+01  -0.137179E+01   0.398020E-03   0.128140E+02   0.115419E+02   0.105716E+02   0.165387E+02   0.171045E+03
   0.972594E+02   0.253310E+01   0.238483E+01   0.741065E+01   0.571354E-03   0.111672E+02   0.143004E+02   0.176601E+02   0.125889E+02   0.173072E+03
   0.981146E+02   0.591536E+01   0.396160E+01   0.565478E+01   0.819173E-03   0.991376E+01   0.678104E+01   0.137734E+02   0.149256E+02   0.172761E+03
   0.979400E+02   0.142391E+01   0.630176E-01   0.587767E+01   0.829427E-03   0.116724E+02   0.938280E+01   0.133405E+02   0.164506E+02   0.174270E+03
   0.980771E+02   0.267708E+01   0.102626E+02   0.445834E+01   0.826827E-03   0.106081E+02   0.150714E+02   0.143091E+02   0.133269E+02   0.171026E+03
   0.100506E+03   0.603592E+01   0.793244E+01   0.237530E+02   0.826827E-03   0.131830E+02   0.138652E+02   0.146425E+02   0.148971E+02   0.169885E+03
   0.978123E+02   0.406754E+01   0.610221E+01   0.106107E+02   0.440771E-03   0.109156E+02   0.125439E+02   0.157669E+02   0.101651E+02   0.172273E+03
   0.980174E+02   0.211107E+01   0.329319E+01   0.211523E+02   0.648639E-03   0.867479E+01   0.156249E+02   0.124488E+02   0.188352E+02   0.169574E+03
   0.979033E+02   0.312428E+01   0.330477E+01   0.194197E+02   0.648639E-03   0.109189E+02   0.923100E+01   0.133746E+02   0.192605E+02   0.173318E+03
   0.954895E+02   0.114499E+01  -0.268105E+01   0.617984E+01   0.648639E-03   0.117951E+02   0.104262E+02   0.178670E+02   0.145087E+02   0.170632E+03
   0.978005E+02   0.733781E+01   0.203956E+01   0.242063E+02   0.769118E-03   0.108773E+02   0.163050E+02   0.176415E+02   0.145087E+02   0.168375E+03
   0.981078E+02   0.592283E+01   0.476950E+01   0.930148E+01   0.936263E-03   0.697265E+01   0.921469E+01   0.128714E+02   0.129336E+02   0.171701E+03
   0.978127E+02   0.116732E+01   0.646642E+01  -0.560506E+00   0.563643E-03   0.616072E+01   0.921469E+01   0.187714E+02   0.136362E+02   0.172173E+03
   0.981050E+02   0.713283E+01   0.714156E+01   0.602257E+01   0.548594E-03   0.895080E+01   0.104335E+02   0.134857E+02   0.168204E+02   0.173398E+03
   0.971546E+02   0.360648E+01  -0.281985E+01   0.821139E+01   0.500525E-03   0.951306E+01   0.689398E+01   0.185559E+02   0.194380E+02   0.172105E+03
   0.971546E+02   0.310805E+01  -0.136284E+01   0.535342E+00   0.468441E-03   0.791312E+01   0.125886E+02   0.126148E+02   0.127235E+02   0.173523E+03
   0.974556E+02   0.156508E+01   0.360291E+01   0.683450E+01   0.680859E-03   0.120424E+02   0.781453E+01   0.100122E+02   0.132563E+02   0.172862E+03
   0.989281E+02  -0.630790E-01   0.899693E+01  -0.154648E+01   0.656755E-03   0.685324E+01   0.781021E+01   0.161553E+02   0.176307E+02   0.172397E+03
   0.988789E+02   0.633317E+00  -0.209599E+01  -0.344770E+01   0.859120E-03   0.970188E+01   0.858411E+01   0.183488E+02   0.164637E+02   0.172747E+03
   0.988789E+02   0.633317E+00  -0.246712E+01   0.940292E+01   0.837090E-03   0.866015E+01   0.858411E+01   0.156427E+02   0.184769E+02   0.172586E+03
   0.984903E+02  -0.785813E+00  -0.508475E+01  -0.978012E+01   0.717226E-03   0.140462E+02   0.885994E+01   0.196931E+02   0.921681E+01   0.169441E+03
   0.986285E+02   0.199603E+01  -0.977729E+01  -0.825217E+01   0.713423E-03   0.104595E+02   0.954020E+01   0.171036E+02   0.196428E+02   0.171877E+03
   0.976341E+02   0.320093E+01   0.818632E+01   0.923963E+01   0.627610E-03   0.937315E+01   0.124460E+02   0.162428E+02   0.134050E+02   0.173882E+03
   0.967682E+02   0.118845E+01  -0.744821E+01   0.934539E+00   0.673946E-03   0.863645E+01   0.110138E+02   0.165684E+02   0.153564E+02   0.174492E+03
   0.967682E+02   0.490175E+01  -0.698501E+01   0.125016E+02   0.103031E-02   0.859367E+01   0.117007E+02   0.171742E+02   0.157374E+02   0.169671E+03
   0.964945E+02   0.262081E+01  -0.195245E+01  -0.247519E+01   0.633454E-03   0.141476E+02   0.952647E+01   0.131579E+02   0.127938E+02   0.172625E+03
   0.961233E+02  -0.723305E+00  -0.964193E+01  -0.404759E+00   0.633454E-03   0.123491E+02   0.111338E+02   0.989316E+01   0.146896E+02   0.170199E+03
   0.974837E+02   0.363430E+01   0.871403E+00   0.455659E+01   0.734970E-03   0.989905E+01   0.101466E+02   0.143959E+02   0.205313E+02   0.174053E+03
   0.962484E+02   0.245412E+01  -0.148956E+02   0.791553E+01   0.633924E-03   0.934299E+01   0.146179E+02   0.111213E+02   0.142441E+02   0.167049E+03
   0.987170E+02   0.351571E+01  -0.758437E+01  -0.112975E+01   0.858372E-03   0.139516E+02   0.870678E+01   0.149965E+02   0.125296E+02   0.170514E+03
   0.973199E+02  -0.630308E+00   0.131612E+01   0.500847E+01   0.965759E-03   0.111580E+02   0.102334E+02   0.200400E+02   0.122652E+02   0.170764E+03
   0.979073E+02  -0.219398E+01  -0.964418E+00   0.414192E+01   0.800303E-03   0.122112E+02   0.135228E+02   0.166297E+02   0.144666E+02   0.171968E+03
   0.987236E+02  -0.337676E+01   0.426810E+01  -0.969213E+00   0.528686E-03   0.945932E+01   0.102847E+02   0.103321E+02   0.120457E+02   0.172454E+03
   0.960819E+02   0.159784E+01  -0.816455E+01   0.601164E+01   0.634783E-03   0.106876E+02   0.157064E+02   0.100503E+02   0.144167E+02   0.168691E+03
   0.974399E+02   0.487681E+01  -0.147777E+01   0.152212E+01   0.963636E-03   0.111527E+02   0.108394E+02   0.108774E+02   0.139954E+02   0.171367E+03
   0.974399E+02   0.115442E+01  -0.436840E+01  -0.487023E+01   0.595707E-03   0.779248E+01   0.957262E+01   0.132132E+02   0.142117E+02   0.175329E+03
   0.982792E+02  -0.929882E+00   0.515831E+01   0.819514E+01   0.595707E-03   0.771541E+01   0.948172E+01   0.156798E+02   0.187824E+02   0.173591E+03
   0.982792E+02   0.144748E+01   0.363250E+00  -0.187643E+01   0.540054E-03   0.109832E+02   0.838740E+01   0.222292E+02   0.187824E+02   0.172200E+03
   0.982304E+02   0.545401E+01   0.535759E+01   0.133492E+02   0.384537E-03   0.114110E+02   0.906207E+01   0.108820E+02   0.174587E+02   0.172082E+03
   0.979646E+02   0.359773E+01   0.909696E+01   0.157279E+02   0.509099E-03   0.994757E+01   0.767352E+01   0.117586E+02   0.138145E+02   0.172827E+03
   0.988996E+02   0.495894E+01   0.945690E+01   0.142612E+02   0.821193E-03   0.864323E+01   0.107906E+02   0.169897E+02   0.170060E+02   0.173375E+03
   0.987946E+02   0.782227E+00   0.384038E+01   0.159454E+02   0.702341E-03   0.108190E+02   0.103020E+02   0.157304E+02   0.154548E+02   0.174266E+03
   0.977198E+02  -0.294904E+00  -0.324432E+00   0.644750E+01   0.694097E-03   0.124063E+02   0.772861E+01   0.154915E+02   0.164143E+02   0.174042E+03
   0.978271E+02   0.471505E+01  -0.173981E+01  -0.935227E+01   0.728370E-03   0.590396E+01   0.106845E+02   0.139290E+02   0.207292E+02   0.168512E+03
   0.989753E+02   0.407119E+01   0.799846E+01  -0.495773E+01   0.643102E-03   0.887257E+01   0.652460E+01   0.166949E+02   0.120348E+02   0.170786E+03
   0.974801E+02  -0.736768E+00   0.442430E+01  -0.112607E+02   0.518194E-03   0.144904E+02   0.103646E+02   0.174956E+02   0.193098E+02   0.170097E+03
   0.978049E+02   0.291363E+01   0.916423E+01   0.686345E+01   0.734150E-03   0.740035E+01   0.910397E+01   0.182394E+02   0.172576E+02   0.172545E+03
   0.967642E+02   0.120455E+01   0.289468E+01  -0.930330E+00   0.846315E-03   0.740035E+01   0.117751E+02   0.152023E+02   0.120031E+02   0.171746E+03
   0.990670E+02  -0.320870E+01   0.102647E+02  -0.116618E+02   0.879615E-03   0.690082E+01   0.141162E+02   0.141347E+02   0.150960E+02   0.169471E+03
   0.990444E+02   0.910582E+00   0.234200E+01  -0.657911E+01   0.816268E-03   0.839298E+01   0.993716E+01   0.171304E+02   0.171018E+02   0.173160E+03
   0.963258E+02   0.518845E+01  -0.337761E+01  -0.116852E+02   0.667757E-03   0.956310E+01   0.959362E+01   0.151454E+02   0.139966E+02   0.169860E+03
   0.982520E+02   0.667861E+00   0.343891E+01   0.240688E+01   0.667757E-03   0.127364E+02   0.130103E+02   0.149684E+02   0.107797E+02   0.172925E+03
   0.973148E+02  -0.299033E+01   0.787990E+01   0.404122E+00   0.650431E-03   0.745566E+01   0.869241E+01   0.144203E+02   0.135256E+02   0.171814E+03
   0.978461E+02   0.242803E+01  -0.722365E+01   0.180800E+02   0.650431E-03   0.109743E+02   0.123761E+02   0.128156E+02   0.154584E+02   0.171837E+03
   0.978461E+02  -0.858917E+00  -0.202674E+01  -0.696680E+01   0.331694E-03   0.100673E+02   0.687270E+01   0.155576E+02   0.127074E+02   0.171433E+03
   0.978461E+02   0.561386E+01   0.883096E+00   0.457246E+01   0.588181E-03   0.116819E+02   0.908058E+01   0.948378E+01   0.148912E+02   0.172489E+03
   0.984573E+02   0.360426E-01   0.393804E+01   0.694460E+01   0.794725E-03   0.986362E+01   0.882284E+01   0.133373E+02   0.196010E+02   0.173553E+03
   0.984573E+02  -0.112209E+01   0.942848E+01  -0.375730E+01   0.568592E-03   0.117841E+02   0.974033E+01   0.170743E+02   0.156265E+02   0.173722E+03
   0.977479E+02   0.790452E+01   0.692313E+01   0.194467E+02   0.568592E-03   0.128465E+02   0.102043E+02   0.162091E+02   0.135954E+02   0.172245E+03
   0.977479E+02   0.549429E+01   0.692313E+01   0.162360E+02   0.637548E-03   0.111771E+02   0.948889E+01   0.155906E+02   0.158261E+02   0.174355E+03
   0.978530E+02  -0.202696E+00   0.682632E+00   0.131794E+02   0.643536E-03   0.980490E+01   0.122973E+02   0.152889E+02   0.168852E+02   0.173786E+03
   0.984676E+02   0.735182E+00  -0.344472E-01  -0.626626E+01   0.787087E-03   0.601005E+01   0.736566E+01   0.137146E+02   0.112827E+02   0.170561E+03
   0.981320E+02   0.170162E-01   0.107181E+02   0.109351E+02   0.732316E-03   0.126051E+02   0.881238E+01   0.101743E+02   0.193744E+02   0.169551E+03
   0.982512E+02   0.170162E-01  -0.500595E+01   0.447168E+01   0.501312E-03   0.101388E+02   0.117370E+02   0.968129E+01   0.172057E+02   0.171642E+03
   0.989397E+02   0.734756E+01   0.475929E+01   0.279229E+02   0.612380E-03   0.111661E+02   0.100868E+02   0.116929E+02   0.134832E+02   0.172269E+03
   0.990826E+02   0.414037E+01   0.708271E+01   0.183801E+02   0.695674E-03   0.844648E+01   0.101489E+02   0.131987E+02   0.121287E+02   0.174406E+03
   0.983621E+02   0.282224E+01   0.252914E+01   0.995059E+00   0.677180E-03   0.908949E+01   0.105410E+02   0.102815E+02   0.189525E+02   0.173302E+03
   0.984968E+02  -0.135584E+01   0.400654E+01   0.120878E+02   0.677180E-03   0.965155E+01   0.975167E+01   0.130488E+02   0.125717E+02   0.173923E+03
   0.972718E+02   0.898000E+00  -0.421654E+00   0.163105E+01   0.729321E-03   0.804264E+01   0.107806E+02   0.937681E+01   0.173272E+02   0.172502E+03
   0.976682E+02  -0.671341E+00   0.232184E+01  -0.157204E+02   0.729321E-03   0.130373E+02   0.764391E+01   0.109930E+02   0.145971E+02   0.170937E+03
   0.969708E+02   0.213821E+01  -0.714345E+01   0.348572E+01   0.729321E-03   0.172830E+02   0.104065E+02   0.165811E+02   0.154106E+02   0.170335E+03
   0.973349E+02  -0.737692E+00  -0.205794E+01  -0.178624E+01   0.550318E-03   0.801338E+01   0.101182E+02   0.151021E+02   0.141029E+02   0.175640E+03
   0.975342E+02  -0.199422E+01  -0.401357E+01  -0.210798E+00   0.787554E-03   0.139508E+02   0.105021E+02   0.130982E+02   0.107586E+02   0.171669E+03
   0.974609E+02   0.253800E+01  -0.559650E+01   0.275825E+01   0.853946E-03   0.757785E+01   0.106738E+02   0.131793E+02   0.168278E+02   0.173146E+03
   0.974609E+02   0.749012E+01  -0.238947E+01   0.142477E+02   0.853946E-03   0.896370E+01   0.114704E+02   0.163312E+02   0.997067E+01   0.170402E+03
   0.992769E+02  -0.299544E+01   0.120627E+02   0.930969E+01   0.680379E-03   0.111754E+02   0.817462E+01   0.163804E+02   0.167204E+02   0.171060E+03
   0.988687E+02   0.746463E+01   0.490395E+01   0.211923E+02   0.714346E-03   0.848661E+01   0.808319E+01   0.156408E+02   0.101739E+02   0.172395E+03
   0.983301E+02   0.127066E+01   0.498688E+01   0.469633E+01   0.612753E-03   0.176446E+02   0.132272E+02   0.188571E+02   0.130601E+02   0.169271E+03
   0.974466E+02   0.260606E+01  -0.220015E+01   0.469633E+01   0.550328E-03   0.117800E+02   0.139957E+02   0.185641E+02   0.163481E+02   0.172978E+03
   0.975253E+02   0.162895E+01  -0.121704E+01   0.154292E+01   0.550328E-03   0.153004E+02   0.117662E+02   0.165134E+02   0.109348E+02   0.172068E+03
   0.978495E+02  -0.408269E+01   0.234312E+00  -0.981724E+01   0.553665E-03   0.863862E+01   0.100650E+02   0.139436E+02   0.190686E+02   0.173501E+03
   0.995424E+02  -0.518882E+01  -0.161885E+01  -0.190085E+02   0.770491E-03   0.110660E+02   0.116423E+02   0.161969E+02   0.136056E+02   0.172367E+03
   0.992288E+02   0.219561E+01   0.492514E+01  -0.270165E+01   0.721622E-03   0.100253E+02   0.102211E+02   0.183809E+02   0.164028E+02   0.173387E+03
   0.970006E+02   0.720513E-01  -0.144802E+01   0.200953E+01   0.516489E-03   0.965927E+01   0.114321E+02   0.121477E+02   0.222294E+02   0.172763E+03
   0.968206E+02   0.332521E+00  -0.389914E+01   0.707332E+01   0.651850E-03   0.875275E+01   0.935030E+01   0.177837E+02   0.184812E+02   0.173745E+03
   0.992031E+02   0.125384E+01   0.471863E+01   0.103190E+02   0.631355E-03   0.751296E+01   0.114133E+02   0.175782E+02   0.243869E+02   0.169959E+03
   0.992031E+02  -0.234850E+01  -0.503881E+01  -0.225334E+02   0.664912E-03   0.116420E+02   0.106201E+02   0.173770E+02   0.135933E+02   0.172679E+03
   0.980724E+02  -0.143564E+01   0.784737E+01   0.866993E+00   0.689062E-03   0.710793E+01   0.102938E+02   0.151447E+02   0.185468E+02   0.172784E+03
   0.980724E+02  -0.434514E+01  -0.340490E+01  -0.945122E+01   0.519354E-03   0.735197E+01   0.793624E+01   0.228967E+02   0.142251E+02   0.169970E+03
   0.967580E+02  -0.102146E+01  -0.813234E+01  -0.973296E+01   0.672013E-03   0.134353E+02   0.893182E+01   0.201378E+02   0.197254E+02   0.169725E+03
   0.972894E+02   0.430218E+00  -0.180293E+01  -0.141019E+00   0.510862E-03   0.982634E+01   0.132906E+02   0.172837E+02   0.136247E+02   0.174427E+03
   0.973192E+02  -0.142705E+01  -0.277648E+01  -0.525745E+00   0.425246E-03   0.118034E+02   0.108214E+02   0.127195E+02   0.129907E+02   0.173770E+03
   0.966325E+02   0.253551E+01   0.173706E+01   0.934138E+01   0.568314E-03   0.892642E+01   0.108090E+02   0.106198E+02   0.143769E+02   0.173297E+03
   0.983785E+02   0.806393E+01   0.889171E+01   0.134473E+02   0.568314E-03   0.780730E+01   0.164879E+02   0.128938E+02   0.186484E+02   0.169165E+03
   0.981914E+02  -0.176107E+01  -0.411969E+01   0.149123E+02   0.568314E-03   0.114083E+02   0.145375E+02   0.130950E+02   0.179855E+02   0.169476E+03
   0.982690E+02   0.492735E+01   0.804571E+01   0.122550E+02   0.513514E-03   0.127796E+02   0.707648E+01   0.161866E+02   0.155749E+02   0.172903E+03
   0.982690E+02  -0.232886E+01   0.288230E+01  -0.118641E+02   0.513514E-03   0.112353E+02   0.625366E+01   0.169853E+02   0.112420E+02   0.171235E+03
   0.966446E+02   0.335365E+01  -0.386025E+00  -0.208543E+01   0.769642E-03   0.812695E+01   0.824926E+01   0.141538E+02   0.149628E+02   0.173476E+03
   0.966446E+02   0.500284E+01   0.227606E+01   0.130220E+02   0.575552E-03   0.115261E+02   0.969792E+01   0.130547E+02   0.193039E+02   0.172276E+03
   0.990060E+02   0.313208E+01   0.930101E+00   0.196252E+02   0.699640E-03   0.141298E+02   0.146221E+02   0.181133E+02   0.113250E+02   0.169057E+03
   0.989475E+02   0.852327E+00   0.930101E+00  -0.174985E+01   0.490531E-03   0.911369E+01   0.101854E+02   0.100717E+02   0.131461E+02   0.172384E+03
   0.100051E+03  -0.573471E+01   0.124997E+02  -0.221577E+02   0.493483E-03   0.118063E+02   0.119417E+02   0.105319E+02   0.159043E+02   0.167778E+03
   0.100467E+03   0.913341E+00   0.153174E+02   0.242452E+02   0.783418E-03   0.768082E+01   0.909668E+01   0.257865E+02   0.159266E+02   0.165516E+03
   0.100161E+03   0.944192E+01   0.976959E+01   0.274564E+02   0.539027E-03   0.913039E+01   0.911146E+01   0.136642E+02   0.134556E+02   0.172640E+03
   0.100342E+03   0.132451E+02   0.726850E+01   0.249781E+02   0.997988E-03   0.127564E+02   0.102789E+02   0.921950E+01   0.169605E+02   0.165646E+03
   0.100342E+03  -0.462341E+00   0.534089E+01   0.398725E+01   0.997988E-03   0.119488E+02   0.105613E+02   0.218416E+02   0.188593E+02   0.166855E+03
   0.980546E+02  -0.462341E+00  -0.451984E+01  -0.125186E+02   0.860018E-03   0.889466E+01   0.916525E+01   0.198899E+02   0.138824E+02   0.172598E+03
   0.980873E+02   0.258199E+01   0.156025E+01   0.623160E+01   0.853050E-03   0.112027E+02   0.105527E+02   0.132075E+02   0.186892E+02   0.173456E+03
   0.976150E+02   0.801903E-01  -0.337785E+01   0.296724E+01   0.564647E-03   0.181328E+02   0.624241E+01   0.120812E+02   0.154054E+02   0.168347E+03
   0.966388E+02   0.125039E+01  -0.115216E+02   0.432892E+01   0.740113E-03   0.667420E+01   0.865558E+01   0.174385E+02   0.182523E+02   0.170484E+03
   0.966188E+02  -0.116250E+01  -0.138719E+01   0.268800E+01   0.678911E-03   0.133020E+02   0.719548E+01   0.147112E+02   0.130201E+02   0.172043E+03
   0.978045E+02   0.227396E+01   0.347947E+01   0.344974E+01   0.603771E-03   0.749682E+01   0.856557E+01   0.165624E+02   0.131088E+02   0.175095E+03
   0.975802E+02   0.104178E+01  -0.105668E+01   0.208904E+01   0.489273E-03   0.879457E+01   0.833722E+01   0.201733E+02   0.150215E+02   0.174437E+03
   0.977647E+02   0.664047E+01  -0.407629E+01   0.560890E+01   0.639236E-03   0.150826E+02   0.709637E+01   0.122887E+02   0.208222E+02   0.167973E+03
   0.973994E+02   0.514456E+01  -0.382393E+00   0.506196E+01   0.720845E-03   0.124781E+02   0.102852E+02   0.126778E+02   0.172767E+02   0.173666E+03
   0.968922E+02  -0.126314E+01   0.297666E+00  -0.613785E+00   0.908276E-03   0.133115E+02   0.812755E+01   0.198796E+02   0.926691E+01   0.167706E+03
   0.981690E+02   0.384893E+01  -0.731419E+01   0.136221E+02   0.742547E-03   0.702862E+01   0.100052E+02   0.125533E+02   0.146910E+02   0.172020E+03
   0.993861E+02   0.326751E+01   0.840909E+01   0.155073E+02   0.742547E-03   0.110796E+02   0.791735E+01   0.136021E+02   0.171905E+02   0.173548E+03
   0.987991E+02   0.998591E+00   0.979513E+01   0.549882E+01   0.759649E-03   0.794368E+01   0.107049E+02   0.992833E+01   0.158092E+02   0.172241E+03
   0.973240E+02   0.622595E+00   0.429987E+00   0.840818E+01   0.700754E-03   0.111305E+02   0.758036E+01   0.105408E+02   0.157201E+02   0.173227E+03
   0.967805E+02   0.177119E+01  -0.323617E+01   0.861289E+01   0.633974E-03   0.108993E+02   0.933511E+01   0.125795E+02   0.158615E+02   0.174787E+03
   0.967805E+02  -0.870270E+00  -0.387854E+01  -0.261251E+00   0.808146E-03   0.841488E+01   0.137333E+02   0.143314E+02   0.129124E+02   0.172315E+03
   0.979995E+02   0.138608E+01  -0.108627E+02   0.109311E+02   0.635791E-03   0.830023E+01   0.741262E+01   0.114624E+02   0.165319E+02   0.170957E+03
   0.981288E+02   0.631997E+01   0.317944E+01   0.630218E+01   0.656802E-03   0.729000E+01   0.111012E+02   0.114624E+02   0.131246E+02   0.173072E+03
   0.975747E+02   0.324766E+01   0.645818E+01   0.582669E+01   0.795875E-03   0.126454E+02   0.906374E+01   0.155437E+02   0.164917E+02   0.173290E+03
   0.997897E+02   0.694976E+01   0.132319E+02   0.144554E+02   0.739139E-03   0.726873E+01   0.101814E+02   0.134564E+02   0.140786E+02   0.172869E+03
   0.100093E+03   0.400505E+01   0.275734E+00   0.208752E+02   0.697169E-03   0.988369E+01   0.106790E+02   0.144091E+02   0.132437E+02   0.171973E+03
   0.992860E+02   0.260195E+01   0.822586E+01   0.105982E+02   0.611014E-03   0.101063E+02   0.105515E+02   0.159477E+02   0.191595E+02   0.173890E+03
   0.975774E+02  -0.142998E+01   0.236638E+01  -0.549428E+01   0.632801E-03   0.118580E+02   0.107252E+02   0.146215E+02   0.177095E+02   0.174449E+03
   0.978898E+02  -0.950246E+00  -0.104606E+02  -0.514174E+00   0.744407E-03   0.941739E+01   0.894489E+01   0.162825E+02   0.145725E+02   0.173865E+03
   0.982080E+02  -0.435242E+00  -0.786460E+01   0.149651E+01   0.756054E-03   0.112244E+02   0.901227E+01   0.185726E+02   0.138609E+02   0.173258E+03
   0.992354E+02   0.500005E+01   0.109142E+02   0.188150E+02   0.763655E-03   0.138624E+02   0.831324E+01   0.169794E+02   0.110582E+02   0.171190E+03
   0.992634E+02   0.390180E+01   0.822244E+01   0.788199E+01   0.587068E-03   0.640759E+01   0.890794E+01   0.115981E+02   0.174607E+02   0.171822E+03
   0.992634E+02   0.912807E+01   0.854274E+01   0.195225E+02   0.681430E-03   0.143542E+02   0.706841E+01   0.156539E+02   0.122962E+02   0.170673E+03
   0.992634E+02   0.248153E+01   0.517705E+01   0.218509E+02   0.636213E-03   0.736419E+01   0.148517E+02   0.124987E+02   0.116588E+02   0.170116E+03
   0.977900E+02   0.386060E+01   0.108631E+00   0.113685E+02   0.632207E-03   0.108880E+02   0.934508E+01   0.128254E+02   0.145262E+02   0.175694E+03
   0.969216E+02  -0.872850E+00   0.224138E+01  -0.835273E+01   0.549947E-03   0.783226E+01   0.644690E+01   0.157319E+02   0.136351E+02   0.171536E+03
   0.979019E+02  -0.862661E+00  -0.362492E+00   0.398011E+01   0.678543E-03   0.113972E+02   0.742859E+01   0.206739E+02   0.158204E+02   0.172894E+03
   0.964067E+02   0.269761E+01  -0.604605E+00  -0.176518E+01   0.790112E-03   0.105987E+02   0.644202E+01   0.118374E+02   0.163705E+02   0.170988E+03
   0.966685E+02   0.424510E+01  -0.100804E+02   0.110190E+00   0.720215E-03   0.908448E+01   0.161055E+02   0.181327E+02   0.205633E+02   0.167708E+03
   0.988453E+02  -0.856033E+00   0.742296E+01  -0.356403E+01   0.101648E-02   0.107047E+02   0.106496E+02   0.112216E+02   0.196080E+02   0.169889E+03
   0.988453E+02  -0.572416E+00   0.322275E+01  -0.602671E+01   0.811018E-03   0.111557E+02   0.110067E+02   0.178115E+02   0.146377E+02   0.173500E+03
   0.976463E+02  -0.200741E+01   0.550382E+01   0.258349E+01   0.811018E-03   0.121582E+02   0.100192E+02   0.136349E+02   0.126059E+02   0.172821E+03
   0.976894E+02  -0.963488E-01   0.542616E+01   0.596841E+01   0.754238E-03   0.961889E+01   0.930693E+01   0.150814E+02   0.136825E+02   0.174740E+03
   0.975121E+02   0.112661E+01  -0.134198E+01   0.324392E+01   0.740460E-03   0.106828E+02   0.947844E+01   0.175380E+02   0.159383E+02   0.175098E+03
   0.973273E+02   0.365860E+01   0.229790E+01   0.789324E+01   0.783127E-03   0.161510E+02   0.753853E+01   0.137145E+02   0.171086E+02   0.170581E+03
   0.970235E+02  -0.832129E-01   0.940022E+00  -0.813681E+01   0.108026E-02   0.970567E+01   0.960965E+01   0.139508E+02   0.155224E+02   0.170822E+03
   0.990192E+02  -0.329972E+01   0.499135E+01  -0.977544E+01   0.488773E-03   0.105236E+02   0.124833E+02   0.109131E+02   0.142258E+02   0.172036E+03
   0.976761E+02   0.788297E+00   0.217218E+01   0.458120E+01   0.608769E-03   0.100084E+02   0.831699E+01   0.159130E+02   0.131935E+02   0.175888E+03
   0.976761E+02   0.619533E+01   0.387337E+01   0.562679E+01   0.549774E-03   0.100084E+02   0.129579E+02   0.209710E+02   0.125375E+02   0.171646E+03
   0.987174E+02   0.233676E+01   0.560851E+01  -0.118671E+01   0.761583E-03   0.120280E+02   0.863848E+01   0.140002E+02   0.119984E+02   0.173712E+03
   0.987174E+02   0.113826E+01   0.139991E+02   0.100898E+02   0.525338E-03   0.883282E+01   0.833101E+01   0.125479E+02   0.173640E+02   0.171774E+03
   0.989661E+02   0.228229E+01   0.144178E+01   0.180690E+02   0.525338E-03   0.108813E+02   0.731069E+01   0.179225E+02   0.155881E+02   0.172400E+03
   0.986746E+02   0.415097E+01  -0.504541E+01   0.208080E+02   0.467037E-03   0.108206E+02   0.701403E+01   0.135886E+02   0.191414E+02   0.168088E+03
   0.983359E+02   0.403081E+01   0.286253E+01   0.158902E+02   0.547700E-03   0.132869E+02   0.906005E+01   0.151669E+02   0.149779E+02   0.174294E+03
   0.974118E+02   0.131019E+01   0.971219E+01  -0.912642E+01   0.516029E-03   0.738734E+01   0.943692E+01   0.152091E+02   0.146839E+02   0.169742E+03
   0.980029E+02  -0.150511E+01  -0.841922E+01   0.394142E+01   0.865127E-03   0.132384E+02   0.694931E+01   0.171609E+02   0.164413E+02   0.170049E+03
   0.972817E+02   0.550751E+01  -0.115660E+01   0.934535E+01   0.689307E-03   0.137539E+02   0.859233E+01   0.136457E+02   0.129618E+02   0.173187E+03
   0.981328E+02   0.349845E+01   0.366440E+01   0.186089E+02   0.548980E-03   0.830425E+01   0.964292E+01   0.149123E+02   0.128681E+02   0.174655E+03
   0.981328E+02   0.210457E+01   0.366440E+01   0.114124E+02   0.496507E-03   0.148573E+02   0.106573E+02   0.110184E+02   0.180032E+02   0.171774E+03
   0.984444E+02   0.388754E+01   0.122176E+02   0.108495E+02   0.759260E-03   0.971879E+01   0.106102E+02   0.136278E+02   0.210340E+02   0.172033E+03
   0.973287E+02   0.435975E+01   0.310144E+01   0.195946E+01   0.760509E-03   0.113961E+02   0.117096E+02   0.136278E+02   0.149925E+02   0.173864E+03
   0.981211E+02  -0.118471E+01   0.255966E+01  -0.721450E+01   0.496489E-03   0.930190E+01   0.891365E+01   0.127654E+02   0.127597E+02   0.175044E+03
   0.979327E+02  -0.231053E+01   0.137606E+01   0.296458E+01   0.496489E-03   0.124754E+02   0.814677E+01   0.133236E+02   0.148938E+02   0.173619E+03
   0.971319E+02  -0.185682E+01  -0.693519E+01   0.784166E+01   0.544323E-03   0.121389E+02   0.103624E+02   0.934173E+01   0.141924E+02   0.170367E+03
   0.972922E+02   0.156707E+01  -0.239581E+01  -0.332390E+01   0.378413E-03   0.820231E+01   0.111733E+02   0.225138E+02   0.143037E+02   0.171179E+03
   0.967328E+02  -0.174829E+01  -0.175033E+00   0.251784E+01   0.859764E-03   0.911433E+01   0.901831E+01   0.131372E+02   0.123154E+02   0.172583E+03
   0.980750E+02   0.337141E+00  -0.495700E+01  -0.337252E+01   0.692393E-03   0.120432E+02   0.821405E+01   0.169881E+02   0.122453E+02   0.174016E+03
   0.981269E+02  -0.370153E+01  -0.506996E+01  -0.337252E+01   0.587352E-03   0.123743E+02   0.821918E+01   0.109525E+02   0.158584E+02   0.172118E+03
   0.982271E+02  -0.219803E+01  -0.154667E+01  -0.851956E+01   0.648238E-03   0.140979E+02   0.128016E+02   0.129874E+02   0.185325E+02   0.171858E+03
   0.973004E+02   0.149823E+01  -0.887439E+00   0.286736E+01   0.668762E-03   0.780194E+01   0.137882E+02   0.159019E+02   0.151730E+02   0.173907E+03
   0.982782E+02   0.192686E+01  -0.818275E+01  -0.148448E+02   0.571226E-03   0.904271E+01   0.813383E+01   0.146225E+02   0.151730E+02   0.173047E+03
   0.982782E+02   0.476026E+01  -0.836263E+01  -0.972379E+01   0.514310E-03   0.941464E+01   0.953153E+01   0.112955E+02   0.129920E+02   0.169797E+03
   0.983143E+02  -0.273709E+01   0.102418E+02  -0.773751E+01   0.780364E-03   0.103688E+02   0.100074E+02   0.119711E+02   0.197408E+02   0.171570E+03
   0.101019E+03  -0.862951E+01   0.155133E+02  -0.246240E+02   0.914365E-03   0.103688E+02   0.886692E+01   0.165763E+02   0.198352E+02   0.168527E+03
   0.996034E+02  -0.310100E+01  -0.169065E+01  -0.969800E+01   0.874171E-03   0.639699E+01   0.971106E+01   0.142605E+02   0.183199E+02   0.169857E+03
   0.980679E+02   0.344224E+01   0.115356E+01   0.138883E+02   0.739984E-03   0.841485E+01   0.103965E+02   0.213231E+02   0.172296E+02   0.172851E+03
   0.986705E+02   0.119077E+01   0.288827E+01   0.995317E+01   0.739984E-03   0.953732E+01   0.128755E+02   0.148952E+02   0.154971E+02   0.174155E+03
   0.982835E+02   0.203778E+01   0.264845E+01   0.166467E+02   0.709366E-03   0.786151E+01   0.108895E+02   0.196111E+02   0.127917E+02   0.173024E+03
   0.985158E+02   0.369254E+01   0.288264E+01   0.167496E+02   0.951177E-03   0.120526E+02   0.100704E+02   0.133905E+02   0.127770E+02   0.172247E+03
   0.985158E+02   0.127462E+01   0.616119E+01   0.359807E+01   0.557205E-03   0.919584E+01   0.123597E+02   0.139408E+02   0.148029E+02   0.175062E+03
   0.991123E+02  -0.176958E+01   0.763537E+01  -0.652584E+01   0.742810E-03   0.114723E+02   0.103048E+02   0.146147E+02   0.111068E+02   0.173201E+03
   0.978703E+02  -0.316279E+01  -0.161656E+01  -0.145614E+02   0.838955E-03   0.795684E+01   0.113552E+02   0.146302E+02   0.194505E+02   0.171674E+03
   0.966894E+02  -0.283446E+01  -0.489663E+01  -0.704637E+01   0.801021E-03   0.896069E+01   0.113552E+02   0.141315E+02   0.956948E+01   0.170543E+03
   0.987152E+02  -0.163276E+01  -0.475427E+01   0.238011E+01   0.500143E-03   0.708110E+01   0.111120E+02   0.236615E+02   0.205942E+02   0.167031E+03
   0.982370E+02   0.587224E+01   0.753275E+01   0.678672E+01   0.866661E-03   0.990574E+01   0.816093E+01   0.119993E+02   0.142559E+02   0.172959E+03
   0.976810E+02   0.470854E+01  -0.902996E+01   0.151076E+02   0.929061E-03   0.117715E+02   0.816093E+01   0.149793E+02   0.144308E+02   0.170546E+03
   0.987550E+02  -0.223544E+01  -0.134476E+01  -0.474047E+01   0.776720E-03   0.120538E+02   0.838571E+01   0.155086E+02   0.119041E+02   0.173177E+03
   0.982516E+02  -0.759411E+00  -0.100677E+02  -0.951782E+01   0.563911E-03   0.783492E+01   0.108895E+02   0.149955E+02   0.137879E+02   0.173341E+03
   0.978024E+02   0.272047E+01  -0.345504E+01   0.169550E+02   0.721626E-03   0.818987E+01   0.778411E+01   0.173024E+02   0.977833E+01   0.171290E+03
   0.992299E+02   0.511935E+01   0.695477E+01   0.623077E+01   0.749758E-03   0.930449E+01   0.778411E+01   0.170519E+02   0.227360E+02   0.170872E+03
   0.999154E+02  -0.249604E+01   0.871449E+01  -0.850994E+01   0.749758E-03   0.930449E+01   0.126447E+02   0.134365E+02   0.172626E+02   0.171947E+03
   0.990167E+02  -0.509867E+01   0.385126E+00  -0.216784E+02   0.737732E-03   0.973964E+01   0.685992E+01   0.154427E+02   0.115448E+02   0.171361E+03
   0.990167E+02   0.371891E+00   0.778470E+01  -0.213368E+01   0.690856E-03   0.116611E+02   0.128799E+02   0.185673E+02   0.139548E+02   0.172663E+03
   0.967384E+02  -0.149529E+01   0.926950E+01   0.967196E+01   0.706291E-03   0.891847E+01   0.126696E+02   0.222469E+02   0.149311E+02   0.165975E+03
   0.977485E+02   0.104715E+01  -0.282928E+00   0.137720E+01   0.813132E-03   0.971252E+01   0.125490E+02   0.101902E+02   0.140443E+02   0.172855E+03
   0.987485E+02  -0.837572E+00   0.805517E+01  -0.406162E+01   0.642793E-03   0.127426E+02   0.125490E+02   0.113519E+02   0.176575E+02   0.172030E+03
   0.987485E+02   0.392357E+01   0.993409E+00   0.450421E+01   0.733151E-03   0.129184E+02   0.865630E+01   0.143692E+02   0.136354E+02   0.173656E+03
   0.982342E+02   0.188008E+01  -0.457376E+01  -0.104032E+02   0.650292E-03   0.919400E+01   0.147177E+02   0.208406E+02   0.134112E+02   0.170783E+03
   0.985251E+02   0.340603E+00  -0.222934E+01  -0.234499E+02   0.563800E-03   0.841190E+01   0.941641E+01   0.173574E+02   0.167836E+02   0.171210E+03
   0.983677E+02  -0.103344E+01  -0.222934E+01  -0.148469E+02   0.563800E-03   0.103679E+02   0.801589E+01   0.166349E+02   0.124116E+02   0.174018E+03
   0.974144E+02  -0.189332E+01  -0.171479E+01   0.955003E+00   0.535758E-03   0.116853E+02   0.982859E+01   0.142099E+02   0.191268E+02   0.174006E+03
   0.974895E+02   0.431683E+01   0.243476E+01   0.127348E+02   0.603857E-03   0.103934E+02   0.100779E+02   0.187544E+02   0.125748E+02   0.174587E+03
   0.983818E+02   0.308615E+01   0.487788E+01   0.164282E+02   0.647823E-03   0.977722E+01   0.933731E+01   0.162591E+02   0.180485E+02   0.174722E+03
   0.975831E+02   0.609870E+01   0.695175E+01   0.205165E+02   0.360691E-03   0.112818E+02   0.129980E+02   0.171984E+02   0.137914E+02   0.168677E+03
   0.999320E+02   0.116224E+02   0.109044E+02   0.223024E+02   0.681154E-03   0.107052E+02   0.990536E+01   0.113548E+02   0.183964E+02   0.171219E+03
   0.993010E+02  -0.237450E+00  -0.479471E+01  -0.251702E+02   0.909599E-03   0.870043E+01   0.880819E+01   0.205672E+02   0.108834E+02   0.169188E+03
   0.983077E+02   0.173562E+01   0.600984E+00  -0.605109E+01   0.633092E-03   0.117803E+02   0.947826E+01   0.189348E+02   0.150762E+02   0.174106E+03
   0.994807E+02  -0.356965E+01   0.519216E+01  -0.140333E+02   0.642741E-03   0.971408E+01   0.771905E+01   0.181564E+02   0.964482E+01   0.170920E+03
   0.994807E+02   0.876366E+01   0.884865E+01   0.236532E+02   0.642741E-03   0.135454E+02   0.780560E+01   0.125983E+02   0.168156E+02   0.171724E+03
   0.995741E+02   0.129457E+01   0.827414E+01   0.952851E+01   0.119952E-02   0.145844E+02   0.106094E+02   0.124927E+02   0.174275E+02   0.166467E+03
   0.100087E+03  -0.228533E+01   0.633845E+01   0.112214E+02   0.912219E-03   0.101426E+02   0.106094E+02   0.144331E+02   0.156635E+02   0.170934E+03
   0.984151E+02   0.693396E+01   0.677169E+01   0.160649E+02   0.825186E-03   0.120299E+02   0.914193E+01   0.192272E+02   0.187351E+02   0.171677E+03
   0.990589E+02   0.173446E+01   0.832619E+01   0.483711E+01   0.729015E-03   0.822134E+01   0.940050E+01   0.119032E+02   0.245358E+02   0.170733E+03
   0.981088E+02   0.339570E+01  -0.641309E+01   0.170942E+02   0.662086E-03   0.841333E+01   0.152091E+02   0.126164E+02   0.126685E+02   0.170260E+03
   0.981088E+02  -0.504368E+01  -0.254277E+01  -0.107362E+02   0.751951E-03   0.118910E+02   0.135212E+02   0.169480E+02   0.178551E+02   0.170836E+03
   0.973446E+02  -0.182493E+01  -0.907264E+00   0.111122E+02   0.802608E-03   0.945256E+01   0.826572E+01   0.169308E+02   0.200974E+02   0.171204E+03
   0.974684E+02  -0.348482E+00  -0.111978E+02  -0.821014E+01   0.723899E-03   0.112293E+02   0.121775E+02   0.184156E+02   0.126698E+02   0.172193E+03
   0.987057E+02  -0.324383E+01  -0.591379E+01  -0.584199E+01   0.723899E-03   0.846552E+01   0.124814E+02   0.171906E+02   0.156024E+02   0.172451E+03
   0.100027E+03   0.407777E+01   0.958698E+01   0.839534E+01   0.746302E-03   0.789115E+01   0.105463E+02   0.132058E+02   0.156024E+02   0.172817E+03
   0.993600E+02  -0.154901E+01   0.238004E+01  -0.138924E+02   0.730147E-03   0.819505E+01   0.938950E+01   0.124505E+02   0.157821E+02   0.173593E+03
   0.978655E+02  -0.207111E+01  -0.378749E+01  -0.894327E+01   0.608288E-03   0.104680E+02   0.105003E+02   0.148829E+02   0.170685E+02   0.175022E+03
   0.969853E+02   0.389939E+01  -0.262230E+01   0.715519E+01   0.608288E-03   0.695651E+01   0.139591E+02   0.257248E+02   0.145302E+02   0.168371E+03
   0.967627E+02   0.489071E+01   0.128011E+00   0.392856E+01   0.657409E-03   0.112096E+02   0.898549E+01   0.109007E+02   0.112198E+02   0.172708E+03
   0.987961E+02  -0.195041E+01  -0.638196E+01  -0.149217E+02   0.657409E-03   0.792689E+01   0.157673E+02   0.127772E+02   0.156631E+02   0.170698E+03
   0.977857E+02  -0.242935E+01   0.115762E+01   0.699342E+01   0.876742E-03   0.121164E+02   0.884683E+01   0.207422E+02   0.211114E+02   0.168936E+03
   0.977238E+02   0.176806E+01   0.256961E+00  -0.670777E+00   0.590029E-03   0.794467E+01   0.936095E+01   0.155035E+02   0.123108E+02   0.175577E+03
   0.983663E+02  -0.349186E+00  -0.242966E+01  -0.210856E+00   0.973266E-03   0.914956E+01   0.109561E+02   0.152769E+02   0.106931E+02   0.171666E+03
