a0_min        a1_min        Y1_intercept  Y2_intercept  Y3_intercept  LogPost       
  0.100000E+03  0.000000E+00  0.100000E-02  0.100000E-02  0.100000E-02  0.137784E+03
  0.100000E+03  0.000000E+00  0.100000E-02  0.100000E-02  0.100000E-02  0.137784E+03
  0.100000E+03  0.000000E+00  0.100000E-02  0.100000E-02  0.100000E-02  0.137784E+03
  0.100000E+03  0.000000E+00  0.100000E-02  0.100000E-02  0.100000E-02  0.137784E+03
  0.100000E+03  0.000000E+00  0.100000E-02  0.496885E-03  0.100000E-02  0.139950E+03
  0.100000E+03  0.000000E+00  0.100000E-02  0.496885E-03  0.100000E-02  0.139950E+03
  0.100000E+03  0.000000E+00  0.100000E-02  0.496885E-03  0.100000E-02  0.139950E+03
  0.995228E+02  0.000000E+00  0.100000E-02  0.496885E-03  0.100000E-02  0.138751E+03
  0.991927E+02  0.705087E+01  0.100000E-02  0.496885E-03  0.100000E-02  0.137517E+03
  0.991927E+02  0.705087E+01  0.100000E-02  0.496885E-03  0.100000E-02  0.137517E+03
  0.989649E+02  0.352282E+01  0.124287E-02  0.496885E-03  0.100000E-02  0.136911E+03
  0.989649E+02  0.320520E+01  0.124287E-02  0.496885E-03  0.100000E-02  0.136914E+03
  0.989649E+02  0.320520E+01  0.444268E-03  0.496885E-03  0.100000E-02  0.139447E+03
  0.989649E+02  0.540170E+01  0.444268E-03  0.496885E-03  0.100000E-02  0.139210E+03
  0.989649E+02  0.540170E+01  0.301803E-04  0.496885E-03  0.100000E-02  0.139754E+03
  0.989649E+02  0.540170E+01  0.301803E-04  0.496885E-03  0.100000E-02  0.139754E+03
  0.989649E+02 -0.112501E+01  0.301803E-04  0.496885E-03  0.100000E-02  0.137760E+03
  0.102227E+03 -0.112501E+01  0.301803E-04  0.496885E-03  0.100000E-02  0.142960E+03
  0.102227E+03  0.558667E+01  0.301803E-04  0.496885E-03  0.100000E-02  0.143265E+03
  0.102227E+03 -0.207094E+00  0.301803E-04  0.496885E-03  0.100000E-02  0.143331E+03
  0.102227E+03 -0.492706E-01  0.301803E-04  0.496885E-03  0.100000E-02  0.143384E+03
  0.102227E+03 -0.492706E-01  0.301803E-04  0.496885E-03  0.100000E-02  0.143384E+03
  0.102227E+03 -0.492706E-01  0.301803E-04  0.496885E-03  0.100000E-02  0.143384E+03
  0.102227E+03 -0.492706E-01  0.301803E-04  0.496885E-03  0.100000E-02  0.143384E+03
  0.102227E+03 -0.492706E-01  0.301803E-04  0.496885E-03  0.586300E-03  0.145823E+03
  0.102227E+03 -0.342813E+01  0.301803E-04  0.496885E-03  0.586300E-03  0.144084E+03
  0.102227E+03 -0.342813E+01  0.301803E-04  0.496885E-03  0.586300E-03  0.144084E+03
  0.102227E+03  0.135943E+01  0.301803E-04  0.496885E-03  0.586300E-03  0.146056E+03
  0.102227E+03  0.135943E+01  0.301803E-04  0.496885E-03  0.586300E-03  0.146056E+03
  0.102227E+03  0.135943E+01  0.277968E-03  0.496885E-03  0.586300E-03  0.145813E+03
  0.102227E+03  0.693473E+00  0.277968E-03  0.496885E-03  0.586300E-03  0.145744E+03
  0.102227E+03  0.693473E+00  0.277968E-03  0.496885E-03  0.586300E-03  0.145744E+03
  0.102227E+03  0.693473E+00  0.277968E-03  0.496885E-03  0.586300E-03  0.145744E+03
  0.102227E+03  0.693473E+00  0.277968E-03  0.496885E-03  0.586300E-03  0.145744E+03
  0.102227E+03  0.693473E+00  0.277968E-03  0.496885E-03  0.586300E-03  0.145744E+03
  0.102227E+03  0.693473E+00  0.277968E-03  0.496885E-03  0.586300E-03  0.145744E+03
  0.102227E+03  0.298938E+01  0.277968E-03  0.496885E-03  0.586300E-03  0.145716E+03
  0.102227E+03  0.587583E+01  0.277968E-03  0.496885E-03  0.707006E-03  0.144194E+03
  0.102227E+03  0.642643E+01  0.277968E-03  0.496885E-03  0.707006E-03  0.143890E+03
  0.102227E+03 -0.204037E+01  0.277968E-03  0.496885E-03  0.580460E-03  0.144839E+03
  0.102227E+03  0.381048E+01  0.277968E-03  0.496885E-03  0.580460E-03  0.145545E+03
  0.102717E+03  0.381048E+01  0.277968E-03  0.496885E-03  0.580460E-03  0.144205E+03
  0.102717E+03  0.381048E+01  0.277968E-03  0.496885E-03  0.580460E-03  0.144205E+03
  0.102717E+03  0.381048E+01  0.550390E-03  0.496885E-03  0.580460E-03  0.143645E+03
  0.102717E+03  0.381048E+01  0.550390E-03  0.496885E-03  0.580460E-03  0.143645E+03
  0.102717E+03  0.381048E+01  0.129289E-02  0.496885E-03  0.580460E-03  0.141205E+03
  0.100434E+03  0.363278E+01  0.129289E-02  0.496885E-03  0.580460E-03  0.142640E+03
  0.100434E+03  0.122797E+01  0.129289E-02  0.496885E-03  0.580460E-03  0.142822E+03
  0.100434E+03  0.905037E+00  0.129289E-02  0.496885E-03  0.580460E-03  0.142782E+03
  0.100434E+03  0.905037E+00  0.129289E-02  0.496885E-03  0.580460E-03  0.142782E+03
  0.100434E+03  0.905037E+00  0.129289E-02  0.496885E-03  0.580460E-03  0.142782E+03
  0.100434E+03  0.905037E+00  0.129289E-02  0.496885E-03  0.580460E-03  0.142782E+03
  0.100533E+03  0.905037E+00  0.129289E-02  0.496885E-03  0.352171E-03  0.144564E+03
  0.100533E+03  0.905037E+00  0.125008E-02  0.496885E-03  0.424953E-03  0.144220E+03
  0.100533E+03  0.288508E+01  0.828166E-03  0.496885E-03  0.424953E-03  0.145789E+03
  0.100533E+03  0.288508E+01  0.290993E-03  0.496885E-03  0.424953E-03  0.147635E+03
  0.100533E+03  0.288508E+01  0.290993E-03  0.496885E-03  0.424953E-03  0.147635E+03
  0.100533E+03  0.288508E+01  0.290993E-03  0.496885E-03  0.424953E-03  0.147635E+03
  0.100533E+03  0.288508E+01  0.290993E-03  0.496885E-03  0.424953E-03  0.147635E+03
  0.100533E+03  0.288508E+01  0.290993E-03  0.496885E-03  0.424953E-03  0.147635E+03
  0.100533E+03  0.288508E+01  0.290993E-03  0.496885E-03  0.424953E-03  0.147635E+03
  0.100533E+03  0.288508E+01  0.290993E-03  0.496885E-03  0.424953E-03  0.147635E+03
  0.100533E+03  0.288508E+01  0.250224E-03  0.496885E-03  0.424953E-03  0.147722E+03
  0.100533E+03  0.288508E+01  0.250224E-03  0.496885E-03  0.424953E-03  0.147722E+03
  0.100533E+03  0.288508E+01  0.250224E-03  0.496885E-03  0.424953E-03  0.147722E+03
  0.100533E+03  0.135988E+01  0.250224E-03  0.496885E-03  0.424953E-03  0.147779E+03
  0.100533E+03  0.135988E+01  0.250224E-03  0.496885E-03  0.237557E-03  0.148940E+03
  0.100533E+03  0.135988E+01  0.250224E-03  0.496885E-03  0.237557E-03  0.148940E+03
  0.100533E+03  0.135988E+01  0.250224E-03  0.496885E-03  0.237557E-03  0.148940E+03
  0.100533E+03  0.135988E+01  0.250224E-03  0.496885E-03  0.237557E-03  0.148940E+03
  0.100533E+03  0.135988E+01  0.250224E-03  0.496885E-03  0.237557E-03  0.148940E+03
  0.100533E+03  0.135988E+01  0.250224E-03  0.496885E-03  0.218172E-03  0.149035E+03
  0.100533E+03  0.135988E+01  0.250224E-03  0.297628E-04  0.218172E-03  0.150513E+03
  0.100533E+03  0.135988E+01  0.250224E-03  0.297628E-04  0.218172E-03  0.150513E+03
  0.100533E+03  0.723711E+01  0.250224E-03  0.297628E-04  0.218172E-03  0.146217E+03
  0.100533E+03  0.723711E+01  0.250224E-03  0.297628E-04  0.218172E-03  0.146217E+03
  0.100533E+03  0.723711E+01  0.250224E-03  0.297628E-04  0.218172E-03  0.146217E+03
  0.100533E+03  0.723711E+01  0.294074E-03  0.297628E-04  0.218172E-03  0.146124E+03
  0.100533E+03  0.384521E+01  0.294074E-03  0.297628E-04  0.218172E-03  0.149855E+03
  0.100533E+03  0.384521E+01  0.277606E-03  0.297628E-04  0.218172E-03  0.149892E+03
  0.100533E+03  0.384521E+01  0.277606E-03  0.297628E-04  0.218172E-03  0.149892E+03
  0.100533E+03  0.384521E+01  0.277606E-03  0.297628E-04  0.218172E-03  0.149892E+03
  0.100533E+03  0.384521E+01  0.277606E-03  0.297628E-04  0.218172E-03  0.149892E+03
  0.100533E+03  0.384521E+01  0.277606E-03  0.297628E-04  0.218172E-03  0.149892E+03
  0.100533E+03  0.384521E+01  0.277606E-03  0.297628E-04  0.218172E-03  0.149892E+03
  0.100533E+03  0.384521E+01  0.277606E-03  0.297628E-04  0.218172E-03  0.149892E+03
  0.100533E+03  0.384521E+01  0.277606E-03  0.297628E-04  0.218172E-03  0.149892E+03
  0.100533E+03  0.121902E+01  0.277606E-03  0.297628E-04  0.218172E-03  0.150437E+03
  0.100533E+03  0.121902E+01  0.277606E-03  0.297628E-04  0.218172E-03  0.150437E+03
  0.100533E+03  0.121902E+01  0.277606E-03  0.297628E-04  0.218172E-03  0.150437E+03
  0.100533E+03  0.121902E+01  0.277606E-03  0.297628E-04  0.218172E-03  0.150437E+03
  0.100533E+03  0.121902E+01  0.277606E-03  0.297628E-04  0.218172E-03  0.150437E+03
  0.100533E+03  0.121902E+01  0.277606E-03  0.297628E-04  0.218172E-03  0.150437E+03
  0.100533E+03  0.121902E+01  0.277606E-03  0.405731E-03  0.218172E-03  0.149430E+03
  0.100533E+03  0.121902E+01  0.277606E-03  0.405731E-03  0.218172E-03  0.149430E+03
  0.100533E+03  0.121902E+01  0.277606E-03  0.405731E-03  0.218172E-03  0.149430E+03
  0.100533E+03  0.539212E+01  0.277606E-03  0.405731E-03  0.218172E-03  0.147511E+03
  0.100533E+03  0.517205E+01  0.277606E-03  0.405731E-03  0.218172E-03  0.147719E+03
  0.100533E+03  0.517205E+01  0.277606E-03  0.405731E-03  0.218172E-03  0.147719E+03
  0.100533E+03  0.103696E+01  0.277606E-03  0.405731E-03  0.218172E-03  0.149417E+03
  0.100533E+03  0.103696E+01  0.277606E-03  0.405731E-03  0.218172E-03  0.149417E+03
  0.100533E+03 -0.256061E+01  0.277606E-03  0.405731E-03  0.218172E-03  0.147504E+03
  0.100533E+03 -0.256061E+01  0.277606E-03  0.405731E-03  0.218172E-03  0.147504E+03
  0.100533E+03  0.477501E+00  0.277606E-03  0.405731E-03  0.218172E-03  0.149326E+03
  0.100533E+03  0.477501E+00  0.277606E-03  0.405731E-03  0.271448E-03  0.149024E+03
  0.100533E+03  0.477501E+00  0.277606E-03  0.405731E-03  0.271448E-03  0.149024E+03
  0.100533E+03  0.477501E+00  0.277606E-03  0.405731E-03  0.271448E-03  0.149024E+03
  0.100533E+03  0.477501E+00  0.277606E-03  0.405731E-03  0.271448E-03  0.149024E+03
  0.100533E+03  0.477501E+00  0.277606E-03  0.405731E-03  0.271448E-03  0.149024E+03
  0.100533E+03  0.477501E+00  0.556296E-03  0.405731E-03  0.271448E-03  0.148274E+03
  0.100533E+03 -0.255392E+01  0.556296E-03  0.405731E-03  0.271448E-03  0.146593E+03
  0.100533E+03 -0.255392E+01  0.556296E-03  0.405731E-03  0.271448E-03  0.146593E+03
  0.101236E+03 -0.255392E+01  0.556296E-03  0.273864E-03  0.271448E-03  0.147594E+03
  0.101236E+03 -0.124701E+01  0.556296E-03  0.273864E-03  0.271448E-03  0.148580E+03
  0.101236E+03 -0.124701E+01  0.556296E-03  0.273864E-03  0.271448E-03  0.148580E+03
  0.101236E+03 -0.229722E+01  0.107361E-02  0.273864E-03  0.271448E-03  0.146072E+03
  0.101236E+03 -0.229722E+01  0.107361E-02  0.273864E-03  0.271448E-03  0.146072E+03
  0.101236E+03 -0.229722E+01  0.107361E-02  0.273864E-03  0.271448E-03  0.146072E+03
  0.101236E+03  0.172651E+01  0.107361E-02  0.273864E-03  0.271448E-03  0.147353E+03
  0.101236E+03  0.172651E+01  0.365519E-03  0.273864E-03  0.271448E-03  0.149959E+03
  0.101236E+03  0.172651E+01  0.365519E-03  0.273864E-03  0.271448E-03  0.149959E+03
  0.101236E+03  0.172651E+01  0.365519E-03  0.273864E-03  0.271448E-03  0.149959E+03
  0.101236E+03  0.172651E+01  0.365519E-03  0.273864E-03  0.271448E-03  0.149959E+03
  0.101236E+03  0.172651E+01  0.365519E-03  0.273864E-03  0.271448E-03  0.149959E+03
  0.101236E+03  0.172651E+01  0.365519E-03  0.273864E-03  0.271448E-03  0.149959E+03
  0.101236E+03  0.172651E+01  0.365519E-03  0.273864E-03  0.271448E-03  0.149959E+03
  0.101236E+03  0.172651E+01  0.365519E-03  0.273864E-03  0.271448E-03  0.149959E+03
  0.101236E+03  0.172651E+01  0.365519E-03  0.273864E-03  0.271448E-03  0.149959E+03
  0.101236E+03  0.172651E+01  0.365519E-03  0.273864E-03  0.271448E-03  0.149959E+03
  0.101236E+03  0.172651E+01  0.365519E-03  0.273864E-03  0.271448E-03  0.149959E+03
  0.101236E+03  0.172651E+01  0.365519E-03  0.273864E-03  0.271448E-03  0.149959E+03
  0.101572E+03  0.411346E+01  0.365519E-03  0.273864E-03  0.271448E-03  0.148844E+03
  0.101572E+03 -0.135041E+01  0.365519E-03  0.273864E-03  0.271448E-03  0.148855E+03
  0.101572E+03  0.364572E+01  0.365519E-03  0.273864E-03  0.271448E-03  0.149108E+03
  0.101572E+03  0.364572E+01  0.365519E-03  0.273864E-03  0.271448E-03  0.149108E+03
  0.101572E+03  0.234927E+01  0.365519E-03  0.273864E-03  0.271448E-03  0.149581E+03
  0.101572E+03  0.234927E+01  0.365519E-03  0.273864E-03  0.271448E-03  0.149581E+03
  0.101572E+03  0.234927E+01  0.365519E-03  0.273864E-03  0.271448E-03  0.149581E+03
  0.101572E+03  0.234927E+01  0.365519E-03  0.273864E-03  0.271448E-03  0.149581E+03
  0.101572E+03  0.234927E+01  0.365519E-03  0.273864E-03  0.271448E-03  0.149581E+03
  0.101572E+03  0.234927E+01  0.365519E-03  0.273864E-03  0.271448E-03  0.149581E+03
  0.101572E+03  0.234927E+01  0.365519E-03  0.273864E-03  0.271448E-03  0.149581E+03
  0.101572E+03  0.234927E+01  0.365519E-03  0.273864E-03  0.271448E-03  0.149581E+03
  0.101572E+03  0.234927E+01  0.365519E-03  0.273864E-03  0.271448E-03  0.149581E+03
  0.101572E+03  0.234927E+01  0.365519E-03  0.273864E-03  0.271448E-03  0.149581E+03
  0.101572E+03  0.234927E+01  0.365519E-03  0.273864E-03  0.271448E-03  0.149581E+03
  0.101572E+03  0.234927E+01  0.365519E-03  0.273864E-03  0.271448E-03  0.149581E+03
  0.101572E+03  0.301213E+01  0.365519E-03  0.273864E-03  0.271448E-03  0.149386E+03
  0.101572E+03  0.301213E+01  0.650016E-03  0.273864E-03  0.271448E-03  0.148469E+03
  0.101572E+03 -0.648556E+00  0.650016E-03  0.273864E-03  0.271448E-03  0.148407E+03
  0.101572E+03 -0.648556E+00  0.650016E-03  0.273864E-03  0.271448E-03  0.148407E+03
  0.101572E+03 -0.648556E+00  0.650016E-03  0.273864E-03  0.271448E-03  0.148407E+03
  0.101572E+03  0.282574E+01  0.650016E-03  0.273864E-03  0.271448E-03  0.148536E+03
  0.101572E+03  0.308961E+01  0.650016E-03  0.273864E-03  0.271448E-03  0.148439E+03
  0.101572E+03  0.308961E+01  0.863289E-04  0.273864E-03  0.271448E-03  0.149834E+03
  0.101639E+03  0.308961E+01  0.863289E-04  0.273864E-03  0.271448E-03  0.149729E+03
  0.101639E+03  0.308961E+01  0.863289E-04  0.273864E-03  0.271448E-03  0.149729E+03
  0.101639E+03  0.359478E+01  0.863289E-04  0.273864E-03  0.271448E-03  0.149507E+03
  0.101639E+03  0.359478E+01  0.863289E-04  0.273864E-03  0.271448E-03  0.149507E+03
  0.101639E+03  0.359478E+01  0.906784E-03  0.273864E-03  0.271448E-03  0.147121E+03
  0.101639E+03  0.359478E+01  0.906784E-03  0.273864E-03  0.271448E-03  0.147121E+03
  0.101796E+03  0.359478E+01  0.906784E-03  0.273864E-03  0.271448E-03  0.146876E+03
  0.101796E+03  0.359478E+01  0.906784E-03  0.273864E-03  0.271448E-03  0.146876E+03
  0.101796E+03  0.359478E+01  0.906784E-03  0.273864E-03  0.271448E-03  0.146876E+03
  0.101796E+03  0.359478E+01  0.906784E-03  0.273864E-03  0.271448E-03  0.146876E+03
  0.101796E+03  0.185377E+01  0.906784E-03  0.273864E-03  0.271448E-03  0.147456E+03
  0.101796E+03  0.185377E+01  0.906784E-03  0.273864E-03  0.271448E-03  0.147456E+03
  0.101796E+03  0.185377E+01  0.906784E-03  0.273864E-03  0.271448E-03  0.147456E+03
  0.101796E+03  0.185377E+01  0.906784E-03  0.273864E-03  0.271448E-03  0.147456E+03
  0.101796E+03  0.185377E+01  0.906784E-03  0.273864E-03  0.271448E-03  0.147456E+03
  0.101796E+03  0.185377E+01  0.906784E-03  0.273864E-03  0.271448E-03  0.147456E+03
  0.101123E+03  0.185377E+01  0.906784E-03  0.273864E-03  0.271448E-03  0.148030E+03
  0.101123E+03  0.413466E+00  0.906784E-03  0.273864E-03  0.271448E-03  0.147976E+03
  0.101123E+03  0.413466E+00  0.906784E-03  0.273864E-03  0.271448E-03  0.147976E+03
  0.101123E+03  0.413466E+00  0.906784E-03  0.273864E-03  0.271448E-03  0.147976E+03
  0.101123E+03 -0.827123E-01  0.906784E-03  0.273864E-03  0.271448E-03  0.147852E+03
  0.101123E+03 -0.827123E-01  0.107619E-03  0.273864E-03  0.271448E-03  0.150108E+03
  0.101123E+03 -0.827123E-01  0.107619E-03  0.273864E-03  0.271448E-03  0.150108E+03
  0.101123E+03 -0.827123E-01  0.107619E-03  0.273864E-03  0.271448E-03  0.150108E+03
  0.101123E+03 -0.827123E-01  0.107619E-03  0.273864E-03  0.271448E-03  0.150108E+03
  0.101195E+03 -0.827123E-01  0.203329E-03  0.273864E-03  0.271448E-03  0.150001E+03
  0.101195E+03  0.147615E+01  0.203329E-03  0.273864E-03  0.271448E-03  0.150321E+03
  0.101195E+03  0.147615E+01  0.203329E-03  0.273864E-03  0.271448E-03  0.150321E+03
  0.101195E+03  0.147615E+01  0.203329E-03  0.273864E-03  0.271448E-03  0.150321E+03
  0.101195E+03  0.147615E+01  0.203329E-03  0.273864E-03  0.271448E-03  0.150321E+03
  0.101195E+03  0.147615E+01  0.203329E-03  0.273864E-03  0.271448E-03  0.150321E+03
  0.101195E+03  0.147615E+01  0.203329E-03  0.273864E-03  0.271448E-03  0.150321E+03
  0.101195E+03 -0.195446E+00  0.203329E-03  0.273864E-03  0.271448E-03  0.149955E+03
  0.101195E+03 -0.195446E+00  0.203329E-03  0.273864E-03  0.271448E-03  0.149955E+03
  0.101195E+03 -0.195446E+00  0.203329E-03  0.273864E-03  0.271448E-03  0.149955E+03
  0.101195E+03 -0.195446E+00  0.203329E-03  0.273864E-03  0.271448E-03  0.149955E+03
  0.101195E+03 -0.195446E+00  0.203329E-03  0.273864E-03  0.271448E-03  0.149955E+03
  0.101195E+03 -0.195446E+00  0.203329E-03  0.314571E-03  0.271448E-03  0.149787E+03
  0.101195E+03 -0.195446E+00  0.203329E-03  0.314571E-03  0.271448E-03  0.149787E+03
  0.101195E+03 -0.195446E+00  0.203329E-03  0.314571E-03  0.271448E-03  0.149787E+03
  0.101195E+03 -0.195446E+00  0.203329E-03  0.314571E-03  0.271448E-03  0.149787E+03
  0.101195E+03 -0.195446E+00  0.203329E-03  0.314571E-03  0.271448E-03  0.149787E+03
  0.101195E+03 -0.195446E+00  0.203329E-03  0.314571E-03  0.271448E-03  0.149787E+03
  0.101195E+03 -0.195446E+00  0.203329E-03  0.314571E-03  0.271448E-03  0.149787E+03
  0.101195E+03 -0.127550E+00  0.203329E-03  0.314571E-03  0.271448E-03  0.149813E+03
  0.101195E+03 -0.127550E+00  0.203329E-03  0.314571E-03  0.271448E-03  0.149813E+03
  0.101195E+03 -0.127550E+00  0.203329E-03  0.314571E-03  0.271448E-03  0.149813E+03
  0.101195E+03 -0.304131E+00  0.203329E-03  0.314571E-03  0.271448E-03  0.149742E+03
  0.101195E+03 -0.304131E+00  0.118323E-03  0.314571E-03  0.271448E-03  0.149840E+03
  0.101195E+03 -0.304131E+00  0.118323E-03  0.314571E-03  0.271448E-03  0.149840E+03
  0.101195E+03  0.593744E+01  0.118323E-03  0.314571E-03  0.271448E-03  0.147930E+03
  0.101195E+03  0.593744E+01  0.118323E-03  0.314571E-03  0.837183E-03  0.145965E+03
  0.998291E+02  0.593744E+01  0.118323E-03  0.314571E-03  0.837183E-03  0.143771E+03
  0.998291E+02  0.486827E+01  0.118323E-03  0.314571E-03  0.837183E-03  0.144218E+03
  0.998291E+02  0.486827E+01  0.118323E-03  0.314571E-03  0.837183E-03  0.144218E+03
  0.998291E+02  0.486827E+01  0.118323E-03  0.314571E-03  0.837183E-03  0.144218E+03
  0.998291E+02  0.486827E+01  0.118323E-03  0.314571E-03  0.837183E-03  0.144218E+03
  0.100363E+03  0.486827E+01  0.118323E-03  0.314571E-03  0.837183E-03  0.145587E+03
  0.100363E+03  0.486827E+01  0.118323E-03  0.314571E-03  0.814671E-04  0.148492E+03
  0.100363E+03  0.486827E+01  0.273777E-03  0.314571E-03  0.814671E-04  0.148241E+03
  0.101794E+03  0.218935E+01  0.546054E-03  0.314571E-03  0.814671E-04  0.148819E+03
  0.101794E+03  0.218935E+01  0.148408E-02  0.314571E-03  0.266616E-03  0.144955E+03
  0.101794E+03  0.218935E+01  0.148408E-02  0.314571E-03  0.266616E-03  0.144955E+03
  0.101794E+03  0.218935E+01  0.249116E-03  0.314571E-03  0.266616E-03  0.149285E+03
  0.101794E+03  0.218935E+01  0.249116E-03  0.314571E-03  0.266616E-03  0.149285E+03
  0.101794E+03  0.230028E+00  0.249116E-03  0.314571E-03  0.266616E-03  0.149265E+03
  0.101794E+03 -0.960455E+00  0.249116E-03  0.314571E-03  0.266616E-03  0.148848E+03
  0.101794E+03 -0.960455E+00  0.249116E-03  0.314571E-03  0.266616E-03  0.148848E+03
  0.101794E+03 -0.384200E+01  0.249116E-03  0.314571E-03  0.266616E-03  0.146559E+03
  0.101794E+03 -0.116587E+01  0.249116E-03  0.314571E-03  0.266616E-03  0.148744E+03
  0.101794E+03 -0.116587E+01  0.249116E-03  0.314571E-03  0.266616E-03  0.148744E+03
  0.101947E+03 -0.116587E+01  0.249116E-03  0.314571E-03  0.266616E-03  0.148452E+03
  0.101947E+03 -0.116587E+01  0.249116E-03  0.314571E-03  0.266616E-03  0.148452E+03
  0.101947E+03 -0.116587E+01  0.249116E-03  0.314571E-03  0.266616E-03  0.148452E+03
  0.101947E+03 -0.116587E+01  0.249116E-03  0.314571E-03  0.266616E-03  0.148452E+03
  0.101947E+03 -0.116587E+01  0.249116E-03  0.314571E-03  0.266616E-03  0.148452E+03
  0.101947E+03 -0.116587E+01  0.249116E-03  0.314571E-03  0.266616E-03  0.148452E+03
  0.101947E+03 -0.116587E+01  0.249116E-03  0.251403E-03  0.266616E-03  0.148701E+03
  0.101947E+03 -0.116587E+01  0.249116E-03  0.251403E-03  0.266616E-03  0.148701E+03
  0.101947E+03 -0.116587E+01  0.249116E-03  0.251403E-03  0.266616E-03  0.148701E+03
  0.101947E+03  0.571704E+01  0.249116E-03  0.251403E-03  0.266616E-03  0.147190E+03
  0.101947E+03  0.415589E+01  0.249116E-03  0.251403E-03  0.225806E-03  0.148476E+03
  0.101947E+03 -0.335623E+01  0.249116E-03  0.251403E-03  0.225806E-03  0.147136E+03
  0.101947E+03 -0.335623E+01  0.249116E-03  0.251403E-03  0.225806E-03  0.147136E+03
  0.101947E+03 -0.335623E+01  0.249116E-03  0.251403E-03  0.225806E-03  0.147136E+03
  0.101947E+03 -0.335623E+01  0.249116E-03  0.251403E-03  0.225806E-03  0.147136E+03
  0.101947E+03 -0.335623E+01  0.249116E-03  0.124041E-03  0.225806E-03  0.147296E+03
  0.101947E+03 -0.335623E+01  0.249116E-03  0.124041E-03  0.289758E-04  0.147707E+03
  0.101947E+03 -0.814903E+00  0.249116E-03  0.124041E-03  0.289758E-04  0.149779E+03
  0.101947E+03 -0.814903E+00  0.249116E-03  0.124041E-03  0.289758E-04  0.149779E+03
  0.100288E+03 -0.814903E+00  0.249116E-03  0.124041E-03  0.289758E-04  0.149480E+03
  0.100288E+03  0.102400E+01  0.249116E-03  0.124041E-03  0.289758E-04  0.150337E+03
  0.100288E+03  0.102400E+01  0.249116E-03  0.124041E-03  0.782970E-05  0.150347E+03
  0.100288E+03  0.102400E+01  0.249116E-03  0.124041E-03  0.998240E-04  0.150220E+03
  0.100288E+03  0.843039E+01  0.249116E-03  0.124041E-03  0.998240E-04  0.142958E+03
  0.100288E+03  0.349176E+01  0.249116E-03  0.124041E-03  0.998240E-04  0.149736E+03
  0.100288E+03  0.349176E+01  0.249116E-03  0.247483E-03  0.998240E-04  0.149451E+03
  0.100721E+03  0.349176E+01  0.249116E-03  0.179552E-03  0.998240E-04  0.150408E+03
  0.100721E+03  0.349176E+01  0.249116E-03  0.179552E-03  0.998240E-04  0.150408E+03
  0.100721E+03  0.314058E+01  0.249116E-03  0.179552E-03  0.998240E-04  0.150600E+03
  0.100721E+03  0.314058E+01  0.249116E-03  0.179552E-03  0.998240E-04  0.150600E+03
  0.100721E+03  0.314058E+01  0.249116E-03  0.179552E-03  0.998240E-04  0.150600E+03
  0.100721E+03  0.314058E+01  0.249116E-03  0.179552E-03  0.998240E-04  0.150600E+03
  0.100721E+03  0.169724E+01  0.249116E-03  0.179552E-03  0.998240E-04  0.151013E+03
  0.100721E+03  0.169724E+01  0.249116E-03  0.179552E-03  0.998240E-04  0.151013E+03
  0.100721E+03  0.169724E+01  0.249116E-03  0.179552E-03  0.998240E-04  0.151013E+03
  0.101281E+03  0.169724E+01  0.249116E-03  0.179552E-03  0.998240E-04  0.151140E+03
  0.101281E+03  0.169724E+01  0.249116E-03  0.179552E-03  0.998240E-04  0.151140E+03
  0.101281E+03  0.169724E+01  0.249116E-03  0.179552E-03  0.998240E-04  0.151140E+03
  0.101281E+03  0.169724E+01  0.249116E-03  0.179552E-03  0.998240E-04  0.151140E+03
  0.101281E+03 -0.889560E+00  0.249116E-03  0.179552E-03  0.998240E-04  0.150542E+03
  0.101281E+03 -0.889560E+00  0.249116E-03  0.179552E-03  0.998240E-04  0.150542E+03
  0.101281E+03  0.543774E+01  0.249116E-03  0.179552E-03  0.998240E-04  0.148756E+03
  0.101281E+03  0.543774E+01  0.249116E-03  0.179552E-03  0.998240E-04  0.148756E+03
  0.101281E+03  0.543774E+01  0.249116E-03  0.179552E-03  0.998240E-04  0.148756E+03
  0.101699E+03  0.543774E+01  0.249116E-03  0.179552E-03  0.998240E-04  0.148146E+03
  0.101699E+03  0.543774E+01  0.249116E-03  0.245740E-03  0.998240E-04  0.147864E+03
  0.101699E+03  0.265425E+01  0.249116E-03  0.245740E-03  0.998240E-04  0.149996E+03
  0.101699E+03  0.136999E+01  0.249116E-03  0.245740E-03  0.998240E-04  0.150319E+03
  0.101699E+03  0.136999E+01  0.249116E-03  0.245740E-03  0.998240E-04  0.150319E+03
  0.101699E+03  0.136999E+01  0.249116E-03  0.245740E-03  0.998240E-04  0.150319E+03
  0.100026E+03  0.136999E+01  0.249116E-03  0.245740E-03  0.998240E-04  0.149268E+03
  0.100026E+03  0.136999E+01  0.249116E-03  0.245740E-03  0.998240E-04  0.149268E+03
  0.100026E+03  0.136999E+01  0.249116E-03  0.245740E-03  0.998240E-04  0.149268E+03
  0.100026E+03  0.136999E+01  0.249116E-03  0.245740E-03  0.998240E-04  0.149268E+03
  0.100026E+03  0.136999E+01  0.480614E-03  0.245740E-03  0.998240E-04  0.148714E+03
  0.100371E+03  0.136999E+01  0.398029E-03  0.245740E-03  0.998240E-04  0.149894E+03
  0.100371E+03  0.516116E+00  0.398029E-03  0.245740E-03  0.998240E-04  0.149776E+03
  0.100876E+03  0.127753E+01  0.398029E-03  0.245740E-03  0.998240E-04  0.150590E+03
  0.100876E+03  0.127753E+01  0.398029E-03  0.245740E-03  0.998240E-04  0.150590E+03
  0.100876E+03  0.127753E+01  0.398029E-03  0.245740E-03  0.998240E-04  0.150590E+03
  0.100876E+03  0.127753E+01  0.398029E-03  0.245740E-03  0.998240E-04  0.150590E+03
  0.100876E+03  0.127753E+01  0.398029E-03  0.245740E-03  0.998240E-04  0.150590E+03
  0.101126E+03  0.127753E+01  0.398029E-03  0.245740E-03  0.998240E-04  0.150634E+03
  0.101126E+03  0.645950E-01  0.398029E-03  0.245740E-03  0.998240E-04  0.150474E+03
  0.101126E+03  0.645950E-01  0.398029E-03  0.245740E-03  0.998240E-04  0.150474E+03
  0.101126E+03  0.603994E+00  0.398029E-03  0.245740E-03  0.998240E-04  0.150594E+03
  0.101126E+03  0.603994E+00  0.398029E-03  0.245740E-03  0.998240E-04  0.150594E+03
  0.101126E+03  0.603994E+00  0.398029E-03  0.245740E-03  0.998240E-04  0.150594E+03
  0.101126E+03  0.334199E+01  0.398029E-03  0.245740E-03  0.998240E-04  0.150010E+03
  0.101126E+03  0.334199E+01  0.398029E-03  0.245740E-03  0.998240E-04  0.150010E+03
  0.101126E+03  0.334199E+01  0.398029E-03  0.245740E-03  0.998240E-04  0.150010E+03
  0.101126E+03 -0.138517E+01  0.398029E-03  0.245740E-03  0.998240E-04  0.149772E+03
  0.101126E+03  0.144875E+00  0.398029E-03  0.245740E-03  0.998240E-04  0.150497E+03
  0.101126E+03 -0.997942E+00  0.398029E-03  0.245740E-03  0.998240E-04  0.150016E+03
  0.101126E+03 -0.997942E+00  0.398029E-03  0.245740E-03  0.998240E-04  0.150016E+03
  0.101126E+03 -0.997942E+00  0.398029E-03  0.245740E-03  0.998240E-04  0.150016E+03
  0.101126E+03 -0.997942E+00  0.398029E-03  0.245740E-03  0.998240E-04  0.150016E+03
  0.101628E+03 -0.997942E+00  0.398029E-03  0.245740E-03  0.998240E-04  0.149645E+03
  0.101628E+03 -0.997942E+00  0.398029E-03  0.245740E-03  0.998240E-04  0.149645E+03
  0.101628E+03 -0.997942E+00  0.398029E-03  0.390273E-04  0.998240E-04  0.150081E+03
  0.101628E+03  0.282716E+01  0.398029E-03  0.390273E-04  0.998240E-04  0.150363E+03
  0.101628E+03  0.282716E+01  0.398029E-03  0.390273E-04  0.998240E-04  0.150363E+03
  0.101289E+03  0.282716E+01  0.398029E-03  0.390273E-04  0.998240E-04  0.150791E+03
  0.101289E+03  0.282716E+01  0.398029E-03  0.390273E-04  0.998240E-04  0.150791E+03
  0.101289E+03  0.282716E+01  0.398029E-03  0.390273E-04  0.998240E-04  0.150791E+03
  0.101289E+03  0.361754E+01  0.398029E-03  0.390273E-04  0.998240E-04  0.150363E+03
  0.101068E+03  0.576415E+00  0.398029E-03  0.390273E-04  0.998240E-04  0.151074E+03
  0.101068E+03  0.576415E+00  0.398029E-03  0.390273E-04  0.998240E-04  0.151074E+03
  0.101068E+03  0.576415E+00  0.398029E-03  0.390273E-04  0.998240E-04  0.151074E+03
  0.101068E+03  0.576415E+00  0.398029E-03  0.390273E-04  0.998240E-04  0.151074E+03
  0.101068E+03  0.576415E+00  0.398029E-03  0.390273E-04  0.998240E-04  0.151074E+03
  0.101068E+03  0.576415E+00  0.398029E-03  0.390273E-04  0.998240E-04  0.151074E+03
  0.101068E+03  0.576415E+00  0.398029E-03  0.390273E-04  0.998240E-04  0.151074E+03
  0.101068E+03  0.576415E+00  0.398029E-03  0.390273E-04  0.998240E-04  0.151074E+03
  0.101068E+03  0.576415E+00  0.398029E-03  0.390273E-04  0.998240E-04  0.151074E+03
  0.101068E+03  0.576415E+00  0.398029E-03  0.390273E-04  0.998240E-04  0.151074E+03
  0.101068E+03  0.143436E+01  0.398029E-03  0.390273E-04  0.998240E-04  0.151165E+03
  0.101068E+03  0.143436E+01  0.398029E-03  0.390273E-04  0.998240E-04  0.151165E+03
  0.101068E+03  0.143436E+01  0.398029E-03  0.390273E-04  0.998240E-04  0.151165E+03
  0.101068E+03  0.143436E+01  0.398029E-03  0.390273E-04  0.998240E-04  0.151165E+03
  0.101068E+03  0.143436E+01  0.398029E-03  0.390273E-04  0.998240E-04  0.151165E+03
  0.101068E+03  0.143436E+01  0.398029E-03  0.390273E-04  0.998240E-04  0.151165E+03
  0.101068E+03  0.143436E+01  0.398029E-03  0.390273E-04  0.998240E-04  0.151165E+03
  0.101068E+03  0.143436E+01  0.687368E-04  0.390273E-04  0.998240E-04  0.151743E+03
  0.101068E+03  0.143436E+01  0.687368E-04  0.390273E-04  0.998240E-04  0.151743E+03
  0.101068E+03  0.299993E+00  0.687368E-04  0.390273E-04  0.998240E-04  0.151547E+03
  0.101068E+03  0.373949E+01  0.687368E-04  0.390273E-04  0.998240E-04  0.150969E+03
  0.101068E+03  0.373949E+01  0.687368E-04  0.390273E-04  0.998240E-04  0.150969E+03
  0.101068E+03  0.373949E+01  0.687368E-04  0.390273E-04  0.998240E-04  0.150969E+03
  0.101068E+03  0.373949E+01  0.687368E-04  0.390273E-04  0.998240E-04  0.150969E+03
  0.101068E+03  0.473850E+00  0.687368E-04  0.390273E-04  0.998240E-04  0.151602E+03
  0.101068E+03  0.473850E+00  0.687368E-04  0.390273E-04  0.998240E-04  0.151602E+03
  0.101068E+03  0.473850E+00  0.687368E-04  0.390273E-04  0.998240E-04  0.151602E+03
  0.101068E+03  0.473850E+00  0.687368E-04  0.390273E-04  0.998240E-04  0.151602E+03
  0.101068E+03  0.349272E+01  0.687368E-04  0.390273E-04  0.998240E-04  0.151128E+03
  0.101068E+03  0.349272E+01  0.687368E-04  0.390273E-04  0.998240E-04  0.151128E+03
  0.101068E+03  0.349272E+01  0.687368E-04  0.390273E-04  0.998240E-04  0.151128E+03
  0.101068E+03  0.349272E+01  0.687368E-04  0.390273E-04  0.998240E-04  0.151128E+03
  0.101068E+03  0.349272E+01  0.687368E-04  0.390273E-04  0.998240E-04  0.151128E+03
  0.101068E+03  0.349272E+01  0.687368E-04  0.390273E-04  0.998240E-04  0.151128E+03
  0.101068E+03  0.393036E+01  0.687368E-04  0.390273E-04  0.998240E-04  0.150834E+03
  0.101068E+03  0.134844E+01  0.687368E-04  0.390273E-04  0.998240E-04  0.151742E+03
  0.101068E+03  0.982727E-01  0.687368E-04  0.390273E-04  0.998240E-04  0.151472E+03
  0.101068E+03  0.982727E-01  0.687368E-04  0.390273E-04  0.998240E-04  0.151472E+03
  0.101068E+03  0.982727E-01  0.687368E-04  0.390273E-04  0.998240E-04  0.151472E+03
  0.101068E+03  0.982727E-01  0.687368E-04  0.390273E-04  0.998240E-04  0.151472E+03
  0.101068E+03  0.982727E-01  0.687368E-04  0.390273E-04  0.998240E-04  0.151472E+03
  0.101068E+03  0.982727E-01  0.687368E-04  0.390273E-04  0.998240E-04  0.151472E+03
  0.101068E+03  0.982727E-01  0.687368E-04  0.390273E-04  0.998240E-04  0.151472E+03
  0.101068E+03  0.982727E-01  0.687368E-04  0.390273E-04  0.998240E-04  0.151472E+03
  0.101068E+03  0.982727E-01  0.687368E-04  0.390273E-04  0.998240E-04  0.151472E+03
  0.101068E+03  0.982727E-01  0.687368E-04  0.390273E-04  0.998240E-04  0.151472E+03
  0.101068E+03  0.982727E-01  0.687368E-04  0.390273E-04  0.998240E-04  0.151472E+03
  0.101068E+03  0.982727E-01  0.687368E-04  0.390273E-04  0.998240E-04  0.151472E+03
  0.101068E+03  0.274306E+01  0.687368E-04  0.390273E-04  0.998240E-04  0.151497E+03
  0.101068E+03  0.274306E+01  0.687368E-04  0.390273E-04  0.998240E-04  0.151497E+03
  0.101068E+03  0.274306E+01  0.687368E-04  0.390273E-04  0.998240E-04  0.151497E+03
  0.101068E+03  0.274306E+01  0.687368E-04  0.390273E-04  0.998240E-04  0.151497E+03
  0.101068E+03  0.274306E+01  0.687368E-04  0.390273E-04  0.998240E-04  0.151497E+03
  0.101068E+03  0.274306E+01  0.687368E-04  0.390273E-04  0.998240E-04  0.151497E+03
  0.101068E+03  0.274306E+01  0.687368E-04  0.390273E-04  0.998240E-04  0.151497E+03
  0.101068E+03  0.274306E+01  0.687368E-04  0.390273E-04  0.998240E-04  0.151497E+03
  0.101068E+03  0.274306E+01  0.687368E-04  0.390273E-04  0.998240E-04  0.151497E+03
  0.101068E+03  0.274306E+01  0.687368E-04  0.390273E-04  0.522404E-03  0.149693E+03
  0.101068E+03  0.274306E+01  0.687368E-04  0.390273E-04  0.522404E-03  0.149693E+03
  0.101068E+03  0.274306E+01  0.687368E-04  0.390273E-04  0.522404E-03  0.149693E+03
  0.101068E+03  0.392829E+01  0.322283E-03  0.390273E-04  0.522404E-03  0.149052E+03
  0.101068E+03 -0.663501E+00  0.322283E-03  0.390273E-04  0.522404E-03  0.148197E+03
  0.101068E+03 -0.663501E+00  0.322283E-03  0.390273E-04  0.522404E-03  0.148197E+03
  0.101068E+03 -0.663501E+00  0.322283E-03  0.390273E-04  0.522404E-03  0.148197E+03
  0.101068E+03  0.468453E+01  0.322283E-03  0.390273E-04  0.522404E-03  0.148728E+03
  0.101068E+03  0.468453E+01  0.322283E-03  0.390273E-04  0.522404E-03  0.148728E+03
  0.101068E+03  0.468453E+01  0.322283E-03  0.390273E-04  0.522404E-03  0.148728E+03
  0.101068E+03  0.468453E+01  0.322283E-03  0.390273E-04  0.522404E-03  0.148728E+03
  0.101068E+03  0.468453E+01  0.322283E-03  0.390273E-04  0.522404E-03  0.148728E+03
  0.101068E+03  0.468453E+01  0.322283E-03  0.180224E-03  0.522404E-03  0.148416E+03
  0.101068E+03  0.468453E+01  0.322283E-03  0.180224E-03  0.522404E-03  0.148416E+03
  0.101068E+03  0.468453E+01  0.322283E-03  0.180224E-03  0.522404E-03  0.148416E+03
  0.101068E+03  0.468453E+01  0.322283E-03  0.180224E-03  0.522404E-03  0.148416E+03
  0.101068E+03  0.109660E+01  0.322283E-03  0.180224E-03  0.522404E-03  0.148821E+03
  0.101068E+03  0.109660E+01  0.322283E-03  0.180224E-03  0.522404E-03  0.148821E+03
  0.101068E+03  0.716360E+01  0.322283E-03  0.180224E-03  0.522404E-03  0.146485E+03
  0.101068E+03  0.716360E+01  0.322283E-03  0.180224E-03  0.522404E-03  0.146485E+03
  0.101068E+03  0.758472E+01  0.322283E-03  0.180224E-03  0.522404E-03  0.146020E+03
  0.101068E+03  0.758472E+01  0.322283E-03  0.180224E-03  0.522404E-03  0.146020E+03
  0.101068E+03  0.215463E+01  0.322283E-03  0.180224E-03  0.522404E-03  0.148993E+03
  0.101068E+03  0.215463E+01  0.322283E-03  0.180224E-03  0.420283E-05  0.151059E+03
  0.101068E+03  0.215463E+01  0.322283E-03  0.413817E-03  0.420283E-05  0.149916E+03
  0.101068E+03  0.255233E+01  0.322283E-03  0.413817E-03  0.420283E-05  0.149770E+03
  0.101068E+03  0.255233E+01  0.322283E-03  0.413817E-03  0.420283E-05  0.149770E+03
  0.101068E+03  0.255233E+01  0.564020E-03  0.413817E-03  0.420283E-05  0.149028E+03
  0.101068E+03  0.359321E+01  0.564020E-03  0.413817E-03  0.420283E-05  0.148448E+03
  0.101068E+03  0.359321E+01  0.564020E-03  0.413817E-03  0.420283E-05  0.148448E+03
  0.101068E+03  0.359321E+01  0.564020E-03  0.413817E-03  0.420283E-05  0.148448E+03
  0.101068E+03  0.359321E+01  0.564020E-03  0.413817E-03  0.420283E-05  0.148448E+03
  0.101068E+03  0.359321E+01  0.564020E-03  0.352708E-03  0.420283E-05  0.148811E+03
  0.101068E+03  0.299260E+01  0.564020E-03  0.352708E-03  0.420283E-05  0.149175E+03
  0.101068E+03  0.299260E+01  0.564020E-03  0.352708E-03  0.420283E-05  0.149175E+03
  0.101068E+03  0.299260E+01  0.564020E-03  0.352708E-03  0.420283E-05  0.149175E+03
  0.101068E+03  0.299260E+01  0.564020E-03  0.329171E-03  0.420283E-05  0.149306E+03
  0.101068E+03  0.564813E+01  0.564020E-03  0.329171E-03  0.420283E-05  0.146996E+03
  0.101068E+03  0.157223E+01  0.564020E-03  0.329171E-03  0.420283E-05  0.149800E+03
  0.101068E+03  0.157223E+01  0.564020E-03  0.329171E-03  0.420283E-05  0.149800E+03
  0.101068E+03  0.157223E+01  0.564020E-03  0.329171E-03  0.420283E-05  0.149800E+03
  0.101068E+03  0.487294E+01  0.564020E-03  0.329171E-03  0.420283E-05  0.147859E+03
  0.101068E+03  0.386928E+01  0.126946E-02  0.329171E-03  0.420283E-05  0.145889E+03
  0.100954E+03  0.386928E+01  0.126946E-02  0.329171E-03  0.420283E-05  0.145895E+03
  0.100954E+03  0.386928E+01  0.110479E-02  0.281326E-03  0.420283E-05  0.146810E+03
  0.101340E+03  0.364713E+00  0.110479E-02  0.281326E-03  0.420283E-05  0.147862E+03
  0.101340E+03  0.364713E+00  0.110479E-02  0.532898E-03  0.420283E-05  0.146479E+03
  0.101340E+03  0.380005E+01  0.110479E-02  0.532898E-03  0.420283E-05  0.145146E+03
  0.101340E+03  0.380005E+01  0.132773E-02  0.532898E-03  0.420283E-05  0.144251E+03
  0.101340E+03 -0.453392E-01  0.132773E-02  0.532898E-03  0.420283E-05  0.145621E+03
  0.101746E+03 -0.453392E-01  0.132773E-02  0.532898E-03  0.420283E-05  0.145035E+03
  0.101746E+03 -0.453392E-01  0.132773E-02  0.447198E-03  0.420283E-05  0.145554E+03
  0.100674E+03 -0.453392E-01  0.132773E-02  0.447198E-03  0.420283E-05  0.146168E+03
  0.100674E+03 -0.453392E-01  0.132773E-02  0.873482E-04  0.420283E-05  0.147223E+03
  0.100674E+03 -0.453392E-01  0.132773E-02  0.873482E-04  0.420283E-05  0.147223E+03
  0.100674E+03 -0.453392E-01  0.132773E-02  0.680738E-04  0.420283E-05  0.147239E+03
  0.100674E+03 -0.453392E-01  0.146275E-02  0.680738E-04  0.420283E-05  0.146736E+03
  0.100674E+03 -0.453392E-01  0.146275E-02  0.680738E-04  0.420283E-05  0.146736E+03
  0.100674E+03 -0.453392E-01  0.146275E-02  0.680738E-04  0.420283E-05  0.146736E+03
  0.100761E+03 -0.453392E-01  0.146275E-02  0.680738E-04  0.420283E-05  0.146855E+03
  0.100761E+03 -0.453392E-01  0.128516E-02  0.680738E-04  0.420283E-05  0.147521E+03
  0.100910E+03 -0.453392E-01  0.128516E-02  0.680738E-04  0.420283E-05  0.147670E+03
  0.100910E+03 -0.453392E-01  0.128516E-02  0.680738E-04  0.420283E-05  0.147670E+03
  0.100347E+03 -0.453392E-01  0.128516E-02  0.680738E-04  0.420283E-05  0.146740E+03
  0.100347E+03 -0.453392E-01  0.720663E-04  0.680738E-04  0.420283E-05  0.150382E+03
  0.100347E+03 -0.519032E+00  0.720663E-04  0.680738E-04  0.420283E-05  0.150090E+03
  0.100347E+03 -0.519032E+00  0.720663E-04  0.680738E-04  0.420283E-05  0.150090E+03
  0.100347E+03  0.119659E+01  0.720663E-04  0.680738E-04  0.420283E-05  0.150800E+03
  0.100347E+03  0.307881E+01  0.720663E-04  0.680738E-04  0.420283E-05  0.150478E+03
  0.100347E+03  0.307881E+01  0.720663E-04  0.680738E-04  0.420283E-05  0.150478E+03
  0.100347E+03  0.307881E+01  0.720663E-04  0.680738E-04  0.420283E-05  0.150478E+03
  0.100347E+03  0.307881E+01  0.720663E-04  0.680738E-04  0.420283E-05  0.150478E+03
  0.100347E+03 -0.510606E+00  0.720663E-04  0.475618E-03  0.420283E-05  0.149308E+03
  0.100347E+03 -0.510606E+00  0.720663E-04  0.475618E-03  0.420283E-05  0.149308E+03
  0.100347E+03 -0.510606E+00  0.720663E-04  0.475618E-03  0.420283E-05  0.149308E+03
  0.100347E+03 -0.510606E+00  0.720663E-04  0.475618E-03  0.420283E-05  0.149308E+03
  0.100347E+03  0.497085E+00  0.720663E-04  0.475618E-03  0.420283E-05  0.149601E+03
  0.100347E+03  0.950769E+00  0.720663E-04  0.475618E-03  0.420283E-05  0.149650E+03
  0.101186E+03  0.950769E+00  0.720663E-04  0.475618E-03  0.420283E-05  0.150069E+03
  0.101186E+03  0.950769E+00  0.720663E-04  0.475618E-03  0.420283E-05  0.150069E+03
  0.100398E+03  0.950769E+00  0.720663E-04  0.475618E-03  0.420283E-05  0.149736E+03
  0.100398E+03  0.950769E+00  0.720663E-04  0.412415E-03  0.420283E-05  0.150017E+03
  0.100398E+03  0.950769E+00  0.235604E-03  0.412415E-03  0.420283E-05  0.149830E+03
  0.100398E+03  0.950769E+00  0.235604E-03  0.412415E-03  0.420283E-05  0.149830E+03
  0.100398E+03  0.950769E+00  0.235604E-03  0.412415E-03  0.420283E-05  0.149830E+03
  0.100398E+03  0.950769E+00  0.235604E-03  0.412415E-03  0.420283E-05  0.149830E+03
  0.100398E+03  0.950769E+00  0.235604E-03  0.412415E-03  0.420283E-05  0.149830E+03
  0.100398E+03  0.950769E+00  0.235604E-03  0.412415E-03  0.420283E-05  0.149830E+03
  0.100398E+03  0.457522E+01  0.235604E-03  0.412415E-03  0.420283E-05  0.148245E+03
  0.100398E+03 -0.399712E+01  0.235604E-03  0.412415E-03  0.420283E-05  0.146247E+03
  0.100398E+03  0.117705E+01  0.235604E-03  0.412415E-03  0.420283E-05  0.149835E+03
  0.100398E+03  0.117705E+01  0.235604E-03  0.412415E-03  0.420283E-05  0.149835E+03
  0.100398E+03  0.117705E+01  0.235604E-03  0.412415E-03  0.420283E-05  0.149835E+03
  0.100398E+03  0.117705E+01  0.468515E-03  0.412415E-03  0.420283E-05  0.149269E+03
  0.100398E+03  0.117705E+01  0.468515E-03  0.412415E-03  0.420283E-05  0.149269E+03
  0.100398E+03  0.117705E+01  0.468515E-03  0.412415E-03  0.420283E-05  0.149269E+03
  0.100398E+03  0.117705E+01  0.468515E-03  0.412415E-03  0.420283E-05  0.149269E+03
  0.100398E+03  0.483131E+01  0.468515E-03  0.412415E-03  0.420283E-05  0.147380E+03
  0.100398E+03  0.670460E+00  0.468515E-03  0.412415E-03  0.420283E-05  0.149254E+03
  0.100398E+03  0.670460E+00  0.468515E-03  0.412415E-03  0.420283E-05  0.149254E+03
  0.100398E+03  0.670460E+00  0.468515E-03  0.412415E-03  0.420283E-05  0.149254E+03
  0.101477E+03  0.670460E+00  0.468515E-03  0.412415E-03  0.420283E-05  0.149379E+03
  0.101477E+03  0.670460E+00  0.468515E-03  0.412415E-03  0.420283E-05  0.149379E+03
  0.101477E+03  0.670460E+00  0.468515E-03  0.412415E-03  0.420283E-05  0.149379E+03
  0.101477E+03  0.670460E+00  0.468515E-03  0.412415E-03  0.420283E-05  0.149379E+03
  0.101477E+03  0.338628E+01  0.468515E-03  0.412415E-03  0.420283E-05  0.148519E+03
  0.101477E+03  0.338628E+01  0.468515E-03  0.412415E-03  0.420283E-05  0.148519E+03
  0.101428E+03  0.338628E+01  0.468515E-03  0.412415E-03  0.420283E-05  0.148593E+03
  0.101428E+03  0.338628E+01  0.408574E-03  0.412415E-03  0.420283E-05  0.148775E+03
  0.101428E+03 -0.114216E+01  0.408574E-03  0.412415E-03  0.420283E-05  0.149213E+03
  0.100421E+03 -0.114216E+01  0.408574E-03  0.412415E-03  0.420283E-05  0.148840E+03
  0.100421E+03 -0.114216E+01  0.408574E-03  0.412415E-03  0.420283E-05  0.148840E+03
  0.100421E+03 -0.139152E+01  0.408574E-03  0.412415E-03  0.420283E-05  0.148686E+03
  0.100421E+03 -0.139152E+01  0.408574E-03  0.412415E-03  0.420283E-05  0.148686E+03
  0.100421E+03 -0.139152E+01  0.408574E-03  0.412415E-03  0.420283E-05  0.148686E+03
  0.100421E+03  0.375203E+01  0.408574E-03  0.412415E-03  0.420283E-05  0.148525E+03
  0.100421E+03  0.375203E+01  0.408574E-03  0.412415E-03  0.420283E-05  0.148525E+03
  0.100421E+03  0.125528E+01  0.408574E-03  0.412415E-03  0.257742E-03  0.148711E+03
  0.100421E+03 -0.268900E+01  0.408574E-03  0.412415E-03  0.257742E-03  0.146664E+03
  0.100421E+03 -0.268900E+01  0.408574E-03  0.412415E-03  0.257742E-03  0.146664E+03
  0.100421E+03  0.104713E+01  0.408574E-03  0.412415E-03  0.257742E-03  0.148694E+03
  0.100421E+03  0.104713E+01  0.393706E-03  0.412415E-03  0.257742E-03  0.148734E+03
  0.100421E+03  0.104713E+01  0.393706E-03  0.412415E-03  0.266903E-03  0.148682E+03
  0.100421E+03  0.104713E+01  0.393706E-03  0.412415E-03  0.266903E-03  0.148682E+03
  0.100421E+03  0.104713E+01  0.393706E-03  0.412415E-03  0.266903E-03  0.148682E+03
  0.100421E+03  0.104713E+01  0.393706E-03  0.412415E-03  0.266903E-03  0.148682E+03
  0.100373E+03  0.104713E+01  0.414766E-03  0.412415E-03  0.266903E-03  0.148543E+03
  0.100505E+03  0.104713E+01  0.414766E-03  0.412415E-03  0.266903E-03  0.148756E+03
  0.100505E+03  0.104713E+01  0.414766E-03  0.530582E-03  0.266903E-03  0.148177E+03
  0.100505E+03  0.104713E+01  0.414766E-03  0.530582E-03  0.266903E-03  0.148177E+03
  0.100505E+03  0.104713E+01  0.414766E-03  0.530582E-03  0.266903E-03  0.148177E+03
  0.100505E+03  0.104713E+01  0.414766E-03  0.685617E-03  0.266903E-03  0.147335E+03
  0.100505E+03  0.104713E+01  0.414766E-03  0.685617E-03  0.266903E-03  0.147335E+03
  0.101965E+03  0.104713E+01  0.414766E-03  0.685617E-03  0.266903E-03  0.146293E+03
  0.101965E+03  0.104713E+01  0.414766E-03  0.547493E-03  0.266903E-03  0.147207E+03
  0.101965E+03  0.675277E+01  0.414766E-03  0.547493E-03  0.266903E-03  0.143983E+03
  0.101965E+03 -0.968867E+00  0.414766E-03  0.547493E-03  0.266903E-03  0.146960E+03
  0.101965E+03 -0.968867E+00  0.414766E-03  0.547493E-03  0.266903E-03  0.146960E+03
  0.101965E+03  0.226087E+01  0.414766E-03  0.547493E-03  0.266903E-03  0.147010E+03
  0.101965E+03  0.226087E+01  0.414766E-03  0.547493E-03  0.266903E-03  0.147010E+03
  0.101965E+03  0.226087E+01  0.543577E-03  0.547493E-03  0.507878E-03  0.145698E+03
  0.101965E+03  0.122425E+01  0.428242E-03  0.547493E-03  0.507878E-03  0.146074E+03
  0.101965E+03  0.122425E+01  0.428242E-03  0.547493E-03  0.507878E-03  0.146074E+03
  0.101965E+03  0.122425E+01  0.428242E-03  0.547493E-03  0.507878E-03  0.146074E+03
  0.101965E+03  0.122425E+01  0.428242E-03  0.547493E-03  0.507878E-03  0.146074E+03
  0.101965E+03  0.122425E+01  0.428242E-03  0.547493E-03  0.507878E-03  0.146074E+03
  0.101965E+03 -0.204616E+01  0.428242E-03  0.547493E-03  0.507878E-03  0.145173E+03
  0.101518E+03 -0.204616E+01  0.679673E-03  0.547493E-03  0.507878E-03  0.144879E+03
  0.101518E+03 -0.204616E+01  0.679673E-03  0.547493E-03  0.507878E-03  0.144879E+03
  0.101518E+03 -0.204616E+01  0.679673E-03  0.547493E-03  0.507878E-03  0.144879E+03
  0.101518E+03 -0.287771E+01  0.679673E-03  0.547493E-03  0.144828E-03  0.146519E+03
  0.101518E+03  0.231200E+01  0.679673E-03  0.547493E-03  0.144828E-03  0.147253E+03
  0.101855E+03  0.207353E+00  0.110008E-02  0.547493E-03  0.144828E-03  0.145428E+03
  0.101855E+03  0.207353E+00  0.110008E-02  0.547493E-03  0.144828E-03  0.145428E+03
  0.101855E+03  0.207353E+00  0.110008E-02  0.547493E-03  0.144828E-03  0.145428E+03
  0.101855E+03  0.207353E+00  0.110008E-02  0.547493E-03  0.144828E-03  0.145428E+03
  0.101855E+03 -0.401500E+01  0.110008E-02  0.547493E-03  0.144828E-03  0.143907E+03
  0.101855E+03 -0.401500E+01  0.110008E-02  0.159072E-03  0.144828E-03  0.144715E+03
  0.101855E+03 -0.401500E+01  0.110008E-02  0.159072E-03  0.144828E-03  0.144715E+03
  0.101855E+03 -0.329574E+01  0.107906E-02  0.159072E-03  0.144828E-03  0.145543E+03
  0.101855E+03  0.533700E+01  0.107906E-02  0.159072E-03  0.144828E-03  0.145250E+03
  0.101855E+03  0.533700E+01  0.107906E-02  0.159072E-03  0.144828E-03  0.145250E+03
  0.101741E+03  0.533700E+01  0.107906E-02  0.159072E-03  0.144828E-03  0.145473E+03
  0.101741E+03  0.118383E+01  0.107906E-02  0.159072E-03  0.144828E-03  0.147772E+03
  0.100842E+03  0.118383E+01  0.107906E-02  0.159072E-03  0.144828E-03  0.148193E+03
  0.100842E+03  0.118383E+01  0.107906E-02  0.159072E-03  0.144828E-03  0.148193E+03
  0.100842E+03  0.118383E+01  0.107906E-02  0.159072E-03  0.144828E-03  0.148193E+03
  0.100842E+03  0.118383E+01  0.107906E-02  0.214331E-03  0.144828E-03  0.148030E+03
  0.100842E+03  0.118383E+01  0.107906E-02  0.214331E-03  0.144828E-03  0.148030E+03
  0.100842E+03 -0.456775E+00  0.107906E-02  0.214331E-03  0.144828E-03  0.147721E+03
  0.100842E+03 -0.456775E+00  0.107906E-02  0.214331E-03  0.144828E-03  0.147721E+03
  0.100842E+03 -0.456775E+00  0.815756E-03  0.214331E-03  0.144828E-03  0.148731E+03
  0.100842E+03 -0.456775E+00  0.815756E-03  0.214331E-03  0.144828E-03  0.148731E+03
  0.100842E+03 -0.456775E+00  0.815756E-03  0.214331E-03  0.138386E-03  0.148756E+03
  0.100842E+03 -0.456775E+00  0.815756E-03  0.214331E-03  0.138386E-03  0.148756E+03
  0.100842E+03  0.559522E+00  0.406350E-03  0.610426E-03  0.138386E-03  0.148558E+03
  0.100842E+03  0.559522E+00  0.406350E-03  0.610426E-03  0.138386E-03  0.148558E+03
  0.100842E+03  0.559522E+00  0.406350E-03  0.610426E-03  0.138386E-03  0.148558E+03
  0.100842E+03  0.559522E+00  0.406350E-03  0.610426E-03  0.138386E-03  0.148558E+03
  0.100842E+03  0.201847E+01  0.406350E-03  0.417194E-03  0.138386E-03  0.149539E+03
  0.100842E+03  0.201847E+01  0.406350E-03  0.417194E-03  0.138386E-03  0.149539E+03
  0.100842E+03  0.201847E+01  0.406350E-03  0.417194E-03  0.138386E-03  0.149539E+03
  0.100842E+03  0.201847E+01  0.406350E-03  0.417194E-03  0.138386E-03  0.149539E+03
  0.100842E+03  0.201847E+01  0.406350E-03  0.417194E-03  0.138386E-03  0.149539E+03
  0.100842E+03  0.387201E+01  0.406350E-03  0.417194E-03  0.138386E-03  0.148691E+03
  0.101480E+03  0.134284E+01  0.406350E-03  0.417194E-03  0.138386E-03  0.149321E+03
  0.101480E+03  0.134284E+01  0.406350E-03  0.417194E-03  0.138386E-03  0.149321E+03
  0.101480E+03 -0.345756E+01  0.406350E-03  0.417194E-03  0.138386E-03  0.147294E+03
  0.101480E+03 -0.345756E+01  0.406350E-03  0.417194E-03  0.138386E-03  0.147294E+03
  0.101480E+03  0.287389E+01  0.406350E-03  0.417194E-03  0.138386E-03  0.148880E+03
  0.101480E+03  0.287389E+01  0.406350E-03  0.417194E-03  0.138386E-03  0.148880E+03
  0.101480E+03  0.287389E+01  0.406350E-03  0.417194E-03  0.138386E-03  0.148880E+03
  0.101480E+03  0.310649E+01  0.100413E-03  0.417194E-03  0.138386E-03  0.149352E+03
  0.101480E+03  0.310649E+01  0.100413E-03  0.417194E-03  0.138386E-03  0.149352E+03
  0.101480E+03  0.310649E+01  0.100413E-03  0.417194E-03  0.138386E-03  0.149352E+03
  0.102018E+03  0.310649E+01  0.100413E-03  0.417194E-03  0.138386E-03  0.148112E+03
  0.102018E+03  0.310649E+01  0.100413E-03  0.417194E-03  0.138386E-03  0.148112E+03
  0.102018E+03  0.310649E+01  0.100413E-03  0.417194E-03  0.274129E-03  0.148010E+03
  0.102018E+03  0.310649E+01  0.100413E-03  0.417194E-03  0.746623E-03  0.146038E+03
  0.102018E+03  0.828674E+00  0.100413E-03  0.417194E-03  0.746623E-03  0.145912E+03
  0.101204E+03  0.453149E+00  0.100413E-03  0.417194E-03  0.746623E-03  0.146356E+03
  0.101204E+03  0.453149E+00  0.100413E-03  0.417194E-03  0.759510E-03  0.146267E+03
  0.101204E+03  0.453149E+00  0.220888E-03  0.493443E-03  0.759510E-03  0.145684E+03
  0.101204E+03  0.453149E+00  0.220888E-03  0.497829E-03  0.759510E-03  0.145658E+03
  0.101204E+03  0.245460E+01  0.220888E-03  0.497829E-03  0.759510E-03  0.145996E+03
  0.101204E+03  0.245460E+01  0.113310E-03  0.497829E-03  0.759510E-03  0.146141E+03
  0.101204E+03  0.245460E+01  0.113310E-03  0.497829E-03  0.759510E-03  0.146141E+03
  0.101204E+03  0.245460E+01  0.113310E-03  0.167318E-03  0.759510E-03  0.147917E+03
  0.101204E+03  0.245460E+01  0.113310E-03  0.167318E-03  0.759510E-03  0.147917E+03
  0.101204E+03  0.160012E+01  0.506978E-04  0.196261E-03  0.759510E-03  0.147717E+03
  0.101204E+03  0.596487E+01  0.506978E-04  0.196261E-03  0.759510E-03  0.146914E+03
  0.101204E+03  0.596487E+01  0.506978E-04  0.196261E-03  0.759510E-03  0.146914E+03
  0.100359E+03  0.596487E+01  0.506978E-04  0.196261E-03  0.759510E-03  0.145907E+03
  0.102007E+03  0.596487E+01  0.506978E-04  0.275486E-03  0.759510E-03  0.145895E+03
  0.102007E+03  0.596487E+01  0.489415E-04  0.275486E-03  0.759510E-03  0.145896E+03
  0.102007E+03  0.596487E+01  0.489415E-04  0.275486E-03  0.759510E-03  0.145896E+03
  0.102007E+03  0.574232E+01  0.489415E-04  0.275486E-03  0.759510E-03  0.146021E+03
  0.102007E+03  0.394383E+01  0.489415E-04  0.275486E-03  0.144855E-03  0.148523E+03
  0.102007E+03  0.394383E+01  0.489415E-04  0.275486E-03  0.144855E-03  0.148523E+03
  0.102007E+03  0.394383E+01  0.489415E-04  0.275486E-03  0.144855E-03  0.148523E+03
  0.102007E+03 -0.326377E+01  0.489415E-04  0.275486E-03  0.144855E-03  0.147442E+03
  0.102007E+03 -0.326377E+01  0.489415E-04  0.275486E-03  0.144855E-03  0.147442E+03
  0.102007E+03 -0.326377E+01  0.489415E-04  0.275486E-03  0.144855E-03  0.147442E+03
  0.102007E+03 -0.412452E+01  0.489415E-04  0.275486E-03  0.144855E-03  0.146487E+03
  0.102007E+03  0.535637E+01  0.489415E-04  0.275486E-03  0.144855E-03  0.147286E+03
  0.102007E+03  0.535637E+01  0.489415E-04  0.275486E-03  0.144855E-03  0.147286E+03
  0.102007E+03  0.535637E+01  0.489415E-04  0.275486E-03  0.144855E-03  0.147286E+03
  0.102007E+03  0.535637E+01  0.489415E-04  0.275486E-03  0.144855E-03  0.147286E+03
  0.102195E+03  0.535637E+01  0.489415E-04  0.275486E-03  0.144855E-03  0.146656E+03
  0.102195E+03  0.535637E+01  0.489415E-04  0.275486E-03  0.144855E-03  0.146656E+03
  0.102195E+03  0.535637E+01  0.489415E-04  0.275486E-03  0.144855E-03  0.146656E+03
  0.102195E+03  0.535637E+01  0.489415E-04  0.275486E-03  0.494704E-03  0.146796E+03
  0.102195E+03  0.535637E+01  0.489415E-04  0.275486E-03  0.494704E-03  0.146796E+03
  0.102195E+03  0.535637E+01  0.489415E-04  0.275486E-03  0.494704E-03  0.146796E+03
  0.101894E+03  0.391812E+01  0.489415E-04  0.275486E-03  0.494704E-03  0.148214E+03
  0.101894E+03  0.391812E+01  0.973449E-04  0.275486E-03  0.494704E-03  0.148187E+03
  0.101894E+03  0.171319E+01  0.973449E-04  0.275486E-03  0.631416E-03  0.147762E+03
  0.101894E+03  0.171319E+01  0.973449E-04  0.275486E-03  0.631416E-03  0.147762E+03
  0.101894E+03  0.171319E+01  0.973449E-04  0.275486E-03  0.631416E-03  0.147762E+03
  0.101894E+03  0.231365E+01  0.973449E-04  0.275486E-03  0.631416E-03  0.147792E+03
  0.101894E+03  0.645610E+01  0.973449E-04  0.275486E-03  0.631416E-03  0.146241E+03
  0.101894E+03  0.645610E+01  0.973449E-04  0.275486E-03  0.631416E-03  0.146241E+03
  0.101894E+03  0.645610E+01  0.973449E-04  0.275486E-03  0.631416E-03  0.146241E+03
  0.101894E+03  0.265783E+00  0.973449E-04  0.275486E-03  0.631416E-03  0.147426E+03
  0.101894E+03  0.265783E+00  0.973449E-04  0.275486E-03  0.634135E-03  0.147409E+03
  0.101894E+03  0.265783E+00  0.973449E-04  0.275486E-03  0.634135E-03  0.147409E+03
  0.101894E+03  0.265783E+00  0.973449E-04  0.275486E-03  0.634135E-03  0.147409E+03
  0.101158E+03  0.265783E+00  0.973449E-04  0.275486E-03  0.634135E-03  0.147761E+03
  0.101158E+03  0.265783E+00  0.973449E-04  0.275486E-03  0.634135E-03  0.147761E+03
  0.101158E+03  0.265783E+00  0.973449E-04  0.275486E-03  0.634135E-03  0.147761E+03
  0.101158E+03  0.265783E+00  0.973449E-04  0.275486E-03  0.634135E-03  0.147761E+03
  0.101158E+03  0.265783E+00  0.973449E-04  0.326398E-03  0.245330E-03  0.150152E+03
  0.101158E+03  0.265783E+00  0.973449E-04  0.326398E-03  0.245330E-03  0.150152E+03
  0.101158E+03  0.265783E+00  0.973449E-04  0.326398E-03  0.245330E-03  0.150152E+03
  0.101158E+03  0.265783E+00  0.973449E-04  0.326398E-03  0.245330E-03  0.150152E+03
  0.101158E+03  0.265783E+00  0.973449E-04  0.326398E-03  0.245330E-03  0.150152E+03
  0.101158E+03  0.265783E+00  0.973449E-04  0.326398E-03  0.245330E-03  0.150152E+03
  0.101158E+03  0.106037E+01  0.973449E-04  0.396191E-03  0.245330E-03  0.149925E+03
  0.101158E+03  0.106037E+01  0.973449E-04  0.396191E-03  0.245330E-03  0.149925E+03
  0.101158E+03  0.335207E+01  0.973449E-04  0.396191E-03  0.245330E-03  0.149473E+03
  0.101158E+03  0.335207E+01  0.973449E-04  0.396191E-03  0.245330E-03  0.149473E+03
  0.101158E+03 -0.146166E+00  0.973449E-04  0.396191E-03  0.245330E-03  0.149684E+03
  0.101158E+03 -0.146166E+00  0.973449E-04  0.396191E-03  0.245330E-03  0.149684E+03
  0.101158E+03 -0.146166E+00  0.973449E-04  0.396191E-03  0.245330E-03  0.149684E+03
  0.101158E+03  0.420658E+00  0.973449E-04  0.396191E-03  0.245330E-03  0.149838E+03
  0.101158E+03 -0.311330E+00  0.973449E-04  0.396191E-03  0.245330E-03  0.149625E+03
  0.101158E+03 -0.311330E+00  0.973449E-04  0.396191E-03  0.245330E-03  0.149625E+03
  0.101158E+03 -0.208716E+00  0.973449E-04  0.396191E-03  0.245330E-03  0.149663E+03
  0.101158E+03  0.270196E+01  0.973449E-04  0.396191E-03  0.245330E-03  0.149722E+03
  0.101158E+03  0.270196E+01  0.973449E-04  0.396191E-03  0.245330E-03  0.149722E+03
  0.101158E+03 -0.834454E+00  0.973449E-04  0.396191E-03  0.245330E-03  0.149399E+03
  0.101158E+03  0.439133E+01  0.973449E-04  0.396191E-03  0.245330E-03  0.148873E+03
  0.101158E+03  0.439133E+01  0.973449E-04  0.396191E-03  0.245330E-03  0.148873E+03
  0.101158E+03  0.439133E+01  0.973449E-04  0.396191E-03  0.245330E-03  0.148873E+03
  0.101158E+03  0.439133E+01  0.973449E-04  0.396191E-03  0.245330E-03  0.148873E+03
  0.101158E+03  0.439133E+01  0.973449E-04  0.396191E-03  0.245330E-03  0.148873E+03
  0.101158E+03  0.439133E+01  0.973449E-04  0.396191E-03  0.245330E-03  0.148873E+03
  0.101158E+03  0.439133E+01  0.973449E-04  0.396191E-03  0.245330E-03  0.148873E+03
  0.101158E+03  0.439133E+01  0.973449E-04  0.396191E-03  0.245330E-03  0.148873E+03
  0.101158E+03  0.439133E+01  0.973449E-04  0.396191E-03  0.245330E-03  0.148873E+03
  0.101158E+03  0.439133E+01  0.973449E-04  0.451802E-03  0.245330E-03  0.148526E+03
  0.101158E+03  0.439133E+01  0.973449E-04  0.451802E-03  0.245330E-03  0.148526E+03
  0.101158E+03  0.439133E+01  0.973449E-04  0.451802E-03  0.245330E-03  0.148526E+03
  0.100832E+03  0.439133E+01  0.973449E-04  0.106605E-02  0.245330E-03  0.144814E+03
  0.100832E+03  0.439133E+01  0.973449E-04  0.106605E-02  0.245330E-03  0.144814E+03
  0.100832E+03  0.439133E+01  0.973449E-04  0.106605E-02  0.245330E-03  0.144814E+03
  0.100832E+03  0.439133E+01  0.973449E-04  0.106605E-02  0.245330E-03  0.144814E+03
  0.100832E+03  0.439133E+01  0.973449E-04  0.106605E-02  0.245330E-03  0.144814E+03
  0.100832E+03 -0.424772E+01  0.973449E-04  0.106605E-02  0.245330E-03  0.143964E+03
  0.100832E+03 -0.176483E+01  0.973449E-04  0.106605E-02  0.245330E-03  0.145538E+03
  0.100832E+03 -0.176483E+01  0.973449E-04  0.574053E-03  0.245330E-03  0.147972E+03
  0.100832E+03 -0.125801E+01  0.973449E-04  0.574053E-03  0.245330E-03  0.148261E+03
  0.100832E+03  0.452457E+01  0.973449E-04  0.911334E-03  0.245330E-03  0.145617E+03
  0.100832E+03  0.452457E+01  0.495223E-03  0.911334E-03  0.245330E-03  0.144708E+03
  0.100832E+03  0.452457E+01  0.495223E-03  0.911334E-03  0.245330E-03  0.144708E+03
  0.100832E+03  0.452457E+01  0.495223E-03  0.911334E-03  0.245330E-03  0.144708E+03
  0.100832E+03  0.452457E+01  0.495223E-03  0.911334E-03  0.245330E-03  0.144708E+03
  0.100832E+03  0.452457E+01  0.495223E-03  0.911334E-03  0.245330E-03  0.144708E+03
  0.100832E+03  0.452457E+01  0.495223E-03  0.911334E-03  0.245330E-03  0.144708E+03
  0.100832E+03  0.452457E+01  0.495223E-03  0.354595E-03  0.245330E-03  0.148106E+03
  0.100832E+03  0.452457E+01  0.495223E-03  0.354595E-03  0.245330E-03  0.148106E+03
  0.100832E+03  0.452457E+01  0.495223E-03  0.354595E-03  0.245330E-03  0.148106E+03
  0.100832E+03  0.452457E+01  0.253574E-03  0.354595E-03  0.245330E-03  0.148784E+03
  0.100832E+03 -0.139643E+01  0.253574E-03  0.354595E-03  0.245330E-03  0.148907E+03
  0.100315E+03 -0.139643E+01  0.253574E-03  0.354595E-03  0.245330E-03  0.148011E+03
  0.100315E+03 -0.139643E+01  0.354535E-03  0.354595E-03  0.245330E-03  0.147835E+03
  0.100315E+03 -0.139643E+01  0.354535E-03  0.354595E-03  0.245330E-03  0.147835E+03
  0.100315E+03  0.363905E+01  0.354535E-03  0.354595E-03  0.245330E-03  0.148459E+03
  0.100315E+03  0.363905E+01  0.354535E-03  0.354595E-03  0.245330E-03  0.148459E+03
  0.100315E+03  0.363905E+01  0.354535E-03  0.354595E-03  0.245330E-03  0.148459E+03
  0.100315E+03  0.363905E+01  0.135092E-04  0.354595E-03  0.245330E-03  0.148958E+03
  0.100315E+03  0.216690E+01  0.135092E-04  0.561125E-03  0.245330E-03  0.148439E+03
  0.100315E+03  0.216690E+01  0.135092E-04  0.561125E-03  0.245330E-03  0.148439E+03
  0.100315E+03 -0.316351E+01  0.135092E-04  0.561125E-03  0.709382E-05  0.147012E+03
  0.100315E+03 -0.316351E+01  0.135092E-04  0.561125E-03  0.709382E-05  0.147012E+03
  0.102249E+03  0.443998E+00  0.135092E-04  0.102971E-02  0.709382E-05  0.144274E+03
  0.102249E+03  0.443998E+00  0.135092E-04  0.102971E-02  0.709382E-05  0.144274E+03
  0.102249E+03  0.443998E+00  0.135092E-04  0.102971E-02  0.709382E-05  0.144274E+03
  0.102249E+03  0.443998E+00  0.135092E-04  0.102971E-02  0.709382E-05  0.144274E+03
  0.102249E+03  0.443998E+00  0.135092E-04  0.102971E-02  0.709382E-05  0.144274E+03
  0.102249E+03  0.443998E+00  0.135092E-04  0.102971E-02  0.709382E-05  0.144274E+03
  0.100409E+03  0.443998E+00  0.135092E-04  0.118572E-02  0.709382E-05  0.146091E+03
  0.100409E+03  0.691823E+00  0.135092E-04  0.945229E-03  0.709382E-05  0.147309E+03
  0.100409E+03  0.691823E+00  0.135092E-04  0.945229E-03  0.709382E-05  0.147309E+03
  0.100409E+03  0.691823E+00  0.135092E-04  0.945229E-03  0.709382E-05  0.147309E+03
  0.100409E+03 -0.395232E+01  0.135092E-04  0.945229E-03  0.709382E-05  0.145159E+03
  0.100409E+03 -0.395232E+01  0.135092E-04  0.945229E-03  0.709382E-05  0.145159E+03
  0.100409E+03  0.543656E+01  0.135092E-04  0.945229E-03  0.709382E-05  0.144670E+03
  0.100578E+03  0.404307E+01  0.135092E-04  0.945229E-03  0.709382E-05  0.146041E+03
  0.100578E+03  0.404307E+01  0.135092E-04  0.945229E-03  0.709382E-05  0.146041E+03
  0.101075E+03  0.404307E+01  0.135092E-04  0.974934E-03  0.709382E-05  0.145711E+03
  0.101075E+03  0.256235E+01  0.135092E-04  0.974934E-03  0.709382E-05  0.146624E+03
  0.101075E+03  0.335589E+01  0.135092E-04  0.974934E-03  0.709382E-05  0.146189E+03
  0.101075E+03  0.335589E+01  0.135092E-04  0.115221E-02  0.709382E-05  0.145180E+03
  0.101075E+03  0.116979E+01  0.135092E-04  0.115221E-02  0.709382E-05  0.146097E+03
  0.101075E+03  0.116979E+01  0.135092E-04  0.115221E-02  0.709382E-05  0.146097E+03
  0.101075E+03 -0.122998E+00  0.135092E-04  0.115221E-02  0.709382E-05  0.146209E+03
  0.101075E+03 -0.122998E+00  0.135092E-04  0.115221E-02  0.709382E-05  0.146209E+03
  0.101075E+03 -0.122998E+00  0.135092E-04  0.115221E-02  0.709382E-05  0.146209E+03
  0.101075E+03  0.294295E+01  0.135092E-04  0.115221E-02  0.709382E-05  0.145424E+03
  0.101075E+03  0.294295E+01  0.135092E-04  0.115221E-02  0.709382E-05  0.145424E+03
  0.101075E+03  0.201691E+01  0.135092E-04  0.115221E-02  0.709382E-05  0.145851E+03
  0.101075E+03  0.201691E+01  0.387957E-03  0.115221E-02  0.699814E-03  0.141975E+03
  0.101075E+03  0.355556E+01  0.387957E-03  0.851099E-03  0.699814E-03  0.143593E+03
  0.101075E+03  0.355556E+01  0.387957E-03  0.851099E-03  0.699814E-03  0.143593E+03
  0.101075E+03  0.808684E+01  0.387957E-03  0.851099E-03  0.699814E-03  0.141601E+03
  0.101075E+03 -0.164360E+01  0.387957E-03  0.851099E-03  0.699814E-03  0.142912E+03
  0.102121E+03  0.320491E+01  0.387957E-03  0.851099E-03  0.699814E-03  0.142700E+03
  0.102293E+03  0.854734E+00  0.387957E-03  0.851099E-03  0.699814E-03  0.142508E+03
  0.102293E+03  0.854734E+00  0.387957E-03  0.851099E-03  0.699814E-03  0.142508E+03
  0.102293E+03  0.854734E+00  0.387957E-03  0.851099E-03  0.699814E-03  0.142508E+03
  0.102293E+03  0.534800E+01  0.387957E-03  0.851099E-03  0.188153E-03  0.142338E+03
  0.994465E+02  0.534800E+01  0.387957E-03  0.851099E-03  0.188153E-03  0.142876E+03
  0.994465E+02  0.534800E+01  0.387957E-03  0.851099E-03  0.188153E-03  0.142876E+03
  0.994465E+02  0.534800E+01  0.387957E-03  0.851099E-03  0.188153E-03  0.142876E+03
  0.101889E+03  0.534800E+01  0.387957E-03  0.851099E-03  0.188153E-03  0.143475E+03
  0.101889E+03  0.534800E+01  0.387957E-03  0.851099E-03  0.267046E-04  0.143278E+03
  0.101889E+03  0.173224E+01  0.387957E-03  0.851099E-03  0.267046E-04  0.145690E+03
  0.101889E+03 -0.378425E+01  0.387957E-03  0.414256E-03  0.267046E-04  0.146643E+03
  0.101889E+03 -0.378425E+01  0.387957E-03  0.414256E-03  0.243578E-04  0.146644E+03
  0.101889E+03 -0.378425E+01  0.387957E-03  0.414256E-03  0.243578E-04  0.146644E+03
  0.101889E+03 -0.378425E+01  0.387957E-03  0.302969E-03  0.378859E-03  0.145740E+03
  0.101889E+03 -0.378425E+01  0.387957E-03  0.302969E-03  0.378859E-03  0.145740E+03
  0.101889E+03 -0.378425E+01  0.387957E-03  0.302969E-03  0.378859E-03  0.145740E+03
  0.101889E+03 -0.378425E+01  0.387957E-03  0.302969E-03  0.378859E-03  0.145740E+03
  0.101889E+03  0.165476E+01  0.383285E-03  0.302969E-03  0.189196E-04  0.149288E+03
  0.101889E+03  0.165476E+01  0.645070E-03  0.302969E-03  0.189196E-04  0.148493E+03
  0.101889E+03  0.165476E+01  0.107952E-02  0.302969E-03  0.189196E-04  0.146855E+03
  0.101889E+03  0.191999E+01  0.107952E-02  0.302969E-03  0.189196E-04  0.146779E+03
  0.101889E+03  0.191999E+01  0.107952E-02  0.302969E-03  0.649377E-03  0.144614E+03
  0.101889E+03  0.191999E+01  0.107952E-02  0.325929E-03  0.649377E-03  0.144484E+03
  0.101889E+03  0.191999E+01  0.107952E-02  0.325929E-03  0.649377E-03  0.144484E+03
  0.101889E+03  0.191999E+01  0.291763E-03  0.325929E-03  0.649377E-03  0.147135E+03
  0.101889E+03  0.191999E+01  0.291763E-03  0.325929E-03  0.472573E-04  0.149294E+03
  0.100686E+03  0.191999E+01  0.291763E-03  0.325929E-03  0.853199E-03  0.145839E+03
  0.100686E+03  0.191999E+01  0.291763E-03  0.325929E-03  0.970757E-03  0.145091E+03
  0.100686E+03  0.191999E+01  0.291763E-03  0.325929E-03  0.970757E-03  0.145091E+03
  0.100686E+03  0.191999E+01  0.291763E-03  0.325929E-03  0.280552E-03  0.149636E+03
  0.100686E+03  0.381086E+01  0.291763E-03  0.325929E-03  0.280552E-03  0.149087E+03
  0.100686E+03  0.381086E+01  0.291763E-03  0.351357E-03  0.280552E-03  0.148961E+03
  0.100686E+03  0.381086E+01  0.291763E-03  0.351357E-03  0.280552E-03  0.148961E+03
  0.100686E+03  0.381086E+01  0.265849E-03  0.351357E-03  0.280552E-03  0.149019E+03
  0.100686E+03  0.381086E+01  0.265849E-03  0.351357E-03  0.280552E-03  0.149019E+03
  0.100686E+03  0.381086E+01  0.265849E-03  0.351357E-03  0.280552E-03  0.149019E+03
  0.100686E+03 -0.417791E-01  0.265849E-03  0.351357E-03  0.280552E-03  0.149250E+03
  0.100686E+03 -0.417791E-01  0.265849E-03  0.188061E-03  0.280552E-03  0.149748E+03
  0.100686E+03  0.216336E+01  0.805327E-04  0.188061E-03  0.280552E-03  0.150459E+03
  0.100686E+03  0.216336E+01  0.805327E-04  0.188061E-03  0.280552E-03  0.150459E+03
  0.100686E+03  0.216336E+01  0.805327E-04  0.188061E-03  0.280552E-03  0.150459E+03
  0.100686E+03  0.216336E+01  0.805327E-04  0.188061E-03  0.280552E-03  0.150459E+03
  0.100686E+03  0.216336E+01  0.805327E-04  0.188061E-03  0.280552E-03  0.150459E+03
  0.100686E+03  0.436855E+01  0.805327E-04  0.188061E-03  0.280552E-03  0.149641E+03
  0.100686E+03  0.436855E+01  0.500807E-03  0.188061E-03  0.206369E-03  0.148873E+03
  0.100686E+03  0.436855E+01  0.500807E-03  0.188061E-03  0.694899E-03  0.146677E+03
  0.100686E+03  0.436855E+01  0.500807E-03  0.188061E-03  0.694899E-03  0.146677E+03
  0.100686E+03  0.436855E+01  0.500807E-03  0.188061E-03  0.694899E-03  0.146677E+03
  0.100686E+03  0.436855E+01  0.500807E-03  0.188061E-03  0.694899E-03  0.146677E+03
  0.100686E+03  0.436855E+01  0.500807E-03  0.188061E-03  0.694899E-03  0.146677E+03
  0.100686E+03  0.714591E+01  0.243829E-03  0.686700E-03  0.694899E-03  0.143455E+03
  0.100686E+03  0.714591E+01  0.243829E-03  0.686700E-03  0.694899E-03  0.143455E+03
  0.100686E+03  0.714591E+01  0.243829E-03  0.686700E-03  0.694899E-03  0.143455E+03
  0.100686E+03 -0.344001E+01  0.243829E-03  0.686700E-03  0.694899E-03  0.142557E+03
  0.100686E+03 -0.344001E+01  0.243829E-03  0.686700E-03  0.694899E-03  0.142557E+03
  0.100686E+03 -0.344001E+01  0.243829E-03  0.686700E-03  0.694899E-03  0.142557E+03
  0.100686E+03  0.690183E+01  0.243829E-03  0.686700E-03  0.694899E-03  0.143614E+03
  0.100686E+03  0.210821E+01  0.243829E-03  0.686700E-03  0.694899E-03  0.145003E+03
  0.100686E+03  0.103301E+01  0.243829E-03  0.686700E-03  0.694899E-03  0.144870E+03
  0.100686E+03  0.103301E+01  0.243829E-03  0.686700E-03  0.694899E-03  0.144870E+03
  0.101363E+03  0.103301E+01  0.243829E-03  0.686700E-03  0.545925E-03  0.145997E+03
  0.101363E+03 -0.111607E+01  0.243829E-03  0.686700E-03  0.105070E-03  0.148013E+03
  0.100652E+03 -0.111607E+01  0.243829E-03  0.686700E-03  0.105070E-03  0.148162E+03
  0.100779E+03 -0.111607E+01  0.243829E-03  0.686700E-03  0.105070E-03  0.148231E+03
  0.100779E+03 -0.725684E+00  0.243829E-03  0.686700E-03  0.105070E-03  0.148366E+03
  0.100779E+03 -0.725684E+00  0.243829E-03  0.686700E-03  0.105070E-03  0.148366E+03
  0.101373E+03 -0.725684E+00  0.243829E-03  0.686700E-03  0.105070E-03  0.148109E+03
  0.101373E+03 -0.731240E+00  0.243829E-03  0.686700E-03  0.105070E-03  0.148108E+03
  0.101373E+03  0.379427E+00  0.243829E-03  0.686700E-03  0.105070E-03  0.148247E+03
  0.101373E+03  0.379427E+00  0.243829E-03  0.686700E-03  0.105070E-03  0.148247E+03
  0.101373E+03  0.379427E+00  0.243829E-03  0.686700E-03  0.105070E-03  0.148247E+03
  0.101373E+03  0.379427E+00  0.243829E-03  0.686700E-03  0.103721E-03  0.148250E+03
  0.101373E+03  0.379427E+00  0.243829E-03  0.686700E-03  0.103721E-03  0.148250E+03
  0.101373E+03  0.379427E+00  0.243829E-03  0.686700E-03  0.103721E-03  0.148250E+03
  0.101373E+03  0.379427E+00  0.243829E-03  0.686700E-03  0.103721E-03  0.148250E+03
  0.101373E+03  0.379427E+00  0.243829E-03  0.544570E-03  0.103721E-03  0.149140E+03
  0.100929E+03  0.379427E+00  0.243829E-03  0.544570E-03  0.103721E-03  0.149406E+03
  0.100929E+03  0.379427E+00  0.243829E-03  0.544570E-03  0.103721E-03  0.149406E+03
  0.100929E+03  0.282008E+01  0.243829E-03  0.544570E-03  0.103721E-03  0.148969E+03
  0.100929E+03  0.282008E+01  0.243829E-03  0.544570E-03  0.103721E-03  0.148969E+03
  0.101982E+03  0.282008E+01  0.243829E-03  0.544570E-03  0.103721E-03  0.147328E+03
  0.101982E+03  0.282008E+01  0.243829E-03  0.544570E-03  0.103721E-03  0.147328E+03
  0.101982E+03  0.282008E+01  0.243829E-03  0.544570E-03  0.759990E-04  0.147331E+03
  0.101982E+03  0.282008E+01  0.243829E-03  0.544570E-03  0.759990E-04  0.147331E+03
  0.101982E+03  0.282008E+01  0.243829E-03  0.544570E-03  0.759990E-04  0.147331E+03
  0.101982E+03  0.282008E+01  0.243829E-03  0.586999E-03  0.759990E-04  0.147038E+03
  0.101982E+03  0.282008E+01  0.243829E-03  0.586999E-03  0.759990E-04  0.147038E+03
  0.101982E+03  0.282008E+01  0.230025E-03  0.586999E-03  0.759990E-04  0.147061E+03
  0.101982E+03  0.101838E+01  0.230025E-03  0.586999E-03  0.759990E-04  0.147639E+03
  0.101982E+03  0.101838E+01  0.230025E-03  0.586999E-03  0.759990E-04  0.147639E+03
  0.101982E+03  0.640360E+00  0.230025E-03  0.395142E-04  0.759990E-04  0.150242E+03
  0.101982E+03  0.640360E+00  0.230025E-03  0.395142E-04  0.759990E-04  0.150242E+03
  0.101982E+03  0.640360E+00  0.230025E-03  0.395142E-04  0.759990E-04  0.150242E+03
  0.101982E+03  0.640360E+00  0.230025E-03  0.395142E-04  0.759990E-04  0.150242E+03
  0.101925E+03  0.640360E+00  0.230025E-03  0.395142E-04  0.759990E-04  0.150407E+03
  0.101925E+03 -0.667718E-01  0.230025E-03  0.395142E-04  0.759990E-04  0.150252E+03
  0.101925E+03 -0.667718E-01  0.230025E-03  0.395142E-04  0.759990E-04  0.150252E+03
  0.101925E+03 -0.667718E-01  0.230025E-03  0.395142E-04  0.759990E-04  0.150252E+03
  0.101925E+03 -0.667718E-01  0.230025E-03  0.395142E-04  0.759990E-04  0.150252E+03
  0.101925E+03 -0.145124E+01  0.230025E-03  0.395142E-04  0.566400E-03  0.147319E+03
  0.101925E+03 -0.145124E+01  0.230025E-03  0.395142E-04  0.566400E-03  0.147319E+03
  0.101925E+03  0.112176E+01  0.230025E-03  0.395142E-04  0.566400E-03  0.148603E+03
  0.101925E+03  0.112176E+01  0.230025E-03  0.395142E-04  0.566400E-03  0.148603E+03
  0.101925E+03  0.112176E+01  0.230025E-03  0.395142E-04  0.566400E-03  0.148603E+03
  0.101925E+03  0.112176E+01  0.230025E-03  0.395142E-04  0.566400E-03  0.148603E+03
  0.101925E+03  0.112176E+01  0.230025E-03  0.332423E-03  0.566400E-03  0.147564E+03
  0.101925E+03  0.112176E+01  0.230025E-03  0.332423E-03  0.566400E-03  0.147564E+03
  0.101925E+03  0.901699E+00  0.230025E-03  0.332423E-03  0.566400E-03  0.147524E+03
  0.101925E+03  0.520065E+00  0.230025E-03  0.332423E-03  0.566400E-03  0.147436E+03
  0.101925E+03  0.425175E+01  0.230025E-03  0.332423E-03  0.566400E-03  0.147217E+03
  0.101925E+03  0.425175E+01  0.230025E-03  0.332423E-03  0.566400E-03  0.147217E+03
  0.101925E+03  0.642782E+01  0.230025E-03  0.332423E-03  0.566400E-03  0.145970E+03
  0.101925E+03  0.642782E+01  0.230025E-03  0.332423E-03  0.566400E-03  0.145970E+03
  0.101925E+03  0.151164E+01  0.230025E-03  0.332423E-03  0.566400E-03  0.147613E+03
  0.101009E+03  0.212502E+01  0.230025E-03  0.332423E-03  0.566400E-03  0.148193E+03
  0.997978E+02  0.212502E+01  0.230025E-03  0.332423E-03  0.566400E-03  0.145851E+03
  0.997978E+02  0.212502E+01  0.498985E-04  0.332423E-03  0.566400E-03  0.146031E+03
  0.997978E+02  0.212502E+01  0.498985E-04  0.332423E-03  0.566400E-03  0.146031E+03
  0.997978E+02  0.212502E+01  0.498985E-04  0.332423E-03  0.566400E-03  0.146031E+03
  0.997978E+02  0.212502E+01  0.498985E-04  0.332423E-03  0.566400E-03  0.146031E+03
  0.997978E+02  0.212502E+01  0.498985E-04  0.332423E-03  0.566400E-03  0.146031E+03
  0.997978E+02  0.212502E+01  0.498985E-04  0.332423E-03  0.566400E-03  0.146031E+03
  0.997978E+02  0.212502E+01  0.498985E-04  0.332423E-03  0.566400E-03  0.146031E+03
  0.997978E+02  0.212502E+01  0.498985E-04  0.332423E-03  0.566400E-03  0.146031E+03
  0.997978E+02  0.212502E+01  0.498985E-04  0.332423E-03  0.566400E-03  0.146031E+03
  0.997978E+02  0.212502E+01  0.498985E-04  0.332423E-03  0.566400E-03  0.146031E+03
  0.997978E+02  0.212502E+01  0.498985E-04  0.332423E-03  0.566400E-03  0.146031E+03
  0.997978E+02  0.212502E+01  0.702338E-04  0.332423E-03  0.566400E-03  0.146022E+03
  0.100243E+03  0.212502E+01  0.702338E-04  0.332423E-03  0.102449E-02  0.144276E+03
  0.100243E+03  0.212502E+01  0.702338E-04  0.332423E-03  0.102449E-02  0.144276E+03
  0.100243E+03  0.212502E+01  0.702338E-04  0.176011E-03  0.102449E-02  0.144706E+03
  0.101276E+03  0.212502E+01  0.702338E-04  0.477632E-04  0.102449E-02  0.146562E+03
  0.101276E+03  0.212502E+01  0.137413E-03  0.477632E-04  0.102449E-02  0.146506E+03
  0.101276E+03  0.880755E+00  0.137413E-03  0.477632E-04  0.102449E-02  0.146093E+03
  0.101276E+03  0.259158E+01  0.137413E-03  0.477632E-04  0.102449E-02  0.146582E+03
  0.101276E+03  0.341387E+01  0.137413E-03  0.477632E-04  0.102449E-02  0.146613E+03
  0.101276E+03  0.341387E+01  0.137413E-03  0.477632E-04  0.102449E-02  0.146613E+03
  0.101276E+03 -0.264014E+00  0.137413E-03  0.477632E-04  0.102449E-02  0.145445E+03
  0.101744E+03 -0.264014E+00  0.137413E-03  0.477632E-04  0.674525E-03  0.147683E+03
  0.101744E+03 -0.264014E+00  0.137413E-03  0.477632E-04  0.674525E-03  0.147683E+03
  0.101744E+03 -0.264014E+00  0.137413E-03  0.274340E-03  0.674525E-03  0.147064E+03
  0.101744E+03 -0.264014E+00  0.137413E-03  0.274340E-03  0.674525E-03  0.147064E+03
  0.101744E+03 -0.264014E+00  0.137413E-03  0.274340E-03  0.463873E-03  0.148455E+03
  0.100196E+03 -0.644725E+00  0.265611E-03  0.274340E-03  0.463873E-03  0.146739E+03
  0.100196E+03  0.384221E+01  0.265611E-03  0.274340E-03  0.463873E-03  0.147621E+03
  0.100196E+03  0.510433E+01  0.265611E-03  0.191502E-04  0.303499E-03  0.147964E+03
  0.100196E+03  0.510433E+01  0.265611E-03  0.191502E-04  0.303499E-03  0.147964E+03
  0.100196E+03  0.510433E+01  0.265611E-03  0.191502E-04  0.303499E-03  0.147964E+03
  0.100196E+03  0.510433E+01  0.536408E-03  0.191502E-04  0.303499E-03  0.147186E+03
  0.100196E+03  0.147806E+01  0.536408E-03  0.191502E-04  0.303499E-03  0.148434E+03
  0.102162E+03  0.147806E+01  0.536408E-03  0.191502E-04  0.247090E-03  0.148788E+03
  0.102162E+03  0.345526E+01  0.536408E-03  0.191502E-04  0.247090E-03  0.148243E+03
  0.102162E+03  0.345526E+01  0.338885E-03  0.191502E-04  0.247090E-03  0.148763E+03
  0.102162E+03  0.271904E+01  0.338885E-03  0.191502E-04  0.519051E-03  0.148264E+03
  0.102162E+03  0.245908E+01  0.317213E-03  0.191502E-04  0.519051E-03  0.148337E+03
  0.102162E+03  0.245908E+01  0.317213E-03  0.988515E-04  0.519051E-03  0.148229E+03
  0.102162E+03  0.245908E+01  0.317213E-03  0.988515E-04  0.519051E-03  0.148229E+03
  0.101566E+03  0.245908E+01  0.317213E-03  0.988515E-04  0.519051E-03  0.149188E+03
  0.101566E+03  0.310044E+01  0.317213E-03  0.988515E-04  0.519051E-03  0.149115E+03
  0.101566E+03  0.310044E+01  0.317213E-03  0.988515E-04  0.519051E-03  0.149115E+03
  0.101566E+03  0.310044E+01  0.317213E-03  0.988515E-04  0.519051E-03  0.149115E+03
  0.101566E+03  0.310044E+01  0.317213E-03  0.988515E-04  0.594356E-03  0.148696E+03
  0.101566E+03  0.425149E+01  0.371371E-03  0.988515E-04  0.594356E-03  0.148262E+03
  0.101566E+03  0.425149E+01  0.371371E-03  0.988515E-04  0.594356E-03  0.148262E+03
  0.101566E+03  0.425149E+01  0.371371E-03  0.988515E-04  0.594356E-03  0.148262E+03
  0.101566E+03  0.425149E+01  0.371371E-03  0.988515E-04  0.594356E-03  0.148262E+03
  0.101566E+03  0.405027E+01  0.371371E-03  0.988515E-04  0.594356E-03  0.148334E+03
  0.101566E+03  0.405027E+01  0.371371E-03  0.988515E-04  0.594356E-03  0.148334E+03
  0.101566E+03  0.405027E+01  0.371371E-03  0.988515E-04  0.594356E-03  0.148334E+03
  0.101566E+03  0.405027E+01  0.371371E-03  0.988515E-04  0.594356E-03  0.148334E+03
  0.101566E+03  0.405027E+01  0.371371E-03  0.988515E-04  0.256644E-03  0.149591E+03
  0.101566E+03  0.405027E+01  0.371371E-03  0.988515E-04  0.256644E-03  0.149591E+03
  0.101566E+03  0.405027E+01  0.371371E-03  0.988515E-04  0.256644E-03  0.149591E+03
  0.101566E+03  0.405027E+01  0.371371E-03  0.988515E-04  0.256644E-03  0.149591E+03
  0.101566E+03  0.405027E+01  0.371371E-03  0.988515E-04  0.256644E-03  0.149591E+03
  0.101844E+03  0.405027E+01  0.371371E-03  0.988515E-04  0.256644E-03  0.149094E+03
  0.101844E+03  0.405027E+01  0.371371E-03  0.988515E-04  0.256644E-03  0.149094E+03
  0.101844E+03  0.405027E+01  0.371371E-03  0.988515E-04  0.256644E-03  0.149094E+03
  0.101844E+03  0.405027E+01  0.371371E-03  0.988515E-04  0.256644E-03  0.149094E+03
  0.101844E+03  0.405027E+01  0.371371E-03  0.988515E-04  0.256644E-03  0.149094E+03
  0.101844E+03  0.405027E+01  0.371371E-03  0.988515E-04  0.256644E-03  0.149094E+03
  0.101844E+03  0.405027E+01  0.371371E-03  0.988515E-04  0.256644E-03  0.149094E+03
  0.101844E+03  0.405027E+01  0.371371E-03  0.988515E-04  0.348162E-03  0.148947E+03
  0.101844E+03  0.405027E+01  0.371371E-03  0.988515E-04  0.348162E-03  0.148947E+03
  0.101844E+03  0.405027E+01  0.371371E-03  0.988515E-04  0.348162E-03  0.148947E+03
  0.101844E+03  0.405027E+01  0.371371E-03  0.988515E-04  0.328709E-03  0.148988E+03
  0.101844E+03  0.405027E+01  0.371371E-03  0.988515E-04  0.328709E-03  0.148988E+03
  0.101844E+03  0.405027E+01  0.371371E-03  0.988515E-04  0.328709E-03  0.148988E+03
  0.101844E+03  0.405027E+01  0.371371E-03  0.988515E-04  0.987890E-04  0.149112E+03
  0.101161E+03  0.405027E+01  0.371371E-03  0.988515E-04  0.987890E-04  0.150106E+03
  0.100717E+03 -0.245911E+00  0.371371E-03  0.988515E-04  0.987890E-04  0.150474E+03
  0.100717E+03 -0.245911E+00  0.371371E-03  0.988515E-04  0.987890E-04  0.150474E+03
  0.100717E+03 -0.245911E+00  0.371371E-03  0.988515E-04  0.987890E-04  0.150474E+03
  0.100717E+03  0.250515E+01  0.371371E-03  0.988515E-04  0.316584E-03  0.149976E+03
  0.100717E+03  0.250515E+01  0.371371E-03  0.228072E-03  0.316584E-03  0.149626E+03
  0.100717E+03  0.250515E+01  0.371371E-03  0.228072E-03  0.316584E-03  0.149626E+03
  0.100717E+03  0.250515E+01  0.371371E-03  0.228072E-03  0.316584E-03  0.149626E+03
  0.100717E+03  0.250515E+01  0.371371E-03  0.228072E-03  0.376249E-06  0.150488E+03
  0.100717E+03  0.250515E+01  0.371371E-03  0.228072E-03  0.376249E-06  0.150488E+03
  0.100717E+03  0.242239E+01  0.371371E-03  0.228072E-03  0.376249E-06  0.150516E+03
  0.100717E+03  0.242239E+01  0.637143E-03  0.228072E-03  0.376249E-06  0.149632E+03
  0.100717E+03  0.242239E+01  0.637143E-03  0.228072E-03  0.376249E-06  0.149632E+03
  0.100717E+03  0.242239E+01  0.637143E-03  0.276031E-03  0.376249E-06  0.149443E+03
  0.100717E+03  0.242239E+01  0.637143E-03  0.276031E-03  0.376249E-06  0.149443E+03
  0.100325E+03  0.242239E+01  0.637143E-03  0.276031E-03  0.376249E-06  0.148856E+03
  0.100325E+03  0.242239E+01  0.637143E-03  0.276031E-03  0.376249E-06  0.148856E+03
  0.100325E+03  0.883935E+00  0.637143E-03  0.276031E-03  0.376249E-06  0.149049E+03
  0.101383E+03  0.883935E+00  0.637143E-03  0.276031E-03  0.376249E-06  0.149671E+03
  0.101383E+03  0.621178E+00  0.637143E-03  0.276031E-03  0.376249E-06  0.149664E+03
  0.101383E+03  0.441341E+00  0.637143E-03  0.276031E-03  0.376249E-06  0.149649E+03
  0.101383E+03  0.441341E+00  0.637143E-03  0.276031E-03  0.376249E-06  0.149649E+03
  0.101383E+03  0.441341E+00  0.637143E-03  0.276031E-03  0.376249E-06  0.149649E+03
  0.101582E+03  0.441341E+00  0.268971E-03  0.276031E-03  0.376249E-06  0.150418E+03
  0.101582E+03  0.196802E+01  0.268971E-03  0.276031E-03  0.376249E-06  0.150315E+03
  0.101582E+03  0.196802E+01  0.268971E-03  0.128044E-03  0.392429E-04  0.150911E+03
  0.100818E+03  0.196802E+01  0.268971E-03  0.128044E-03  0.392429E-04  0.151256E+03
  0.100818E+03  0.196802E+01  0.268971E-03  0.128044E-03  0.392429E-04  0.151256E+03
  0.100818E+03  0.301426E+00  0.268971E-03  0.128044E-03  0.392429E-04  0.151129E+03
  0.100818E+03  0.299602E+01  0.268971E-03  0.128044E-03  0.392429E-04  0.150920E+03
  0.100818E+03  0.299602E+01  0.268971E-03  0.128044E-03  0.392429E-04  0.150920E+03
  0.100818E+03  0.299602E+01  0.268971E-03  0.128044E-03  0.392429E-04  0.150920E+03
  0.100818E+03  0.299602E+01  0.268971E-03  0.128044E-03  0.392429E-04  0.150920E+03
  0.100818E+03 -0.144047E+01  0.268971E-03  0.576381E-04  0.392429E-04  0.150157E+03
  0.100818E+03 -0.144047E+01  0.268971E-03  0.576381E-04  0.392429E-04  0.150157E+03
  0.100818E+03 -0.144047E+01  0.268971E-03  0.576381E-04  0.392429E-04  0.150157E+03
  0.100818E+03 -0.144047E+01  0.268971E-03  0.576381E-04  0.392429E-04  0.150157E+03
  0.100818E+03 -0.144047E+01  0.268971E-03  0.576381E-04  0.392429E-04  0.150157E+03
  0.100818E+03 -0.144047E+01  0.268971E-03  0.576381E-04  0.676788E-04  0.150111E+03
  0.100818E+03  0.595306E+00  0.268971E-03  0.576381E-04  0.676788E-04  0.151268E+03
  0.100818E+03  0.354458E+00  0.268971E-03  0.576381E-04  0.676788E-04  0.151197E+03
  0.100818E+03  0.354458E+00  0.268971E-03  0.576381E-04  0.676788E-04  0.151197E+03
  0.100818E+03  0.354458E+00  0.268971E-03  0.135443E-03  0.676788E-04  0.151092E+03
  0.100818E+03  0.354458E+00  0.268971E-03  0.135443E-03  0.676788E-04  0.151092E+03
  0.100818E+03 -0.202065E+00  0.104192E-02  0.135443E-03  0.676788E-04  0.148327E+03
  0.100818E+03 -0.202065E+00  0.104192E-02  0.135443E-03  0.676788E-04  0.148327E+03
  0.100818E+03  0.812045E+00  0.104457E-02  0.101601E-03  0.676788E-04  0.148602E+03
  0.100818E+03  0.812045E+00  0.104457E-02  0.101601E-03  0.676788E-04  0.148602E+03
  0.100818E+03  0.812045E+00  0.104457E-02  0.101601E-03  0.676788E-04  0.148602E+03
  0.100818E+03 -0.221359E+01  0.526500E-03  0.101601E-03  0.676788E-04  0.148773E+03
  0.100818E+03 -0.181485E+01  0.526500E-03  0.101601E-03  0.676788E-04  0.149162E+03
  0.100818E+03 -0.181485E+01  0.526500E-03  0.101601E-03  0.676788E-04  0.149162E+03
  0.100818E+03 -0.181485E+01  0.526500E-03  0.101601E-03  0.676788E-04  0.149162E+03
  0.100818E+03 -0.123007E+01  0.526500E-03  0.311252E-03  0.676788E-04  0.149259E+03
  0.100818E+03 -0.123007E+01  0.526500E-03  0.311252E-03  0.676788E-04  0.149259E+03
  0.100818E+03 -0.123007E+01  0.526500E-03  0.311252E-03  0.676788E-04  0.149259E+03
  0.100818E+03 -0.123007E+01  0.526500E-03  0.311252E-03  0.676788E-04  0.149259E+03
  0.100818E+03  0.604444E+00  0.526500E-03  0.311252E-03  0.676788E-04  0.149926E+03
  0.101411E+03  0.604444E+00  0.526500E-03  0.311252E-03  0.676788E-04  0.149793E+03
  0.101411E+03  0.149534E+01  0.526500E-03  0.311252E-03  0.676788E-04  0.149756E+03
  0.101411E+03  0.368240E+01  0.526500E-03  0.311252E-03  0.676788E-04  0.148836E+03
  0.101411E+03  0.151812E+01  0.526500E-03  0.311252E-03  0.676788E-04  0.149752E+03
  0.101411E+03  0.151812E+01  0.526500E-03  0.311252E-03  0.676788E-04  0.149752E+03
  0.101411E+03  0.151812E+01  0.526500E-03  0.311252E-03  0.676788E-04  0.149752E+03
  0.101478E+03  0.205258E+01  0.526500E-03  0.311252E-03  0.676788E-04  0.149545E+03
  0.101478E+03  0.205258E+01  0.526500E-03  0.311252E-03  0.676788E-04  0.149545E+03
  0.101478E+03  0.205258E+01  0.526500E-03  0.311252E-03  0.676788E-04  0.149545E+03
  0.100953E+03  0.205258E+01  0.526500E-03  0.311252E-03  0.676788E-04  0.149877E+03
  0.100953E+03  0.205258E+01  0.526500E-03  0.311252E-03  0.676788E-04  0.149877E+03
  0.100953E+03  0.205258E+01  0.526500E-03  0.311252E-03  0.676788E-04  0.149877E+03
  0.100953E+03 -0.109388E+01  0.526500E-03  0.311252E-03  0.676788E-04  0.149430E+03
  0.100953E+03 -0.173732E+01  0.526500E-03  0.311252E-03  0.676788E-04  0.149023E+03
  0.100953E+03 -0.173732E+01  0.526500E-03  0.311252E-03  0.676788E-04  0.149023E+03
  0.100953E+03 -0.173732E+01  0.526500E-03  0.311252E-03  0.676788E-04  0.149023E+03
  0.100953E+03 -0.173732E+01  0.526500E-03  0.311252E-03  0.676788E-04  0.149023E+03
  0.101678E+03  0.306372E+01  0.526500E-03  0.172059E-03  0.676788E-04  0.149456E+03
  0.101678E+03 -0.182430E+01  0.526500E-03  0.172059E-03  0.676788E-04  0.148990E+03
  0.101678E+03  0.222994E+00  0.526500E-03  0.172059E-03  0.676788E-04  0.149932E+03
  0.101678E+03  0.222994E+00  0.526500E-03  0.172059E-03  0.676788E-04  0.149932E+03
  0.101678E+03  0.222994E+00  0.526500E-03  0.172059E-03  0.676788E-04  0.149932E+03
  0.101678E+03  0.222994E+00  0.119163E-03  0.172059E-03  0.676788E-04  0.150779E+03
  0.101678E+03  0.222994E+00  0.119163E-03  0.172059E-03  0.676788E-04  0.150779E+03
  0.101678E+03  0.121352E+01  0.119163E-03  0.172059E-03  0.676788E-04  0.150882E+03
  0.101678E+03  0.121352E+01  0.119163E-03  0.172059E-03  0.676788E-04  0.150882E+03
  0.101678E+03  0.121352E+01  0.119163E-03  0.172059E-03  0.676788E-04  0.150882E+03
  0.101678E+03  0.121352E+01  0.119163E-03  0.172059E-03  0.676788E-04  0.150882E+03
  0.101678E+03  0.121352E+01  0.119163E-03  0.172059E-03  0.676788E-04  0.150882E+03
  0.102222E+03 -0.831729E+00  0.119163E-03  0.172059E-03  0.676788E-04  0.148913E+03
  0.999186E+02 -0.831729E+00  0.119163E-03  0.282514E-03  0.676788E-04  0.148177E+03
  0.999186E+02 -0.831729E+00  0.119163E-03  0.282514E-03  0.676788E-04  0.148177E+03
  0.999186E+02  0.437971E+01  0.119163E-03  0.282514E-03  0.156045E-03  0.147788E+03
  0.101017E+03  0.437971E+01  0.119163E-03  0.282514E-03  0.156045E-03  0.149651E+03
  0.101017E+03  0.437971E+01  0.714078E-03  0.914770E-04  0.156045E-03  0.148620E+03
  0.101017E+03  0.437971E+01  0.714078E-03  0.914770E-04  0.921810E-05  0.148674E+03
  0.101017E+03 -0.613552E-01  0.503122E-03  0.914770E-04  0.921810E-05  0.150625E+03
