a0_min         a1_min         a2_min         Y1_intercept   Y2_intercept   Y3_intercept   Y4_intercept   Y5_intercept   LogPost        
   0.976642E+02  -0.602858E+00  -0.938976E+01   0.673136E-03   0.139960E+02   0.892306E+01   0.170967E+02   0.143143E+02   0.172616E+03
   0.976642E+02   0.688374E+00  -0.396081E+01   0.552133E-03   0.111575E+02   0.929750E+01   0.129624E+02   0.136460E+02   0.175706E+03
   0.996260E+02   0.298488E+01   0.108742E+02   0.794679E-03   0.989460E+01   0.957800E+01   0.196685E+02   0.110533E+02   0.171309E+03
   0.996260E+02  -0.274747E+01   0.108742E+02   0.750954E-03   0.148304E+02   0.962508E+01   0.117398E+02   0.151448E+02   0.170476E+03
   0.970414E+02   0.280666E+01  -0.106491E+01   0.775777E-03   0.895202E+01   0.845021E+01   0.195222E+02   0.141683E+02   0.173626E+03
   0.970414E+02   0.213271E+01   0.368455E+01   0.591477E-03   0.938238E+01   0.105412E+02   0.136002E+02   0.170601E+02   0.174790E+03
   0.966770E+02   0.705264E+00  -0.109840E+01   0.591477E-03   0.922504E+01   0.845220E+01   0.123279E+02   0.177936E+02   0.174474E+03
   0.977039E+02   0.611862E+01  -0.109840E+01   0.618405E-03   0.991345E+01   0.785494E+01   0.220646E+02   0.175857E+02   0.170741E+03
   0.990346E+02  -0.245909E+01  -0.305818E+01   0.608913E-03   0.113054E+02   0.793849E+01   0.121616E+02   0.104681E+02   0.171211E+03
   0.990346E+02  -0.474481E+00   0.100668E+02   0.492211E-03   0.749486E+01   0.975315E+01   0.162235E+02   0.143824E+02   0.173098E+03
   0.990682E+02  -0.168785E+01  -0.135398E+01   0.548130E-03   0.115318E+02   0.112365E+02   0.140159E+02   0.124587E+02   0.172767E+03
   0.971306E+02  -0.319731E+01   0.484041E+01   0.592214E-03   0.799720E+01   0.112681E+02   0.274690E+02   0.135100E+02   0.167387E+03
   0.971306E+02   0.991161E+00  -0.649328E+01   0.640232E-03   0.124954E+02   0.109379E+02   0.167844E+02   0.203835E+02   0.172885E+03
   0.965950E+02   0.209316E+01   0.152798E+01   0.640232E-03   0.861219E+01   0.882517E+01   0.120742E+02   0.123975E+02   0.173961E+03
   0.992966E+02  -0.100854E+01   0.349389E+01   0.747513E-03   0.101273E+02   0.135497E+02   0.176372E+02   0.118015E+02   0.171851E+03
   0.982177E+02  -0.109975E+00  -0.411561E+01   0.666326E-03   0.825107E+01   0.643367E+01   0.123938E+02   0.140114E+02   0.173053E+03
   0.977392E+02   0.549794E+01   0.243660E+01   0.733230E-03   0.911963E+01   0.100681E+02   0.164015E+02   0.257501E+02   0.169953E+03
   0.977392E+02  -0.310517E+01   0.560357E+01   0.836535E-03   0.848733E+01   0.788367E+01   0.208783E+02   0.147115E+02   0.170929E+03
   0.966303E+02  -0.102525E+01  -0.129322E+02   0.694412E-03   0.104363E+02   0.761469E+01   0.135795E+02   0.132688E+02   0.171858E+03
   0.986012E+02  -0.166518E+01  -0.929148E+01   0.694412E-03   0.840265E+01   0.956299E+01   0.108370E+02   0.159006E+02   0.172133E+03
   0.987598E+02  -0.871986E+00   0.519308E+01   0.644610E-03   0.100750E+02   0.724640E+01   0.155574E+02   0.143261E+02   0.174434E+03
   0.981095E+02  -0.251851E+01   0.902261E+01   0.644610E-03   0.935364E+01   0.535445E+01   0.154333E+02   0.131348E+02   0.169702E+03
   0.976885E+02  -0.945730E+00  -0.320525E+01   0.844742E-03   0.906332E+01   0.841270E+01   0.171126E+02   0.146702E+02   0.173952E+03
   0.973184E+02   0.197517E+01  -0.961147E+01   0.624716E-03   0.925000E+01   0.123544E+02   0.138279E+02   0.149375E+02   0.174026E+03
   0.978166E+02   0.304831E+01  -0.516319E+01   0.576141E-03   0.903561E+01   0.126438E+02   0.208151E+02   0.154068E+02   0.172593E+03
   0.978166E+02   0.213301E+00   0.134260E+01   0.931866E-03   0.107712E+02   0.762846E+01   0.177776E+02   0.148690E+02   0.172419E+03
   0.987208E+02   0.401510E+01   0.593532E+01   0.536415E-03   0.145671E+02   0.904702E+01   0.141747E+02   0.156498E+02   0.172174E+03
   0.984981E+02   0.588690E+01   0.172450E+01   0.857389E-03   0.880764E+01   0.107383E+02   0.131098E+02   0.193095E+02   0.171746E+03
   0.982628E+02  -0.166583E+01   0.662119E+01   0.679699E-03   0.138908E+02   0.985339E+01   0.207606E+02   0.212509E+02   0.169943E+03
   0.991531E+02   0.131618E+01   0.107680E+02   0.494016E-03   0.920464E+01   0.805473E+01   0.166216E+02   0.182143E+02   0.172449E+03
   0.972963E+02   0.216070E+01   0.623504E+01   0.575113E-03   0.107956E+02   0.690349E+01   0.139675E+02   0.155171E+02   0.173274E+03
   0.974651E+02   0.203197E+01  -0.214796E+01   0.762329E-03   0.102341E+02   0.711562E+01   0.146429E+02   0.150624E+02   0.174366E+03
   0.974651E+02  -0.445238E+01   0.536567E+01   0.572364E-03   0.128624E+02   0.118892E+02   0.156117E+02   0.140266E+02   0.171025E+03
   0.982217E+02  -0.180446E+01   0.110971E+01   0.711452E-03   0.847123E+01   0.115800E+02   0.155254E+02   0.179560E+02   0.174185E+03
   0.984160E+02  -0.184060E+01  -0.304046E+01   0.711452E-03   0.993994E+01   0.671294E+01   0.177693E+02   0.162639E+02   0.172669E+03
   0.974582E+02   0.151906E+01  -0.964007E+01   0.855935E-03   0.987086E+01   0.912578E+01   0.122103E+02   0.223245E+02   0.171039E+03
   0.974582E+02  -0.118943E+01   0.120552E+01   0.771902E-03   0.825994E+01   0.946591E+01   0.122700E+02   0.193927E+02   0.173360E+03
   0.971171E+02   0.418708E+01   0.369206E+01   0.771902E-03   0.102283E+02   0.967893E+01   0.157153E+02   0.184636E+02   0.173250E+03
   0.974739E+02   0.617023E+01   0.830316E-01   0.771902E-03   0.970491E+01   0.890999E+01   0.152992E+02   0.132277E+02   0.173569E+03
   0.970647E+02   0.331899E+01  -0.611324E+01   0.723500E-03   0.114065E+02   0.123416E+02   0.127337E+02   0.157236E+02   0.173548E+03
   0.965395E+02   0.552901E+01   0.181126E+01   0.626383E-03   0.968733E+01   0.884566E+01   0.143051E+02   0.172478E+02   0.172618E+03
   0.974065E+02   0.250529E+01   0.501325E+01   0.762053E-03   0.988583E+01   0.918329E+01   0.172147E+02   0.124249E+02   0.174070E+03
   0.965082E+02   0.159754E+01  -0.565222E+01   0.782708E-03   0.119439E+02   0.821839E+01   0.178472E+02   0.129324E+02   0.172794E+03
   0.976154E+02   0.382842E+00   0.415656E+01   0.382191E-03   0.124839E+02   0.133695E+02   0.103560E+02   0.178685E+02   0.170324E+03
   0.974859E+02  -0.217606E+01  -0.331494E+01   0.573707E-03   0.104371E+02   0.121604E+02   0.157315E+02   0.174055E+02   0.174109E+03
   0.974859E+02   0.624578E+00  -0.961054E+01   0.812125E-03   0.134724E+02   0.100561E+02   0.103907E+02   0.142440E+02   0.171432E+03
   0.979770E+02  -0.520008E+00   0.331733E+01   0.775422E-03   0.111007E+02   0.114504E+02   0.177595E+02   0.134213E+02   0.174038E+03
   0.970425E+02   0.112773E+01  -0.464132E+01   0.590103E-03   0.796864E+01   0.103381E+02   0.177709E+02   0.158786E+02   0.174859E+03
   0.972452E+02   0.408994E+01   0.159347E+01   0.598637E-03   0.910668E+01   0.739239E+01   0.182112E+02   0.201849E+02   0.172325E+03
   0.984916E+02   0.378508E+01  -0.840185E+01   0.563055E-03   0.118091E+02   0.799732E+01   0.177480E+02   0.131562E+02   0.170861E+03
   0.982164E+02  -0.366467E+00   0.341629E+01   0.858934E-03   0.110989E+02   0.865332E+01   0.129325E+02   0.134788E+02   0.173910E+03
   0.982599E+02  -0.407642E+01   0.627420E+01   0.664886E-03   0.114958E+02   0.954424E+01   0.109184E+02   0.140248E+02   0.172648E+03
   0.963853E+02   0.210951E+01  -0.422632E+01   0.752540E-03   0.117821E+02   0.122341E+02   0.142968E+02   0.147329E+02   0.173207E+03
   0.976429E+02  -0.109562E+01  -0.746472E+00   0.514829E-03   0.907003E+01   0.705970E+01   0.119128E+02   0.156374E+02   0.174218E+03
   0.976429E+02  -0.316149E+01  -0.437522E+01   0.748412E-03   0.827976E+01   0.963225E+01   0.153304E+02   0.149340E+02   0.173998E+03
   0.976429E+02   0.547416E+01   0.393319E+00   0.519772E-03   0.767215E+01   0.116899E+02   0.114547E+02   0.165012E+02   0.172128E+03
   0.972859E+02  -0.100736E+01  -0.167275E+00   0.770000E-03   0.148279E+02   0.130343E+02   0.131882E+02   0.124284E+02   0.171207E+03
   0.974269E+02  -0.327341E+01  -0.406354E+01   0.569321E-03   0.116775E+02   0.784337E+01   0.147488E+02   0.192785E+02   0.172419E+03
   0.979038E+02   0.488116E+00   0.697278E+01   0.700624E-03   0.813751E+01   0.101735E+02   0.193778E+02   0.219044E+02   0.171608E+03
   0.979038E+02  -0.618439E+00  -0.152052E+01   0.676871E-03   0.929386E+01   0.777897E+01   0.141461E+02   0.180015E+02   0.174863E+03
   0.991166E+02   0.944923E+00   0.883062E+01   0.544406E-03   0.120854E+02   0.730584E+01   0.178457E+02   0.161423E+02   0.172359E+03
   0.974736E+02   0.339086E+01  -0.146686E+02   0.805790E-03   0.701488E+01   0.105231E+02   0.853714E+01   0.185463E+02   0.166597E+03
   0.974736E+02   0.338868E+01  -0.116107E+02   0.807607E-03   0.114179E+02   0.714028E+01   0.182080E+02   0.189775E+02   0.170124E+03
   0.969852E+02   0.118926E+01   0.489413E+00   0.429342E-03   0.104710E+02   0.133815E+02   0.145971E+02   0.169308E+02   0.173336E+03
   0.980664E+02  -0.290307E+01   0.661489E+01   0.663233E-03   0.991717E+01   0.103630E+02   0.147196E+02   0.165000E+02   0.174258E+03
   0.972849E+02   0.285826E+01  -0.469984E+01   0.650467E-03   0.107322E+02   0.122964E+02   0.215903E+02   0.207899E+02   0.171101E+03
   0.985650E+02   0.801743E+00   0.368003E+01   0.825027E-03   0.862400E+01   0.120121E+02   0.128526E+02   0.149972E+02   0.173858E+03
   0.979220E+02  -0.133547E+01   0.368003E+01   0.642903E-03   0.733084E+01   0.841140E+01   0.146069E+02   0.190458E+02   0.173702E+03
   0.983316E+02   0.178703E+01   0.170312E+01   0.663797E-03   0.888351E+01   0.976302E+01   0.143562E+02   0.163605E+02   0.175746E+03
   0.965851E+02   0.280915E+01  -0.484662E+01   0.587085E-03   0.913602E+01   0.886001E+01   0.165367E+02   0.152400E+02   0.174735E+03
   0.972429E+02  -0.270991E+01  -0.340641E+01   0.841981E-03   0.106795E+02   0.913568E+01   0.158417E+02   0.129022E+02   0.173262E+03
   0.983389E+02   0.473746E+01   0.291995E+01   0.687220E-03   0.942614E+01   0.131396E+02   0.169701E+02   0.172408E+02   0.172935E+03
   0.978907E+02  -0.385095E+01  -0.278938E+01   0.553033E-03   0.114556E+02   0.590648E+01   0.129051E+02   0.186734E+02   0.169832E+03
   0.976855E+02   0.194834E+01  -0.140661E+02   0.551809E-03   0.841171E+01   0.114273E+02   0.174207E+02   0.118189E+02   0.170723E+03
   0.973808E+02   0.197393E+01  -0.658728E+01   0.617747E-03   0.938475E+01   0.122893E+02   0.179969E+02   0.255466E+02   0.170225E+03
   0.959050E+02  -0.164573E+01  -0.567585E+01   0.776826E-03   0.983376E+01   0.759602E+01   0.120831E+02   0.175395E+02   0.170661E+03
   0.991266E+02  -0.217982E+01  -0.418924E+01   0.721518E-03   0.114241E+02   0.106603E+02   0.212044E+02   0.114210E+02   0.170408E+03
   0.999368E+02  -0.182800E+01   0.168808E+02   0.561539E-03   0.114504E+02   0.940673E+01   0.108251E+02   0.228636E+02   0.167593E+03
   0.976759E+02   0.574546E+01   0.736247E+01   0.508065E-03   0.144536E+02   0.109046E+02   0.157416E+02   0.193822E+02   0.169188E+03
   0.976759E+02   0.179915E+01   0.550682E+01   0.508065E-03   0.109644E+02   0.152536E+02   0.158061E+02   0.118674E+02   0.172025E+03
   0.989641E+02  -0.298134E+01   0.151731E+01   0.489026E-03   0.119196E+02   0.815922E+01   0.131150E+02   0.152107E+02   0.172280E+03
   0.970563E+02   0.466340E-01   0.142431E+01   0.489026E-03   0.870169E+01   0.919542E+01   0.146161E+02   0.148296E+02   0.175363E+03
   0.956398E+02  -0.318158E+01  -0.152730E+01   0.743431E-03   0.105065E+02   0.815306E+01   0.186970E+02   0.145630E+02   0.168795E+03
   0.971001E+02  -0.154395E+01  -0.275154E+01   0.553264E-03   0.107977E+02   0.906096E+01   0.150923E+02   0.162213E+02   0.175081E+03
   0.972315E+02  -0.128200E+01  -0.866803E+01   0.874780E-03   0.125150E+02   0.140348E+02   0.857132E+01   0.119784E+02   0.166934E+03
   0.972059E+02   0.254881E+01   0.653352E+01   0.878082E-03   0.731362E+01   0.997188E+01   0.147149E+02   0.112152E+02   0.171314E+03
   0.999537E+02   0.254881E+01   0.809870E+01   0.625148E-03   0.732429E+01   0.121117E+02   0.118330E+02   0.157004E+02   0.170828E+03
   0.100435E+03   0.828731E+00   0.107114E+02   0.561437E-03   0.118060E+02   0.684094E+01   0.140647E+02   0.154467E+02   0.169405E+03
   0.970116E+02  -0.227803E-01  -0.352591E+01   0.649594E-03   0.119281E+02   0.829357E+01   0.155105E+02   0.102987E+02   0.173538E+03
   0.971569E+02   0.737476E+01   0.484386E+01   0.799171E-03   0.103913E+02   0.139602E+02   0.160258E+02   0.153213E+02   0.169920E+03
   0.988519E+02   0.252788E+00   0.131632E+02   0.675499E-03   0.110728E+02   0.962752E+01   0.113955E+02   0.109205E+02   0.172036E+03
   0.100698E+03  -0.697798E+00   0.627513E+01   0.628722E-03   0.900235E+01   0.102015E+02   0.171808E+02   0.210081E+02   0.168030E+03
   0.992593E+02   0.228288E+00  -0.388433E+01   0.850711E-03   0.134079E+02   0.134155E+02   0.192916E+02   0.166186E+02   0.168874E+03
   0.960858E+02   0.142975E+01  -0.481516E+01   0.886177E-03   0.100487E+02   0.105691E+02   0.135895E+02   0.133586E+02   0.172505E+03
   0.978133E+02   0.359507E+01  -0.568435E+01   0.551137E-03   0.112906E+02   0.862838E+01   0.117583E+02   0.179570E+02   0.173154E+03
   0.100113E+03   0.186088E+01   0.844758E+01   0.573578E-03   0.121071E+02   0.116700E+02   0.254070E+02   0.184766E+02   0.166362E+03
   0.982422E+02   0.304043E+01  -0.450406E+01   0.615623E-03   0.114011E+02   0.115849E+02   0.173807E+02   0.153539E+02   0.173747E+03
   0.973217E+02   0.239482E+01  -0.310177E+01   0.354954E-03   0.110380E+02   0.126162E+02   0.258793E+02   0.143354E+02   0.168276E+03
   0.973217E+02  -0.441318E+01  -0.129270E+01   0.468532E-03   0.692535E+01   0.795449E+01   0.175244E+02   0.144082E+02   0.170343E+03
   0.984199E+02   0.175850E+01  -0.487303E+01   0.476010E-03   0.730317E+01   0.951190E+01   0.110241E+02   0.117235E+02   0.171530E+03
   0.977951E+02  -0.247199E+00  -0.650586E+01   0.659127E-03   0.765955E+01   0.110051E+02   0.133899E+02   0.232362E+02   0.171783E+03
   0.966481E+02   0.608226E+01  -0.529715E+01   0.681980E-03   0.120629E+02   0.107261E+02   0.110660E+02   0.148408E+02   0.171378E+03
   0.966481E+02  -0.861703E+00  -0.110903E+02   0.681980E-03   0.101024E+02   0.967623E+01   0.152959E+02   0.128882E+02   0.173345E+03
   0.968710E+02   0.296839E+01  -0.192604E+01   0.530302E-03   0.806852E+01   0.150235E+02   0.155043E+02   0.158681E+02   0.172410E+03
   0.974474E+02   0.350340E+01   0.554228E+01   0.766555E-03   0.119709E+02   0.136512E+02   0.236922E+02   0.135118E+02   0.169147E+03
   0.979531E+02  -0.324716E+01  -0.976185E+01   0.766555E-03   0.122142E+02   0.119181E+02   0.125455E+02   0.105428E+02   0.170367E+03
   0.962623E+02   0.501815E+01  -0.405715E+01   0.628638E-03   0.121847E+02   0.959166E+01   0.207323E+02   0.158657E+02   0.170894E+03
   0.980056E+02  -0.383663E+00  -0.320856E+01   0.624101E-03   0.831447E+01   0.945705E+01   0.164237E+02   0.169697E+02   0.175222E+03
   0.986819E+02   0.378320E+01   0.639697E+01   0.632362E-03   0.978291E+01   0.105209E+02   0.115760E+02   0.155305E+02   0.174226E+03
   0.986819E+02   0.172765E+01   0.249297E+01   0.569077E-03   0.959494E+01   0.982400E+01   0.144844E+02   0.181627E+02   0.174908E+03
   0.982982E+02   0.202206E+01   0.818699E+00   0.733561E-03   0.122930E+02   0.731509E+01   0.152855E+02   0.115063E+02   0.173286E+03
   0.961860E+02   0.202206E+01  -0.138256E+01   0.733561E-03   0.985870E+01   0.104466E+02   0.107277E+02   0.179799E+02   0.172233E+03
   0.978440E+02  -0.732430E+00   0.284980E+01   0.593837E-03   0.769095E+01   0.109342E+02   0.179085E+02   0.180356E+02   0.174117E+03
   0.970190E+02   0.339651E-01  -0.113118E+02   0.728838E-03   0.853607E+01   0.102475E+02   0.191556E+02   0.149859E+02   0.172808E+03
   0.987330E+02   0.144962E+01   0.613736E+01   0.766009E-03   0.879613E+01   0.990987E+01   0.158033E+02   0.138250E+02   0.174812E+03
   0.984057E+02  -0.160631E+00  -0.888459E+01   0.652435E-03   0.113204E+02   0.119183E+02   0.135107E+02   0.141309E+02   0.173263E+03
   0.977639E+02   0.343122E+01   0.224081E+01   0.484485E-03   0.111094E+02   0.770197E+01   0.149063E+02   0.167126E+02   0.174167E+03
   0.977639E+02   0.846524E+00   0.311982E+01   0.657838E-03   0.550577E+01   0.118361E+02   0.133116E+02   0.174657E+02   0.171223E+03
   0.977639E+02  -0.193258E+01  -0.360296E+01   0.628853E-03   0.814092E+01   0.108450E+02   0.918878E+01   0.124547E+02   0.172257E+03
   0.977217E+02   0.271476E+01   0.960359E+00   0.761338E-03   0.129094E+02   0.108193E+02   0.164535E+02   0.130441E+02   0.173885E+03
   0.979204E+02  -0.202263E+01  -0.202038E-01   0.128585E-02   0.872271E+01   0.866734E+01   0.138031E+02   0.172576E+02   0.167917E+03
   0.982943E+02   0.421268E+01   0.417687E+01   0.863695E-03   0.987361E+01   0.719630E+01   0.218935E+02   0.115759E+02   0.170103E+03
   0.975289E+02  -0.339255E+00  -0.139873E+00   0.454038E-03   0.794891E+01   0.103073E+02   0.159565E+02   0.215726E+02   0.173093E+03
   0.981036E+02  -0.175365E+01  -0.347829E+01   0.612772E-03   0.110374E+02   0.104000E+02   0.159456E+02   0.128584E+02   0.174895E+03
   0.990431E+02  -0.140098E+00   0.997175E+01   0.556873E-03   0.108592E+02   0.987458E+01   0.144641E+02   0.131551E+02   0.174342E+03
   0.990999E+02   0.333575E+01  -0.707838E+00   0.944441E-03   0.103145E+02   0.100977E+02   0.174219E+02   0.141924E+02   0.171909E+03
   0.987844E+02   0.226197E+01  -0.651742E+01   0.944441E-03   0.112160E+02   0.105116E+02   0.118908E+02   0.157240E+02   0.171410E+03
   0.985467E+02  -0.276754E+01  -0.373979E+01   0.875416E-03   0.117187E+02   0.114740E+02   0.982367E+01   0.120848E+02   0.170209E+03
   0.981348E+02  -0.115178E+01   0.115709E+02   0.117477E-02   0.940122E+01   0.684333E+01   0.131967E+02   0.236956E+02   0.164437E+03
   0.978945E+02  -0.182283E+01   0.295697E+01   0.833482E-03   0.105729E+02   0.686523E+01   0.146731E+02   0.156329E+02   0.172794E+03
   0.979743E+02   0.884274E+01   0.458401E+01   0.796156E-03   0.116383E+02   0.116873E+02   0.156821E+02   0.130236E+02   0.170309E+03
   0.970730E+02   0.767153E+01   0.655194E+01   0.796156E-03   0.119439E+02   0.117045E+02   0.121269E+02   0.129632E+02   0.169510E+03
   0.976136E+02   0.213882E+01   0.643985E+01   0.445009E-03   0.121737E+02   0.943493E+01   0.136830E+02   0.156959E+02   0.173631E+03
   0.993781E+02  -0.216922E+01   0.742843E+01   0.821747E-03   0.990195E+01   0.875415E+01   0.119916E+02   0.119391E+02   0.172638E+03
   0.998750E+02  -0.492011E+00   0.822093E+01   0.627639E-03   0.114042E+02   0.113297E+02   0.115739E+02   0.152276E+02   0.172201E+03
   0.973494E+02  -0.169422E+01  -0.866951E+01   0.843433E-03   0.128717E+02   0.898725E+01   0.157371E+02   0.161930E+02   0.172213E+03
   0.973494E+02  -0.128523E+01  -0.585669E+01   0.549170E-03   0.867501E+01   0.961486E+01   0.145271E+02   0.161606E+02   0.175097E+03
   0.977570E+02   0.540547E+01  -0.243356E+01   0.787710E-03   0.139450E+02   0.109579E+02   0.173858E+02   0.186857E+02   0.170842E+03
   0.971163E+02   0.750568E+01   0.935308E+00   0.787710E-03   0.736385E+01   0.115617E+02   0.135010E+02   0.184806E+02   0.170222E+03
   0.998455E+02   0.383331E+01   0.243529E+01   0.890073E-03   0.111409E+02   0.760946E+01   0.197279E+02   0.183665E+02   0.168834E+03
   0.974882E+02   0.320573E+01   0.222769E+00   0.334348E-03   0.114591E+02   0.104562E+02   0.139399E+02   0.135295E+02   0.172560E+03
   0.982406E+02   0.224952E+01  -0.958195E+01   0.630839E-03   0.103223E+02   0.521311E+01   0.155004E+02   0.140637E+02   0.169122E+03
   0.977302E+02  -0.180413E+01  -0.565518E+00   0.776294E-03   0.670819E+01   0.110022E+02   0.121896E+02   0.967039E+01   0.170870E+03
   0.976008E+02   0.207619E+01  -0.750282E+01   0.776294E-03   0.121366E+02   0.978769E+01   0.183405E+02   0.159470E+02   0.173279E+03
   0.976008E+02   0.161292E+00  -0.171435E+00   0.478390E-03   0.104835E+02   0.869226E+01   0.151905E+02   0.123474E+02   0.175538E+03
   0.975345E+02   0.105287E+01  -0.118769E+02   0.765107E-03   0.125942E+02   0.858723E+01   0.161864E+02   0.181389E+02   0.172019E+03
   0.975684E+02   0.448479E+01   0.224417E+01   0.521258E-03   0.742996E+01   0.124225E+02   0.189142E+02   0.126459E+02   0.172136E+03
   0.991939E+02   0.171675E+01  -0.227939E+01   0.709785E-03   0.819279E+01   0.102268E+02   0.165995E+02   0.123062E+02   0.172963E+03
   0.979614E+02   0.218126E+01  -0.122274E+01   0.709785E-03   0.101062E+02   0.126831E+02   0.221558E+02   0.123062E+02   0.172278E+03
   0.967759E+02   0.131118E+01  -0.237209E+01   0.459760E-03   0.892176E+01   0.130147E+02   0.962858E+01   0.185413E+02   0.171217E+03
   0.967759E+02  -0.995534E-01   0.968698E+00   0.529764E-03   0.778350E+01   0.109539E+02   0.237779E+02   0.122739E+02   0.170983E+03
   0.971381E+02   0.123932E+01  -0.272103E+01   0.529764E-03   0.886715E+01   0.903923E+01   0.198725E+02   0.174460E+02   0.174286E+03
   0.978135E+02  -0.152151E+01   0.146139E+01   0.547993E-03   0.756437E+01   0.104155E+02   0.124449E+02   0.161751E+02   0.174699E+03
   0.977926E+02   0.558020E+01  -0.958607E+00   0.709246E-03   0.155069E+02   0.108028E+02   0.183584E+02   0.200025E+02   0.169343E+03
   0.971254E+02  -0.486490E+01  -0.999311E+01   0.718912E-03   0.106077E+02   0.874878E+01   0.151760E+02   0.157375E+02   0.170986E+03
   0.994705E+02  -0.254228E+01   0.413885E+01   0.594434E-03   0.902641E+01   0.107767E+02   0.162575E+02   0.143334E+02   0.173228E+03
   0.978087E+02   0.106907E+01  -0.682057E+01   0.602556E-03   0.774089E+01   0.716435E+01   0.165560E+02   0.142852E+02   0.173671E+03
   0.978087E+02   0.372443E+01   0.226000E+01   0.602556E-03   0.775700E+01   0.902188E+01   0.153543E+02   0.173459E+02   0.174643E+03
   0.978087E+02   0.440059E+01  -0.672477E+01   0.602556E-03   0.659079E+01   0.758263E+01   0.173800E+02   0.139790E+02   0.171266E+03
   0.971946E+02   0.345919E+00   0.126114E+01   0.602556E-03   0.110693E+02   0.108694E+02   0.176448E+02   0.131423E+02   0.175022E+03
   0.984416E+02   0.149697E+01  -0.545987E+00   0.567507E-03   0.961994E+01   0.102284E+02   0.210891E+02   0.150303E+02   0.173869E+03
   0.977708E+02   0.321969E+01  -0.439013E+01   0.627754E-03   0.110941E+02   0.849918E+01   0.188252E+02   0.132673E+02   0.174128E+03
   0.983268E+02   0.474676E+01  -0.116602E+00   0.750047E-03   0.688396E+01   0.694289E+01   0.196580E+02   0.140662E+02   0.170609E+03
   0.983268E+02   0.126628E+01   0.222324E+01   0.741838E-03   0.143240E+02   0.104657E+02   0.105416E+02   0.145698E+02   0.172367E+03
   0.993128E+02   0.398281E+01   0.351927E+01   0.101544E-02   0.106167E+02   0.120098E+02   0.139641E+02   0.158650E+02   0.170707E+03
   0.982644E+02  -0.367940E+01   0.297661E+01   0.736966E-03   0.119978E+02   0.119103E+02   0.168827E+02   0.181285E+02   0.172233E+03
   0.974873E+02   0.152086E+01  -0.236420E+01   0.679129E-03   0.822712E+01   0.113475E+02   0.158830E+02   0.136680E+02   0.175382E+03
   0.976350E+02   0.341080E+01   0.335921E+01   0.764688E-03   0.135896E+02   0.779602E+01   0.143223E+02   0.150105E+02   0.172984E+03
   0.964018E+02   0.296913E+01   0.786407E+00   0.639107E-03   0.104322E+02   0.111384E+02   0.143721E+02   0.157033E+02   0.173931E+03
   0.965917E+02   0.139791E+01  -0.462536E+01   0.655592E-03   0.100434E+02   0.903217E+01   0.189776E+02   0.157033E+02   0.174241E+03
   0.984548E+02  -0.160330E+00  -0.126559E+02   0.596443E-03   0.891447E+01   0.948335E+01   0.157985E+02   0.197538E+02   0.171081E+03
   0.972946E+02   0.128158E+01  -0.119774E+02   0.652136E-03   0.881225E+01   0.983197E+01   0.146016E+02   0.163742E+02   0.173856E+03
   0.992202E+02   0.414781E-02  -0.839224E+01   0.870071E-03   0.901552E+01   0.675471E+01   0.206422E+02   0.157543E+02   0.168753E+03
   0.981446E+02   0.766313E+00  -0.640124E+01   0.412509E-03   0.993511E+01   0.115451E+02   0.196861E+02   0.158078E+02   0.171447E+03
   0.981446E+02   0.484444E+00  -0.102846E+02   0.789303E-03   0.845885E+01   0.109454E+02   0.154257E+02   0.118216E+02   0.172917E+03
   0.976291E+02  -0.138100E+01   0.108018E+02   0.654449E-03   0.124244E+02   0.967751E+01   0.118281E+02   0.160705E+02   0.171516E+03
   0.983706E+02  -0.216975E+01   0.134455E+02   0.583742E-03   0.117839E+02   0.113888E+02   0.199251E+02   0.129610E+02   0.170154E+03
   0.983706E+02   0.225050E+01   0.250827E+01   0.583742E-03   0.670037E+01   0.116740E+02   0.115505E+02   0.168454E+02   0.172944E+03
   0.995060E+02   0.670252E+01  -0.345022E+00   0.820843E-03   0.944697E+01   0.105189E+02   0.163637E+02   0.135551E+02   0.170674E+03
   0.969727E+02  -0.410535E+01   0.780501E+01   0.819202E-03   0.946782E+01   0.825843E+01   0.165769E+02   0.124960E+02   0.169898E+03
   0.976142E+02  -0.265359E+01  -0.124651E+01   0.687326E-03   0.101944E+02   0.905824E+01   0.142555E+02   0.204847E+02   0.173537E+03
   0.970966E+02  -0.188809E-01  -0.225415E+01   0.578298E-03   0.114818E+02   0.125789E+02   0.165573E+02   0.190100E+02   0.173628E+03
   0.975904E+02   0.910923E+00   0.182319E+01   0.578298E-03   0.663215E+01   0.741939E+01   0.208626E+02   0.169349E+02   0.171833E+03
   0.973355E+02   0.198406E+01  -0.344613E+01   0.442338E-03   0.983705E+01   0.140061E+02   0.153710E+02   0.137318E+02   0.173449E+03
   0.972541E+02   0.184592E+01   0.391929E+01   0.454211E-03   0.771790E+01   0.105143E+02   0.158806E+02   0.137593E+02   0.174140E+03
   0.972541E+02  -0.202526E+01  -0.510459E+01   0.671626E-03   0.114893E+02   0.871068E+01   0.179086E+02   0.118916E+02   0.173518E+03
   0.971296E+02   0.660305E+00  -0.384053E+00   0.836601E-03   0.591168E+01   0.936725E+01   0.160520E+02   0.133384E+02   0.171475E+03
   0.985093E+02   0.183213E+01  -0.499935E+00   0.584335E-03   0.919503E+01   0.103783E+02   0.134010E+02   0.134138E+02   0.175398E+03
   0.991612E+02   0.447128E+01   0.619232E+01   0.825240E-03   0.882593E+01   0.110319E+02   0.128075E+02   0.148475E+02   0.172991E+03
   0.976071E+02  -0.199227E+01  -0.156724E+01   0.594581E-03   0.116579E+02   0.623256E+01   0.175412E+02   0.140742E+02   0.172436E+03
   0.982231E+02   0.119156E+01   0.929326E+01   0.594581E-03   0.934621E+01   0.106190E+02   0.149885E+02   0.158755E+02   0.174790E+03
   0.978122E+02  -0.134558E+01  -0.555872E+01   0.480972E-03   0.113612E+02   0.121089E+02   0.954888E+01   0.164735E+02   0.171435E+03
   0.967933E+02  -0.414651E+00  -0.431705E+00   0.642960E-03   0.110389E+02   0.129721E+02   0.125026E+02   0.135678E+02   0.173715E+03
   0.971968E+02   0.366404E+01   0.247253E+00   0.720299E-03   0.812708E+01   0.110291E+02   0.191083E+02   0.145482E+02   0.173685E+03
   0.990204E+02  -0.316383E+00   0.403197E+01   0.459560E-03   0.990110E+01   0.748326E+01   0.151345E+02   0.120965E+02   0.172812E+03
   0.976988E+02   0.436857E+01   0.435049E+01   0.466368E-03   0.102893E+02   0.794261E+01   0.115507E+02   0.147756E+02   0.173103E+03
   0.976988E+02  -0.375092E+01   0.285667E+01   0.812350E-03   0.709304E+01   0.105297E+02   0.130630E+02   0.151937E+02   0.172153E+03
   0.976988E+02   0.374715E+01   0.845266E+00   0.506636E-03   0.106342E+02   0.119299E+02   0.145730E+02   0.141149E+02   0.174670E+03
   0.987916E+02  -0.491094E+01   0.754458E+01   0.614459E-03   0.725322E+01   0.114698E+02   0.141959E+02   0.124634E+02   0.171588E+03
   0.994224E+02   0.689921E+01   0.247398E+01   0.614459E-03   0.990260E+01   0.884752E+01   0.902382E+01   0.114631E+02   0.167521E+03
   0.994224E+02  -0.543527E+00   0.172046E+02   0.695897E-03   0.100480E+02   0.113207E+02   0.108764E+02   0.106431E+02   0.169904E+03
   0.996889E+02   0.116448E-01   0.253289E+01   0.612757E-03   0.115425E+02   0.129997E+02   0.150129E+02   0.173531E+02   0.171287E+03
   0.981136E+02   0.250303E+01  -0.338566E+01   0.612757E-03   0.109634E+02   0.113014E+02   0.125558E+02   0.151310E+02   0.174853E+03
   0.980393E+02   0.249115E+01  -0.675472E+01   0.913931E-03   0.138600E+02   0.108692E+02   0.178006E+02   0.164764E+02   0.170753E+03
   0.975500E+02  -0.173681E+01   0.219230E+01   0.692275E-03   0.843788E+01   0.116324E+02   0.181713E+02   0.151446E+02   0.174028E+03
   0.972030E+02   0.476056E+01  -0.172488E+00   0.921362E-03   0.104800E+02   0.122272E+02   0.132868E+02   0.141384E+02   0.172197E+03
   0.998174E+02  -0.399657E+01   0.989983E+01   0.707686E-03   0.115066E+02   0.124215E+02   0.152814E+02   0.113009E+02   0.170797E+03
   0.975442E+02   0.682579E+00   0.111420E+02   0.851040E-03   0.121924E+02   0.694950E+01   0.125296E+02   0.103974E+02   0.168592E+03
   0.982685E+02   0.534793E+01  -0.272339E+01   0.106523E-02   0.125716E+02   0.901998E+01   0.155544E+02   0.175643E+02   0.169593E+03
   0.974926E+02   0.493067E+01  -0.218353E+01   0.454009E-03   0.723567E+01   0.904952E+01   0.841361E+01   0.163333E+02   0.168750E+03
   0.983220E+02   0.309673E+00   0.297601E+01   0.481355E-03   0.104441E+02   0.668249E+01   0.180840E+02   0.140846E+02   0.173294E+03
   0.983220E+02  -0.755280E+01   0.447288E+01   0.100533E-02   0.116365E+02   0.102354E+02   0.128928E+02   0.173817E+02   0.168462E+03
   0.972399E+02   0.357987E+01  -0.126767E+02   0.515793E-03   0.109898E+02   0.955585E+01   0.181939E+02   0.169952E+02   0.170624E+03
   0.985687E+02  -0.749101E+00   0.804753E+01   0.571325E-03   0.834353E+01   0.108372E+02   0.150320E+02   0.146291E+02   0.174818E+03
   0.985687E+02   0.297122E+01   0.340986E+01   0.571325E-03   0.947489E+01   0.121954E+02   0.109155E+02   0.138604E+02   0.173745E+03
   0.976650E+02   0.583437E+01  -0.118083E+01   0.540471E-03   0.103233E+02   0.760158E+01   0.170946E+02   0.136180E+02   0.172673E+03
   0.978913E+02   0.568695E+01   0.130872E+01   0.564147E-03   0.876436E+01   0.108980E+02   0.163346E+02   0.159048E+02   0.173634E+03
   0.975859E+02   0.185677E+01  -0.352270E+01   0.993429E-03   0.988816E+01   0.932136E+01   0.175873E+02   0.143480E+02   0.172474E+03
   0.981807E+02   0.288458E+01   0.150472E+02   0.803589E-03   0.895702E+01   0.790920E+01   0.148878E+02   0.112158E+02   0.170266E+03
   0.988795E+02   0.195777E+01   0.638684E+01   0.644593E-03   0.114257E+02   0.768629E+01   0.912179E+01   0.231557E+02   0.168938E+03
   0.965712E+02   0.146690E+01  -0.484210E+01   0.677069E-03   0.100929E+02   0.105048E+02   0.162266E+02   0.142469E+02   0.174917E+03
   0.971267E+02  -0.153556E+01  -0.328423E+01   0.566991E-03   0.828871E+01   0.866921E+01   0.139434E+02   0.138810E+02   0.175094E+03
   0.955647E+02   0.375825E+01  -0.328423E+01   0.566991E-03   0.103470E+02   0.885409E+01   0.171098E+02   0.203930E+02   0.169701E+03
   0.965201E+02   0.223156E+01  -0.231734E+01   0.445428E-03   0.109766E+02   0.926684E+01   0.107726E+02   0.130117E+02   0.172989E+03
   0.971748E+02   0.776125E+00   0.585183E+01   0.740647E-03   0.113442E+02   0.729532E+01   0.170627E+02   0.181134E+02   0.172101E+03
   0.985153E+02  -0.296409E+01   0.129134E+02   0.735111E-03   0.822049E+01   0.704885E+01   0.148285E+02   0.132249E+02   0.171094E+03
   0.100063E+03  -0.319020E+01   0.106419E+02   0.794673E-03   0.113348E+02   0.950071E+01   0.174691E+02   0.207782E+02   0.170043E+03
   0.978747E+02   0.800760E+00   0.852660E+01   0.867226E-03   0.152665E+02   0.772182E+01   0.152163E+02   0.112656E+02   0.169441E+03
   0.990992E+02  -0.965415E+00   0.509544E+01   0.832228E-03   0.595275E+01   0.107344E+02   0.196770E+02   0.997298E+01   0.168202E+03
   0.997534E+02   0.239387E+00   0.573075E+01   0.832228E-03   0.110527E+02   0.811430E+01   0.171196E+02   0.180480E+02   0.171654E+03
   0.983171E+02  -0.482077E+01   0.115949E+02   0.884243E-03   0.922785E+01   0.102597E+02   0.126540E+02   0.128782E+02   0.170672E+03
   0.966656E+02   0.422845E+01   0.117097E+01   0.616884E-03   0.101110E+02   0.119004E+02   0.148170E+02   0.192656E+02   0.172734E+03
   0.985609E+02   0.605985E+00  -0.814239E+00   0.611804E-03   0.859695E+01   0.118680E+02   0.165081E+02   0.841562E+01   0.171143E+03
   0.978671E+02  -0.938726E+00   0.297302E+01   0.611804E-03   0.110934E+02   0.134339E+02   0.140231E+02   0.136171E+02   0.174367E+03
   0.978671E+02   0.122795E+01   0.649856E+01   0.759915E-03   0.952109E+01   0.850215E+01   0.135335E+02   0.207084E+02   0.173125E+03
   0.974056E+02  -0.138729E+00  -0.138793E+00   0.499916E-03   0.799796E+01   0.134144E+02   0.101877E+02   0.134834E+02   0.172749E+03
   0.962403E+02   0.189740E+01  -0.564875E+01   0.780011E-03   0.138181E+02   0.945565E+01   0.177642E+02   0.219666E+02   0.169529E+03
   0.984709E+02  -0.326025E+00  -0.249656E+01   0.767476E-03   0.101995E+02   0.100504E+02   0.161767E+02   0.149112E+02   0.174799E+03
   0.978474E+02  -0.326025E+00   0.723124E+01   0.535594E-03   0.780604E+01   0.109723E+02   0.140678E+02   0.170224E+02   0.174061E+03
   0.985486E+02   0.241798E+00   0.274349E+01   0.916442E-03   0.865488E+01   0.885315E+01   0.201510E+02   0.124875E+02   0.171963E+03
   0.989370E+02   0.557133E+00   0.135153E+02   0.435749E-03   0.120018E+02   0.835782E+01   0.154285E+02   0.182823E+02   0.170521E+03
   0.989370E+02  -0.103669E+01   0.465765E+00   0.852584E-03   0.961788E+01   0.800432E+01   0.249816E+02   0.188172E+02   0.168870E+03
   0.988357E+02  -0.540816E+00   0.953081E+01   0.852584E-03   0.126909E+02   0.738618E+01   0.136998E+02   0.140885E+02   0.171902E+03
   0.975187E+02  -0.619824E+00   0.393151E-01   0.726911E-03   0.911949E+01   0.104522E+02   0.129415E+02   0.132364E+02   0.175359E+03
   0.982261E+02   0.291185E+01   0.421237E+01   0.975685E-03   0.131332E+02   0.117185E+02   0.124454E+02   0.154369E+02   0.170962E+03
   0.974972E+02  -0.594128E+00   0.445066E+01   0.776028E-03   0.104994E+02   0.108560E+02   0.125674E+02   0.139117E+02   0.174233E+03
   0.974690E+02   0.153731E+01   0.191274E+01   0.773716E-03   0.868022E+01   0.952867E+01   0.148069E+02   0.144381E+02   0.175233E+03
   0.978083E+02   0.311965E+01  -0.121222E+02   0.690694E-03   0.109082E+02   0.979968E+01   0.122756E+02   0.132712E+02   0.172720E+03
   0.981225E+02   0.102205E+01   0.289504E+01   0.750826E-03   0.913706E+01   0.137625E+02   0.163893E+02   0.255718E+02   0.169712E+03
   0.996756E+02   0.125714E+01   0.400444E+01   0.561461E-03   0.110294E+02   0.809060E+01   0.160850E+02   0.178389E+02   0.171792E+03
   0.998254E+02   0.882652E+00   0.933594E+01   0.561461E-03   0.978431E+01   0.107480E+02   0.139568E+02   0.112375E+02   0.172357E+03
   0.984039E+02   0.412640E+01   0.726259E+01   0.579054E-03   0.114120E+02   0.101377E+02   0.233016E+02   0.191356E+02   0.170475E+03
   0.981311E+02  -0.428551E+01  -0.287925E+01   0.579054E-03   0.113353E+02   0.937310E+01   0.171440E+02   0.192584E+02   0.172034E+03
   0.952254E+02   0.138875E+01  -0.117333E+02   0.705219E-03   0.610131E+01   0.866603E+01   0.110912E+02   0.187525E+02   0.165644E+03
   0.967302E+02   0.138875E+01  -0.723072E+01   0.705219E-03   0.108787E+02   0.911299E+01   0.117063E+02   0.182781E+02   0.173551E+03
   0.985446E+02  -0.429098E+00   0.114665E+02   0.830156E-03   0.875407E+01   0.998223E+01   0.212278E+02   0.168285E+02   0.171141E+03
   0.984532E+02   0.347470E+00  -0.425071E+01   0.612623E-03   0.102571E+02   0.109599E+02   0.188217E+02   0.147879E+02   0.174139E+03
   0.997217E+02  -0.407694E+01   0.183722E+01   0.809155E-03   0.104723E+02   0.108311E+02   0.162796E+02   0.132602E+02   0.171643E+03
   0.985539E+02   0.476584E+01   0.294869E+01   0.769338E-03   0.852216E+01   0.828993E+01   0.160756E+02   0.172390E+02   0.173356E+03
   0.991838E+02   0.283623E+01   0.870738E+01   0.495531E-03   0.120016E+02   0.129278E+02   0.113351E+02   0.123932E+02   0.170944E+03
   0.976938E+02   0.111021E+01   0.196642E+01   0.565690E-03   0.720710E+01   0.107006E+02   0.140049E+02   0.162279E+02   0.175069E+03
   0.985394E+02   0.284403E+00   0.269164E+01   0.540736E-03   0.113248E+02   0.859780E+01   0.162620E+02   0.108006E+02   0.174102E+03
   0.981790E+02   0.151620E+01   0.269164E+01   0.519954E-03   0.107180E+02   0.124315E+02   0.127844E+02   0.178725E+02   0.174317E+03
   0.988381E+02   0.103620E+01   0.419603E+00   0.825750E-03   0.108399E+02   0.151412E+02   0.226205E+02   0.137091E+02   0.169099E+03
   0.984457E+02   0.257287E+01   0.284701E+01   0.705029E-03   0.767378E+01   0.988467E+01   0.960128E+01   0.213717E+02   0.170963E+03
   0.978954E+02  -0.214302E+01  -0.101613E+02   0.976008E-03   0.110991E+02   0.978681E+01   0.141531E+02   0.116520E+02   0.171055E+03
   0.978954E+02   0.653092E+00   0.903140E+01   0.468666E-03   0.983282E+01   0.850846E+01   0.162334E+02   0.119288E+02   0.173302E+03
   0.960089E+02   0.653092E+00  -0.601893E+01   0.559718E-03   0.871175E+01   0.822845E+01   0.133990E+02   0.129948E+02   0.173153E+03
   0.969519E+02   0.925998E+00  -0.217728E+01   0.472688E-03   0.124869E+02   0.723054E+01   0.134775E+02   0.184902E+02   0.172956E+03
   0.969519E+02   0.410047E+01  -0.623008E+01   0.533741E-03   0.102384E+02   0.165212E+02   0.113590E+02   0.144066E+02   0.169909E+03
   0.968871E+02   0.251375E+01  -0.146541E+00   0.553012E-03   0.115625E+02   0.760231E+01   0.186440E+02   0.178343E+02   0.173144E+03
   0.966385E+02   0.184683E+01  -0.255342E+01   0.687317E-03   0.103557E+02   0.908997E+01   0.188253E+02   0.196781E+02   0.173107E+03
   0.971056E+02   0.337634E+01  -0.492405E+01   0.507863E-03   0.724489E+01   0.800675E+01   0.141722E+02   0.106894E+02   0.172484E+03
   0.971056E+02   0.254391E+01  -0.166980E+01   0.535218E-03   0.671400E+01   0.774336E+01   0.126425E+02   0.154486E+02   0.173463E+03
   0.971056E+02  -0.122056E+00  -0.156804E+01   0.492956E-03   0.128321E+02   0.914885E+01   0.911234E+01   0.137602E+02   0.172123E+03
   0.971056E+02   0.183343E+01  -0.100244E+02   0.517728E-03   0.918628E+01   0.800157E+01   0.121922E+02   0.140624E+02   0.173395E+03
   0.971056E+02   0.110844E+01  -0.176806E+01   0.671199E-03   0.104159E+02   0.105980E+02   0.131958E+02   0.129587E+02   0.175596E+03
   0.971056E+02   0.890676E-01  -0.176806E+01   0.603187E-03   0.910208E+01   0.995712E+01   0.209116E+02   0.124842E+02   0.174111E+03
   0.973427E+02   0.668725E+01   0.140545E+01   0.909580E-03   0.588738E+01   0.130071E+02   0.135402E+02   0.113585E+02   0.167389E+03
   0.990183E+02  -0.515920E+01   0.318870E+01   0.653833E-03   0.879753E+01   0.917196E+01   0.141758E+02   0.152493E+02   0.172951E+03
   0.994056E+02  -0.772159E+00   0.967114E+01   0.633817E-03   0.135142E+02   0.908818E+01   0.111065E+02   0.949071E+01   0.169920E+03
   0.975439E+02   0.224501E+01  -0.648252E+01   0.658688E-03   0.100587E+02   0.854839E+01   0.112732E+02   0.143014E+02   0.174626E+03
   0.972471E+02   0.558696E+01   0.208369E+01   0.521272E-03   0.992912E+01   0.105429E+02   0.152657E+02   0.186596E+02   0.172761E+03
   0.984708E+02   0.119184E+01   0.103271E+01   0.660332E-03   0.897217E+01   0.703079E+01   0.167482E+02   0.123238E+02   0.174070E+03
   0.983726E+02  -0.214539E+01   0.532206E+01   0.566187E-03   0.113492E+02   0.150916E+02   0.114480E+02   0.195436E+02   0.170575E+03
   0.979485E+02   0.127036E+01  -0.431896E+01   0.566187E-03   0.102755E+02   0.120398E+02   0.133835E+02   0.210179E+02   0.173344E+03
   0.979485E+02   0.907527E+00   0.607683E-01   0.628413E-03   0.112230E+02   0.102949E+02   0.129104E+02   0.149946E+02   0.175900E+03
   0.979485E+02   0.249362E+00   0.654430E+01   0.628413E-03   0.576205E+01   0.148682E+02   0.195823E+02   0.119893E+02   0.168425E+03
   0.974416E+02   0.438032E+01  -0.130957E+02   0.719641E-03   0.935027E+01   0.878543E+01   0.126566E+02   0.109678E+02   0.171153E+03
   0.978619E+02   0.204512E+01  -0.119906E+02   0.816017E-03   0.940265E+01   0.936988E+01   0.144156E+02   0.968958E+01   0.171333E+03
   0.978619E+02  -0.199019E+01   0.572449E+01   0.929192E-03   0.116753E+02   0.135734E+02   0.136529E+02   0.175506E+02   0.170445E+03
   0.977741E+02   0.417805E+01  -0.283006E+01   0.503540E-03   0.145512E+02   0.108815E+02   0.132859E+02   0.170884E+02   0.171852E+03
   0.975874E+02  -0.125074E+01  -0.283006E+01   0.493855E-03   0.115139E+02   0.124912E+02   0.160257E+02   0.110571E+02   0.173335E+03
   0.962518E+02   0.286068E+01  -0.373044E+01   0.493855E-03   0.892006E+01   0.124912E+02   0.186416E+02   0.157214E+02   0.172133E+03
   0.983972E+02  -0.227076E+01   0.248681E+01   0.604510E-03   0.789667E+01   0.816410E+01   0.108562E+02   0.247563E+02   0.170006E+03
   0.961859E+02   0.403035E+01   0.445980E+01   0.700904E-03   0.142646E+02   0.799609E+01   0.165791E+02   0.191427E+02   0.168463E+03
   0.975902E+02   0.642649E+01  -0.434854E+00   0.812875E-03   0.795030E+01   0.991104E+01   0.166353E+02   0.134547E+02   0.172603E+03
   0.985786E+02   0.178101E+00   0.478018E+01   0.520885E-03   0.812508E+01   0.991104E+01   0.189736E+02   0.179139E+02   0.173716E+03
   0.974939E+02  -0.511162E-01  -0.336984E+01   0.478776E-03   0.739137E+01   0.131492E+02   0.121487E+02   0.161676E+02   0.173201E+03
   0.980187E+02   0.263838E+01   0.185069E+01   0.627380E-03   0.102656E+02   0.875563E+01   0.110714E+02   0.124864E+02   0.174839E+03
   0.988893E+02   0.235424E+01   0.189127E+01   0.583715E-03   0.103160E+02   0.147154E+02   0.133550E+02   0.122289E+02   0.172263E+03
   0.981114E+02   0.528857E+01   0.216623E+01   0.748193E-03   0.117379E+02   0.741003E+01   0.133550E+02   0.153866E+02   0.173006E+03
   0.988405E+02   0.709725E+01   0.340969E+01   0.560603E-03   0.863740E+01   0.812336E+01   0.134935E+02   0.158595E+02   0.171166E+03
   0.982435E+02   0.132343E+01   0.340969E+01   0.501161E-03   0.941617E+01   0.787211E+01   0.137865E+02   0.147037E+02   0.175340E+03
   0.984468E+02   0.391625E+01   0.323750E+01   0.595794E-03   0.132382E+02   0.132217E+02   0.163124E+02   0.128811E+02   0.172337E+03
   0.983283E+02   0.513881E+01  -0.530450E+01   0.562056E-03   0.727792E+01   0.822882E+01   0.116236E+02   0.210299E+02   0.169246E+03
   0.990293E+02   0.577472E+01   0.578564E+01   0.727211E-03   0.109529E+02   0.961771E+01   0.148048E+02   0.133196E+02   0.173198E+03
   0.984163E+02   0.172147E-01   0.512575E+01   0.447367E-03   0.836265E+01   0.961771E+01   0.111906E+02   0.174190E+02   0.173565E+03
   0.973524E+02   0.172147E-01   0.520293E+00   0.736204E-03   0.117312E+02   0.137018E+02   0.131016E+02   0.154346E+02   0.173389E+03
   0.977425E+02   0.136327E+01  -0.132289E+01   0.540184E-03   0.664084E+01   0.775446E+01   0.119197E+02   0.130571E+02   0.173517E+03
   0.977425E+02   0.710407E+00  -0.861197E+00   0.511298E-03   0.981811E+01   0.115155E+02   0.128435E+02   0.163190E+02   0.175529E+03
   0.975700E+02   0.929601E+00  -0.492794E+01   0.598579E-03   0.916287E+01   0.131730E+02   0.178130E+02   0.143929E+02   0.174296E+03
   0.971047E+02   0.371777E+00  -0.760118E+01   0.928608E-03   0.961780E+01   0.105931E+02   0.989808E+01   0.158321E+02   0.171288E+03
   0.971699E+02   0.281659E+01  -0.898793E+00   0.749988E-03   0.183515E+02   0.107279E+02   0.152420E+02   0.121453E+02   0.169571E+03
   0.974971E+02  -0.711427E+00   0.553084E+01   0.321444E-03   0.120366E+02   0.938459E+01   0.207978E+02   0.163529E+02   0.169965E+03
   0.995978E+02   0.276478E+01   0.683498E+01   0.847870E-03   0.107818E+02   0.104909E+02   0.933800E+01   0.206663E+02   0.168983E+03
   0.985215E+02   0.114205E+01   0.169738E+01   0.780091E-03   0.944842E+01   0.123265E+02   0.128658E+02   0.174714E+02   0.173837E+03
   0.993542E+02  -0.527216E+01  -0.632552E+01   0.918293E-03   0.127603E+02   0.947784E+01   0.134324E+02   0.115846E+02   0.168772E+03
   0.965688E+02   0.445971E+00  -0.965226E+01   0.627291E-03   0.850980E+01   0.689577E+01   0.120283E+02   0.137847E+02   0.172369E+03
   0.978888E+02   0.357820E+01  -0.311924E+01   0.627291E-03   0.124064E+02   0.974526E+01   0.128636E+02   0.157331E+02   0.174429E+03
   0.978888E+02   0.547182E+01  -0.132245E+01   0.778796E-03   0.106906E+02   0.890283E+01   0.155688E+02   0.161377E+02   0.173698E+03
   0.982030E+02   0.301003E+01   0.735911E+00   0.495684E-03   0.109929E+02   0.122846E+02   0.143996E+02   0.137884E+02   0.174284E+03
   0.982030E+02   0.286503E+01  -0.100137E+02   0.536835E-03   0.956811E+01   0.118517E+02   0.108933E+02   0.146300E+02   0.171259E+03
   0.975980E+02  -0.364682E+01  -0.503834E+01   0.586710E-03   0.125418E+02   0.941710E+01   0.162108E+02   0.137059E+02   0.173025E+03
   0.984252E+02  -0.158495E+01   0.299990E+01   0.651917E-03   0.929015E+01   0.941710E+01   0.142533E+02   0.104846E+02   0.174399E+03
   0.988782E+02   0.160264E+01   0.446574E+01   0.687992E-03   0.127743E+02   0.119522E+02   0.152260E+02   0.171259E+02   0.173357E+03
   0.972058E+02   0.895999E+00  -0.576893E+01   0.365873E-03   0.140104E+02   0.107460E+02   0.135863E+02   0.134887E+02   0.171727E+03
   0.974247E+02   0.820485E-01  -0.440276E+01   0.455542E-03   0.136314E+02   0.138595E+02   0.181808E+02   0.150240E+02   0.171542E+03
   0.974247E+02   0.358494E+01   0.941507E+00   0.505460E-03   0.101319E+02   0.116992E+02   0.167049E+02   0.920489E+01   0.172131E+03
   0.993991E+02  -0.290167E+00  -0.403401E+01   0.967691E-03   0.799063E+01   0.113179E+02   0.142350E+02   0.165449E+02   0.170674E+03
   0.975722E+02   0.134335E+01  -0.179220E+02   0.630681E-03   0.142080E+02   0.126593E+02   0.142350E+02   0.194404E+02   0.166971E+03
   0.975722E+02   0.268477E+01  -0.672111E+01   0.630681E-03   0.968027E+01   0.152371E+02   0.137787E+02   0.139653E+02   0.172705E+03
   0.977233E+02   0.411211E+01   0.118700E+01   0.556861E-03   0.109783E+02   0.115292E+02   0.143015E+02   0.124723E+02   0.174565E+03
   0.977233E+02   0.511106E+01   0.182591E+01   0.547894E-03   0.105780E+02   0.853749E+01   0.185080E+02   0.159949E+02   0.173471E+03
   0.984951E+02  -0.816774E+00  -0.929477E+00   0.713169E-03   0.118997E+02   0.112302E+02   0.166266E+02   0.123202E+02   0.174000E+03
   0.968272E+02   0.279458E+01  -0.707888E+01   0.707181E-03   0.734561E+01   0.122355E+02   0.148803E+02   0.122071E+02   0.172919E+03
   0.981832E+02  -0.338674E+01  -0.661706E+01   0.707181E-03   0.101273E+02   0.100165E+02   0.149664E+02   0.164904E+02   0.173582E+03
   0.981832E+02   0.209501E+01  -0.462913E+01   0.769959E-03   0.864154E+01   0.961192E+01   0.145941E+02   0.140962E+02   0.174827E+03
   0.975871E+02   0.366487E+00   0.223520E+01   0.737765E-03   0.104644E+02   0.920162E+01   0.144629E+02   0.129298E+02   0.175420E+03
   0.993746E+02   0.229012E+01   0.750543E+01   0.529885E-03   0.971525E+01   0.817131E+01   0.152111E+02   0.150051E+02   0.173480E+03
   0.984195E+02  -0.270026E+01  -0.181717E+01   0.636760E-03   0.113812E+02   0.848129E+01   0.104132E+02   0.147751E+02   0.173092E+03
   0.987982E+02   0.281767E+01   0.171036E+01   0.588755E-03   0.645305E+01   0.769288E+01   0.160339E+02   0.165693E+02   0.172063E+03
   0.986218E+02  -0.113682E+00   0.464417E+01   0.626559E-03   0.109720E+02   0.951101E+01   0.127708E+02   0.151928E+02   0.175398E+03
   0.978688E+02  -0.113682E+00   0.470559E+01   0.652193E-03   0.910115E+01   0.116855E+02   0.157874E+02   0.129745E+02   0.175157E+03
   0.979034E+02  -0.233052E+01  -0.263900E+01   0.693608E-03   0.786138E+01   0.782528E+01   0.129748E+02   0.134619E+02   0.174058E+03
   0.975006E+02  -0.330295E+00  -0.751476E+01   0.669014E-03   0.877800E+01   0.101454E+02   0.124692E+02   0.119579E+02   0.174570E+03
   0.981489E+02  -0.665287E+00   0.993451E+01   0.790554E-03   0.101211E+02   0.121684E+02   0.100695E+02   0.166553E+02   0.171266E+03
   0.981057E+02  -0.141071E+01   0.678728E+01   0.500115E-03   0.123796E+02   0.107873E+02   0.200815E+02   0.199543E+02   0.171293E+03
   0.979865E+02   0.124410E+01   0.101887E+02   0.555103E-03   0.914914E+01   0.133606E+02   0.195965E+02   0.152070E+02   0.171704E+03
   0.969277E+02   0.174061E+01  -0.610788E+01   0.983626E-03   0.789659E+01   0.112678E+02   0.124079E+02   0.103173E+02   0.170226E+03
   0.987788E+02  -0.413747E+01   0.167291E+01   0.621749E-03   0.138706E+02   0.621322E+01   0.169223E+02   0.157692E+02   0.169514E+03
   0.976474E+02   0.181696E+01  -0.230416E+01   0.678296E-03   0.126397E+02   0.853672E+01   0.150357E+02   0.199260E+02   0.173708E+03
   0.989576E+02   0.183673E+01   0.484745E+01   0.512371E-03   0.103464E+02   0.638264E+01   0.121955E+02   0.192852E+02   0.171161E+03
   0.980991E+02   0.176418E+01   0.117853E+02   0.559165E-03   0.892374E+01   0.125050E+02   0.149014E+02   0.128852E+02   0.172494E+03
   0.980991E+02  -0.112752E+01  -0.457459E+01   0.550282E-03   0.860468E+01   0.905402E+01   0.165538E+02   0.158417E+02   0.174809E+03
   0.964523E+02  -0.112752E+01  -0.110674E+02   0.719603E-03   0.844719E+01   0.119119E+02   0.124394E+02   0.172040E+02   0.171583E+03
   0.972124E+02   0.207739E+01  -0.790819E+01   0.707128E-03   0.760578E+01   0.803148E+01   0.169632E+02   0.160798E+02   0.173585E+03
   0.979699E+02   0.213248E+01   0.327873E+01   0.868732E-03   0.853237E+01   0.114160E+02   0.117914E+02   0.190017E+02   0.172438E+03
   0.973002E+02   0.298939E+01   0.173939E+01   0.608017E-03   0.688798E+01   0.705493E+01   0.147428E+02   0.171661E+02   0.172890E+03
   0.973002E+02   0.248054E+01  -0.277013E+01   0.520532E-03   0.973568E+01   0.985662E+01   0.204678E+02   0.158136E+02   0.174270E+03
   0.981370E+02   0.576352E+01   0.375203E+01   0.608601E-03   0.939309E+01   0.108589E+02   0.173300E+02   0.129100E+02   0.173511E+03
   0.984654E+02   0.488068E+01  -0.528094E+01   0.594888E-03   0.862700E+01   0.114297E+02   0.139294E+02   0.158271E+02   0.172463E+03
   0.973790E+02   0.940560E+00   0.583540E+01   0.834381E-03   0.862700E+01   0.990029E+01   0.234507E+02   0.853603E+01   0.167438E+03
   0.975147E+02   0.391223E+01  -0.116293E+02   0.841491E-03   0.147866E+02   0.955499E+01   0.194224E+02   0.147140E+02   0.169328E+03
   0.972351E+02   0.577736E+00   0.334126E+01   0.930718E-03   0.107612E+02   0.937280E+01   0.138425E+02   0.109254E+02   0.172107E+03
   0.975777E+02   0.115345E+01   0.636099E+01   0.508853E-03   0.801396E+01   0.102521E+02   0.133023E+02   0.137302E+02   0.174590E+03
   0.981321E+02  -0.263025E+00   0.632045E+00   0.508876E-03   0.107077E+02   0.130600E+02   0.138044E+02   0.163366E+02   0.174461E+03
   0.972267E+02   0.153767E+01  -0.113641E+02   0.694585E-03   0.978625E+01   0.121538E+02   0.133090E+02   0.213957E+02   0.171585E+03
   0.983962E+02  -0.268562E+01   0.886037E+01   0.569449E-03   0.822574E+01   0.143118E+02   0.242117E+02   0.136827E+02   0.168575E+03
   0.982312E+02   0.139720E+01  -0.696622E+01   0.534862E-03   0.112396E+02   0.101994E+02   0.120222E+02   0.115684E+02   0.173123E+03
   0.982312E+02   0.139720E+01   0.554046E+01   0.483901E-03   0.119762E+02   0.986652E+01   0.101132E+02   0.149174E+02   0.173307E+03
   0.986937E+02   0.317133E+01  -0.564820E+01   0.653607E-03   0.115843E+02   0.107313E+02   0.202392E+02   0.106408E+02   0.170672E+03
   0.986937E+02   0.110923E+01   0.677695E+01   0.653607E-03   0.882037E+01   0.937564E+01   0.203092E+02   0.241832E+02   0.170670E+03
   0.986937E+02  -0.139412E+01   0.893180E+01   0.653607E-03   0.882562E+01   0.862841E+01   0.108579E+02   0.144750E+02   0.173695E+03
   0.983800E+02   0.490624E+00  -0.364685E+01   0.745143E-03   0.100256E+02   0.106884E+02   0.120023E+02   0.147015E+02   0.174622E+03
   0.977126E+02  -0.432543E+00  -0.803488E-01   0.774738E-03   0.106840E+02   0.101496E+02   0.137967E+02   0.142905E+02   0.175251E+03
   0.994763E+02   0.235881E+01   0.917714E+01   0.774738E-03   0.125505E+02   0.902969E+01   0.154013E+02   0.141791E+02   0.172946E+03
   0.976487E+02   0.177058E+01  -0.148092E+02   0.553510E-03   0.884619E+01   0.116007E+02   0.220830E+02   0.141791E+02   0.169143E+03
   0.983510E+02  -0.124768E+01   0.602075E+01   0.573554E-03   0.985762E+01   0.106172E+02   0.148748E+02   0.111146E+02   0.174586E+03
   0.978207E+02   0.159445E+01   0.925024E+01   0.603440E-03   0.111529E+02   0.151139E+02   0.153571E+02   0.202419E+02   0.170281E+03
   0.962239E+02   0.879108E+01   0.108502E+01   0.893111E-03   0.116744E+02   0.768265E+01   0.129051E+02   0.175398E+02   0.167491E+03
   0.976238E+02   0.157804E+01   0.762003E+01   0.798957E-03   0.939493E+01   0.105626E+02   0.141905E+02   0.139900E+02   0.173993E+03
   0.983683E+02  -0.360833E+00   0.630432E+01   0.821127E-03   0.758414E+01   0.111660E+02   0.188686E+02   0.142507E+02   0.172711E+03
   0.973960E+02   0.230118E+01   0.251271E+01   0.773597E-03   0.116293E+02   0.848544E+01   0.143187E+02   0.114659E+02   0.173867E+03
   0.978680E+02   0.380941E+01   0.478414E+01   0.604493E-03   0.140545E+02   0.881136E+01   0.804241E+01   0.135761E+02   0.169220E+03
   0.978680E+02  -0.136251E+01   0.260602E+01   0.519469E-03   0.902728E+01   0.936309E+01   0.175343E+02   0.154124E+02   0.175212E+03
   0.984894E+02  -0.388095E+01   0.667012E+01   0.503021E-03   0.106610E+02   0.120342E+02   0.114180E+02   0.150501E+02   0.172058E+03
   0.984510E+02   0.266676E+01   0.395327E+01   0.539126E-03   0.104417E+02   0.867664E+01   0.123302E+02   0.117136E+02   0.174490E+03
   0.984510E+02  -0.759376E-01   0.330103E+01   0.539126E-03   0.127764E+02   0.105721E+02   0.188621E+02   0.172989E+02   0.173449E+03
   0.992432E+02   0.938844E+00  -0.132117E+01   0.740885E-03   0.806331E+01   0.110651E+02   0.128114E+02   0.137799E+02   0.173158E+03
   0.986215E+02   0.168660E+01   0.663624E+01   0.671738E-03   0.125752E+02   0.132300E+02   0.182430E+02   0.164688E+02   0.172450E+03
   0.993063E+02   0.756062E+00   0.640290E+01   0.755398E-03   0.145185E+02   0.981789E+01   0.168676E+02   0.144915E+02   0.172083E+03
   0.971795E+02   0.291540E+01  -0.185529E+00   0.545227E-03   0.147672E+02   0.935088E+01   0.143819E+02   0.136658E+02   0.173510E+03
   0.991014E+02   0.209156E+01   0.120780E+02   0.545227E-03   0.893359E+01   0.117171E+02   0.152044E+02   0.180482E+02   0.172629E+03
   0.971425E+02  -0.158435E+01  -0.280155E+01   0.555761E-03   0.843489E+01   0.101720E+02   0.257470E+02   0.154214E+02   0.171009E+03
   0.980016E+02   0.194060E+01   0.234887E+01   0.841510E-03   0.119725E+02   0.109460E+02   0.134506E+02   0.155677E+02   0.173872E+03
   0.985198E+02   0.433030E+00  -0.240390E+01   0.841510E-03   0.983911E+01   0.783577E+01   0.193246E+02   0.122824E+02   0.172522E+03
   0.975339E+02  -0.279316E-01   0.645927E+01   0.793727E-03   0.919332E+01   0.881228E+01   0.227607E+02   0.106171E+02   0.170397E+03
   0.973843E+02   0.161612E+01  -0.119865E+01   0.535261E-03   0.151508E+02   0.988879E+01   0.164751E+02   0.178747E+02   0.172929E+03
   0.981069E+02   0.378869E+01  -0.103546E+01   0.840631E-03   0.159848E+02   0.805169E+01   0.122539E+02   0.155439E+02   0.170347E+03
   0.961720E+02   0.323486E+01  -0.245162E+01   0.840631E-03   0.655678E+01   0.894334E+01   0.111089E+02   0.140004E+02   0.170388E+03
   0.967737E+02   0.453981E+00  -0.364686E+01   0.620351E-03   0.111490E+02   0.851537E+01   0.155525E+02   0.153310E+02   0.175144E+03
   0.971002E+02   0.453981E+00  -0.221375E+01   0.620351E-03   0.108184E+02   0.114506E+02   0.152705E+02   0.177025E+02   0.175042E+03
   0.978653E+02   0.188997E+01  -0.100740E+02   0.720522E-03   0.106702E+02   0.888104E+01   0.172921E+02   0.115569E+02   0.173135E+03
   0.963767E+02   0.113836E+01  -0.140413E+02   0.594740E-03   0.135780E+02   0.882752E+01   0.150233E+02   0.177395E+02   0.169915E+03
   0.964599E+02  -0.116619E+01  -0.550533E+01   0.608540E-03   0.114573E+02   0.914375E+01   0.188158E+02   0.160611E+02   0.172998E+03
   0.980730E+02  -0.665972E+00   0.654395E+01   0.945663E-03   0.129344E+02   0.767325E+01   0.146765E+02   0.169742E+02   0.170989E+03
   0.967020E+02   0.158151E+01  -0.829369E+01   0.546527E-03   0.130298E+02   0.118626E+02   0.130299E+02   0.117591E+02   0.172414E+03
   0.973562E+02  -0.665341E+00   0.304454E+01   0.877154E-03   0.104826E+02   0.116460E+02   0.127382E+02   0.176868E+02   0.172582E+03
   0.973562E+02   0.181810E+01   0.137043E+01   0.366691E-03   0.100802E+02   0.909871E+01   0.117743E+02   0.126377E+02   0.173626E+03
   0.973562E+02   0.181810E+01  -0.238586E+01   0.684476E-03   0.606432E+01   0.909871E+01   0.104874E+02   0.119055E+02   0.171680E+03
   0.970463E+02   0.919790E+00  -0.324244E+01   0.604541E-03   0.880114E+01   0.128850E+02   0.127437E+02   0.107058E+02   0.173682E+03
   0.979495E+02  -0.223854E+01  -0.592162E+01   0.624424E-03   0.100653E+02   0.815651E+01   0.136248E+02   0.159744E+02   0.174411E+03
   0.974435E+02   0.192512E+01  -0.213370E+01   0.557142E-03   0.114763E+02   0.125510E+02   0.136248E+02   0.153833E+02   0.174935E+03
   0.981155E+02   0.215082E+01  -0.837841E+01   0.921749E-03   0.835531E+01   0.948257E+01   0.113655E+02   0.153182E+02   0.172059E+03
   0.982146E+02   0.270284E+01   0.101993E+01   0.921749E-03   0.904691E+01   0.985495E+01   0.137462E+02   0.160098E+02   0.173585E+03
   0.982146E+02   0.288641E+00   0.327224E+01   0.547531E-03   0.937810E+01   0.976938E+01   0.152884E+02   0.110995E+02   0.175276E+03
   0.969208E+02   0.307783E+01  -0.204457E+01   0.671654E-03   0.102246E+02   0.811278E+01   0.150696E+02   0.170956E+02   0.174726E+03
   0.974817E+02   0.313193E+01   0.587072E+01   0.512308E-03   0.896967E+01   0.102696E+02   0.145232E+02   0.155536E+02   0.174589E+03
   0.983054E+02  -0.153092E+01  -0.722068E+01   0.830275E-03   0.647895E+01   0.949539E+01   0.145232E+02   0.113717E+02   0.171166E+03
   0.971691E+02   0.282709E+01  -0.488233E+01   0.485683E-03   0.988585E+01   0.120961E+02   0.113226E+02   0.136667E+02   0.173716E+03
   0.100089E+03   0.271886E+01   0.966535E+01   0.875033E-03   0.702504E+01   0.771332E+01   0.166610E+02   0.150207E+02   0.170179E+03
   0.963427E+02  -0.366937E+01   0.523875E+00   0.768853E-03   0.884778E+01   0.104811E+02   0.199178E+02   0.139218E+02   0.170166E+03
   0.980628E+02   0.519817E+00   0.952629E+00   0.593540E-03   0.725409E+01   0.111965E+02   0.193644E+02   0.105424E+02   0.172830E+03
   0.972244E+02   0.365594E+00   0.254620E+01   0.593540E-03   0.118705E+02   0.992600E+01   0.184000E+02   0.135950E+02   0.174555E+03
   0.979308E+02   0.547063E+00  -0.204142E+01   0.683639E-03   0.934944E+01   0.101697E+02   0.116310E+02   0.135396E+02   0.175458E+03
   0.992615E+02   0.244765E+00   0.396629E+01   0.683639E-03   0.854657E+01   0.942631E+01   0.169313E+02   0.156744E+02   0.174203E+03
   0.978459E+02   0.723804E+00   0.528373E+01   0.676034E-03   0.986483E+01   0.118331E+02   0.148789E+02   0.128991E+02   0.175061E+03
   0.977394E+02  -0.349948E+01   0.111651E+02   0.914524E-03   0.110336E+02   0.152819E+02   0.183550E+02   0.137509E+02   0.167123E+03
   0.980540E+02  -0.304953E+00   0.537601E+01   0.705688E-03   0.966785E+01   0.155596E+02   0.132721E+02   0.158726E+02   0.172485E+03
   0.975122E+02  -0.223794E+01   0.233789E+01   0.603972E-03   0.133636E+02   0.980750E+01   0.295616E+02   0.222582E+02   0.165168E+03
   0.978565E+02  -0.753262E+00  -0.132120E+00   0.724373E-03   0.102196E+02   0.120747E+02   0.193959E+02   0.915260E+01   0.171420E+03
   0.972410E+02   0.166032E+01  -0.502384E+01   0.662866E-03   0.916030E+01   0.104426E+02   0.127088E+02   0.140245E+02   0.175604E+03
   0.972410E+02   0.233218E+01   0.596921E+01   0.535290E-03   0.119866E+02   0.865289E+01   0.168459E+02   0.217285E+02   0.171557E+03
   0.973983E+02   0.330740E+01  -0.109911E+01   0.700509E-03   0.117845E+02   0.178975E+02   0.193014E+02   0.199565E+02   0.167931E+03
   0.973983E+02   0.210085E+01  -0.148267E+01   0.509042E-03   0.112970E+02   0.989197E+01   0.200252E+02   0.163566E+02   0.174210E+03
   0.977182E+02  -0.659572E+00   0.901166E+00   0.930383E-03   0.826863E+01   0.915230E+01   0.147123E+02   0.190181E+02   0.172417E+03
   0.979159E+02   0.363845E+01   0.289143E+01   0.740036E-03   0.113734E+02   0.110048E+02   0.133516E+02   0.124416E+02   0.174364E+03
   0.975314E+02  -0.507878E+01   0.350348E+01   0.676341E-03   0.122793E+02   0.112078E+02   0.164691E+02   0.146169E+02   0.171598E+03
   0.972842E+02  -0.117023E+01  -0.651771E+01   0.631422E-03   0.113251E+02   0.892273E+01   0.131389E+02   0.114341E+02   0.174208E+03
   0.978440E+02   0.349104E+01  -0.676563E+01   0.631422E-03   0.925387E+01   0.915736E+01   0.165633E+02   0.110972E+02   0.173678E+03
   0.977734E+02   0.104669E+01   0.291975E+01   0.640431E-03   0.129588E+02   0.962747E+01   0.117852E+02   0.182813E+02   0.173944E+03
   0.977734E+02  -0.201437E+01   0.291975E+01   0.494441E-03   0.718163E+01   0.686676E+01   0.151079E+02   0.110114E+02   0.171852E+03
   0.977734E+02  -0.160971E+01  -0.523763E+01   0.422543E-03   0.764261E+01   0.948841E+01   0.146767E+02   0.142362E+02   0.173330E+03
   0.988187E+02  -0.915663E+00   0.407285E+00   0.541059E-03   0.114180E+02   0.116701E+02   0.138301E+02   0.150163E+02   0.174025E+03
   0.989093E+02   0.524615E+00   0.113083E+02   0.794738E-03   0.939432E+01   0.715434E+01   0.187706E+02   0.139902E+02   0.172011E+03
   0.991837E+02  -0.158063E+01   0.293848E+01   0.630518E-03   0.939432E+01   0.933373E+01   0.142738E+02   0.170036E+02   0.174272E+03
   0.979181E+02   0.297203E+01  -0.388049E+01   0.584197E-03   0.112728E+02   0.823374E+01   0.144460E+02   0.155489E+02   0.174873E+03
   0.984939E+02   0.166399E+01  -0.258883E+01   0.585234E-03   0.823058E+01   0.542753E+01   0.159125E+02   0.129148E+02   0.170701E+03
   0.997573E+02  -0.325180E+01   0.169171E+01   0.774801E-03   0.103391E+02   0.984268E+01   0.134832E+02   0.137321E+02   0.172365E+03
   0.979992E+02   0.208664E+01  -0.655419E-02   0.103645E-02   0.135692E+02   0.860040E+01   0.170870E+02   0.165392E+02   0.170229E+03
   0.975866E+02  -0.341125E+00   0.675108E+00   0.589127E-03   0.883221E+01   0.119750E+02   0.128845E+02   0.144101E+02   0.175504E+03
   0.986419E+02   0.744468E+00   0.911128E+01   0.696324E-03   0.744097E+01   0.844173E+01   0.143659E+02   0.146705E+02   0.174051E+03
   0.985217E+02  -0.500361E+01  -0.211328E+01   0.740846E-03   0.732960E+01   0.107442E+02   0.208244E+02   0.128388E+02   0.170239E+03
   0.983550E+02   0.199162E+01  -0.239271E+01   0.651152E-03   0.104359E+02   0.114405E+02   0.134892E+02   0.122332E+02   0.174775E+03
   0.986508E+02   0.472090E+01  -0.605746E+00   0.630881E-03   0.895893E+01   0.938376E+01   0.186512E+02   0.217959E+02   0.171133E+03
   0.982146E+02   0.290018E+01  -0.508059E+01   0.734428E-03   0.108569E+02   0.887488E+01   0.978089E+01   0.153257E+02   0.172662E+03
   0.977726E+02  -0.163356E+01   0.383666E+01   0.505935E-03   0.966582E+01   0.853072E+01   0.144890E+02   0.173890E+02   0.174779E+03
   0.970265E+02   0.653146E+00  -0.153474E+02   0.619287E-03   0.135747E+02   0.160264E+02   0.144890E+02   0.225632E+02   0.165081E+03
   0.968457E+02   0.177722E+01   0.271075E+01   0.928128E-03   0.110653E+02   0.186517E+02   0.104485E+02   0.147439E+02   0.165875E+03
   0.984329E+02  -0.282581E+01  -0.194342E+01   0.424237E-03   0.842924E+01   0.117266E+02   0.163519E+02   0.109154E+02   0.171135E+03
   0.976645E+02  -0.750762E+00  -0.115246E+02   0.546819E-03   0.131017E+02   0.133568E+02   0.117423E+02   0.125452E+02   0.170299E+03
   0.972972E+02  -0.212199E+01  -0.112805E+02   0.799031E-03   0.760598E+01   0.118954E+02   0.157435E+02   0.124169E+02   0.171468E+03
   0.968338E+02   0.340600E+01  -0.707490E+01   0.542419E-03   0.963040E+01   0.919644E+01   0.145569E+02   0.155837E+02   0.174458E+03
   0.986074E+02   0.119827E+01   0.761590E+00   0.727137E-03   0.789030E+01   0.112379E+02   0.136094E+02   0.145856E+02   0.174634E+03
   0.983258E+02   0.111982E-01  -0.133232E+01   0.727137E-03   0.121026E+02   0.827371E+01   0.195971E+02   0.131109E+02   0.173384E+03
   0.989081E+02   0.160948E+01   0.762712E+01   0.727137E-03   0.917885E+01   0.113924E+02   0.105600E+02   0.131109E+02   0.173311E+03
   0.989081E+02   0.569328E+00  -0.349398E+01   0.817492E-03   0.606126E+01   0.878189E+01   0.148628E+02   0.111665E+02   0.170369E+03
   0.989081E+02  -0.139560E+01   0.195119E+01   0.847694E-03   0.128232E+02   0.975452E+01   0.115065E+02   0.171604E+02   0.172001E+03
   0.978680E+02   0.328748E+01   0.450804E+01   0.678409E-03   0.107546E+02   0.113136E+02   0.117789E+02   0.132183E+02   0.174455E+03
   0.979075E+02  -0.174798E+01  -0.727048E+01   0.524543E-03   0.129085E+02   0.106799E+02   0.171477E+02   0.159219E+02   0.172701E+03
   0.981260E+02  -0.150025E+01  -0.700365E+01   0.384643E-03   0.961616E+01   0.110929E+02   0.157489E+02   0.198248E+02   0.170408E+03
   0.996365E+02   0.248838E+01   0.811552E+01   0.537673E-03   0.917180E+01   0.100567E+02   0.172318E+02   0.100456E+02   0.171131E+03
   0.993158E+02   0.307132E+01   0.639118E+01   0.455462E-03   0.928701E+01   0.825207E+01   0.157944E+02   0.204288E+02   0.170655E+03
   0.977419E+02  -0.165312E+01  -0.101698E+02   0.885776E-03   0.134768E+02   0.105929E+02   0.157944E+02   0.106732E+02   0.170208E+03
   0.981434E+02   0.377553E+00  -0.224205E+01   0.880444E-03   0.829337E+01   0.794507E+01   0.147563E+02   0.151249E+02   0.173597E+03
   0.997543E+02   0.274345E+01   0.107575E+02   0.550595E-03   0.771759E+01   0.896918E+01   0.125668E+02   0.171600E+02   0.171703E+03
   0.997543E+02  -0.280612E+01   0.243782E+01   0.564972E-03   0.884201E+01   0.767920E+01   0.110407E+02   0.869710E+01   0.167289E+03
   0.981610E+02   0.248454E+01  -0.637252E+01   0.572566E-03   0.792644E+01   0.102324E+02   0.165553E+02   0.114022E+02   0.173310E+03
   0.979538E+02   0.253785E+01  -0.114917E+02   0.789999E-03   0.704893E+01   0.101221E+02   0.131220E+02   0.178059E+02   0.171511E+03
   0.978042E+02  -0.261634E+00  -0.588736E+01   0.540743E-03   0.116106E+02   0.769937E+01   0.133265E+02   0.136748E+02   0.174371E+03
   0.974468E+02  -0.181788E+01   0.162769E+01   0.458278E-03   0.799113E+01   0.715378E+01   0.171897E+02   0.207922E+02   0.171407E+03
   0.995307E+02   0.257125E+01   0.494707E+01   0.532726E-03   0.693312E+01   0.125772E+02   0.135363E+02   0.118445E+02   0.170351E+03
   0.998569E+02  -0.434654E+01   0.746142E+01   0.967061E-03   0.110235E+02   0.111907E+02   0.111580E+02   0.104842E+02   0.168564E+03
   0.969986E+02   0.960234E+00   0.148870E+01   0.362439E-03   0.968289E+01   0.767224E+01   0.111580E+02   0.116511E+02   0.172004E+03
   0.982002E+02  -0.458324E+00   0.656838E-01   0.503276E-03   0.115010E+02   0.794339E+01   0.105242E+02   0.166730E+02   0.173457E+03
   0.984365E+02  -0.646976E+00   0.330766E+01   0.723417E-03   0.908946E+01   0.601311E+01   0.163324E+02   0.141777E+02   0.172608E+03
   0.971095E+02   0.356409E+01   0.458535E+01   0.878397E-03   0.811901E+01   0.136992E+02   0.151876E+02   0.158110E+02   0.171162E+03
   0.985649E+02  -0.157021E+01   0.462694E+01   0.665690E-03   0.952125E+01   0.947295E+01   0.132239E+02   0.149981E+02   0.175375E+03
   0.962703E+02   0.267510E+01   0.362552E+01   0.894574E-03   0.971101E+01   0.104684E+02   0.198573E+02   0.166486E+02   0.170240E+03
   0.986647E+02   0.302343E+01  -0.481723E+01   0.705464E-03   0.107811E+02   0.113851E+02   0.168523E+02   0.166486E+02   0.173123E+03
   0.966279E+02  -0.216731E+01  -0.919087E+01   0.705464E-03   0.862520E+01   0.113851E+02   0.170945E+02   0.115391E+02   0.171832E+03
   0.969714E+02   0.963940E+00  -0.333001E+01   0.552774E-03   0.848904E+01   0.120535E+02   0.166225E+02   0.117651E+02   0.174438E+03
   0.987103E+02   0.258308E+01   0.377668E+01   0.741776E-03   0.108011E+02   0.838017E+01   0.217853E+02   0.175452E+02   0.172126E+03
   0.992703E+02   0.369633E+01  -0.760784E+00   0.777219E-03   0.858129E+01   0.871946E+01   0.134626E+02   0.116097E+02   0.172309E+03
   0.975889E+02  -0.306291E+01  -0.760784E+00   0.556161E-03   0.883185E+01   0.910267E+01   0.151875E+02   0.895071E+01   0.171975E+03
   0.980813E+02   0.274759E+00   0.543008E+01   0.754287E-03   0.909539E+01   0.113542E+02   0.221775E+02   0.130393E+02   0.172502E+03
   0.980235E+02  -0.317362E+01   0.207242E+01   0.786291E-03   0.870392E+01   0.978632E+01   0.894186E+01   0.156248E+02   0.171305E+03
   0.985530E+02   0.320649E+00   0.824570E+00   0.597021E-03   0.897805E+01   0.899329E+01   0.158765E+02   0.183390E+02   0.174923E+03
   0.988682E+02   0.247999E+01  -0.435414E+01   0.659164E-03   0.903311E+01   0.112971E+02   0.231752E+02   0.216788E+02   0.168771E+03
