X1_obs         X1_true        Y1_obs         Y2_obs         Y3_obs         Y4_obs         Y1_unbiased    Y2_unbiased    Y3_unbiased    Y4_unbiased    Y1_sim         Y2_sim         Y3_sim         Y4_sim         Y1_res         Y2_res         Y3_res         Y4_res         Y1_stdres      Y2_stdres      Y3_stdres      Y4_stdres      
   0.000000E+00   0.000000E+00  -0.999900E+04  -0.999900E+04  -0.999900E+04  -0.999900E+04  -0.999900E+04  -0.999900E+04  -0.999900E+04  -0.999900E+04   0.112229E+00   0.783285E-01   0.574380E-01   0.425338E-01  -0.999900E+04  -0.999900E+04  -0.999900E+04  -0.999900E+04  -0.999900E+04  -0.999900E+04  -0.999900E+04  -0.999900E+04
   0.600000E-01   0.600000E-01   0.112546E+00   0.782550E-01   0.572459E-01   0.435692E-01   0.112546E+00   0.782550E-01   0.572459E-01   0.435692E-01   0.112174E+00   0.782686E-01   0.573798E-01   0.424755E-01   0.372201E-03  -0.135766E-04  -0.133899E-03   0.109364E-02   0.403262E+00  -0.239533E-01  -0.290601E+00   0.738707E+00
   0.504000E+00   0.504000E+00  -0.999900E+04  -0.999900E+04  -0.999900E+04  -0.999900E+04  -0.999900E+04  -0.999900E+04  -0.999900E+04  -0.999900E+04   0.111759E+00   0.778200E-01   0.569445E-01   0.420411E-01  -0.999900E+04  -0.999900E+04  -0.999900E+04  -0.999900E+04  -0.999900E+04  -0.999900E+04  -0.999900E+04  -0.999900E+04
   0.604000E+00   0.604000E+00  -0.999900E+04  -0.999900E+04  -0.999900E+04  -0.999900E+04  -0.999900E+04  -0.999900E+04  -0.999900E+04  -0.999900E+04   0.111664E+00   0.777177E-01   0.568456E-01   0.419425E-01  -0.999900E+04  -0.999900E+04  -0.999900E+04  -0.999900E+04  -0.999900E+04  -0.999900E+04  -0.999900E+04  -0.999900E+04
   0.650000E+00   0.650000E+00   0.111933E+00   0.776414E-01   0.566323E-01   0.429556E-01   0.111933E+00   0.776414E-01   0.566323E-01   0.429556E-01   0.111620E+00   0.776706E-01   0.567999E-01   0.418970E-01   0.312101E-03  -0.291266E-04  -0.167689E-03   0.105853E-02   0.338147E+00  -0.513883E-01  -0.363936E+00   0.714992E+00
   0.704000E+00   0.704000E+00  -0.999900E+04  -0.999900E+04  -0.999900E+04  -0.999900E+04  -0.999900E+04  -0.999900E+04  -0.999900E+04  -0.999900E+04   0.111569E+00   0.776150E-01   0.567462E-01   0.418435E-01  -0.999900E+04  -0.999900E+04  -0.999900E+04  -0.999900E+04  -0.999900E+04  -0.999900E+04  -0.999900E+04  -0.999900E+04
   0.804000E+00   0.804000E+00  -0.999900E+04  -0.999900E+04  -0.999900E+04  -0.999900E+04  -0.999900E+04  -0.999900E+04  -0.999900E+04  -0.999900E+04   0.111473E+00   0.775116E-01   0.566463E-01   0.417442E-01  -0.999900E+04  -0.999900E+04  -0.999900E+04  -0.999900E+04  -0.999900E+04  -0.999900E+04  -0.999900E+04  -0.999900E+04
   0.904000E+00   0.904000E+00  -0.999900E+04  -0.999900E+04  -0.999900E+04  -0.999900E+04  -0.999900E+04  -0.999900E+04  -0.999900E+04  -0.999900E+04   0.111377E+00   0.774080E-01   0.565462E-01   0.416446E-01  -0.999900E+04  -0.999900E+04  -0.999900E+04  -0.999900E+04  -0.999900E+04  -0.999900E+04  -0.999900E+04  -0.999900E+04
   0.100400E+01   0.100400E+01  -0.999900E+04  -0.999900E+04  -0.999900E+04  -0.999900E+04  -0.999900E+04  -0.999900E+04  -0.999900E+04  -0.999900E+04   0.111281E+00   0.773040E-01   0.564459E-01   0.415449E-01  -0.999900E+04  -0.999900E+04  -0.999900E+04  -0.999900E+04  -0.999900E+04  -0.999900E+04  -0.999900E+04  -0.999900E+04
   0.110400E+01   0.110400E+01  -0.999900E+04  -0.999900E+04  -0.999900E+04  -0.999900E+04  -0.999900E+04  -0.999900E+04  -0.999900E+04  -0.999900E+04   0.111185E+00   0.771997E-01   0.563453E-01   0.414450E-01  -0.999900E+04  -0.999900E+04  -0.999900E+04  -0.999900E+04  -0.999900E+04  -0.999900E+04  -0.999900E+04  -0.999900E+04
   0.120400E+01   0.120400E+01  -0.999900E+04  -0.999900E+04  -0.999900E+04  -0.999900E+04  -0.999900E+04  -0.999900E+04  -0.999900E+04  -0.999900E+04   0.111088E+00   0.770949E-01   0.562443E-01   0.413447E-01  -0.999900E+04  -0.999900E+04  -0.999900E+04  -0.999900E+04  -0.999900E+04  -0.999900E+04  -0.999900E+04  -0.999900E+04
   0.130400E+01   0.130400E+01  -0.999900E+04  -0.999900E+04  -0.999900E+04  -0.999900E+04  -0.999900E+04  -0.999900E+04  -0.999900E+04  -0.999900E+04   0.110990E+00   0.769896E-01   0.561429E-01   0.412441E-01  -0.999900E+04  -0.999900E+04  -0.999900E+04  -0.999900E+04  -0.999900E+04  -0.999900E+04  -0.999900E+04  -0.999900E+04
   0.140400E+01   0.140400E+01  -0.999900E+04  -0.999900E+04  -0.999900E+04  -0.999900E+04  -0.999900E+04  -0.999900E+04  -0.999900E+04  -0.999900E+04   0.110893E+00   0.768840E-01   0.560413E-01   0.411433E-01  -0.999900E+04  -0.999900E+04  -0.999900E+04  -0.999900E+04  -0.999900E+04  -0.999900E+04  -0.999900E+04  -0.999900E+04
   0.150400E+01   0.150400E+01  -0.999900E+04  -0.999900E+04  -0.999900E+04  -0.999900E+04  -0.999900E+04  -0.999900E+04  -0.999900E+04  -0.999900E+04   0.110795E+00   0.767781E-01   0.559394E-01   0.410423E-01  -0.999900E+04  -0.999900E+04  -0.999900E+04  -0.999900E+04  -0.999900E+04  -0.999900E+04  -0.999900E+04  -0.999900E+04
   0.160400E+01   0.160400E+01  -0.999900E+04  -0.999900E+04  -0.999900E+04  -0.999900E+04  -0.999900E+04  -0.999900E+04  -0.999900E+04  -0.999900E+04   0.110697E+00   0.766719E-01   0.558374E-01   0.409412E-01  -0.999900E+04  -0.999900E+04  -0.999900E+04  -0.999900E+04  -0.999900E+04  -0.999900E+04  -0.999900E+04  -0.999900E+04
   0.165000E+01   0.165000E+01   0.111046E+00   0.766031E-01   0.560822E-01   0.422574E-01   0.111046E+00   0.766031E-01   0.560822E-01   0.422574E-01   0.110651E+00   0.766230E-01   0.557903E-01   0.408946E-01   0.394337E-03  -0.198518E-04   0.291864E-03   0.136277E-02   0.427246E+00  -0.350247E-01   0.633432E+00   0.920497E+00
   0.170400E+01   0.170400E+01  -0.999900E+04  -0.999900E+04  -0.999900E+04  -0.999900E+04  -0.999900E+04  -0.999900E+04  -0.999900E+04  -0.999900E+04   0.110598E+00   0.765653E-01   0.557349E-01   0.408398E-01  -0.999900E+04  -0.999900E+04  -0.999900E+04  -0.999900E+04  -0.999900E+04  -0.999900E+04  -0.999900E+04  -0.999900E+04
   0.180400E+01   0.180400E+01  -0.999900E+04  -0.999900E+04  -0.999900E+04  -0.999900E+04  -0.999900E+04  -0.999900E+04  -0.999900E+04  -0.999900E+04   0.110499E+00   0.764583E-01   0.556322E-01   0.407381E-01  -0.999900E+04  -0.999900E+04  -0.999900E+04  -0.999900E+04  -0.999900E+04  -0.999900E+04  -0.999900E+04  -0.999900E+04
   0.190400E+01   0.190400E+01  -0.999900E+04  -0.999900E+04  -0.999900E+04  -0.999900E+04  -0.999900E+04  -0.999900E+04  -0.999900E+04  -0.999900E+04   0.110400E+00   0.763511E-01   0.555293E-01   0.406363E-01  -0.999900E+04  -0.999900E+04  -0.999900E+04  -0.999900E+04  -0.999900E+04  -0.999900E+04  -0.999900E+04  -0.999900E+04
   0.200400E+01   0.200400E+01  -0.999900E+04  -0.999900E+04  -0.999900E+04  -0.999900E+04  -0.999900E+04  -0.999900E+04  -0.999900E+04  -0.999900E+04   0.110301E+00   0.762436E-01   0.554263E-01   0.405343E-01  -0.999900E+04  -0.999900E+04  -0.999900E+04  -0.999900E+04  -0.999900E+04  -0.999900E+04  -0.999900E+04  -0.999900E+04
   0.210400E+01   0.210400E+01  -0.999900E+04  -0.999900E+04  -0.999900E+04  -0.999900E+04  -0.999900E+04  -0.999900E+04  -0.999900E+04  -0.999900E+04   0.110202E+00   0.761358E-01   0.553230E-01   0.404322E-01  -0.999900E+04  -0.999900E+04  -0.999900E+04  -0.999900E+04  -0.999900E+04  -0.999900E+04  -0.999900E+04  -0.999900E+04
   0.220400E+01   0.220400E+01  -0.999900E+04  -0.999900E+04  -0.999900E+04  -0.999900E+04  -0.999900E+04  -0.999900E+04  -0.999900E+04  -0.999900E+04   0.110102E+00   0.760277E-01   0.552194E-01   0.403299E-01  -0.999900E+04  -0.999900E+04  -0.999900E+04  -0.999900E+04  -0.999900E+04  -0.999900E+04  -0.999900E+04  -0.999900E+04
   0.230400E+01   0.230400E+01  -0.999900E+04  -0.999900E+04  -0.999900E+04  -0.999900E+04  -0.999900E+04  -0.999900E+04  -0.999900E+04  -0.999900E+04   0.110002E+00   0.759192E-01   0.551156E-01   0.402274E-01  -0.999900E+04  -0.999900E+04  -0.999900E+04  -0.999900E+04  -0.999900E+04  -0.999900E+04  -0.999900E+04  -0.999900E+04
   0.240400E+01   0.240400E+01  -0.999900E+04  -0.999900E+04  -0.999900E+04  -0.999900E+04  -0.999900E+04  -0.999900E+04  -0.999900E+04  -0.999900E+04   0.109902E+00   0.758106E-01   0.550117E-01   0.401247E-01  -0.999900E+04  -0.999900E+04  -0.999900E+04  -0.999900E+04  -0.999900E+04  -0.999900E+04  -0.999900E+04  -0.999900E+04
   0.250400E+01   0.250400E+01  -0.999900E+04  -0.999900E+04  -0.999900E+04  -0.999900E+04  -0.999900E+04  -0.999900E+04  -0.999900E+04  -0.999900E+04   0.109802E+00   0.757017E-01   0.549075E-01   0.400219E-01  -0.999900E+04  -0.999900E+04  -0.999900E+04  -0.999900E+04  -0.999900E+04  -0.999900E+04  -0.999900E+04  -0.999900E+04
   0.260400E+01   0.260400E+01  -0.999900E+04  -0.999900E+04  -0.999900E+04  -0.999900E+04  -0.999900E+04  -0.999900E+04  -0.999900E+04  -0.999900E+04   0.109701E+00   0.755926E-01   0.548032E-01   0.399190E-01  -0.999900E+04  -0.999900E+04  -0.999900E+04  -0.999900E+04  -0.999900E+04  -0.999900E+04  -0.999900E+04  -0.999900E+04
   0.270400E+01   0.270400E+01  -0.999900E+04  -0.999900E+04  -0.999900E+04  -0.999900E+04  -0.999900E+04  -0.999900E+04  -0.999900E+04  -0.999900E+04   0.109601E+00   0.754832E-01   0.546988E-01   0.398159E-01  -0.999900E+04  -0.999900E+04  -0.999900E+04  -0.999900E+04  -0.999900E+04  -0.999900E+04  -0.999900E+04  -0.999900E+04
   0.280400E+01   0.280400E+01  -0.999900E+04  -0.999900E+04  -0.999900E+04  -0.999900E+04  -0.999900E+04  -0.999900E+04  -0.999900E+04  -0.999900E+04   0.109500E+00   0.753735E-01   0.545941E-01   0.397127E-01  -0.999900E+04  -0.999900E+04  -0.999900E+04  -0.999900E+04  -0.999900E+04  -0.999900E+04  -0.999900E+04  -0.999900E+04
   0.290400E+01   0.290400E+01  -0.999900E+04  -0.999900E+04  -0.999900E+04  -0.999900E+04  -0.999900E+04  -0.999900E+04  -0.999900E+04  -0.999900E+04   0.109399E+00   0.752637E-01   0.544893E-01   0.396094E-01  -0.999900E+04  -0.999900E+04  -0.999900E+04  -0.999900E+04  -0.999900E+04  -0.999900E+04  -0.999900E+04  -0.999900E+04
   0.300400E+01   0.300400E+01  -0.999900E+04  -0.999900E+04  -0.999900E+04  -0.999900E+04  -0.999900E+04  -0.999900E+04  -0.999900E+04  -0.999900E+04   0.109298E+00   0.751536E-01   0.543843E-01   0.395059E-01  -0.999900E+04  -0.999900E+04  -0.999900E+04  -0.999900E+04  -0.999900E+04  -0.999900E+04  -0.999900E+04  -0.999900E+04
   0.310400E+01   0.310400E+01  -0.999900E+04  -0.999900E+04  -0.999900E+04  -0.999900E+04  -0.999900E+04  -0.999900E+04  -0.999900E+04  -0.999900E+04   0.109197E+00   0.750434E-01   0.542793E-01   0.394024E-01  -0.999900E+04  -0.999900E+04  -0.999900E+04  -0.999900E+04  -0.999900E+04  -0.999900E+04  -0.999900E+04  -0.999900E+04
   0.320400E+01   0.320400E+01  -0.999900E+04  -0.999900E+04  -0.999900E+04  -0.999900E+04  -0.999900E+04  -0.999900E+04  -0.999900E+04  -0.999900E+04   0.109096E+00   0.749330E-01   0.541741E-01   0.392988E-01  -0.999900E+04  -0.999900E+04  -0.999900E+04  -0.999900E+04  -0.999900E+04  -0.999900E+04  -0.999900E+04  -0.999900E+04
   0.330400E+01   0.330400E+01  -0.999900E+04  -0.999900E+04  -0.999900E+04  -0.999900E+04  -0.999900E+04  -0.999900E+04  -0.999900E+04  -0.999900E+04   0.108994E+00   0.748224E-01   0.540688E-01   0.391951E-01  -0.999900E+04  -0.999900E+04  -0.999900E+04  -0.999900E+04  -0.999900E+04  -0.999900E+04  -0.999900E+04  -0.999900E+04
   0.340400E+01   0.340400E+01  -0.999900E+04  -0.999900E+04  -0.999900E+04  -0.999900E+04  -0.999900E+04  -0.999900E+04  -0.999900E+04  -0.999900E+04   0.108893E+00   0.747117E-01   0.539633E-01   0.390913E-01  -0.999900E+04  -0.999900E+04  -0.999900E+04  -0.999900E+04  -0.999900E+04  -0.999900E+04  -0.999900E+04  -0.999900E+04
   0.350400E+01   0.350400E+01  -0.999900E+04  -0.999900E+04  -0.999900E+04  -0.999900E+04  -0.999900E+04  -0.999900E+04  -0.999900E+04  -0.999900E+04   0.108792E+00   0.746008E-01   0.538578E-01   0.389874E-01  -0.999900E+04  -0.999900E+04  -0.999900E+04  -0.999900E+04  -0.999900E+04  -0.999900E+04  -0.999900E+04  -0.999900E+04
   0.360400E+01   0.360400E+01  -0.999900E+04  -0.999900E+04  -0.999900E+04  -0.999900E+04  -0.999900E+04  -0.999900E+04  -0.999900E+04  -0.999900E+04   0.108690E+00   0.744897E-01   0.537522E-01   0.388835E-01  -0.999900E+04  -0.999900E+04  -0.999900E+04  -0.999900E+04  -0.999900E+04  -0.999900E+04  -0.999900E+04  -0.999900E+04
   0.365000E+01   0.365000E+01   0.108083E+00   0.738700E-01   0.539269E-01   0.402545E-01   0.108083E+00   0.738700E-01   0.539269E-01   0.402545E-01   0.108643E+00   0.744386E-01   0.537036E-01   0.388357E-01  -0.560040E-03  -0.568545E-03   0.223233E-03   0.141883E-02  -0.606778E+00  -0.100309E+01   0.484482E+00   0.958364E+00
   0.370400E+01   0.370400E+01  -0.999900E+04  -0.999900E+04  -0.999900E+04  -0.999900E+04  -0.999900E+04  -0.999900E+04  -0.999900E+04  -0.999900E+04   0.108589E+00   0.743785E-01   0.536465E-01   0.387796E-01  -0.999900E+04  -0.999900E+04  -0.999900E+04  -0.999900E+04  -0.999900E+04  -0.999900E+04  -0.999900E+04  -0.999900E+04
   0.380400E+01   0.380400E+01  -0.999900E+04  -0.999900E+04  -0.999900E+04  -0.999900E+04  -0.999900E+04  -0.999900E+04  -0.999900E+04  -0.999900E+04   0.108487E+00   0.742671E-01   0.535407E-01   0.386755E-01  -0.999900E+04  -0.999900E+04  -0.999900E+04  -0.999900E+04  -0.999900E+04  -0.999900E+04  -0.999900E+04  -0.999900E+04
   0.390400E+01   0.390400E+01  -0.999900E+04  -0.999900E+04  -0.999900E+04  -0.999900E+04  -0.999900E+04  -0.999900E+04  -0.999900E+04  -0.999900E+04   0.108385E+00   0.741556E-01   0.534348E-01   0.385714E-01  -0.999900E+04  -0.999900E+04  -0.999900E+04  -0.999900E+04  -0.999900E+04  -0.999900E+04  -0.999900E+04  -0.999900E+04
   0.400400E+01   0.400400E+01  -0.999900E+04  -0.999900E+04  -0.999900E+04  -0.999900E+04  -0.999900E+04  -0.999900E+04  -0.999900E+04  -0.999900E+04   0.108283E+00   0.740441E-01   0.533289E-01   0.384673E-01  -0.999900E+04  -0.999900E+04  -0.999900E+04  -0.999900E+04  -0.999900E+04  -0.999900E+04  -0.999900E+04  -0.999900E+04
   0.410400E+01   0.410400E+01  -0.999900E+04  -0.999900E+04  -0.999900E+04  -0.999900E+04  -0.999900E+04  -0.999900E+04  -0.999900E+04  -0.999900E+04   0.108182E+00   0.739323E-01   0.532229E-01   0.383631E-01  -0.999900E+04  -0.999900E+04  -0.999900E+04  -0.999900E+04  -0.999900E+04  -0.999900E+04  -0.999900E+04  -0.999900E+04
   0.420400E+01   0.420400E+01  -0.999900E+04  -0.999900E+04  -0.999900E+04  -0.999900E+04  -0.999900E+04  -0.999900E+04  -0.999900E+04  -0.999900E+04   0.108080E+00   0.738205E-01   0.531169E-01   0.382590E-01  -0.999900E+04  -0.999900E+04  -0.999900E+04  -0.999900E+04  -0.999900E+04  -0.999900E+04  -0.999900E+04  -0.999900E+04
   0.430400E+01   0.430400E+01  -0.999900E+04  -0.999900E+04  -0.999900E+04  -0.999900E+04  -0.999900E+04  -0.999900E+04  -0.999900E+04  -0.999900E+04   0.107978E+00   0.737087E-01   0.530109E-01   0.381548E-01  -0.999900E+04  -0.999900E+04  -0.999900E+04  -0.999900E+04  -0.999900E+04  -0.999900E+04  -0.999900E+04  -0.999900E+04
   0.440400E+01   0.440400E+01  -0.999900E+04  -0.999900E+04  -0.999900E+04  -0.999900E+04  -0.999900E+04  -0.999900E+04  -0.999900E+04  -0.999900E+04   0.107876E+00   0.735967E-01   0.529048E-01   0.380506E-01  -0.999900E+04  -0.999900E+04  -0.999900E+04  -0.999900E+04  -0.999900E+04  -0.999900E+04  -0.999900E+04  -0.999900E+04
   0.450400E+01   0.450400E+01  -0.999900E+04  -0.999900E+04  -0.999900E+04  -0.999900E+04  -0.999900E+04  -0.999900E+04  -0.999900E+04  -0.999900E+04   0.107775E+00   0.734846E-01   0.527987E-01   0.379464E-01  -0.999900E+04  -0.999900E+04  -0.999900E+04  -0.999900E+04  -0.999900E+04  -0.999900E+04  -0.999900E+04  -0.999900E+04
   0.460400E+01   0.460400E+01  -0.999900E+04  -0.999900E+04  -0.999900E+04  -0.999900E+04  -0.999900E+04  -0.999900E+04  -0.999900E+04  -0.999900E+04   0.107673E+00   0.733725E-01   0.526925E-01   0.378422E-01  -0.999900E+04  -0.999900E+04  -0.999900E+04  -0.999900E+04  -0.999900E+04  -0.999900E+04  -0.999900E+04  -0.999900E+04
   0.470400E+01   0.470400E+01  -0.999900E+04  -0.999900E+04  -0.999900E+04  -0.999900E+04  -0.999900E+04  -0.999900E+04  -0.999900E+04  -0.999900E+04   0.107571E+00   0.732604E-01   0.525864E-01   0.377381E-01  -0.999900E+04  -0.999900E+04  -0.999900E+04  -0.999900E+04  -0.999900E+04  -0.999900E+04  -0.999900E+04  -0.999900E+04
   0.480400E+01   0.480400E+01  -0.999900E+04  -0.999900E+04  -0.999900E+04  -0.999900E+04  -0.999900E+04  -0.999900E+04  -0.999900E+04  -0.999900E+04   0.107470E+00   0.731481E-01   0.524803E-01   0.376339E-01  -0.999900E+04  -0.999900E+04  -0.999900E+04  -0.999900E+04  -0.999900E+04  -0.999900E+04  -0.999900E+04  -0.999900E+04
   0.490400E+01   0.490400E+01  -0.999900E+04  -0.999900E+04  -0.999900E+04  -0.999900E+04  -0.999900E+04  -0.999900E+04  -0.999900E+04  -0.999900E+04   0.107368E+00   0.730358E-01   0.523741E-01   0.375298E-01  -0.999900E+04  -0.999900E+04  -0.999900E+04  -0.999900E+04  -0.999900E+04  -0.999900E+04  -0.999900E+04  -0.999900E+04
   0.500400E+01   0.500400E+01  -0.999900E+04  -0.999900E+04  -0.999900E+04  -0.999900E+04  -0.999900E+04  -0.999900E+04  -0.999900E+04  -0.999900E+04   0.107267E+00   0.729235E-01   0.522680E-01   0.374257E-01  -0.999900E+04  -0.999900E+04  -0.999900E+04  -0.999900E+04  -0.999900E+04  -0.999900E+04  -0.999900E+04  -0.999900E+04
   0.510400E+01   0.510400E+01  -0.999900E+04  -0.999900E+04  -0.999900E+04  -0.999900E+04  -0.999900E+04  -0.999900E+04  -0.999900E+04  -0.999900E+04   0.107165E+00   0.728112E-01   0.521619E-01   0.373217E-01  -0.999900E+04  -0.999900E+04  -0.999900E+04  -0.999900E+04  -0.999900E+04  -0.999900E+04  -0.999900E+04  -0.999900E+04
   0.520400E+01   0.520400E+01  -0.999900E+04  -0.999900E+04  -0.999900E+04  -0.999900E+04  -0.999900E+04  -0.999900E+04  -0.999900E+04  -0.999900E+04   0.107064E+00   0.726988E-01   0.520558E-01   0.372177E-01  -0.999900E+04  -0.999900E+04  -0.999900E+04  -0.999900E+04  -0.999900E+04  -0.999900E+04  -0.999900E+04  -0.999900E+04
   0.530400E+01   0.530400E+01  -0.999900E+04  -0.999900E+04  -0.999900E+04  -0.999900E+04  -0.999900E+04  -0.999900E+04  -0.999900E+04  -0.999900E+04   0.106963E+00   0.725864E-01   0.519498E-01   0.371137E-01  -0.999900E+04  -0.999900E+04  -0.999900E+04  -0.999900E+04  -0.999900E+04  -0.999900E+04  -0.999900E+04  -0.999900E+04
   0.540400E+01   0.540400E+01  -0.999900E+04  -0.999900E+04  -0.999900E+04  -0.999900E+04  -0.999900E+04  -0.999900E+04  -0.999900E+04  -0.999900E+04   0.106861E+00   0.724740E-01   0.518437E-01   0.370099E-01  -0.999900E+04  -0.999900E+04  -0.999900E+04  -0.999900E+04  -0.999900E+04  -0.999900E+04  -0.999900E+04  -0.999900E+04
   0.550400E+01   0.550400E+01  -0.999900E+04  -0.999900E+04  -0.999900E+04  -0.999900E+04  -0.999900E+04  -0.999900E+04  -0.999900E+04  -0.999900E+04   0.106760E+00   0.723616E-01   0.517377E-01   0.369060E-01  -0.999900E+04  -0.999900E+04  -0.999900E+04  -0.999900E+04  -0.999900E+04  -0.999900E+04  -0.999900E+04  -0.999900E+04
   0.560400E+01   0.560400E+01  -0.999900E+04  -0.999900E+04  -0.999900E+04  -0.999900E+04  -0.999900E+04  -0.999900E+04  -0.999900E+04  -0.999900E+04   0.106659E+00   0.722492E-01   0.516318E-01   0.368023E-01  -0.999900E+04  -0.999900E+04  -0.999900E+04  -0.999900E+04  -0.999900E+04  -0.999900E+04  -0.999900E+04  -0.999900E+04
   0.565000E+01   0.565000E+01   0.106061E+00   0.716777E-01   0.515902E-01   0.379333E-01   0.106061E+00   0.716777E-01   0.515902E-01   0.379333E-01   0.106613E+00   0.721975E-01   0.515831E-01   0.367546E-01  -0.551664E-03  -0.519801E-03   0.711705E-05   0.117869E-02  -0.597703E+00  -0.917089E+00   0.154461E-01   0.796158E+00
   0.570400E+01   0.570400E+01  -0.999900E+04  -0.999900E+04  -0.999900E+04  -0.999900E+04  -0.999900E+04  -0.999900E+04  -0.999900E+04  -0.999900E+04   0.106558E+00   0.721368E-01   0.515259E-01   0.366986E-01  -0.999900E+04  -0.999900E+04  -0.999900E+04  -0.999900E+04  -0.999900E+04  -0.999900E+04  -0.999900E+04  -0.999900E+04
   0.580400E+01   0.580400E+01  -0.999900E+04  -0.999900E+04  -0.999900E+04  -0.999900E+04  -0.999900E+04  -0.999900E+04  -0.999900E+04  -0.999900E+04   0.106457E+00   0.720244E-01   0.514201E-01   0.365950E-01  -0.999900E+04  -0.999900E+04  -0.999900E+04  -0.999900E+04  -0.999900E+04  -0.999900E+04  -0.999900E+04  -0.999900E+04
   0.590400E+01   0.590400E+01  -0.999900E+04  -0.999900E+04  -0.999900E+04  -0.999900E+04  -0.999900E+04  -0.999900E+04  -0.999900E+04  -0.999900E+04   0.106357E+00   0.719120E-01   0.513144E-01   0.364916E-01  -0.999900E+04  -0.999900E+04  -0.999900E+04  -0.999900E+04  -0.999900E+04  -0.999900E+04  -0.999900E+04  -0.999900E+04
   0.600400E+01   0.600400E+01  -0.999900E+04  -0.999900E+04  -0.999900E+04  -0.999900E+04  -0.999900E+04  -0.999900E+04  -0.999900E+04  -0.999900E+04   0.106256E+00   0.717996E-01   0.512087E-01   0.363881E-01  -0.999900E+04  -0.999900E+04  -0.999900E+04  -0.999900E+04  -0.999900E+04  -0.999900E+04  -0.999900E+04  -0.999900E+04
   0.610400E+01   0.610400E+01  -0.999900E+04  -0.999900E+04  -0.999900E+04  -0.999900E+04  -0.999900E+04  -0.999900E+04  -0.999900E+04  -0.999900E+04   0.106156E+00   0.716872E-01   0.511031E-01   0.362848E-01  -0.999900E+04  -0.999900E+04  -0.999900E+04  -0.999900E+04  -0.999900E+04  -0.999900E+04  -0.999900E+04  -0.999900E+04
   0.620400E+01   0.620400E+01  -0.999900E+04  -0.999900E+04  -0.999900E+04  -0.999900E+04  -0.999900E+04  -0.999900E+04  -0.999900E+04  -0.999900E+04   0.106055E+00   0.715750E-01   0.509976E-01   0.361817E-01  -0.999900E+04  -0.999900E+04  -0.999900E+04  -0.999900E+04  -0.999900E+04  -0.999900E+04  -0.999900E+04  -0.999900E+04
   0.630400E+01   0.630400E+01  -0.999900E+04  -0.999900E+04  -0.999900E+04  -0.999900E+04  -0.999900E+04  -0.999900E+04  -0.999900E+04  -0.999900E+04   0.105955E+00   0.714627E-01   0.508921E-01   0.360786E-01  -0.999900E+04  -0.999900E+04  -0.999900E+04  -0.999900E+04  -0.999900E+04  -0.999900E+04  -0.999900E+04  -0.999900E+04
   0.640400E+01   0.640400E+01  -0.999900E+04  -0.999900E+04  -0.999900E+04  -0.999900E+04  -0.999900E+04  -0.999900E+04  -0.999900E+04  -0.999900E+04   0.105855E+00   0.713505E-01   0.507868E-01   0.359756E-01  -0.999900E+04  -0.999900E+04  -0.999900E+04  -0.999900E+04  -0.999900E+04  -0.999900E+04  -0.999900E+04  -0.999900E+04
   0.650400E+01   0.650400E+01  -0.999900E+04  -0.999900E+04  -0.999900E+04  -0.999900E+04  -0.999900E+04  -0.999900E+04  -0.999900E+04  -0.999900E+04   0.105755E+00   0.712382E-01   0.506815E-01   0.358728E-01  -0.999900E+04  -0.999900E+04  -0.999900E+04  -0.999900E+04  -0.999900E+04  -0.999900E+04  -0.999900E+04  -0.999900E+04
   0.660400E+01   0.660400E+01  -0.999900E+04  -0.999900E+04  -0.999900E+04  -0.999900E+04  -0.999900E+04  -0.999900E+04  -0.999900E+04  -0.999900E+04   0.105656E+00   0.711261E-01   0.505763E-01   0.357700E-01  -0.999900E+04  -0.999900E+04  -0.999900E+04  -0.999900E+04  -0.999900E+04  -0.999900E+04  -0.999900E+04  -0.999900E+04
   0.670400E+01   0.670400E+01  -0.999900E+04  -0.999900E+04  -0.999900E+04  -0.999900E+04  -0.999900E+04  -0.999900E+04  -0.999900E+04  -0.999900E+04   0.105556E+00   0.710140E-01   0.504713E-01   0.356675E-01  -0.999900E+04  -0.999900E+04  -0.999900E+04  -0.999900E+04  -0.999900E+04  -0.999900E+04  -0.999900E+04  -0.999900E+04
   0.680400E+01   0.680400E+01  -0.999900E+04  -0.999900E+04  -0.999900E+04  -0.999900E+04  -0.999900E+04  -0.999900E+04  -0.999900E+04  -0.999900E+04   0.105457E+00   0.709020E-01   0.503663E-01   0.355650E-01  -0.999900E+04  -0.999900E+04  -0.999900E+04  -0.999900E+04  -0.999900E+04  -0.999900E+04  -0.999900E+04  -0.999900E+04
   0.690400E+01   0.690400E+01  -0.999900E+04  -0.999900E+04  -0.999900E+04  -0.999900E+04  -0.999900E+04  -0.999900E+04  -0.999900E+04  -0.999900E+04   0.105357E+00   0.707900E-01   0.502614E-01   0.354627E-01  -0.999900E+04  -0.999900E+04  -0.999900E+04  -0.999900E+04  -0.999900E+04  -0.999900E+04  -0.999900E+04  -0.999900E+04
   0.700400E+01   0.700400E+01  -0.999900E+04  -0.999900E+04  -0.999900E+04  -0.999900E+04  -0.999900E+04  -0.999900E+04  -0.999900E+04  -0.999900E+04   0.105258E+00   0.706780E-01   0.501567E-01   0.353606E-01  -0.999900E+04  -0.999900E+04  -0.999900E+04  -0.999900E+04  -0.999900E+04  -0.999900E+04  -0.999900E+04  -0.999900E+04
   0.710400E+01   0.710400E+01  -0.999900E+04  -0.999900E+04  -0.999900E+04  -0.999900E+04  -0.999900E+04  -0.999900E+04  -0.999900E+04  -0.999900E+04   0.105159E+00   0.705661E-01   0.500521E-01   0.352585E-01  -0.999900E+04  -0.999900E+04  -0.999900E+04  -0.999900E+04  -0.999900E+04  -0.999900E+04  -0.999900E+04  -0.999900E+04
   0.720400E+01   0.720400E+01  -0.999900E+04  -0.999900E+04  -0.999900E+04  -0.999900E+04  -0.999900E+04  -0.999900E+04  -0.999900E+04  -0.999900E+04   0.105060E+00   0.704544E-01   0.499476E-01   0.351567E-01  -0.999900E+04  -0.999900E+04  -0.999900E+04  -0.999900E+04  -0.999900E+04  -0.999900E+04  -0.999900E+04  -0.999900E+04
   0.730400E+01   0.730400E+01  -0.999900E+04  -0.999900E+04  -0.999900E+04  -0.999900E+04  -0.999900E+04  -0.999900E+04  -0.999900E+04  -0.999900E+04   0.104962E+00   0.703427E-01   0.498432E-01   0.350550E-01  -0.999900E+04  -0.999900E+04  -0.999900E+04  -0.999900E+04  -0.999900E+04  -0.999900E+04  -0.999900E+04  -0.999900E+04
   0.740400E+01   0.740400E+01  -0.999900E+04  -0.999900E+04  -0.999900E+04  -0.999900E+04  -0.999900E+04  -0.999900E+04  -0.999900E+04  -0.999900E+04   0.104863E+00   0.702310E-01   0.497389E-01   0.349535E-01  -0.999900E+04  -0.999900E+04  -0.999900E+04  -0.999900E+04  -0.999900E+04  -0.999900E+04  -0.999900E+04  -0.999900E+04
   0.750400E+01   0.750400E+01  -0.999900E+04  -0.999900E+04  -0.999900E+04  -0.999900E+04  -0.999900E+04  -0.999900E+04  -0.999900E+04  -0.999900E+04   0.104765E+00   0.701193E-01   0.496348E-01   0.348521E-01  -0.999900E+04  -0.999900E+04  -0.999900E+04  -0.999900E+04  -0.999900E+04  -0.999900E+04  -0.999900E+04  -0.999900E+04
   0.760400E+01   0.760400E+01  -0.999900E+04  -0.999900E+04  -0.999900E+04  -0.999900E+04  -0.999900E+04  -0.999900E+04  -0.999900E+04  -0.999900E+04   0.104667E+00   0.700078E-01   0.495308E-01   0.347509E-01  -0.999900E+04  -0.999900E+04  -0.999900E+04  -0.999900E+04  -0.999900E+04  -0.999900E+04  -0.999900E+04  -0.999900E+04
   0.765000E+01   0.765000E+01   0.104516E+00   0.698072E-01   0.499854E-01   0.363895E-01   0.104516E+00   0.698072E-01   0.499854E-01   0.363895E-01   0.104622E+00   0.699565E-01   0.494830E-01   0.347044E-01  -0.105875E-03  -0.149335E-03   0.502407E-03   0.168505E-02  -0.114710E+00  -0.263473E+00   0.109037E+01   0.113818E+01
   0.770400E+01   0.770400E+01  -0.999900E+04  -0.999900E+04  -0.999900E+04  -0.999900E+04  -0.999900E+04  -0.999900E+04  -0.999900E+04  -0.999900E+04   0.104569E+00   0.698964E-01   0.494269E-01   0.346499E-01  -0.999900E+04  -0.999900E+04  -0.999900E+04  -0.999900E+04  -0.999900E+04  -0.999900E+04  -0.999900E+04  -0.999900E+04
   0.780400E+01   0.780400E+01  -0.999900E+04  -0.999900E+04  -0.999900E+04  -0.999900E+04  -0.999900E+04  -0.999900E+04  -0.999900E+04  -0.999900E+04   0.104471E+00   0.697850E-01   0.493232E-01   0.345490E-01  -0.999900E+04  -0.999900E+04  -0.999900E+04  -0.999900E+04  -0.999900E+04  -0.999900E+04  -0.999900E+04  -0.999900E+04
   0.790400E+01   0.790400E+01  -0.999900E+04  -0.999900E+04  -0.999900E+04  -0.999900E+04  -0.999900E+04  -0.999900E+04  -0.999900E+04  -0.999900E+04   0.104374E+00   0.696737E-01   0.492195E-01   0.344483E-01  -0.999900E+04  -0.999900E+04  -0.999900E+04  -0.999900E+04  -0.999900E+04  -0.999900E+04  -0.999900E+04  -0.999900E+04
   0.800400E+01   0.800400E+01  -0.999900E+04  -0.999900E+04  -0.999900E+04  -0.999900E+04  -0.999900E+04  -0.999900E+04  -0.999900E+04  -0.999900E+04   0.104276E+00   0.695625E-01   0.491161E-01   0.343479E-01  -0.999900E+04  -0.999900E+04  -0.999900E+04  -0.999900E+04  -0.999900E+04  -0.999900E+04  -0.999900E+04  -0.999900E+04
   0.810400E+01   0.810400E+01  -0.999900E+04  -0.999900E+04  -0.999900E+04  -0.999900E+04  -0.999900E+04  -0.999900E+04  -0.999900E+04  -0.999900E+04   0.104179E+00   0.694514E-01   0.490128E-01   0.342476E-01  -0.999900E+04  -0.999900E+04  -0.999900E+04  -0.999900E+04  -0.999900E+04  -0.999900E+04  -0.999900E+04  -0.999900E+04
   0.820400E+01   0.820400E+01  -0.999900E+04  -0.999900E+04  -0.999900E+04  -0.999900E+04  -0.999900E+04  -0.999900E+04  -0.999900E+04  -0.999900E+04   0.104082E+00   0.693403E-01   0.489096E-01   0.341475E-01  -0.999900E+04  -0.999900E+04  -0.999900E+04  -0.999900E+04  -0.999900E+04  -0.999900E+04  -0.999900E+04  -0.999900E+04
   0.830400E+01   0.830400E+01  -0.999900E+04  -0.999900E+04  -0.999900E+04  -0.999900E+04  -0.999900E+04  -0.999900E+04  -0.999900E+04  -0.999900E+04   0.103985E+00   0.692294E-01   0.488066E-01   0.340476E-01  -0.999900E+04  -0.999900E+04  -0.999900E+04  -0.999900E+04  -0.999900E+04  -0.999900E+04  -0.999900E+04  -0.999900E+04
   0.840400E+01   0.840400E+01  -0.999900E+04  -0.999900E+04  -0.999900E+04  -0.999900E+04  -0.999900E+04  -0.999900E+04  -0.999900E+04  -0.999900E+04   0.103889E+00   0.691184E-01   0.487037E-01   0.339479E-01  -0.999900E+04  -0.999900E+04  -0.999900E+04  -0.999900E+04  -0.999900E+04  -0.999900E+04  -0.999900E+04  -0.999900E+04
   0.850400E+01   0.850400E+01  -0.999900E+04  -0.999900E+04  -0.999900E+04  -0.999900E+04  -0.999900E+04  -0.999900E+04  -0.999900E+04  -0.999900E+04   0.103792E+00   0.690076E-01   0.486009E-01   0.338484E-01  -0.999900E+04  -0.999900E+04  -0.999900E+04  -0.999900E+04  -0.999900E+04  -0.999900E+04  -0.999900E+04  -0.999900E+04
   0.860400E+01   0.860400E+01  -0.999900E+04  -0.999900E+04  -0.999900E+04  -0.999900E+04  -0.999900E+04  -0.999900E+04  -0.999900E+04  -0.999900E+04   0.103696E+00   0.688969E-01   0.484984E-01   0.337491E-01  -0.999900E+04  -0.999900E+04  -0.999900E+04  -0.999900E+04  -0.999900E+04  -0.999900E+04  -0.999900E+04  -0.999900E+04
   0.870400E+01   0.870400E+01  -0.999900E+04  -0.999900E+04  -0.999900E+04  -0.999900E+04  -0.999900E+04  -0.999900E+04  -0.999900E+04  -0.999900E+04   0.103600E+00   0.687862E-01   0.483959E-01   0.336499E-01  -0.999900E+04  -0.999900E+04  -0.999900E+04  -0.999900E+04  -0.999900E+04  -0.999900E+04  -0.999900E+04  -0.999900E+04
   0.880400E+01   0.880400E+01  -0.999900E+04  -0.999900E+04  -0.999900E+04  -0.999900E+04  -0.999900E+04  -0.999900E+04  -0.999900E+04  -0.999900E+04   0.103504E+00   0.686756E-01   0.482935E-01   0.335510E-01  -0.999900E+04  -0.999900E+04  -0.999900E+04  -0.999900E+04  -0.999900E+04  -0.999900E+04  -0.999900E+04  -0.999900E+04
   0.890400E+01   0.890400E+01  -0.999900E+04  -0.999900E+04  -0.999900E+04  -0.999900E+04  -0.999900E+04  -0.999900E+04  -0.999900E+04  -0.999900E+04   0.103408E+00   0.685651E-01   0.481913E-01   0.334523E-01  -0.999900E+04  -0.999900E+04  -0.999900E+04  -0.999900E+04  -0.999900E+04  -0.999900E+04  -0.999900E+04  -0.999900E+04
   0.900400E+01   0.900400E+01  -0.999900E+04  -0.999900E+04  -0.999900E+04  -0.999900E+04  -0.999900E+04  -0.999900E+04  -0.999900E+04  -0.999900E+04   0.103313E+00   0.684546E-01   0.480893E-01   0.333538E-01  -0.999900E+04  -0.999900E+04  -0.999900E+04  -0.999900E+04  -0.999900E+04  -0.999900E+04  -0.999900E+04  -0.999900E+04
   0.910400E+01   0.910400E+01  -0.999900E+04  -0.999900E+04  -0.999900E+04  -0.999900E+04  -0.999900E+04  -0.999900E+04  -0.999900E+04  -0.999900E+04   0.103217E+00   0.683442E-01   0.479874E-01   0.332555E-01  -0.999900E+04  -0.999900E+04  -0.999900E+04  -0.999900E+04  -0.999900E+04  -0.999900E+04  -0.999900E+04  -0.999900E+04
   0.920400E+01   0.920400E+01  -0.999900E+04  -0.999900E+04  -0.999900E+04  -0.999900E+04  -0.999900E+04  -0.999900E+04  -0.999900E+04  -0.999900E+04   0.103122E+00   0.682339E-01   0.478857E-01   0.331574E-01  -0.999900E+04  -0.999900E+04  -0.999900E+04  -0.999900E+04  -0.999900E+04  -0.999900E+04  -0.999900E+04  -0.999900E+04
   0.930400E+01   0.930400E+01  -0.999900E+04  -0.999900E+04  -0.999900E+04  -0.999900E+04  -0.999900E+04  -0.999900E+04  -0.999900E+04  -0.999900E+04   0.103027E+00   0.681237E-01   0.477840E-01   0.330595E-01  -0.999900E+04  -0.999900E+04  -0.999900E+04  -0.999900E+04  -0.999900E+04  -0.999900E+04  -0.999900E+04  -0.999900E+04
   0.940400E+01   0.940400E+01  -0.999900E+04  -0.999900E+04  -0.999900E+04  -0.999900E+04  -0.999900E+04  -0.999900E+04  -0.999900E+04  -0.999900E+04   0.102932E+00   0.680134E-01   0.476825E-01   0.329617E-01  -0.999900E+04  -0.999900E+04  -0.999900E+04  -0.999900E+04  -0.999900E+04  -0.999900E+04  -0.999900E+04  -0.999900E+04
   0.950400E+01   0.950400E+01  -0.999900E+04  -0.999900E+04  -0.999900E+04  -0.999900E+04  -0.999900E+04  -0.999900E+04  -0.999900E+04  -0.999900E+04   0.102837E+00   0.679033E-01   0.475812E-01   0.328643E-01  -0.999900E+04  -0.999900E+04  -0.999900E+04  -0.999900E+04  -0.999900E+04  -0.999900E+04  -0.999900E+04  -0.999900E+04
   0.960400E+01   0.960400E+01  -0.999900E+04  -0.999900E+04  -0.999900E+04  -0.999900E+04  -0.999900E+04  -0.999900E+04  -0.999900E+04  -0.999900E+04   0.102743E+00   0.677932E-01   0.474800E-01   0.327670E-01  -0.999900E+04  -0.999900E+04  -0.999900E+04  -0.999900E+04  -0.999900E+04  -0.999900E+04  -0.999900E+04  -0.999900E+04
   0.965000E+01   0.965000E+01   0.102142E+00   0.672428E-01   0.476209E-01   0.339301E-01   0.102142E+00   0.672428E-01   0.476209E-01   0.339301E-01   0.102699E+00   0.677426E-01   0.474335E-01   0.327223E-01  -0.556963E-03  -0.499805E-03   0.187426E-03   0.120774E-02  -0.603443E+00  -0.881811E+00   0.406771E+00   0.815778E+00
   0.970400E+01   0.970400E+01  -0.999900E+04  -0.999900E+04  -0.999900E+04  -0.999900E+04  -0.999900E+04  -0.999900E+04  -0.999900E+04  -0.999900E+04   0.102648E+00   0.676832E-01   0.473789E-01   0.326699E-01  -0.999900E+04  -0.999900E+04  -0.999900E+04  -0.999900E+04  -0.999900E+04  -0.999900E+04  -0.999900E+04  -0.999900E+04
   0.980400E+01   0.980400E+01  -0.999900E+04  -0.999900E+04  -0.999900E+04  -0.999900E+04  -0.999900E+04  -0.999900E+04  -0.999900E+04  -0.999900E+04   0.102554E+00   0.675732E-01   0.472779E-01   0.325731E-01  -0.999900E+04  -0.999900E+04  -0.999900E+04  -0.999900E+04  -0.999900E+04  -0.999900E+04  -0.999900E+04  -0.999900E+04
   0.990400E+01   0.990400E+01  -0.999900E+04  -0.999900E+04  -0.999900E+04  -0.999900E+04  -0.999900E+04  -0.999900E+04  -0.999900E+04  -0.999900E+04   0.102459E+00   0.674632E-01   0.471771E-01   0.324764E-01  -0.999900E+04  -0.999900E+04  -0.999900E+04  -0.999900E+04  -0.999900E+04  -0.999900E+04  -0.999900E+04  -0.999900E+04
   0.100040E+02   0.100040E+02  -0.999900E+04  -0.999900E+04  -0.999900E+04  -0.999900E+04  -0.999900E+04  -0.999900E+04  -0.999900E+04  -0.999900E+04   0.102365E+00   0.673533E-01   0.470763E-01   0.323799E-01  -0.999900E+04  -0.999900E+04  -0.999900E+04  -0.999900E+04  -0.999900E+04  -0.999900E+04  -0.999900E+04  -0.999900E+04
   0.101040E+02   0.101040E+02  -0.999900E+04  -0.999900E+04  -0.999900E+04  -0.999900E+04  -0.999900E+04  -0.999900E+04  -0.999900E+04  -0.999900E+04   0.102272E+00   0.672434E-01   0.469758E-01   0.322837E-01  -0.999900E+04  -0.999900E+04  -0.999900E+04  -0.999900E+04  -0.999900E+04  -0.999900E+04  -0.999900E+04  -0.999900E+04
   0.102040E+02   0.102040E+02  -0.999900E+04  -0.999900E+04  -0.999900E+04  -0.999900E+04  -0.999900E+04  -0.999900E+04  -0.999900E+04  -0.999900E+04   0.102178E+00   0.671336E-01   0.468753E-01   0.321877E-01  -0.999900E+04  -0.999900E+04  -0.999900E+04  -0.999900E+04  -0.999900E+04  -0.999900E+04  -0.999900E+04  -0.999900E+04
   0.103040E+02   0.103040E+02  -0.999900E+04  -0.999900E+04  -0.999900E+04  -0.999900E+04  -0.999900E+04  -0.999900E+04  -0.999900E+04  -0.999900E+04   0.102084E+00   0.670237E-01   0.467749E-01   0.320918E-01  -0.999900E+04  -0.999900E+04  -0.999900E+04  -0.999900E+04  -0.999900E+04  -0.999900E+04  -0.999900E+04  -0.999900E+04
   0.104040E+02   0.104040E+02  -0.999900E+04  -0.999900E+04  -0.999900E+04  -0.999900E+04  -0.999900E+04  -0.999900E+04  -0.999900E+04  -0.999900E+04   0.101991E+00   0.669139E-01   0.466746E-01   0.319962E-01  -0.999900E+04  -0.999900E+04  -0.999900E+04  -0.999900E+04  -0.999900E+04  -0.999900E+04  -0.999900E+04  -0.999900E+04
   0.105040E+02   0.105040E+02  -0.999900E+04  -0.999900E+04  -0.999900E+04  -0.999900E+04  -0.999900E+04  -0.999900E+04  -0.999900E+04  -0.999900E+04   0.101898E+00   0.668041E-01   0.465745E-01   0.319007E-01  -0.999900E+04  -0.999900E+04  -0.999900E+04  -0.999900E+04  -0.999900E+04  -0.999900E+04  -0.999900E+04  -0.999900E+04
   0.106040E+02   0.106040E+02  -0.999900E+04  -0.999900E+04  -0.999900E+04  -0.999900E+04  -0.999900E+04  -0.999900E+04  -0.999900E+04  -0.999900E+04   0.101804E+00   0.666943E-01   0.464745E-01   0.318055E-01  -0.999900E+04  -0.999900E+04  -0.999900E+04  -0.999900E+04  -0.999900E+04  -0.999900E+04  -0.999900E+04  -0.999900E+04
   0.107040E+02   0.107040E+02  -0.999900E+04  -0.999900E+04  -0.999900E+04  -0.999900E+04  -0.999900E+04  -0.999900E+04  -0.999900E+04  -0.999900E+04   0.101711E+00   0.665845E-01   0.463745E-01   0.317105E-01  -0.999900E+04  -0.999900E+04  -0.999900E+04  -0.999900E+04  -0.999900E+04  -0.999900E+04  -0.999900E+04  -0.999900E+04
   0.108040E+02   0.108040E+02  -0.999900E+04  -0.999900E+04  -0.999900E+04  -0.999900E+04  -0.999900E+04  -0.999900E+04  -0.999900E+04  -0.999900E+04   0.101618E+00   0.664746E-01   0.462747E-01   0.316156E-01  -0.999900E+04  -0.999900E+04  -0.999900E+04  -0.999900E+04  -0.999900E+04  -0.999900E+04  -0.999900E+04  -0.999900E+04
   0.109040E+02   0.109040E+02  -0.999900E+04  -0.999900E+04  -0.999900E+04  -0.999900E+04  -0.999900E+04  -0.999900E+04  -0.999900E+04  -0.999900E+04   0.101525E+00   0.663648E-01   0.461749E-01   0.315210E-01  -0.999900E+04  -0.999900E+04  -0.999900E+04  -0.999900E+04  -0.999900E+04  -0.999900E+04  -0.999900E+04  -0.999900E+04
   0.110040E+02   0.110040E+02  -0.999900E+04  -0.999900E+04  -0.999900E+04  -0.999900E+04  -0.999900E+04  -0.999900E+04  -0.999900E+04  -0.999900E+04   0.101432E+00   0.662549E-01   0.460752E-01   0.314265E-01  -0.999900E+04  -0.999900E+04  -0.999900E+04  -0.999900E+04  -0.999900E+04  -0.999900E+04  -0.999900E+04  -0.999900E+04
   0.111040E+02   0.111040E+02  -0.999900E+04  -0.999900E+04  -0.999900E+04  -0.999900E+04  -0.999900E+04  -0.999900E+04  -0.999900E+04  -0.999900E+04   0.101339E+00   0.661450E-01   0.459756E-01   0.313322E-01  -0.999900E+04  -0.999900E+04  -0.999900E+04  -0.999900E+04  -0.999900E+04  -0.999900E+04  -0.999900E+04  -0.999900E+04
   0.112040E+02   0.112040E+02  -0.999900E+04  -0.999900E+04  -0.999900E+04  -0.999900E+04  -0.999900E+04  -0.999900E+04  -0.999900E+04  -0.999900E+04   0.101247E+00   0.660351E-01   0.458761E-01   0.312381E-01  -0.999900E+04  -0.999900E+04  -0.999900E+04  -0.999900E+04  -0.999900E+04  -0.999900E+04  -0.999900E+04  -0.999900E+04
   0.113040E+02   0.113040E+02  -0.999900E+04  -0.999900E+04  -0.999900E+04  -0.999900E+04  -0.999900E+04  -0.999900E+04  -0.999900E+04  -0.999900E+04   0.101154E+00   0.659252E-01   0.457766E-01   0.311442E-01  -0.999900E+04  -0.999900E+04  -0.999900E+04  -0.999900E+04  -0.999900E+04  -0.999900E+04  -0.999900E+04  -0.999900E+04
   0.114040E+02   0.114040E+02  -0.999900E+04  -0.999900E+04  -0.999900E+04  -0.999900E+04  -0.999900E+04  -0.999900E+04  -0.999900E+04  -0.999900E+04   0.101062E+00   0.658151E-01   0.456772E-01   0.310505E-01  -0.999900E+04  -0.999900E+04  -0.999900E+04  -0.999900E+04  -0.999900E+04  -0.999900E+04  -0.999900E+04  -0.999900E+04
   0.115040E+02   0.115040E+02  -0.999900E+04  -0.999900E+04  -0.999900E+04  -0.999900E+04  -0.999900E+04  -0.999900E+04  -0.999900E+04  -0.999900E+04   0.100969E+00   0.657050E-01   0.455779E-01   0.309569E-01  -0.999900E+04  -0.999900E+04  -0.999900E+04  -0.999900E+04  -0.999900E+04  -0.999900E+04  -0.999900E+04  -0.999900E+04
   0.116040E+02   0.116040E+02  -0.999900E+04  -0.999900E+04  -0.999900E+04  -0.999900E+04  -0.999900E+04  -0.999900E+04  -0.999900E+04  -0.999900E+04   0.100877E+00   0.655949E-01   0.454786E-01   0.308635E-01  -0.999900E+04  -0.999900E+04  -0.999900E+04  -0.999900E+04  -0.999900E+04  -0.999900E+04  -0.999900E+04  -0.999900E+04
   0.116500E+02   0.116500E+02   0.100660E+00   0.650094E-01   0.456141E-01   0.320205E-01   0.100660E+00   0.650094E-01   0.456141E-01   0.320205E-01   0.100834E+00   0.655442E-01   0.454329E-01   0.308206E-01  -0.174009E-03  -0.534749E-03   0.181177E-03   0.119992E-02  -0.188530E+00  -0.943463E+00   0.393208E+00   0.810495E+00
   0.117040E+02   0.117040E+02  -0.999900E+04  -0.999900E+04  -0.999900E+04  -0.999900E+04  -0.999900E+04  -0.999900E+04  -0.999900E+04  -0.999900E+04   0.100784E+00   0.654846E-01   0.453793E-01   0.307703E-01  -0.999900E+04  -0.999900E+04  -0.999900E+04  -0.999900E+04  -0.999900E+04  -0.999900E+04  -0.999900E+04  -0.999900E+04
   0.118040E+02   0.118040E+02  -0.999900E+04  -0.999900E+04  -0.999900E+04  -0.999900E+04  -0.999900E+04  -0.999900E+04  -0.999900E+04  -0.999900E+04   0.100692E+00   0.653743E-01   0.452801E-01   0.306772E-01  -0.999900E+04  -0.999900E+04  -0.999900E+04  -0.999900E+04  -0.999900E+04  -0.999900E+04  -0.999900E+04  -0.999900E+04
   0.119040E+02   0.119040E+02  -0.999900E+04  -0.999900E+04  -0.999900E+04  -0.999900E+04  -0.999900E+04  -0.999900E+04  -0.999900E+04  -0.999900E+04   0.100600E+00   0.652638E-01   0.451809E-01   0.305843E-01  -0.999900E+04  -0.999900E+04  -0.999900E+04  -0.999900E+04  -0.999900E+04  -0.999900E+04  -0.999900E+04  -0.999900E+04
   0.120040E+02   0.120040E+02  -0.999900E+04  -0.999900E+04  -0.999900E+04  -0.999900E+04  -0.999900E+04  -0.999900E+04  -0.999900E+04  -0.999900E+04   0.100507E+00   0.651532E-01   0.450817E-01   0.304916E-01  -0.999900E+04  -0.999900E+04  -0.999900E+04  -0.999900E+04  -0.999900E+04  -0.999900E+04  -0.999900E+04  -0.999900E+04
   0.121040E+02   0.121040E+02  -0.999900E+04  -0.999900E+04  -0.999900E+04  -0.999900E+04  -0.999900E+04  -0.999900E+04  -0.999900E+04  -0.999900E+04   0.100415E+00   0.650425E-01   0.449825E-01   0.303989E-01  -0.999900E+04  -0.999900E+04  -0.999900E+04  -0.999900E+04  -0.999900E+04  -0.999900E+04  -0.999900E+04  -0.999900E+04
   0.122040E+02   0.122040E+02  -0.999900E+04  -0.999900E+04  -0.999900E+04  -0.999900E+04  -0.999900E+04  -0.999900E+04  -0.999900E+04  -0.999900E+04   0.100323E+00   0.649317E-01   0.448833E-01   0.303065E-01  -0.999900E+04  -0.999900E+04  -0.999900E+04  -0.999900E+04  -0.999900E+04  -0.999900E+04  -0.999900E+04  -0.999900E+04
   0.123040E+02   0.123040E+02  -0.999900E+04  -0.999900E+04  -0.999900E+04  -0.999900E+04  -0.999900E+04  -0.999900E+04  -0.999900E+04  -0.999900E+04   0.100231E+00   0.648207E-01   0.447842E-01   0.302141E-01  -0.999900E+04  -0.999900E+04  -0.999900E+04  -0.999900E+04  -0.999900E+04  -0.999900E+04  -0.999900E+04  -0.999900E+04
   0.124040E+02   0.124040E+02  -0.999900E+04  -0.999900E+04  -0.999900E+04  -0.999900E+04  -0.999900E+04  -0.999900E+04  -0.999900E+04  -0.999900E+04   0.100138E+00   0.647095E-01   0.446850E-01   0.301219E-01  -0.999900E+04  -0.999900E+04  -0.999900E+04  -0.999900E+04  -0.999900E+04  -0.999900E+04  -0.999900E+04  -0.999900E+04
   0.125040E+02   0.125040E+02  -0.999900E+04  -0.999900E+04  -0.999900E+04  -0.999900E+04  -0.999900E+04  -0.999900E+04  -0.999900E+04  -0.999900E+04   0.100046E+00   0.645982E-01   0.445857E-01   0.300298E-01  -0.999900E+04  -0.999900E+04  -0.999900E+04  -0.999900E+04  -0.999900E+04  -0.999900E+04  -0.999900E+04  -0.999900E+04
   0.126040E+02   0.126040E+02  -0.999900E+04  -0.999900E+04  -0.999900E+04  -0.999900E+04  -0.999900E+04  -0.999900E+04  -0.999900E+04  -0.999900E+04   0.999534E-01   0.644866E-01   0.444864E-01   0.299378E-01  -0.999900E+04  -0.999900E+04  -0.999900E+04  -0.999900E+04  -0.999900E+04  -0.999900E+04  -0.999900E+04  -0.999900E+04
   0.127040E+02   0.127040E+02  -0.999900E+04  -0.999900E+04  -0.999900E+04  -0.999900E+04  -0.999900E+04  -0.999900E+04  -0.999900E+04  -0.999900E+04   0.998610E-01   0.643749E-01   0.443871E-01   0.298459E-01  -0.999900E+04  -0.999900E+04  -0.999900E+04  -0.999900E+04  -0.999900E+04  -0.999900E+04  -0.999900E+04  -0.999900E+04
   0.128040E+02   0.128040E+02  -0.999900E+04  -0.999900E+04  -0.999900E+04  -0.999900E+04  -0.999900E+04  -0.999900E+04  -0.999900E+04  -0.999900E+04   0.997685E-01   0.642630E-01   0.442877E-01   0.297542E-01  -0.999900E+04  -0.999900E+04  -0.999900E+04  -0.999900E+04  -0.999900E+04  -0.999900E+04  -0.999900E+04  -0.999900E+04
   0.129040E+02   0.129040E+02  -0.999900E+04  -0.999900E+04  -0.999900E+04  -0.999900E+04  -0.999900E+04  -0.999900E+04  -0.999900E+04  -0.999900E+04   0.996758E-01   0.641507E-01   0.441883E-01   0.296624E-01  -0.999900E+04  -0.999900E+04  -0.999900E+04  -0.999900E+04  -0.999900E+04  -0.999900E+04  -0.999900E+04  -0.999900E+04
   0.130040E+02   0.130040E+02  -0.999900E+04  -0.999900E+04  -0.999900E+04  -0.999900E+04  -0.999900E+04  -0.999900E+04  -0.999900E+04  -0.999900E+04   0.995831E-01   0.640382E-01   0.440887E-01   0.295708E-01  -0.999900E+04  -0.999900E+04  -0.999900E+04  -0.999900E+04  -0.999900E+04  -0.999900E+04  -0.999900E+04  -0.999900E+04
   0.131040E+02   0.131040E+02  -0.999900E+04  -0.999900E+04  -0.999900E+04  -0.999900E+04  -0.999900E+04  -0.999900E+04  -0.999900E+04  -0.999900E+04   0.994903E-01   0.639255E-01   0.439890E-01   0.294792E-01  -0.999900E+04  -0.999900E+04  -0.999900E+04  -0.999900E+04  -0.999900E+04  -0.999900E+04  -0.999900E+04  -0.999900E+04
   0.132040E+02   0.132040E+02  -0.999900E+04  -0.999900E+04  -0.999900E+04  -0.999900E+04  -0.999900E+04  -0.999900E+04  -0.999900E+04  -0.999900E+04   0.993974E-01   0.638125E-01   0.438893E-01   0.293878E-01  -0.999900E+04  -0.999900E+04  -0.999900E+04  -0.999900E+04  -0.999900E+04  -0.999900E+04  -0.999900E+04  -0.999900E+04
   0.133040E+02   0.133040E+02  -0.999900E+04  -0.999900E+04  -0.999900E+04  -0.999900E+04  -0.999900E+04  -0.999900E+04  -0.999900E+04  -0.999900E+04   0.993044E-01   0.636992E-01   0.437895E-01   0.292964E-01  -0.999900E+04  -0.999900E+04  -0.999900E+04  -0.999900E+04  -0.999900E+04  -0.999900E+04  -0.999900E+04  -0.999900E+04
   0.134040E+02   0.134040E+02  -0.999900E+04  -0.999900E+04  -0.999900E+04  -0.999900E+04  -0.999900E+04  -0.999900E+04  -0.999900E+04  -0.999900E+04   0.992112E-01   0.635856E-01   0.436895E-01   0.292051E-01  -0.999900E+04  -0.999900E+04  -0.999900E+04  -0.999900E+04  -0.999900E+04  -0.999900E+04  -0.999900E+04  -0.999900E+04
   0.135040E+02   0.135040E+02  -0.999900E+04  -0.999900E+04  -0.999900E+04  -0.999900E+04  -0.999900E+04  -0.999900E+04  -0.999900E+04  -0.999900E+04   0.991178E-01   0.634716E-01   0.435893E-01   0.291137E-01  -0.999900E+04  -0.999900E+04  -0.999900E+04  -0.999900E+04  -0.999900E+04  -0.999900E+04  -0.999900E+04  -0.999900E+04
   0.136040E+02   0.136040E+02  -0.999900E+04  -0.999900E+04  -0.999900E+04  -0.999900E+04  -0.999900E+04  -0.999900E+04  -0.999900E+04  -0.999900E+04   0.990243E-01   0.633572E-01   0.434890E-01   0.290224E-01  -0.999900E+04  -0.999900E+04  -0.999900E+04  -0.999900E+04  -0.999900E+04  -0.999900E+04  -0.999900E+04  -0.999900E+04
   0.137040E+02   0.137040E+02  -0.999900E+04  -0.999900E+04  -0.999900E+04  -0.999900E+04  -0.999900E+04  -0.999900E+04  -0.999900E+04  -0.999900E+04   0.989307E-01   0.632426E-01   0.433886E-01   0.289312E-01  -0.999900E+04  -0.999900E+04  -0.999900E+04  -0.999900E+04  -0.999900E+04  -0.999900E+04  -0.999900E+04  -0.999900E+04
   0.138040E+02   0.138040E+02  -0.999900E+04  -0.999900E+04  -0.999900E+04  -0.999900E+04  -0.999900E+04  -0.999900E+04  -0.999900E+04  -0.999900E+04   0.988369E-01   0.631276E-01   0.432880E-01   0.288400E-01  -0.999900E+04  -0.999900E+04  -0.999900E+04  -0.999900E+04  -0.999900E+04  -0.999900E+04  -0.999900E+04  -0.999900E+04
   0.139040E+02   0.139040E+02  -0.999900E+04  -0.999900E+04  -0.999900E+04  -0.999900E+04  -0.999900E+04  -0.999900E+04  -0.999900E+04  -0.999900E+04   0.987428E-01   0.630120E-01   0.431871E-01   0.287487E-01  -0.999900E+04  -0.999900E+04  -0.999900E+04  -0.999900E+04  -0.999900E+04  -0.999900E+04  -0.999900E+04  -0.999900E+04
   0.140040E+02   0.140040E+02  -0.999900E+04  -0.999900E+04  -0.999900E+04  -0.999900E+04  -0.999900E+04  -0.999900E+04  -0.999900E+04  -0.999900E+04   0.986485E-01   0.628960E-01   0.430860E-01   0.286574E-01  -0.999900E+04  -0.999900E+04  -0.999900E+04  -0.999900E+04  -0.999900E+04  -0.999900E+04  -0.999900E+04  -0.999900E+04
   0.141040E+02   0.141040E+02  -0.999900E+04  -0.999900E+04  -0.999900E+04  -0.999900E+04  -0.999900E+04  -0.999900E+04  -0.999900E+04  -0.999900E+04   0.985540E-01   0.627796E-01   0.429847E-01   0.285661E-01  -0.999900E+04  -0.999900E+04  -0.999900E+04  -0.999900E+04  -0.999900E+04  -0.999900E+04  -0.999900E+04  -0.999900E+04
   0.142040E+02   0.142040E+02  -0.999900E+04  -0.999900E+04  -0.999900E+04  -0.999900E+04  -0.999900E+04  -0.999900E+04  -0.999900E+04  -0.999900E+04   0.984592E-01   0.626627E-01   0.428832E-01   0.284748E-01  -0.999900E+04  -0.999900E+04  -0.999900E+04  -0.999900E+04  -0.999900E+04  -0.999900E+04  -0.999900E+04  -0.999900E+04
   0.143040E+02   0.143040E+02  -0.999900E+04  -0.999900E+04  -0.999900E+04  -0.999900E+04  -0.999900E+04  -0.999900E+04  -0.999900E+04  -0.999900E+04   0.983643E-01   0.625454E-01   0.427814E-01   0.283835E-01  -0.999900E+04  -0.999900E+04  -0.999900E+04  -0.999900E+04  -0.999900E+04  -0.999900E+04  -0.999900E+04  -0.999900E+04
   0.144040E+02   0.144040E+02  -0.999900E+04  -0.999900E+04  -0.999900E+04  -0.999900E+04  -0.999900E+04  -0.999900E+04  -0.999900E+04  -0.999900E+04   0.982690E-01   0.624275E-01   0.426793E-01   0.282921E-01  -0.999900E+04  -0.999900E+04  -0.999900E+04  -0.999900E+04  -0.999900E+04  -0.999900E+04  -0.999900E+04  -0.999900E+04
   0.145040E+02   0.145040E+02  -0.999900E+04  -0.999900E+04  -0.999900E+04  -0.999900E+04  -0.999900E+04  -0.999900E+04  -0.999900E+04  -0.999900E+04   0.981733E-01   0.623090E-01   0.425769E-01   0.282006E-01  -0.999900E+04  -0.999900E+04  -0.999900E+04  -0.999900E+04  -0.999900E+04  -0.999900E+04  -0.999900E+04  -0.999900E+04
   0.146040E+02   0.146040E+02  -0.999900E+04  -0.999900E+04  -0.999900E+04  -0.999900E+04  -0.999900E+04  -0.999900E+04  -0.999900E+04  -0.999900E+04   0.980773E-01   0.621899E-01   0.424742E-01   0.281090E-01  -0.999900E+04  -0.999900E+04  -0.999900E+04  -0.999900E+04  -0.999900E+04  -0.999900E+04  -0.999900E+04  -0.999900E+04
   0.147040E+02   0.147040E+02  -0.999900E+04  -0.999900E+04  -0.999900E+04  -0.999900E+04  -0.999900E+04  -0.999900E+04  -0.999900E+04  -0.999900E+04   0.979811E-01   0.620703E-01   0.423711E-01   0.280174E-01  -0.999900E+04  -0.999900E+04  -0.999900E+04  -0.999900E+04  -0.999900E+04  -0.999900E+04  -0.999900E+04  -0.999900E+04
   0.148040E+02   0.148040E+02  -0.999900E+04  -0.999900E+04  -0.999900E+04  -0.999900E+04  -0.999900E+04  -0.999900E+04  -0.999900E+04  -0.999900E+04   0.978843E-01   0.619499E-01   0.422676E-01   0.279255E-01  -0.999900E+04  -0.999900E+04  -0.999900E+04  -0.999900E+04  -0.999900E+04  -0.999900E+04  -0.999900E+04  -0.999900E+04
   0.149040E+02   0.149040E+02  -0.999900E+04  -0.999900E+04  -0.999900E+04  -0.999900E+04  -0.999900E+04  -0.999900E+04  -0.999900E+04  -0.999900E+04   0.977872E-01   0.618287E-01   0.421637E-01   0.278335E-01  -0.999900E+04  -0.999900E+04  -0.999900E+04  -0.999900E+04  -0.999900E+04  -0.999900E+04  -0.999900E+04  -0.999900E+04
   0.150040E+02   0.150040E+02  -0.999900E+04  -0.999900E+04  -0.999900E+04  -0.999900E+04  -0.999900E+04  -0.999900E+04  -0.999900E+04  -0.999900E+04   0.976897E-01   0.617070E-01   0.420594E-01   0.277414E-01  -0.999900E+04  -0.999900E+04  -0.999900E+04  -0.999900E+04  -0.999900E+04  -0.999900E+04  -0.999900E+04  -0.999900E+04
   0.151040E+02   0.151040E+02  -0.999900E+04  -0.999900E+04  -0.999900E+04  -0.999900E+04  -0.999900E+04  -0.999900E+04  -0.999900E+04  -0.999900E+04   0.975918E-01   0.615846E-01   0.419547E-01   0.276492E-01  -0.999900E+04  -0.999900E+04  -0.999900E+04  -0.999900E+04  -0.999900E+04  -0.999900E+04  -0.999900E+04  -0.999900E+04
   0.152040E+02   0.152040E+02  -0.999900E+04  -0.999900E+04  -0.999900E+04  -0.999900E+04  -0.999900E+04  -0.999900E+04  -0.999900E+04  -0.999900E+04   0.974936E-01   0.614615E-01   0.418497E-01   0.275568E-01  -0.999900E+04  -0.999900E+04  -0.999900E+04  -0.999900E+04  -0.999900E+04  -0.999900E+04  -0.999900E+04  -0.999900E+04
   0.153040E+02   0.153040E+02  -0.999900E+04  -0.999900E+04  -0.999900E+04  -0.999900E+04  -0.999900E+04  -0.999900E+04  -0.999900E+04  -0.999900E+04   0.973948E-01   0.613375E-01   0.417441E-01   0.274642E-01  -0.999900E+04  -0.999900E+04  -0.999900E+04  -0.999900E+04  -0.999900E+04  -0.999900E+04  -0.999900E+04  -0.999900E+04
   0.154040E+02   0.154040E+02  -0.999900E+04  -0.999900E+04  -0.999900E+04  -0.999900E+04  -0.999900E+04  -0.999900E+04  -0.999900E+04  -0.999900E+04   0.972955E-01   0.612125E-01   0.416379E-01   0.273713E-01  -0.999900E+04  -0.999900E+04  -0.999900E+04  -0.999900E+04  -0.999900E+04  -0.999900E+04  -0.999900E+04  -0.999900E+04
   0.155040E+02   0.155040E+02  -0.999900E+04  -0.999900E+04  -0.999900E+04  -0.999900E+04  -0.999900E+04  -0.999900E+04  -0.999900E+04  -0.999900E+04   0.971957E-01   0.610867E-01   0.415312E-01   0.272782E-01  -0.999900E+04  -0.999900E+04  -0.999900E+04  -0.999900E+04  -0.999900E+04  -0.999900E+04  -0.999900E+04  -0.999900E+04
   0.156040E+02   0.156040E+02  -0.999900E+04  -0.999900E+04  -0.999900E+04  -0.999900E+04  -0.999900E+04  -0.999900E+04  -0.999900E+04  -0.999900E+04   0.970954E-01   0.609602E-01   0.414240E-01   0.271850E-01  -0.999900E+04  -0.999900E+04  -0.999900E+04  -0.999900E+04  -0.999900E+04  -0.999900E+04  -0.999900E+04  -0.999900E+04
   0.156500E+02   0.156500E+02  -0.999900E+04  -0.999900E+04  -0.999900E+04  -0.999900E+04  -0.999900E+04  -0.999900E+04  -0.999900E+04  -0.999900E+04   0.970491E-01   0.609016E-01   0.413746E-01   0.271420E-01  -0.999900E+04  -0.999900E+04  -0.999900E+04  -0.999900E+04  -0.999900E+04  -0.999900E+04  -0.999900E+04  -0.999900E+04
   0.157040E+02   0.157040E+02  -0.999900E+04  -0.999900E+04  -0.999900E+04  -0.999900E+04  -0.999900E+04  -0.999900E+04  -0.999900E+04  -0.999900E+04   0.969946E-01   0.608326E-01   0.413163E-01   0.270914E-01  -0.999900E+04  -0.999900E+04  -0.999900E+04  -0.999900E+04  -0.999900E+04  -0.999900E+04  -0.999900E+04  -0.999900E+04
   0.158040E+02   0.158040E+02  -0.999900E+04  -0.999900E+04  -0.999900E+04  -0.999900E+04  -0.999900E+04  -0.999900E+04  -0.999900E+04  -0.999900E+04   0.968932E-01   0.607041E-01   0.412079E-01   0.269976E-01  -0.999900E+04  -0.999900E+04  -0.999900E+04  -0.999900E+04  -0.999900E+04  -0.999900E+04  -0.999900E+04  -0.999900E+04
   0.159040E+02   0.159040E+02  -0.999900E+04  -0.999900E+04  -0.999900E+04  -0.999900E+04  -0.999900E+04  -0.999900E+04  -0.999900E+04  -0.999900E+04   0.967911E-01   0.605743E-01   0.410988E-01   0.269033E-01  -0.999900E+04  -0.999900E+04  -0.999900E+04  -0.999900E+04  -0.999900E+04  -0.999900E+04  -0.999900E+04  -0.999900E+04
   0.160040E+02   0.160040E+02  -0.999900E+04  -0.999900E+04  -0.999900E+04  -0.999900E+04  -0.999900E+04  -0.999900E+04  -0.999900E+04  -0.999900E+04   0.966884E-01   0.604437E-01   0.409891E-01   0.268088E-01  -0.999900E+04  -0.999900E+04  -0.999900E+04  -0.999900E+04  -0.999900E+04  -0.999900E+04  -0.999900E+04  -0.999900E+04
   0.161040E+02   0.161040E+02  -0.999900E+04  -0.999900E+04  -0.999900E+04  -0.999900E+04  -0.999900E+04  -0.999900E+04  -0.999900E+04  -0.999900E+04   0.965852E-01   0.603120E-01   0.408788E-01   0.267140E-01  -0.999900E+04  -0.999900E+04  -0.999900E+04  -0.999900E+04  -0.999900E+04  -0.999900E+04  -0.999900E+04  -0.999900E+04
   0.162040E+02   0.162040E+02  -0.999900E+04  -0.999900E+04  -0.999900E+04  -0.999900E+04  -0.999900E+04  -0.999900E+04  -0.999900E+04  -0.999900E+04   0.964814E-01   0.601793E-01   0.407678E-01   0.266190E-01  -0.999900E+04  -0.999900E+04  -0.999900E+04  -0.999900E+04  -0.999900E+04  -0.999900E+04  -0.999900E+04  -0.999900E+04
   0.163040E+02   0.163040E+02  -0.999900E+04  -0.999900E+04  -0.999900E+04  -0.999900E+04  -0.999900E+04  -0.999900E+04  -0.999900E+04  -0.999900E+04   0.963767E-01   0.600452E-01   0.406560E-01   0.265234E-01  -0.999900E+04  -0.999900E+04  -0.999900E+04  -0.999900E+04  -0.999900E+04  -0.999900E+04  -0.999900E+04  -0.999900E+04
   0.164040E+02   0.164040E+02  -0.999900E+04  -0.999900E+04  -0.999900E+04  -0.999900E+04  -0.999900E+04  -0.999900E+04  -0.999900E+04  -0.999900E+04   0.962712E-01   0.599096E-01   0.405432E-01   0.264273E-01  -0.999900E+04  -0.999900E+04  -0.999900E+04  -0.999900E+04  -0.999900E+04  -0.999900E+04  -0.999900E+04  -0.999900E+04
   0.165040E+02   0.165040E+02  -0.999900E+04  -0.999900E+04  -0.999900E+04  -0.999900E+04  -0.999900E+04  -0.999900E+04  -0.999900E+04  -0.999900E+04   0.961649E-01   0.597729E-01   0.404296E-01   0.263308E-01  -0.999900E+04  -0.999900E+04  -0.999900E+04  -0.999900E+04  -0.999900E+04  -0.999900E+04  -0.999900E+04  -0.999900E+04
