a0_min         a1_min         a2_min         a3_min         Y1_intercept   Y2_intercept   Y3_intercept   Y4_intercept   LogPost        LogPrior       LogHyper       LogLkh         Deviance       
   0.101237E+03   0.424648E+01   0.224836E+01   0.908315E+00   0.307481E-03   0.664246E-04   0.143469E-03   0.985099E-03   0.191748E+03   0.000000E+00   0.000000E+00   0.191748E+03  -0.383496E+03
   0.101237E+03   0.937805E+00   0.738866E+01   0.908315E+00   0.307481E-03   0.664246E-04   0.143469E-03   0.985099E-03   0.191574E+03   0.000000E+00   0.000000E+00   0.191574E+03  -0.383148E+03
   0.101237E+03   0.937805E+00   0.738866E+01   0.210200E+01   0.307481E-03   0.664246E-04   0.143469E-03   0.985099E-03   0.191554E+03   0.000000E+00   0.000000E+00   0.191554E+03  -0.383108E+03
   0.101237E+03   0.937805E+00   0.738866E+01   0.575483E+01   0.307481E-03   0.664246E-04   0.143469E-03   0.985099E-03   0.191137E+03   0.000000E+00   0.000000E+00   0.191137E+03  -0.382274E+03
   0.101237E+03   0.573277E+01   0.738866E+01   0.104143E+02   0.645541E-04   0.664246E-04   0.143469E-03   0.985099E-03   0.192029E+03   0.000000E+00   0.000000E+00   0.192029E+03  -0.384058E+03
   0.101237E+03   0.617041E+01   0.738866E+01   0.104143E+02   0.645541E-04   0.664246E-04   0.143469E-03   0.985099E-03   0.191894E+03   0.000000E+00   0.000000E+00   0.191894E+03  -0.383788E+03
   0.101237E+03   0.617041E+01   0.192999E+01   0.890156E+01   0.645541E-04   0.664246E-04   0.143469E-03   0.985099E-03   0.191773E+03   0.000000E+00   0.000000E+00   0.191773E+03  -0.383546E+03
   0.101237E+03   0.617041E+01   0.836963E+01   0.712513E+01   0.645541E-04   0.749567E-04   0.203738E-03   0.985099E-03   0.191110E+03   0.000000E+00   0.000000E+00   0.191110E+03  -0.382220E+03
   0.101237E+03   0.124621E+01   0.115392E+01   0.142933E+02   0.645541E-04   0.749567E-04   0.203738E-03   0.985099E-03   0.189482E+03   0.000000E+00   0.000000E+00   0.189482E+03  -0.378964E+03
   0.101237E+03   0.124621E+01   0.115392E+01  -0.286687E+01   0.645541E-04   0.749567E-04   0.203738E-03   0.211086E-02   0.191562E+03   0.000000E+00   0.000000E+00   0.191562E+03  -0.383124E+03
   0.101237E+03   0.124621E+01   0.303339E+00  -0.286687E+01   0.645541E-04   0.749567E-04   0.203738E-03   0.211086E-02   0.191582E+03   0.000000E+00   0.000000E+00   0.191582E+03  -0.383164E+03
   0.101237E+03   0.124621E+01   0.303339E+00  -0.341428E+01   0.645541E-04   0.749567E-04   0.203738E-03   0.211086E-02   0.191544E+03   0.000000E+00   0.000000E+00   0.191544E+03  -0.383088E+03
   0.101237E+03  -0.605115E-01   0.403186E+01  -0.615333E+01   0.645541E-04   0.749567E-04   0.203738E-03   0.269054E-02   0.189356E+03   0.000000E+00   0.000000E+00   0.189356E+03  -0.378712E+03
   0.101237E+03  -0.605115E-01   0.403186E+01  -0.237880E+01   0.645541E-04   0.749567E-04   0.203738E-03   0.793167E-03   0.191353E+03   0.000000E+00   0.000000E+00   0.191353E+03  -0.382706E+03
   0.101237E+03  -0.605115E-01   0.403186E+01  -0.367393E+01   0.645541E-04   0.749567E-04   0.203738E-03   0.793167E-03   0.191316E+03   0.000000E+00   0.000000E+00   0.191316E+03  -0.382632E+03
   0.101237E+03  -0.605115E-01  -0.355888E-01  -0.382548E+01   0.645541E-04   0.749567E-04   0.360623E-03   0.793167E-03   0.190507E+03   0.000000E+00   0.000000E+00   0.190507E+03  -0.381014E+03
   0.101237E+03  -0.605115E-01  -0.177430E-02  -0.660003E+01   0.100007E-02   0.749567E-04   0.360623E-03   0.793167E-03   0.187696E+03   0.000000E+00   0.000000E+00   0.187696E+03  -0.375392E+03
   0.101447E+03  -0.129290E+01  -0.177430E-02  -0.111493E+02   0.100007E-02   0.749567E-04   0.360623E-03   0.793167E-03   0.187094E+03   0.000000E+00   0.000000E+00   0.187094E+03  -0.374188E+03
   0.101447E+03  -0.307538E+01   0.811596E-01  -0.111493E+02   0.100007E-02   0.749567E-04   0.360623E-03   0.793167E-03   0.186626E+03   0.000000E+00   0.000000E+00   0.186626E+03  -0.373252E+03
   0.101447E+03  -0.307538E+01  -0.444369E+01  -0.454283E+01   0.100007E-02   0.749567E-04   0.360623E-03   0.111360E-02   0.186788E+03   0.000000E+00   0.000000E+00   0.186788E+03  -0.373576E+03
   0.101447E+03   0.135367E+01  -0.453364E+00  -0.454283E+01   0.124180E-02   0.749567E-04   0.360623E-03   0.111360E-02   0.187968E+03   0.000000E+00   0.000000E+00   0.187968E+03  -0.375936E+03
   0.101447E+03   0.132766E+00   0.372042E+01  -0.183389E+01   0.124180E-02   0.749567E-04   0.360623E-03   0.105867E-02   0.188039E+03   0.000000E+00   0.000000E+00   0.188039E+03  -0.376078E+03
   0.101885E+03   0.310045E-02   0.372042E+01  -0.215810E+00   0.124180E-02   0.749567E-04   0.360623E-03   0.105867E-02   0.187488E+03   0.000000E+00   0.000000E+00   0.187488E+03  -0.374976E+03
   0.101885E+03   0.343164E+01   0.372042E+01   0.159815E+02   0.124180E-02   0.749567E-04   0.360623E-03   0.105867E-02   0.186590E+03   0.000000E+00   0.000000E+00   0.186590E+03  -0.373180E+03
   0.101885E+03  -0.349397E+01  -0.312794E+00  -0.531140E+01   0.124180E-02   0.115561E-04   0.360623E-03   0.105867E-02   0.185788E+03   0.000000E+00   0.000000E+00   0.185788E+03  -0.371576E+03
   0.101885E+03  -0.349397E+01  -0.845375E+00  -0.147691E+02   0.124180E-02   0.115561E-04   0.301555E-03   0.105867E-02   0.186892E+03   0.000000E+00   0.000000E+00   0.186892E+03  -0.373784E+03
   0.102163E+03  -0.349397E+01  -0.845375E+00  -0.888327E+01   0.124180E-02   0.115561E-04   0.301555E-03   0.105867E-02   0.185942E+03   0.000000E+00   0.000000E+00   0.185942E+03  -0.371884E+03
   0.102163E+03  -0.176681E+01   0.957080E+01  -0.888327E+01   0.217910E-03   0.115561E-04   0.301555E-03   0.928054E-03   0.188855E+03   0.000000E+00   0.000000E+00   0.188855E+03  -0.377710E+03
   0.102163E+03  -0.182556E+01  -0.711034E+00  -0.104247E+02   0.217910E-03   0.161582E-03   0.152678E-03   0.928054E-03   0.189568E+03   0.000000E+00   0.000000E+00   0.189568E+03  -0.379136E+03
   0.102163E+03  -0.170550E+01  -0.711034E+00  -0.533280E+01   0.217910E-03   0.338303E-03   0.152678E-03   0.928054E-03   0.188331E+03   0.000000E+00   0.000000E+00   0.188331E+03  -0.376662E+03
   0.102163E+03  -0.219273E+01   0.689126E+00  -0.210881E+02   0.699160E-03   0.338303E-03   0.152678E-03   0.928054E-03   0.187061E+03   0.000000E+00   0.000000E+00   0.187061E+03  -0.374122E+03
   0.102163E+03  -0.497402E+01   0.689126E+00  -0.215111E+02   0.699160E-03   0.850325E-03   0.152678E-03   0.928054E-03   0.185367E+03   0.000000E+00   0.000000E+00   0.185367E+03  -0.370734E+03
   0.102163E+03  -0.620543E+01  -0.366249E+01  -0.119183E+02   0.710081E-03   0.850325E-03   0.152678E-03   0.928054E-03   0.183077E+03   0.000000E+00   0.000000E+00   0.183077E+03  -0.366154E+03
   0.102163E+03  -0.620543E+01  -0.117405E+01  -0.119183E+02   0.710081E-03   0.850325E-03   0.152678E-03   0.928054E-03   0.183813E+03   0.000000E+00   0.000000E+00   0.183813E+03  -0.367626E+03
   0.102163E+03  -0.702599E+01   0.351204E+01  -0.214348E+02   0.352900E-03   0.177394E-03   0.152678E-03   0.928054E-03   0.187234E+03   0.000000E+00   0.000000E+00   0.187234E+03  -0.374468E+03
   0.102163E+03  -0.587505E+01   0.351204E+01  -0.214348E+02   0.352900E-03   0.177394E-03   0.152678E-03   0.258462E-02   0.186207E+03   0.000000E+00   0.000000E+00   0.186207E+03  -0.372414E+03
   0.102163E+03  -0.587505E+01   0.302246E+01  -0.214348E+02   0.352900E-03   0.177394E-03   0.152678E-03   0.280895E-02   0.185815E+03   0.000000E+00   0.000000E+00   0.185815E+03  -0.371630E+03
   0.103170E+03  -0.587505E+01   0.302246E+01  -0.268514E+02   0.352900E-03   0.177394E-03   0.152678E-03   0.280895E-02   0.185085E+03   0.000000E+00   0.000000E+00   0.185085E+03  -0.370170E+03
   0.103170E+03  -0.587505E+01   0.302246E+01  -0.233206E+02   0.352900E-03   0.177394E-03   0.152678E-03   0.280895E-02   0.185459E+03   0.000000E+00   0.000000E+00   0.185459E+03  -0.370918E+03
   0.103170E+03  -0.617710E+01   0.283743E+00  -0.276984E+02   0.352900E-03   0.177394E-03   0.152678E-03   0.280895E-02   0.185061E+03   0.000000E+00   0.000000E+00   0.185061E+03  -0.370122E+03
   0.103170E+03  -0.617710E+01   0.283743E+00  -0.162014E+02   0.352900E-03   0.436183E-03   0.152678E-03   0.280895E-02   0.183475E+03   0.000000E+00   0.000000E+00   0.183475E+03  -0.366950E+03
   0.101991E+03  -0.617710E+01  -0.927922E+00  -0.162014E+02   0.352900E-03   0.327814E-03   0.152678E-03   0.280895E-02   0.185845E+03   0.000000E+00   0.000000E+00   0.185845E+03  -0.371690E+03
   0.101991E+03   0.173463E+01  -0.927922E+00  -0.360493E+01   0.352900E-03   0.327814E-03   0.152678E-03   0.280895E-02   0.187067E+03   0.000000E+00   0.000000E+00   0.187067E+03  -0.374134E+03
   0.101991E+03   0.173463E+01   0.810803E+01  -0.503732E+01   0.352900E-03   0.327814E-03   0.152678E-03   0.269786E-02   0.187212E+03   0.000000E+00   0.000000E+00   0.187212E+03  -0.374424E+03
   0.101991E+03   0.173463E+01   0.810803E+01  -0.511956E+01   0.352900E-03   0.327814E-03   0.152678E-03   0.153011E-02   0.189686E+03   0.000000E+00   0.000000E+00   0.189686E+03  -0.379372E+03
   0.101991E+03   0.353601E+00   0.104755E+02   0.856943E+00   0.352900E-03   0.327814E-03   0.152678E-03   0.930786E-03   0.189644E+03   0.000000E+00   0.000000E+00   0.189644E+03  -0.379288E+03
   0.101991E+03   0.273344E+01   0.104755E+02   0.213720E+01   0.650928E-03   0.131433E-03   0.152678E-03   0.930786E-03   0.189567E+03   0.000000E+00   0.000000E+00   0.189567E+03  -0.379134E+03
   0.102617E+03   0.273344E+01   0.613682E+01   0.213720E+01   0.650928E-03   0.131433E-03   0.152678E-03   0.930786E-03   0.188101E+03   0.000000E+00   0.000000E+00   0.188101E+03  -0.376202E+03
   0.100872E+03   0.533101E+01   0.662253E+01   0.322214E+01   0.650928E-03   0.131433E-03   0.152678E-03   0.930786E-03   0.189501E+03   0.000000E+00   0.000000E+00   0.189501E+03  -0.379002E+03
   0.100872E+03   0.250829E+01   0.665324E+01   0.322214E+01   0.650928E-03   0.131433E-03   0.152678E-03   0.930786E-03   0.190535E+03   0.000000E+00   0.000000E+00   0.190535E+03  -0.381070E+03
   0.100872E+03   0.250829E+01   0.658115E+01   0.116367E+02   0.674328E-03   0.131433E-03   0.152678E-03   0.102152E-02   0.189491E+03   0.000000E+00   0.000000E+00   0.189491E+03  -0.378982E+03
   0.100872E+03   0.493147E+01   0.658115E+01   0.116367E+02   0.674328E-03   0.131433E-03   0.324938E-03   0.102152E-02   0.189522E+03   0.000000E+00   0.000000E+00   0.189522E+03  -0.379044E+03
   0.100872E+03   0.493147E+01   0.829135E+00   0.110763E+02   0.674328E-03   0.131433E-03   0.321836E-03   0.102152E-02   0.190120E+03   0.000000E+00   0.000000E+00   0.190120E+03  -0.380240E+03
   0.100872E+03   0.406145E+01   0.829135E+00   0.798757E+00   0.674328E-03   0.131433E-03   0.321836E-03   0.250539E-02   0.187955E+03   0.000000E+00   0.000000E+00   0.187955E+03  -0.375910E+03
   0.101129E+03   0.406145E+01   0.172694E+01  -0.337394E+01   0.296480E-03   0.160988E-04   0.321836E-03   0.250539E-02   0.188588E+03   0.000000E+00   0.000000E+00   0.188588E+03  -0.377176E+03
   0.101129E+03   0.406145E+01  -0.396341E+01   0.144802E+02   0.296480E-03   0.160988E-04   0.321836E-03   0.146768E-02   0.189132E+03   0.000000E+00   0.000000E+00   0.189132E+03  -0.378264E+03
   0.101129E+03   0.475125E+01  -0.396341E+01   0.145782E+02   0.146847E-03   0.160988E-04   0.321836E-03   0.116121E-02   0.189384E+03   0.000000E+00   0.000000E+00   0.189384E+03  -0.378768E+03
   0.101129E+03  -0.847987E+00  -0.252652E+01  -0.226672E+00   0.146847E-03   0.160988E-04   0.490154E-03   0.116121E-02   0.190189E+03   0.000000E+00   0.000000E+00   0.190189E+03  -0.380378E+03
   0.101970E+03  -0.847987E+00   0.142361E+01  -0.197691E+02   0.146847E-03   0.160988E-04   0.490154E-03   0.116121E-02   0.188481E+03   0.000000E+00   0.000000E+00   0.188481E+03  -0.376962E+03
   0.101970E+03  -0.847987E+00  -0.991002E+01  -0.253890E+02   0.146847E-03   0.160988E-04   0.490154E-03   0.153950E-02   0.186618E+03   0.000000E+00   0.000000E+00   0.186618E+03  -0.373236E+03
   0.101970E+03  -0.847987E+00  -0.911883E+01  -0.224759E+02   0.146847E-03   0.160988E-04   0.490154E-03   0.153950E-02   0.187825E+03   0.000000E+00   0.000000E+00   0.187825E+03  -0.375650E+03
   0.101856E+03  -0.847987E+00  -0.911883E+01  -0.224759E+02   0.146847E-03   0.160988E-04   0.490154E-03   0.153950E-02   0.187759E+03   0.000000E+00   0.000000E+00   0.187759E+03  -0.375518E+03
   0.101856E+03  -0.847987E+00  -0.893354E+01  -0.255623E+02   0.338276E-03   0.160988E-04   0.542956E-04   0.153950E-02   0.186795E+03   0.000000E+00   0.000000E+00   0.186795E+03  -0.373590E+03
   0.101856E+03  -0.847987E+00  -0.107382E+02  -0.168454E+02   0.338276E-03   0.512347E-04   0.542956E-04   0.153950E-02   0.188557E+03   0.000000E+00   0.000000E+00   0.188557E+03  -0.377114E+03
   0.101856E+03  -0.171020E+01  -0.107382E+02  -0.168454E+02   0.338276E-03   0.512347E-04   0.542956E-04   0.153950E-02   0.188661E+03   0.000000E+00   0.000000E+00   0.188661E+03  -0.377322E+03
   0.101454E+03  -0.171020E+01  -0.631752E+01  -0.149616E+02   0.338276E-03   0.512347E-04   0.542956E-04   0.153950E-02   0.190804E+03   0.000000E+00   0.000000E+00   0.190804E+03  -0.381608E+03
   0.101454E+03  -0.171020E+01  -0.471267E+01  -0.109537E+02   0.941609E-04   0.512347E-04   0.542956E-04   0.153950E-02   0.191820E+03   0.000000E+00   0.000000E+00   0.191820E+03  -0.383640E+03
   0.101454E+03  -0.298143E+01  -0.997798E+01  -0.167989E+02   0.941609E-04   0.370110E-03   0.542956E-04   0.153950E-02   0.188799E+03   0.000000E+00   0.000000E+00   0.188799E+03  -0.377598E+03
   0.101454E+03  -0.778183E+01   0.222094E+01  -0.106735E+02   0.941609E-04   0.845282E-03   0.542956E-04   0.153950E-02   0.185721E+03   0.000000E+00   0.000000E+00   0.185721E+03  -0.371442E+03
   0.101454E+03  -0.385738E+01   0.813473E+00  -0.106735E+02   0.941609E-04   0.547832E-03   0.542956E-04   0.150069E-02   0.190137E+03   0.000000E+00   0.000000E+00   0.190137E+03  -0.380274E+03
   0.100842E+03   0.473782E+01   0.693507E+01   0.763885E+01   0.941609E-04   0.816907E-03   0.542956E-04   0.150069E-02   0.188827E+03   0.000000E+00   0.000000E+00   0.188827E+03  -0.377654E+03
   0.100842E+03   0.353881E+01   0.744081E+01   0.162259E+02   0.941609E-04   0.816907E-03   0.542956E-04   0.230086E-02   0.185484E+03   0.000000E+00   0.000000E+00   0.185484E+03  -0.370968E+03
   0.100842E+03   0.353881E+01   0.744081E+01   0.620186E+01   0.941609E-04   0.410147E-03   0.702053E-04   0.164669E-02   0.190378E+03   0.000000E+00   0.000000E+00   0.190378E+03  -0.380756E+03
   0.100851E+03   0.386933E+01   0.769648E+01   0.620186E+01   0.941609E-04   0.410147E-03   0.702053E-04   0.164669E-02   0.190244E+03   0.000000E+00   0.000000E+00   0.190244E+03  -0.380488E+03
   0.101852E+03   0.554349E+01   0.769648E+01   0.620186E+01   0.941609E-04   0.410147E-03   0.702053E-04   0.164669E-02   0.190224E+03   0.000000E+00   0.000000E+00   0.190224E+03  -0.380448E+03
   0.101852E+03   0.554349E+01   0.769648E+01   0.120113E+02   0.941609E-04   0.410147E-03   0.161959E-03   0.164669E-02   0.190510E+03   0.000000E+00   0.000000E+00   0.190510E+03  -0.381020E+03
   0.101852E+03   0.554349E+01   0.702203E+01   0.888177E+00   0.941609E-04   0.498175E-03   0.161959E-03   0.164669E-02   0.188440E+03   0.000000E+00   0.000000E+00   0.188440E+03  -0.376880E+03
   0.101852E+03   0.553867E+01   0.677722E+01   0.126645E+02   0.941609E-04   0.498175E-03   0.161959E-03   0.164669E-02   0.190009E+03   0.000000E+00   0.000000E+00   0.190009E+03  -0.380018E+03
   0.101852E+03   0.553867E+01   0.677722E+01   0.672769E+01   0.941609E-04   0.498175E-03   0.161959E-03   0.164669E-02   0.189689E+03   0.000000E+00   0.000000E+00   0.189689E+03  -0.379378E+03
   0.101852E+03   0.442783E+01   0.128337E+02   0.513847E+01   0.941609E-04   0.184432E-03   0.161959E-03   0.164669E-02   0.189278E+03   0.000000E+00   0.000000E+00   0.189278E+03  -0.378556E+03
   0.101852E+03   0.442783E+01   0.128337E+02   0.773154E+01   0.941609E-04   0.184432E-03   0.161959E-03   0.164669E-02   0.189484E+03   0.000000E+00   0.000000E+00   0.189484E+03  -0.378968E+03
   0.101852E+03   0.437099E+01   0.650453E+01   0.773154E+01   0.188357E-03   0.184432E-03   0.161959E-03   0.164669E-02   0.191663E+03   0.000000E+00   0.000000E+00   0.191663E+03  -0.383326E+03
   0.101852E+03   0.711600E+00   0.725434E+01   0.773154E+01   0.158606E-03   0.184432E-03   0.161959E-03   0.144020E-02   0.190798E+03   0.000000E+00   0.000000E+00   0.190798E+03  -0.381596E+03
   0.101852E+03   0.560081E+01   0.725434E+01   0.773154E+01   0.158606E-03   0.371966E-03   0.161959E-03   0.144020E-02   0.190801E+03   0.000000E+00   0.000000E+00   0.190801E+03  -0.381602E+03
   0.101852E+03   0.560081E+01   0.746212E+01   0.647204E+01   0.114451E-03   0.371966E-03   0.161959E-03   0.144020E-02   0.190670E+03   0.000000E+00   0.000000E+00   0.190670E+03  -0.381340E+03
   0.101852E+03   0.560081E+01   0.575974E+01   0.145463E+02   0.328919E-03   0.371966E-03   0.161959E-03   0.144020E-02   0.190519E+03   0.000000E+00   0.000000E+00   0.190519E+03  -0.381038E+03
   0.101852E+03   0.560081E+01   0.575974E+01   0.722503E+01   0.328919E-03   0.371966E-03   0.165689E-03   0.144020E-02   0.190377E+03   0.000000E+00   0.000000E+00   0.190377E+03  -0.380754E+03
   0.100410E+03   0.459141E+01   0.575974E+01   0.676435E+01   0.328919E-03   0.371966E-03   0.165689E-03   0.144020E-02   0.189903E+03   0.000000E+00   0.000000E+00   0.189903E+03  -0.379806E+03
   0.100727E+03   0.459141E+01   0.575974E+01   0.145950E+02   0.328919E-03   0.371966E-03   0.228543E-03   0.708598E-03   0.188845E+03   0.000000E+00   0.000000E+00   0.188845E+03  -0.377690E+03
   0.100727E+03   0.459141E+01   0.810138E+01   0.640410E+01   0.328919E-03   0.371966E-03   0.228543E-03   0.708598E-03   0.188864E+03   0.000000E+00   0.000000E+00   0.188864E+03  -0.377728E+03
   0.101307E+03   0.549343E+00   0.836141E+01   0.112527E+02   0.328919E-03   0.371966E-03   0.228543E-03   0.708598E-03   0.187046E+03   0.000000E+00   0.000000E+00   0.187046E+03  -0.374092E+03
   0.101307E+03   0.207802E+01   0.836141E+01   0.112527E+02   0.328919E-03   0.371966E-03   0.228543E-03   0.708598E-03   0.188295E+03   0.000000E+00   0.000000E+00   0.188295E+03  -0.376590E+03
   0.101307E+03   0.207802E+01   0.264000E+01   0.112527E+02   0.328919E-03   0.371966E-03   0.228543E-03   0.189695E-02   0.189447E+03   0.000000E+00   0.000000E+00   0.189447E+03  -0.378894E+03
   0.101307E+03   0.218064E+01   0.264000E+01   0.112527E+02   0.328919E-03   0.371966E-03   0.228543E-03   0.189695E-02   0.189494E+03   0.000000E+00   0.000000E+00   0.189494E+03  -0.378988E+03
   0.101307E+03   0.218064E+01   0.264000E+01   0.956715E+01   0.328919E-03   0.371966E-03   0.228543E-03   0.189695E-02   0.189848E+03   0.000000E+00   0.000000E+00   0.189848E+03  -0.379696E+03
   0.101307E+03   0.183958E+01   0.264000E+01   0.359542E+01   0.328919E-03   0.371966E-03   0.228543E-03   0.189695E-02   0.190453E+03   0.000000E+00   0.000000E+00   0.190453E+03  -0.380906E+03
   0.101307E+03   0.183958E+01   0.169528E+00   0.701779E+01   0.328919E-03   0.371966E-03   0.228543E-03   0.189695E-02   0.189927E+03   0.000000E+00   0.000000E+00   0.189927E+03  -0.379854E+03
   0.101307E+03   0.183958E+01  -0.253913E+01  -0.689720E+01   0.108725E-02   0.371966E-03   0.228543E-03   0.189695E-02   0.186638E+03   0.000000E+00   0.000000E+00   0.186638E+03  -0.373276E+03
   0.101307E+03   0.183958E+01   0.641518E+01  -0.265480E+01   0.108725E-02   0.371966E-03   0.228543E-03   0.189695E-02   0.186926E+03   0.000000E+00   0.000000E+00   0.186926E+03  -0.373852E+03
   0.101307E+03  -0.338561E+01  -0.308777E+01  -0.141509E+02   0.108725E-02   0.371966E-03   0.228543E-03   0.189695E-02   0.186662E+03   0.000000E+00   0.000000E+00   0.186662E+03  -0.373324E+03
   0.102140E+03  -0.287879E+01   0.418515E+01  -0.141509E+02   0.148513E-02   0.371966E-03   0.228543E-03   0.189695E-02   0.184859E+03   0.000000E+00   0.000000E+00   0.184859E+03  -0.369718E+03
   0.102140E+03  -0.287879E+01   0.418515E+01  -0.107280E+02   0.148513E-02   0.371966E-03   0.228543E-03   0.189695E-02   0.185075E+03   0.000000E+00   0.000000E+00   0.185075E+03  -0.370150E+03
   0.102140E+03   0.187969E+01   0.211089E+01   0.758734E+01   0.913814E-03   0.371966E-03   0.228543E-03   0.189695E-02   0.186906E+03   0.000000E+00   0.000000E+00   0.186906E+03  -0.373812E+03
   0.102140E+03   0.187969E+01   0.211089E+01   0.192273E+02   0.913814E-03   0.371966E-03   0.228543E-03   0.189695E-02   0.184519E+03   0.000000E+00   0.000000E+00   0.184519E+03  -0.369038E+03
   0.101623E+03   0.752245E+01   0.211089E+01   0.192273E+02   0.992670E-03   0.371966E-03   0.228543E-03   0.203545E-02   0.185294E+03   0.000000E+00   0.000000E+00   0.185294E+03  -0.370588E+03
   0.101623E+03   0.752245E+01  -0.112929E+01   0.122605E+02   0.992670E-03   0.371966E-03   0.228543E-03   0.977782E-03   0.184707E+03   0.000000E+00   0.000000E+00   0.184707E+03  -0.369414E+03
   0.101095E+03   0.752245E+01  -0.274865E+01   0.203864E+02   0.992670E-03   0.371966E-03   0.228543E-03   0.149921E-02   0.183791E+03   0.000000E+00   0.000000E+00   0.183791E+03  -0.367582E+03
   0.101095E+03   0.910957E+01   0.284829E+01   0.203864E+02   0.992670E-03   0.371966E-03   0.228543E-03   0.149921E-02   0.185339E+03   0.000000E+00   0.000000E+00   0.185339E+03  -0.370678E+03
   0.101095E+03   0.910957E+01   0.944368E+01   0.671773E+01   0.992670E-03   0.371966E-03   0.228543E-03   0.149921E-02   0.184270E+03   0.000000E+00   0.000000E+00   0.184270E+03  -0.368540E+03
   0.101095E+03   0.910957E+01   0.923563E+01   0.124970E+02   0.992670E-03   0.545311E-03   0.228543E-03   0.149921E-02   0.185093E+03   0.000000E+00   0.000000E+00   0.185093E+03  -0.370186E+03
   0.101095E+03   0.524748E+01   0.923563E+01   0.831216E+01   0.992670E-03   0.545311E-03   0.228543E-03   0.124203E-02   0.187185E+03   0.000000E+00   0.000000E+00   0.187185E+03  -0.374370E+03
   0.101095E+03   0.524748E+01   0.923563E+01   0.831216E+01   0.992670E-03   0.545311E-03   0.228543E-03   0.126250E-02   0.187160E+03   0.000000E+00   0.000000E+00   0.187160E+03  -0.374320E+03
   0.101095E+03   0.111937E+00   0.320954E+01   0.571713E+01   0.992670E-03   0.545311E-03   0.228543E-03   0.156271E-02   0.187491E+03   0.000000E+00   0.000000E+00   0.187491E+03  -0.374982E+03
   0.101095E+03   0.111937E+00   0.628428E+01   0.304415E+01   0.521447E-03   0.545311E-03   0.228543E-03   0.156271E-02   0.188982E+03   0.000000E+00   0.000000E+00   0.188982E+03  -0.377964E+03
   0.101326E+03   0.111937E+00   0.848488E+01   0.314215E+01   0.521447E-03   0.545311E-03   0.228543E-03   0.156271E-02   0.188517E+03   0.000000E+00   0.000000E+00   0.188517E+03  -0.377034E+03
   0.101326E+03   0.111937E+00   0.974046E+01   0.314215E+01   0.123972E-02   0.545311E-03   0.733297E-03   0.156271E-02   0.182111E+03   0.000000E+00   0.000000E+00   0.182111E+03  -0.364222E+03
   0.100583E+03   0.837145E+01   0.527585E+01   0.819978E+01   0.123972E-02   0.545311E-03   0.601506E-03   0.108763E-02   0.183379E+03   0.000000E+00   0.000000E+00   0.183379E+03  -0.366758E+03
   0.100583E+03   0.448872E+01   0.248311E+01   0.136916E+02   0.906415E-03   0.545311E-03   0.687496E-03   0.108763E-02   0.185061E+03   0.000000E+00   0.000000E+00   0.185061E+03  -0.370122E+03
   0.100583E+03   0.448872E+01   0.311699E+00   0.136916E+02   0.906415E-03   0.545311E-03   0.687496E-03   0.108763E-02   0.185001E+03   0.000000E+00   0.000000E+00   0.185001E+03  -0.370002E+03
   0.100583E+03   0.895790E+01   0.311699E+00   0.136916E+02   0.116209E-02   0.545311E-03   0.687496E-03   0.750078E-03   0.181559E+03   0.000000E+00   0.000000E+00   0.181559E+03  -0.363118E+03
   0.995043E+02   0.534213E+01   0.311699E+00   0.639944E+01   0.116209E-02   0.542092E-03   0.687496E-03   0.750078E-03   0.182750E+03   0.000000E+00   0.000000E+00   0.182750E+03  -0.365500E+03
   0.100585E+03   0.738463E+01   0.311699E+00   0.556339E+01   0.116209E-02   0.542092E-03   0.687496E-03   0.750078E-03   0.181959E+03   0.000000E+00   0.000000E+00   0.181959E+03  -0.363918E+03
   0.994640E+02  -0.819160E+00  -0.117934E+02  -0.184160E+02   0.116209E-02   0.364607E-03   0.687496E-03   0.114908E-02   0.179016E+03   0.000000E+00   0.000000E+00   0.179016E+03  -0.358032E+03
   0.994640E+02  -0.819160E+00  -0.131417E+02  -0.184160E+02   0.116209E-02   0.364607E-03   0.687496E-03   0.114908E-02   0.178487E+03   0.000000E+00   0.000000E+00   0.178487E+03  -0.356974E+03
   0.101527E+03  -0.819160E+00  -0.104311E+02  -0.120947E+02   0.119044E-02   0.364607E-03   0.687496E-03   0.114908E-02   0.183322E+03   0.000000E+00   0.000000E+00   0.183322E+03  -0.366644E+03
   0.101527E+03   0.255089E+01   0.341176E+01  -0.107498E+02   0.272713E-03   0.364607E-03   0.848754E-03   0.114908E-02   0.186197E+03   0.000000E+00   0.000000E+00   0.186197E+03  -0.372394E+03
   0.101527E+03   0.502083E+01  -0.179788E+01  -0.117390E+02   0.272713E-03   0.364607E-03   0.848754E-03   0.114908E-02   0.184688E+03   0.000000E+00   0.000000E+00   0.184688E+03  -0.369376E+03
   0.101589E+03   0.502083E+01  -0.179788E+01   0.874770E+01   0.272713E-03   0.364607E-03   0.211538E-03   0.114908E-02   0.189077E+03   0.000000E+00   0.000000E+00   0.189077E+03  -0.378154E+03
   0.101589E+03   0.424001E+01  -0.179788E+01   0.144101E+02   0.272713E-03   0.364607E-03   0.211538E-03   0.872535E-03   0.187718E+03   0.000000E+00   0.000000E+00   0.187718E+03  -0.375436E+03
   0.101589E+03   0.424001E+01  -0.179788E+01  -0.545250E+00   0.272713E-03   0.364607E-03   0.211538E-03   0.872535E-03   0.187795E+03   0.000000E+00   0.000000E+00   0.187795E+03  -0.375590E+03
   0.101589E+03   0.424001E+01  -0.179788E+01   0.141603E+02   0.272713E-03   0.364607E-03   0.211538E-03   0.872535E-03   0.187756E+03   0.000000E+00   0.000000E+00   0.187756E+03  -0.375512E+03
   0.101589E+03   0.628280E+01  -0.179788E+01   0.142100E+02   0.272713E-03   0.364607E-03   0.211538E-03   0.872535E-03   0.187054E+03   0.000000E+00   0.000000E+00   0.187054E+03  -0.374108E+03
   0.998002E+02   0.862084E+01   0.138795E+01   0.142100E+02   0.129310E-03   0.364607E-03   0.227584E-04   0.872535E-03   0.186368E+03   0.000000E+00   0.000000E+00   0.186368E+03  -0.372736E+03
   0.101450E+03   0.143327E+00   0.762875E+01   0.437857E+01   0.129310E-03   0.941577E-03   0.227584E-04   0.872535E-03   0.188067E+03   0.000000E+00   0.000000E+00   0.188067E+03  -0.376134E+03
   0.101450E+03  -0.349566E+01   0.762875E+01  -0.412905E+01   0.129310E-03   0.343689E-03   0.227584E-04   0.872535E-03   0.189191E+03   0.000000E+00   0.000000E+00   0.189191E+03  -0.378382E+03
   0.101450E+03  -0.394403E+01  -0.791421E+00  -0.109335E+02   0.129310E-03   0.343689E-03   0.451249E-03   0.872535E-03   0.187850E+03   0.000000E+00   0.000000E+00   0.187850E+03  -0.375700E+03
   0.100996E+03  -0.394403E+01  -0.315541E+01  -0.634892E+01   0.129310E-03   0.343689E-03   0.451249E-03   0.872535E-03   0.187265E+03   0.000000E+00   0.000000E+00   0.187265E+03  -0.374530E+03
   0.100996E+03  -0.309052E+01  -0.698157E+01  -0.166161E+02   0.129310E-03   0.343689E-03   0.451249E-03   0.872535E-03   0.187318E+03   0.000000E+00   0.000000E+00   0.187318E+03  -0.374636E+03
   0.100996E+03  -0.309052E+01  -0.544803E+01  -0.118492E+02   0.129310E-03   0.343689E-03   0.451249E-03   0.942212E-03   0.188329E+03   0.000000E+00   0.000000E+00   0.188329E+03  -0.376658E+03
   0.100996E+03  -0.309052E+01   0.765239E+01  -0.118492E+02   0.129310E-03   0.343689E-03   0.449399E-03   0.942212E-03   0.186733E+03   0.000000E+00   0.000000E+00   0.186733E+03  -0.373466E+03
   0.100996E+03  -0.309052E+01   0.825608E+01  -0.127425E+02   0.465219E-03   0.343689E-03   0.449399E-03   0.942212E-03   0.185785E+03   0.000000E+00   0.000000E+00   0.185785E+03  -0.371570E+03
   0.100996E+03  -0.309052E+01   0.825608E+01  -0.169614E+02   0.465219E-03   0.343689E-03   0.449399E-03   0.174472E-02   0.183513E+03   0.000000E+00   0.000000E+00   0.183513E+03  -0.367026E+03
   0.102977E+03   0.174198E+01   0.825608E+01  -0.158994E+01   0.465219E-03   0.305661E-03   0.449399E-03   0.174472E-02   0.186881E+03   0.000000E+00   0.000000E+00   0.186881E+03  -0.373762E+03
   0.102977E+03   0.442086E+01   0.108427E+02  -0.205403E+01   0.465219E-03   0.305661E-03   0.449399E-03   0.174472E-02   0.186045E+03   0.000000E+00   0.000000E+00   0.186045E+03  -0.372090E+03
   0.101663E+03  -0.188366E+01   0.585403E+01   0.154271E+01   0.465219E-03   0.305661E-03   0.449399E-03   0.174472E-02   0.187375E+03   0.000000E+00   0.000000E+00   0.187375E+03  -0.374750E+03
   0.101663E+03  -0.188366E+01   0.585403E+01  -0.779704E+01   0.465219E-03   0.305661E-03   0.449399E-03   0.174472E-02   0.188139E+03   0.000000E+00   0.000000E+00   0.188139E+03  -0.376278E+03
   0.101663E+03  -0.188366E+01   0.585403E+01  -0.473682E+01   0.465219E-03   0.305661E-03   0.322357E-03   0.174472E-02   0.189018E+03   0.000000E+00   0.000000E+00   0.189018E+03  -0.378036E+03
   0.101663E+03   0.394003E+01   0.585403E+01   0.159575E+02   0.465219E-03   0.305661E-03   0.322357E-03   0.174472E-02   0.188747E+03   0.000000E+00   0.000000E+00   0.188747E+03  -0.377494E+03
   0.101663E+03   0.499153E+01  -0.207052E+01   0.153416E+01   0.465219E-03   0.305661E-03   0.322357E-03   0.174472E-02   0.187981E+03   0.000000E+00   0.000000E+00   0.187981E+03  -0.375962E+03
   0.101663E+03  -0.270422E+01   0.367287E+01   0.153416E+01   0.867015E-03   0.305661E-03   0.322357E-03   0.174472E-02   0.186669E+03   0.000000E+00   0.000000E+00   0.186669E+03  -0.373338E+03
   0.101663E+03   0.189427E+01   0.325307E+01  -0.101124E+02   0.410186E-04   0.305661E-03   0.322357E-03   0.174472E-02   0.189238E+03   0.000000E+00   0.000000E+00   0.189238E+03  -0.378476E+03
   0.101663E+03   0.407034E+01   0.325307E+01   0.125593E+01   0.410186E-04   0.305661E-03   0.322357E-03   0.174472E-02   0.190335E+03   0.000000E+00   0.000000E+00   0.190335E+03  -0.380670E+03
   0.101663E+03   0.407034E+01   0.325307E+01   0.353696E+01   0.410186E-04   0.305661E-03   0.322357E-03   0.174472E-02   0.190559E+03   0.000000E+00   0.000000E+00   0.190559E+03  -0.381118E+03
   0.101663E+03   0.393811E+01   0.632472E+01   0.353696E+01   0.410186E-04   0.125535E-03   0.322357E-03   0.174472E-02   0.191149E+03   0.000000E+00   0.000000E+00   0.191149E+03  -0.382298E+03
   0.101663E+03   0.393811E+01   0.632472E+01   0.353696E+01   0.410186E-04   0.125535E-03   0.322357E-03   0.174472E-02   0.191149E+03   0.000000E+00   0.000000E+00   0.191149E+03  -0.382298E+03
   0.101663E+03   0.513730E+01   0.632472E+01   0.138469E+02   0.410186E-04   0.125535E-03   0.322357E-03   0.174472E-02   0.190729E+03   0.000000E+00   0.000000E+00   0.190729E+03  -0.381458E+03
   0.101713E+03   0.265381E+01   0.632472E+01   0.138469E+02   0.410186E-04   0.125535E-03   0.887900E-03   0.174472E-02   0.185653E+03   0.000000E+00   0.000000E+00   0.185653E+03  -0.371306E+03
   0.101713E+03   0.213307E+01   0.632472E+01   0.860694E+01   0.410186E-04   0.125535E-03   0.887900E-03   0.145040E-02   0.187150E+03   0.000000E+00   0.000000E+00   0.187150E+03  -0.374300E+03
   0.101879E+03   0.935058E+01   0.356102E+01   0.653025E+01   0.410186E-04   0.125535E-03   0.887900E-03   0.145040E-02   0.186384E+03   0.000000E+00   0.000000E+00   0.186384E+03  -0.372768E+03
   0.101879E+03   0.935058E+01   0.434523E+01   0.653025E+01   0.410186E-04   0.125535E-03   0.455845E-03   0.145040E-02   0.187927E+03   0.000000E+00   0.000000E+00   0.187927E+03  -0.375854E+03
   0.101879E+03   0.935058E+01   0.831605E+01   0.104892E+02   0.410186E-04   0.125535E-03   0.455845E-03   0.145040E-02   0.189121E+03   0.000000E+00   0.000000E+00   0.189121E+03  -0.378242E+03
   0.101879E+03   0.846974E+01   0.572022E+01   0.993179E+01   0.216426E-03   0.125535E-03   0.455845E-03   0.145040E-02   0.189544E+03   0.000000E+00   0.000000E+00   0.189544E+03  -0.379088E+03
   0.101390E+03   0.701985E+01  -0.311290E+01   0.993179E+01   0.216426E-03   0.125535E-03   0.455845E-03   0.145040E-02   0.188599E+03   0.000000E+00   0.000000E+00   0.188599E+03  -0.377198E+03
   0.101218E+03   0.733649E+01  -0.937983E+00   0.993179E+01   0.216426E-03   0.125535E-03   0.455845E-03   0.145040E-02   0.189501E+03   0.000000E+00   0.000000E+00   0.189501E+03  -0.379002E+03
   0.100731E+03   0.733649E+01  -0.836447E+00   0.885391E+01   0.216426E-03   0.125535E-03   0.707776E-03   0.145040E-02   0.188493E+03   0.000000E+00   0.000000E+00   0.188493E+03  -0.376986E+03
   0.100731E+03   0.733649E+01  -0.836447E+00   0.153536E+02   0.216426E-03   0.125535E-03   0.707776E-03   0.996534E-03   0.187886E+03   0.000000E+00   0.000000E+00   0.187886E+03  -0.375772E+03
   0.100731E+03   0.733649E+01   0.230497E+01   0.153536E+02   0.216426E-03   0.218504E-03   0.707776E-03   0.203648E-02   0.186549E+03   0.000000E+00   0.000000E+00   0.186549E+03  -0.373098E+03
   0.100864E+03   0.733649E+01   0.230497E+01   0.117726E+01   0.216426E-03   0.623746E-03   0.707776E-03   0.203648E-02   0.184402E+03   0.000000E+00   0.000000E+00   0.184402E+03  -0.368804E+03
   0.100864E+03   0.537301E+01   0.230497E+01   0.117726E+01   0.216426E-03   0.623746E-03   0.707776E-03   0.203648E-02   0.185396E+03   0.000000E+00   0.000000E+00   0.185396E+03  -0.370792E+03
   0.100864E+03   0.537301E+01   0.230497E+01  -0.228160E+01   0.216426E-03   0.623746E-03   0.707776E-03   0.203648E-02   0.184904E+03   0.000000E+00   0.000000E+00   0.184904E+03  -0.369808E+03
   0.100864E+03   0.537301E+01   0.707734E+01  -0.604430E+01   0.216426E-03   0.623746E-03   0.707776E-03   0.203648E-02   0.182875E+03   0.000000E+00   0.000000E+00   0.182875E+03  -0.365750E+03
   0.100864E+03   0.537301E+01  -0.584267E+01  -0.604430E+01   0.216426E-03   0.623746E-03   0.707776E-03   0.203648E-02   0.184097E+03   0.000000E+00   0.000000E+00   0.184097E+03  -0.368194E+03
   0.100864E+03   0.258079E+01  -0.200931E+01  -0.604430E+01   0.216426E-03   0.623746E-03   0.550707E-03   0.203648E-02   0.186560E+03   0.000000E+00   0.000000E+00   0.186560E+03  -0.373120E+03
   0.100864E+03  -0.209209E-01  -0.200931E+01  -0.604430E+01   0.303513E-03   0.234861E-04   0.550707E-03   0.203648E-02   0.189069E+03   0.000000E+00   0.000000E+00   0.189069E+03  -0.378138E+03
   0.100799E+03   0.216095E+01   0.124908E+01  -0.604430E+01   0.303513E-03   0.234861E-04   0.235315E-03   0.145809E-02   0.191373E+03   0.000000E+00   0.000000E+00   0.191373E+03  -0.382746E+03
   0.100799E+03   0.216095E+01  -0.482581E+01  -0.604430E+01   0.303513E-03   0.234861E-04   0.235315E-03   0.145809E-02   0.191368E+03   0.000000E+00   0.000000E+00   0.191368E+03  -0.382736E+03
   0.100799E+03   0.216095E+01  -0.482581E+01  -0.416668E+01   0.303513E-03   0.234861E-04   0.235315E-03   0.196404E-02   0.190695E+03   0.000000E+00   0.000000E+00   0.190695E+03  -0.381390E+03
   0.100799E+03   0.216095E+01  -0.167002E+01  -0.416668E+01   0.303513E-03   0.234861E-04   0.235315E-03   0.196404E-02   0.191051E+03   0.000000E+00   0.000000E+00   0.191051E+03  -0.382102E+03
   0.100799E+03   0.216095E+01   0.484151E+01  -0.428784E+01   0.303513E-03   0.234861E-04   0.235315E-03   0.196404E-02   0.189536E+03   0.000000E+00   0.000000E+00   0.189536E+03  -0.379072E+03
   0.100799E+03   0.216095E+01  -0.853490E+01   0.860746E+01   0.654994E-03   0.234861E-04   0.235315E-03   0.196404E-02   0.186806E+03   0.000000E+00   0.000000E+00   0.186806E+03  -0.373612E+03
   0.102105E+03   0.216095E+01   0.691656E+01   0.471352E+01   0.942253E-04   0.234861E-04   0.235315E-03   0.196404E-02   0.190764E+03   0.000000E+00   0.000000E+00   0.190764E+03  -0.381528E+03
   0.102105E+03   0.216095E+01   0.671874E+01  -0.122603E+01   0.942253E-04   0.123175E-03   0.235315E-03   0.127126E-02   0.191424E+03   0.000000E+00   0.000000E+00   0.191424E+03  -0.382848E+03
   0.102105E+03   0.216095E+01   0.603805E+01   0.127356E+01   0.942253E-04   0.123175E-03   0.235315E-03   0.141418E-02   0.191611E+03   0.000000E+00   0.000000E+00   0.191611E+03  -0.383222E+03
   0.100890E+03   0.619515E+00   0.326233E+01   0.127356E+01   0.942253E-04   0.123175E-03   0.431410E-04   0.141418E-02   0.192878E+03   0.000000E+00   0.000000E+00   0.192878E+03  -0.385756E+03
   0.100890E+03  -0.434269E+00  -0.624802E+00  -0.253666E+01   0.942253E-04   0.123175E-03   0.431410E-04   0.141418E-02   0.193074E+03   0.000000E+00   0.000000E+00   0.193074E+03  -0.386148E+03
   0.100890E+03  -0.434269E+00  -0.948645E+00  -0.123864E+01   0.942253E-04   0.691635E-04   0.431410E-04   0.141418E-02   0.193042E+03   0.000000E+00   0.000000E+00   0.193042E+03  -0.386084E+03
   0.100890E+03   0.359784E+00  -0.948645E+00   0.174194E+01   0.942253E-04   0.691635E-04   0.431410E-04   0.141418E-02   0.193054E+03   0.000000E+00   0.000000E+00   0.193054E+03  -0.386108E+03
   0.100714E+03  -0.147158E+01  -0.590771E+00  -0.930254E+01   0.942253E-04   0.691635E-04   0.431410E-04   0.141418E-02   0.192270E+03   0.000000E+00   0.000000E+00   0.192270E+03  -0.384540E+03
   0.100714E+03  -0.147158E+01  -0.218787E+01  -0.504364E+01   0.942253E-04   0.721061E-04   0.136066E-05   0.141418E-02   0.192612E+03   0.000000E+00   0.000000E+00   0.192612E+03  -0.385224E+03
   0.100714E+03   0.165319E+01   0.202842E+00  -0.947348E+01   0.942253E-04   0.721061E-04   0.136066E-05   0.141418E-02   0.191308E+03   0.000000E+00   0.000000E+00   0.191308E+03  -0.382616E+03
   0.100714E+03   0.205193E+01   0.202842E+00  -0.877915E+01   0.942253E-04   0.721061E-04   0.136066E-05   0.115666E-02   0.191439E+03   0.000000E+00   0.000000E+00   0.191439E+03  -0.382878E+03
   0.100714E+03   0.205193E+01   0.979119E+00  -0.877915E+01   0.942253E-04   0.721061E-04   0.136066E-05   0.115666E-02   0.191268E+03   0.000000E+00   0.000000E+00   0.191268E+03  -0.382536E+03
   0.101395E+03   0.205193E+01  -0.609361E+01  -0.961036E+01   0.418955E-03   0.721061E-04   0.523162E-03   0.165817E-02   0.188824E+03   0.000000E+00   0.000000E+00   0.188824E+03  -0.377648E+03
   0.101395E+03   0.205193E+01  -0.609361E+01   0.516246E+01   0.418955E-03   0.721061E-04   0.523162E-03   0.165817E-02   0.188349E+03   0.000000E+00   0.000000E+00   0.188349E+03  -0.376698E+03
   0.101395E+03   0.532991E+01   0.105655E+02   0.140505E+01   0.418955E-03   0.229902E-03   0.523162E-03   0.165817E-02   0.186819E+03   0.000000E+00   0.000000E+00   0.186819E+03  -0.373638E+03
   0.101395E+03   0.532991E+01  -0.159034E+01   0.140505E+01   0.418955E-03   0.229902E-03   0.523162E-03   0.165817E-02   0.188541E+03   0.000000E+00   0.000000E+00   0.188541E+03  -0.377082E+03
   0.101395E+03   0.218344E+01  -0.159034E+01   0.732219E-01   0.418955E-03   0.229902E-03   0.257223E-03   0.165817E-02   0.190752E+03   0.000000E+00   0.000000E+00   0.190752E+03  -0.381504E+03
   0.101395E+03   0.419560E+01   0.102717E+01   0.563403E+01   0.418955E-03   0.229902E-03   0.257223E-03   0.165817E-02   0.190817E+03   0.000000E+00   0.000000E+00   0.190817E+03  -0.381634E+03
   0.101395E+03   0.419560E+01   0.803759E+01   0.232311E-02   0.418955E-03   0.229902E-03   0.257223E-03   0.165817E-02   0.189393E+03   0.000000E+00   0.000000E+00   0.189393E+03  -0.378786E+03
   0.101395E+03   0.340412E+01   0.635134E+01   0.306818E+01   0.418955E-03   0.229902E-03   0.257223E-03   0.165817E-02   0.190731E+03   0.000000E+00   0.000000E+00   0.190731E+03  -0.381462E+03
   0.101395E+03   0.222671E+01   0.564527E+01  -0.250180E+01   0.418955E-03   0.229902E-03   0.257223E-03   0.165817E-02   0.190463E+03   0.000000E+00   0.000000E+00   0.190463E+03  -0.380926E+03
   0.102067E+03   0.643331E+00   0.564527E+01  -0.250180E+01   0.418955E-03   0.229902E-03   0.257223E-03   0.165817E-02   0.190267E+03   0.000000E+00   0.000000E+00   0.190267E+03  -0.380534E+03
   0.101367E+03   0.643331E+00   0.564527E+01   0.776137E+00   0.156902E-03   0.229902E-03   0.257223E-03   0.165817E-02   0.191172E+03   0.000000E+00   0.000000E+00   0.191172E+03  -0.382344E+03
   0.101367E+03   0.643331E+00   0.245465E+01   0.951931E+01   0.156902E-03   0.120223E-03   0.257223E-03   0.165817E-02   0.190229E+03   0.000000E+00   0.000000E+00   0.190229E+03  -0.380458E+03
   0.101066E+03   0.643331E+00  -0.310581E+01  -0.120315E+02   0.156902E-03   0.176131E-03   0.311675E-04   0.165817E-02   0.191125E+03   0.000000E+00   0.000000E+00   0.191125E+03  -0.382250E+03
   0.101066E+03   0.336438E+01  -0.143159E+02  -0.120315E+02   0.156902E-03   0.176131E-03   0.630671E-03   0.165817E-02   0.185594E+03   0.000000E+00   0.000000E+00   0.185594E+03  -0.371188E+03
   0.101066E+03   0.336438E+01  -0.965695E+01  -0.120315E+02   0.156902E-03   0.176131E-03   0.630671E-03   0.165817E-02   0.187071E+03   0.000000E+00   0.000000E+00   0.187071E+03  -0.374142E+03
   0.101066E+03   0.355877E+01  -0.965695E+01  -0.120315E+02   0.189009E-03   0.176131E-03   0.630671E-03   0.165817E-02   0.186867E+03   0.000000E+00   0.000000E+00   0.186867E+03  -0.373734E+03
   0.102301E+03   0.242215E+01  -0.965695E+01  -0.115211E+02   0.189009E-03   0.176131E-03   0.630671E-03   0.165817E-02   0.185661E+03   0.000000E+00   0.000000E+00   0.185661E+03  -0.371322E+03
   0.103007E+03  -0.761967E+00  -0.593166E+01  -0.189472E+02   0.189009E-03   0.176131E-03   0.486544E-03   0.165817E-02   0.186497E+03   0.000000E+00   0.000000E+00   0.186497E+03  -0.372994E+03
   0.103007E+03  -0.761967E+00  -0.593166E+01  -0.189472E+02   0.189009E-03   0.176131E-03   0.486544E-03   0.165817E-02   0.186497E+03   0.000000E+00   0.000000E+00   0.186497E+03  -0.372994E+03
   0.103007E+03  -0.761967E+00  -0.593166E+01  -0.213398E+02   0.189009E-03   0.176131E-03   0.486544E-03   0.165817E-02   0.186676E+03   0.000000E+00   0.000000E+00   0.186676E+03  -0.373352E+03
   0.102173E+03  -0.710983E+00  -0.593166E+01  -0.207199E+02   0.664367E-03   0.176131E-03   0.486544E-03   0.165817E-02   0.186866E+03   0.000000E+00   0.000000E+00   0.186866E+03  -0.373732E+03
   0.102173E+03  -0.102861E+01  -0.593166E+01  -0.939653E+01   0.664367E-03   0.176131E-03   0.486544E-03   0.165817E-02   0.186979E+03   0.000000E+00   0.000000E+00   0.186979E+03  -0.373958E+03
   0.102173E+03  -0.610790E+00  -0.126379E+02  -0.180825E+02   0.664367E-03   0.176131E-03   0.486544E-03   0.256584E-02   0.183970E+03   0.000000E+00   0.000000E+00   0.183970E+03  -0.367940E+03
   0.102173E+03  -0.610790E+00  -0.507759E+01  -0.234802E+02   0.664367E-03   0.176131E-03   0.486544E-03   0.256584E-02   0.184446E+03   0.000000E+00   0.000000E+00   0.184446E+03  -0.368892E+03
   0.102173E+03  -0.610790E+00   0.397647E+01   0.879154E+01   0.860033E-03   0.176131E-03   0.462291E-03   0.124003E-02   0.186012E+03   0.000000E+00   0.000000E+00   0.186012E+03  -0.372024E+03
   0.102173E+03  -0.610790E+00   0.397647E+01  -0.741681E-01   0.860033E-03   0.604210E-04   0.462291E-03   0.124003E-02   0.187824E+03   0.000000E+00   0.000000E+00   0.187824E+03  -0.375648E+03
   0.102173E+03  -0.610790E+00   0.771740E+01  -0.109775E+02   0.462118E-03   0.604210E-04   0.462291E-03   0.124003E-02   0.188505E+03   0.000000E+00   0.000000E+00   0.188505E+03  -0.377010E+03
   0.102173E+03  -0.610790E+00   0.771740E+01  -0.109775E+02   0.462118E-03   0.408693E-03   0.474097E-03   0.124003E-02   0.187543E+03   0.000000E+00   0.000000E+00   0.187543E+03  -0.375086E+03
   0.101158E+03  -0.610790E+00   0.304074E+01  -0.109775E+02   0.462118E-03   0.483592E-03   0.474906E-03   0.124003E-02   0.188193E+03   0.000000E+00   0.000000E+00   0.188193E+03  -0.376386E+03
   0.100468E+03  -0.610790E+00  -0.175479E+01  -0.581367E+01   0.270773E-03   0.459246E-03   0.474906E-03   0.137888E-02   0.189136E+03   0.000000E+00   0.000000E+00   0.189136E+03  -0.378272E+03
   0.100776E+03  -0.610790E+00  -0.175479E+01  -0.417310E+01   0.270773E-03   0.459246E-03   0.474906E-03   0.137888E-02   0.189345E+03   0.000000E+00   0.000000E+00   0.189345E+03  -0.378690E+03
   0.100776E+03  -0.610790E+00  -0.175479E+01  -0.106974E+02   0.270773E-03   0.459246E-03   0.298262E-03   0.137888E-02   0.190114E+03   0.000000E+00   0.000000E+00   0.190114E+03  -0.380228E+03
   0.100776E+03  -0.271866E+01  -0.175479E+01   0.620958E+00   0.270773E-03   0.434794E-03   0.298262E-03   0.137888E-02   0.188846E+03   0.000000E+00   0.000000E+00   0.188846E+03  -0.377692E+03
   0.100868E+03   0.219254E+01  -0.242094E+01  -0.123721E+02   0.270773E-03   0.434794E-03   0.298262E-03   0.137888E-02   0.188647E+03   0.000000E+00   0.000000E+00   0.188647E+03  -0.377294E+03
   0.100868E+03  -0.355243E+01   0.262447E+01  -0.123721E+02   0.270773E-03   0.418459E-03   0.606354E-03   0.137888E-02   0.186555E+03   0.000000E+00   0.000000E+00   0.186555E+03  -0.373110E+03
   0.100868E+03   0.288670E+01   0.628864E+01  -0.123721E+02   0.133891E-03   0.418459E-03   0.606354E-03   0.224736E-02   0.182985E+03   0.000000E+00   0.000000E+00   0.182985E+03  -0.365970E+03
   0.100868E+03   0.288670E+01  -0.512394E+01  -0.690177E+01   0.133891E-03   0.418459E-03   0.606354E-03   0.224736E-02   0.186793E+03   0.000000E+00   0.000000E+00   0.186793E+03  -0.373586E+03
   0.100868E+03   0.122837E+01  -0.512394E+01  -0.690177E+01   0.133891E-03   0.418459E-03   0.606354E-03   0.224736E-02   0.187181E+03   0.000000E+00   0.000000E+00   0.187181E+03  -0.374362E+03
   0.100868E+03   0.422757E+01   0.236409E+01  -0.349605E+01   0.220863E-03   0.418459E-03   0.692018E-03   0.224736E-02   0.185893E+03   0.000000E+00   0.000000E+00   0.185893E+03  -0.371786E+03
   0.100868E+03   0.302527E+01  -0.130892E+01  -0.349605E+01   0.220863E-03   0.418459E-03   0.692018E-03   0.224736E-02   0.186641E+03   0.000000E+00   0.000000E+00   0.186641E+03  -0.373282E+03
   0.100868E+03   0.302527E+01  -0.130892E+01  -0.628704E+01   0.220863E-03   0.418459E-03   0.692018E-03   0.224736E-02   0.186301E+03   0.000000E+00   0.000000E+00   0.186301E+03  -0.372602E+03
   0.100868E+03  -0.162379E+01  -0.130892E+01  -0.107993E+02   0.220863E-03   0.418459E-03   0.757434E-03   0.601216E-03   0.183758E+03   0.000000E+00   0.000000E+00   0.183758E+03  -0.367516E+03
   0.100265E+03  -0.321112E+01  -0.171992E+01  -0.399732E+01   0.220863E-03   0.418459E-03   0.757434E-03   0.601216E-03   0.182564E+03   0.000000E+00   0.000000E+00   0.182564E+03  -0.365128E+03
   0.100265E+03  -0.321112E+01  -0.225919E+01  -0.399732E+01   0.220863E-03   0.566931E-03   0.757434E-03   0.601216E-03   0.182192E+03   0.000000E+00   0.000000E+00   0.182192E+03  -0.364384E+03
   0.100137E+03  -0.169037E+01  -0.225919E+01   0.314224E+01   0.220863E-03   0.566931E-03   0.757434E-03   0.601216E-03   0.182400E+03   0.000000E+00   0.000000E+00   0.182400E+03  -0.364800E+03
   0.100137E+03   0.445837E+01  -0.225919E+01   0.314224E+01   0.220863E-03   0.566931E-03   0.757434E-03   0.101879E-02   0.186921E+03   0.000000E+00   0.000000E+00   0.186921E+03  -0.373842E+03
   0.100372E+03   0.445837E+01  -0.225919E+01   0.340110E+01   0.220863E-03   0.566931E-03   0.757434E-03   0.101879E-02   0.186979E+03   0.000000E+00   0.000000E+00   0.186979E+03  -0.373958E+03
   0.994176E+02   0.436201E+00  -0.651604E+01  -0.448211E+01   0.220863E-03   0.566931E-03   0.757434E-03   0.101879E-02   0.185600E+03   0.000000E+00   0.000000E+00   0.185600E+03  -0.371200E+03
   0.101115E+03   0.436201E+00  -0.106502E+02  -0.448211E+01   0.220863E-03   0.566931E-03   0.757434E-03   0.101879E-02   0.184921E+03   0.000000E+00   0.000000E+00   0.184921E+03  -0.369842E+03
   0.101115E+03   0.436201E+00   0.189280E+01  -0.159771E+02   0.220863E-03   0.566931E-03   0.757434E-03   0.101879E-02   0.185404E+03   0.000000E+00   0.000000E+00   0.185404E+03  -0.370808E+03
   0.101115E+03   0.436201E+00  -0.627970E+01  -0.163185E+02   0.220863E-03   0.191921E-03   0.757434E-03   0.197111E-02   0.186518E+03   0.000000E+00   0.000000E+00   0.186518E+03  -0.373036E+03
   0.102881E+03   0.436201E+00  -0.627970E+01  -0.208382E+02   0.337312E-03   0.191921E-03   0.757434E-03   0.197111E-02   0.184798E+03   0.000000E+00   0.000000E+00   0.184798E+03  -0.369596E+03
   0.101244E+03   0.765496E-01  -0.627970E+01  -0.414848E+01   0.339818E-03   0.191921E-03   0.757434E-03   0.125387E-02   0.187976E+03   0.000000E+00   0.000000E+00   0.187976E+03  -0.375952E+03
   0.101244E+03   0.765496E-01   0.209643E+01  -0.459693E+01   0.339818E-03   0.191921E-03   0.757434E-03   0.125387E-02   0.188505E+03   0.000000E+00   0.000000E+00   0.188505E+03  -0.377010E+03
   0.101244E+03   0.765496E-01  -0.494389E+01  -0.107504E+02   0.339818E-03   0.191921E-03   0.757434E-03   0.125387E-02   0.188273E+03   0.000000E+00   0.000000E+00   0.188273E+03  -0.376546E+03
   0.101244E+03   0.765496E-01  -0.494389E+01  -0.855858E+01   0.339818E-03   0.191921E-03   0.757434E-03   0.125387E-02   0.188362E+03   0.000000E+00   0.000000E+00   0.188362E+03  -0.376724E+03
   0.101244E+03   0.765496E-01   0.818841E+01  -0.855858E+01   0.339818E-03   0.191921E-03   0.757434E-03   0.125387E-02   0.186162E+03   0.000000E+00   0.000000E+00   0.186162E+03  -0.372324E+03
   0.101244E+03   0.765496E-01   0.818841E+01  -0.840659E+01   0.339818E-03   0.191921E-03   0.757434E-03   0.125387E-02   0.186192E+03   0.000000E+00   0.000000E+00   0.186192E+03  -0.372384E+03
   0.101480E+03   0.765496E-01   0.847997E+01  -0.491668E+01   0.339818E-03   0.191921E-03   0.831855E-04   0.125387E-02   0.190787E+03   0.000000E+00   0.000000E+00   0.190787E+03  -0.381574E+03
   0.102232E+03   0.271289E+00   0.847997E+01  -0.491668E+01   0.339818E-03   0.191921E-03   0.831855E-04   0.125387E-02   0.190612E+03   0.000000E+00   0.000000E+00   0.190612E+03  -0.381224E+03
   0.102232E+03   0.271289E+00   0.521390E+01   0.594432E+01   0.497666E-03   0.191921E-03   0.831855E-04   0.125387E-02   0.189973E+03   0.000000E+00   0.000000E+00   0.189973E+03  -0.379946E+03
   0.102232E+03   0.271289E+00   0.401401E+01   0.216224E+01   0.497666E-03   0.191921E-03   0.837972E-04   0.125387E-02   0.190278E+03   0.000000E+00   0.000000E+00   0.190278E+03  -0.380556E+03
   0.102232E+03   0.280740E+00   0.265085E+01   0.216224E+01   0.773894E-03   0.191921E-03   0.991213E-04   0.125387E-02   0.189097E+03   0.000000E+00   0.000000E+00   0.189097E+03  -0.378194E+03
   0.102232E+03  -0.320233E+00   0.265085E+01  -0.973781E+01   0.773894E-03   0.191921E-03   0.991213E-04   0.125387E-02   0.189130E+03   0.000000E+00   0.000000E+00   0.189130E+03  -0.378260E+03
   0.102232E+03   0.795031E+00  -0.223276E+01  -0.316360E+01   0.773894E-03   0.191921E-03   0.991213E-04   0.125387E-02   0.187713E+03   0.000000E+00   0.000000E+00   0.187713E+03  -0.375426E+03
   0.102232E+03   0.795031E+00  -0.212968E+01  -0.810501E+01   0.142267E-03   0.191921E-03   0.991213E-04   0.125387E-02   0.189475E+03   0.000000E+00   0.000000E+00   0.189475E+03  -0.378950E+03
   0.102232E+03   0.795031E+00   0.755956E+01   0.730250E+01   0.142267E-03   0.191921E-03   0.991213E-04   0.125387E-02   0.190744E+03   0.000000E+00   0.000000E+00   0.190744E+03  -0.381488E+03
   0.100887E+03   0.664413E+01   0.609310E+01   0.730250E+01   0.281286E-03   0.463238E-04   0.991213E-04   0.125387E-02   0.190969E+03   0.000000E+00   0.000000E+00   0.190969E+03  -0.381938E+03
   0.100887E+03   0.240103E+01  -0.503601E+01  -0.107514E+02   0.281286E-03   0.792890E-04   0.991213E-04   0.125387E-02   0.190202E+03   0.000000E+00   0.000000E+00   0.190202E+03  -0.380404E+03
   0.100887E+03   0.354991E+01  -0.182877E+01  -0.773143E+01   0.281286E-03   0.792890E-04   0.991213E-04   0.125387E-02   0.190250E+03   0.000000E+00   0.000000E+00   0.190250E+03  -0.380500E+03
   0.100887E+03   0.535223E+00  -0.182877E+01  -0.773143E+01   0.281286E-03   0.792890E-04   0.991213E-04   0.125387E-02   0.192563E+03   0.000000E+00   0.000000E+00   0.192563E+03  -0.385126E+03
   0.100887E+03   0.204016E+01  -0.182877E+01  -0.229309E+01   0.281286E-03   0.792890E-04   0.991213E-04   0.125387E-02   0.192798E+03   0.000000E+00   0.000000E+00   0.192798E+03  -0.385596E+03
   0.100887E+03  -0.108996E+01  -0.182877E+01  -0.667410E+00   0.281286E-03   0.792890E-04   0.991213E-04   0.125387E-02   0.192267E+03   0.000000E+00   0.000000E+00   0.192267E+03  -0.384534E+03
   0.100887E+03  -0.557839E-01   0.997904E+00  -0.127703E+02   0.474888E-03   0.792890E-04   0.991213E-04   0.125387E-02   0.190455E+03   0.000000E+00   0.000000E+00   0.190455E+03  -0.380910E+03
   0.100887E+03  -0.557839E-01  -0.569020E+01   0.520520E-01   0.692579E-03   0.792890E-04   0.991213E-04   0.125387E-02   0.190478E+03   0.000000E+00   0.000000E+00   0.190478E+03  -0.380956E+03
   0.100887E+03  -0.746754E+00  -0.204844E+01   0.520520E-01   0.692579E-03   0.792890E-04   0.991213E-04   0.125387E-02   0.191173E+03   0.000000E+00   0.000000E+00   0.191173E+03  -0.382346E+03
   0.101585E+03  -0.746754E+00  -0.204844E+01  -0.100880E+02   0.613461E-03   0.792890E-04   0.991213E-04   0.125387E-02   0.191030E+03   0.000000E+00   0.000000E+00   0.191030E+03  -0.382060E+03
   0.101585E+03  -0.746754E+00  -0.204844E+01   0.707652E+01   0.613461E-03   0.506107E-03   0.991213E-04   0.125387E-02   0.187555E+03   0.000000E+00   0.000000E+00   0.187555E+03  -0.375110E+03
   0.101585E+03  -0.746754E+00  -0.455033E+01  -0.199344E+02   0.613461E-03   0.506107E-03   0.991213E-04   0.125387E-02   0.187508E+03   0.000000E+00   0.000000E+00   0.187508E+03  -0.375016E+03
   0.101585E+03  -0.746754E+00  -0.946805E+01  -0.199344E+02   0.613461E-03   0.506107E-03   0.327147E-03   0.125387E-02   0.186520E+03   0.000000E+00   0.000000E+00   0.186520E+03  -0.373040E+03
   0.101585E+03  -0.746754E+00  -0.517247E+01  -0.787596E+01   0.549573E-03   0.748568E-03   0.327147E-03   0.125387E-02   0.186523E+03   0.000000E+00   0.000000E+00   0.186523E+03  -0.373046E+03
   0.101585E+03  -0.220981E+01   0.560582E+01  -0.677593E+01   0.549573E-03   0.641381E-03   0.198213E-03   0.139847E-02   0.188634E+03   0.000000E+00   0.000000E+00   0.188634E+03  -0.377268E+03
   0.101585E+03  -0.220981E+01   0.560582E+01  -0.175079E+02   0.319394E-03   0.641381E-03   0.198213E-03   0.201425E-02   0.186298E+03   0.000000E+00   0.000000E+00   0.186298E+03  -0.372596E+03
   0.101585E+03  -0.368377E+01   0.560582E+01  -0.586026E+01   0.319394E-03   0.641381E-03   0.198213E-03   0.201425E-02   0.187434E+03   0.000000E+00   0.000000E+00   0.187434E+03  -0.374868E+03
   0.101585E+03  -0.368377E+01   0.560582E+01  -0.675623E+01   0.319394E-03   0.641381E-03   0.198213E-03   0.201425E-02   0.187494E+03   0.000000E+00   0.000000E+00   0.187494E+03  -0.374988E+03
   0.101585E+03   0.196580E+01  -0.191317E+01  -0.173538E+02   0.644297E-03   0.641381E-03   0.198213E-03   0.210161E-02   0.183696E+03   0.000000E+00   0.000000E+00   0.183696E+03  -0.367392E+03
   0.101585E+03   0.196580E+01  -0.296737E+01   0.986586E+01   0.644297E-03   0.641381E-03   0.198213E-03   0.210161E-02   0.185388E+03   0.000000E+00   0.000000E+00   0.185388E+03  -0.370776E+03
   0.101585E+03  -0.342984E+00  -0.296737E+01   0.986586E+01   0.644297E-03   0.641381E-03   0.198213E-03   0.152172E-02   0.185792E+03   0.000000E+00   0.000000E+00   0.185792E+03  -0.371584E+03
   0.101239E+03  -0.144069E+01   0.584705E+01   0.986586E+01   0.644297E-03   0.641381E-03   0.198213E-03   0.352466E-02   0.181825E+03   0.000000E+00   0.000000E+00   0.181825E+03  -0.363650E+03
   0.101239E+03  -0.144069E+01  -0.523401E+01   0.986586E+01   0.101259E-02   0.641381E-03   0.198213E-03   0.352466E-02   0.179868E+03   0.000000E+00   0.000000E+00   0.179868E+03  -0.359736E+03
   0.101239E+03  -0.313618E+01  -0.523401E+01  -0.552655E+01   0.101259E-02   0.840032E-04   0.198213E-03   0.352466E-02   0.183668E+03   0.000000E+00   0.000000E+00   0.183668E+03  -0.367336E+03
   0.101239E+03  -0.181507E+01  -0.182255E+01  -0.611933E+01   0.101259E-02   0.840032E-04   0.198213E-03   0.172963E-02   0.188985E+03   0.000000E+00   0.000000E+00   0.188985E+03  -0.377970E+03
   0.101239E+03   0.184452E-01  -0.617112E+01   0.598635E+01   0.101259E-02   0.744519E-03   0.198213E-03   0.172963E-02   0.184076E+03   0.000000E+00   0.000000E+00   0.184076E+03  -0.368152E+03
   0.101239E+03   0.184452E-01  -0.459202E+01   0.598635E+01   0.101259E-02   0.744519E-03   0.198213E-03   0.172963E-02   0.184645E+03   0.000000E+00   0.000000E+00   0.184645E+03  -0.369290E+03
   0.101239E+03   0.184452E-01  -0.405878E+01  -0.552609E+01   0.101259E-02   0.744519E-03   0.198213E-03   0.149153E-02   0.185936E+03   0.000000E+00   0.000000E+00   0.185936E+03  -0.371872E+03
   0.101239E+03   0.184452E-01  -0.969563E+01  -0.796633E+01   0.783827E-03   0.744519E-03   0.198213E-03   0.149153E-02   0.185258E+03   0.000000E+00   0.000000E+00   0.185258E+03  -0.370516E+03
   0.101239E+03   0.184452E-01   0.203651E+01  -0.137901E+02   0.572577E-03   0.546774E-03   0.198213E-03   0.149153E-02   0.188025E+03   0.000000E+00   0.000000E+00   0.188025E+03  -0.376050E+03
   0.101239E+03   0.413227E+01   0.642213E+01   0.109843E+02   0.706756E-03   0.546774E-03   0.866390E-04   0.149153E-02   0.189150E+03   0.000000E+00   0.000000E+00   0.189150E+03  -0.378300E+03
   0.101239E+03   0.457600E+01  -0.186510E+01   0.109843E+02   0.706756E-03   0.546774E-03   0.866390E-04   0.149153E-02   0.187526E+03   0.000000E+00   0.000000E+00   0.187526E+03  -0.375052E+03
   0.101239E+03   0.457600E+01   0.311731E+01   0.158997E+02   0.706756E-03   0.546774E-03   0.866390E-04   0.149153E-02   0.188416E+03   0.000000E+00   0.000000E+00   0.188416E+03  -0.376832E+03
   0.101239E+03   0.457600E+01   0.311731E+01   0.841244E+01   0.706756E-03   0.546774E-03   0.678232E-04   0.149153E-02   0.189083E+03   0.000000E+00   0.000000E+00   0.189083E+03  -0.378166E+03
   0.101239E+03   0.457600E+01   0.739384E+01   0.841244E+01   0.706756E-03   0.546774E-03   0.678232E-04   0.149153E-02   0.189028E+03   0.000000E+00   0.000000E+00   0.189028E+03  -0.378056E+03
   0.101239E+03   0.457600E+01   0.427412E+01   0.841244E+01   0.706756E-03   0.592814E-03   0.678232E-04   0.132073E-02   0.189145E+03   0.000000E+00   0.000000E+00   0.189145E+03  -0.378290E+03
   0.101239E+03   0.379235E+01   0.427412E+01   0.114168E+02   0.706756E-03   0.592814E-03   0.863858E-04   0.132073E-02   0.189184E+03   0.000000E+00   0.000000E+00   0.189184E+03  -0.378368E+03
   0.101239E+03   0.379235E+01   0.329849E+00  -0.208908E+01   0.679954E-03   0.534271E-03   0.863858E-04   0.132073E-02   0.188214E+03   0.000000E+00   0.000000E+00   0.188214E+03  -0.376428E+03
   0.101239E+03   0.379235E+01  -0.138911E+01  -0.127569E+02   0.679954E-03   0.534271E-03   0.148416E-03   0.132073E-02   0.184856E+03   0.000000E+00   0.000000E+00   0.184856E+03  -0.369712E+03
   0.100808E+03   0.144023E+01   0.101620E+00  -0.929284E+01   0.679954E-03   0.534271E-03   0.148416E-03   0.145328E-02   0.188373E+03   0.000000E+00   0.000000E+00   0.188373E+03  -0.376746E+03
   0.100808E+03   0.144023E+01   0.101620E+00   0.533555E+01   0.729201E-03   0.534271E-03   0.148416E-03   0.130563E-02   0.189574E+03   0.000000E+00   0.000000E+00   0.189574E+03  -0.379148E+03
   0.100808E+03   0.236372E+01   0.101620E+00   0.533555E+01   0.729201E-03   0.534271E-03   0.148416E-03   0.130563E-02   0.189570E+03   0.000000E+00   0.000000E+00   0.189570E+03  -0.379140E+03
   0.100808E+03  -0.158421E+01  -0.192083E+01   0.533555E+01   0.729201E-03   0.534271E-03   0.148416E-03   0.130563E-02   0.188056E+03   0.000000E+00   0.000000E+00   0.188056E+03  -0.376112E+03
   0.100651E+03   0.312394E+01   0.195985E+01   0.122061E+02   0.729201E-03   0.534271E-03   0.206449E-03   0.130563E-02   0.188713E+03   0.000000E+00   0.000000E+00   0.188713E+03  -0.377426E+03
   0.100651E+03   0.312394E+01   0.213567E+00   0.122061E+02   0.729201E-03   0.534271E-03   0.206449E-03   0.130563E-02   0.188573E+03   0.000000E+00   0.000000E+00   0.188573E+03  -0.377146E+03
   0.100606E+03   0.414603E+01   0.639524E+01   0.146821E+02   0.952606E-04   0.534271E-03   0.206449E-03   0.130563E-02   0.189038E+03   0.000000E+00   0.000000E+00   0.189038E+03  -0.378076E+03
   0.100606E+03   0.414603E+01  -0.231576E-01  -0.631468E+01   0.952606E-04   0.300510E-03   0.206449E-03   0.130563E-02   0.189571E+03   0.000000E+00   0.000000E+00   0.189571E+03  -0.379142E+03
   0.100606E+03   0.414603E+01  -0.231576E-01  -0.124206E+01   0.952606E-04   0.300510E-03   0.609725E-03   0.130563E-02   0.189453E+03   0.000000E+00   0.000000E+00   0.189453E+03  -0.378906E+03
   0.100606E+03   0.414603E+01   0.178501E+01  -0.370451E+01   0.952606E-04   0.300510E-03   0.609725E-03   0.130563E-02   0.188754E+03   0.000000E+00   0.000000E+00   0.188754E+03  -0.377508E+03
   0.101799E+03   0.414603E+01   0.178501E+01  -0.370451E+01   0.952606E-04   0.300510E-03   0.609725E-03   0.130563E-02   0.188570E+03   0.000000E+00   0.000000E+00   0.188570E+03  -0.377140E+03
   0.101799E+03   0.430878E+01   0.178501E+01   0.437789E+01   0.952606E-04   0.135786E-03   0.313179E-03   0.130563E-02   0.191349E+03   0.000000E+00   0.000000E+00   0.191349E+03  -0.382698E+03
   0.101799E+03   0.430878E+01   0.178501E+01   0.415361E+01   0.952606E-04   0.124895E-03   0.313179E-03   0.130563E-02   0.191367E+03   0.000000E+00   0.000000E+00   0.191367E+03  -0.382734E+03
   0.101799E+03   0.312475E+01   0.178501E+01   0.415361E+01   0.952606E-04   0.124895E-03   0.243388E-03   0.130563E-02   0.191877E+03   0.000000E+00   0.000000E+00   0.191877E+03  -0.383754E+03
   0.101799E+03   0.312475E+01   0.183945E+01   0.415361E+01   0.472437E-03   0.124895E-03   0.243388E-03   0.130563E-02   0.191157E+03   0.000000E+00   0.000000E+00   0.191157E+03  -0.382314E+03
   0.101799E+03   0.276420E+01   0.183945E+01   0.967684E+01   0.472437E-03   0.124895E-03   0.243388E-03   0.130563E-02   0.190750E+03   0.000000E+00   0.000000E+00   0.190750E+03  -0.381500E+03
   0.101799E+03   0.276420E+01   0.183945E+01   0.967684E+01   0.472437E-03   0.333771E-03   0.243388E-03   0.130563E-02   0.189949E+03   0.000000E+00   0.000000E+00   0.189949E+03  -0.379898E+03
   0.101799E+03   0.276420E+01   0.183945E+01  -0.702425E+01   0.472437E-03   0.333771E-03   0.299997E-03   0.130563E-02   0.188980E+03   0.000000E+00   0.000000E+00   0.188980E+03  -0.377960E+03
   0.101799E+03   0.136361E+01   0.183945E+01  -0.465183E+00   0.472437E-03   0.153449E-03   0.299997E-03   0.180692E-02   0.190379E+03   0.000000E+00   0.000000E+00   0.190379E+03  -0.380758E+03
   0.101799E+03   0.329435E+01   0.369806E+01  -0.465183E+00   0.443586E-03   0.153449E-03   0.299997E-03   0.180692E-02   0.190194E+03   0.000000E+00   0.000000E+00   0.190194E+03  -0.380388E+03
   0.101799E+03   0.137293E+01   0.369806E+01  -0.465183E+00   0.443586E-03   0.448679E-03   0.299997E-03   0.180692E-02   0.189101E+03   0.000000E+00   0.000000E+00   0.189101E+03  -0.378202E+03
   0.100374E+03   0.137293E+01  -0.504973E+01  -0.340710E+01   0.443586E-03   0.448679E-03   0.299997E-03   0.899708E-03   0.189318E+03   0.000000E+00   0.000000E+00   0.189318E+03  -0.378636E+03
   0.100663E+03   0.123485E+01   0.229471E+01  -0.284197E+01   0.443586E-03   0.564411E-03   0.299997E-03   0.899708E-03   0.189326E+03   0.000000E+00   0.000000E+00   0.189326E+03  -0.378652E+03
   0.100201E+03   0.123485E+01  -0.239082E+01  -0.117161E+02   0.443586E-03   0.454707E-03   0.299997E-03   0.899708E-03   0.187979E+03   0.000000E+00   0.000000E+00   0.187979E+03  -0.375958E+03
   0.100201E+03   0.123485E+01  -0.104443E+02  -0.100414E+02   0.519510E-04   0.454707E-03   0.299997E-03   0.899708E-03   0.187840E+03   0.000000E+00   0.000000E+00   0.187840E+03  -0.375680E+03
   0.100201E+03   0.123485E+01  -0.482498E+01  -0.100414E+02   0.519510E-04   0.454707E-03   0.299997E-03   0.899708E-03   0.189142E+03   0.000000E+00   0.000000E+00   0.189142E+03  -0.378284E+03
   0.100201E+03  -0.102269E+01  -0.499140E+01  -0.710055E+01   0.519510E-04   0.454707E-03   0.299997E-03   0.899708E-03   0.189735E+03   0.000000E+00   0.000000E+00   0.189735E+03  -0.379470E+03
   0.100201E+03  -0.102587E+01  -0.499140E+01  -0.710055E+01   0.440011E-03   0.454707E-03   0.299997E-03   0.899708E-03   0.189100E+03   0.000000E+00   0.000000E+00   0.189100E+03  -0.378200E+03
   0.100201E+03   0.782334E+00  -0.499140E+01  -0.361741E+01   0.440011E-03   0.505508E-03   0.299997E-03   0.899708E-03   0.189148E+03   0.000000E+00   0.000000E+00   0.189148E+03  -0.378296E+03
   0.100201E+03   0.782334E+00  -0.603594E+01  -0.136252E+02   0.440011E-03   0.505508E-03   0.299997E-03   0.899708E-03   0.187381E+03   0.000000E+00   0.000000E+00   0.187381E+03  -0.374762E+03
   0.100201E+03  -0.101346E+01  -0.340889E+01  -0.874562E+01   0.440011E-03   0.505508E-03   0.299997E-03   0.899708E-03   0.188954E+03   0.000000E+00   0.000000E+00   0.188954E+03  -0.377908E+03
   0.100201E+03  -0.101346E+01  -0.340889E+01  -0.874562E+01   0.440011E-03   0.467720E-03   0.299997E-03   0.899708E-03   0.189092E+03   0.000000E+00   0.000000E+00   0.189092E+03  -0.378184E+03
   0.101318E+03  -0.101346E+01  -0.256750E+01  -0.874562E+01   0.440011E-03   0.278026E-03   0.299997E-03   0.899708E-03   0.189765E+03   0.000000E+00   0.000000E+00   0.189765E+03  -0.379530E+03
   0.101318E+03   0.290092E+01   0.254785E+01  -0.874562E+01   0.696398E-03   0.244100E-04   0.299997E-03   0.147782E-02   0.188654E+03   0.000000E+00   0.000000E+00   0.188654E+03  -0.377308E+03
   0.102143E+03   0.593548E+01   0.576764E+01   0.131067E+02   0.696398E-03   0.244100E-04   0.299997E-03   0.138720E-02   0.189920E+03   0.000000E+00   0.000000E+00   0.189920E+03  -0.379840E+03
   0.101291E+03   0.593548E+01   0.146480E+01   0.122947E+02   0.696398E-03   0.244100E-04   0.477058E-03   0.194827E-02   0.188274E+03   0.000000E+00   0.000000E+00   0.188274E+03  -0.376548E+03
   0.101291E+03   0.538555E+01   0.676735E+00   0.114098E+02   0.696398E-03   0.244100E-04   0.477058E-03   0.194827E-02   0.188358E+03   0.000000E+00   0.000000E+00   0.188358E+03  -0.376716E+03
   0.101291E+03   0.337547E+01   0.396451E+01   0.110978E+02   0.696398E-03   0.244100E-04   0.451263E-03   0.194827E-02   0.188270E+03   0.000000E+00   0.000000E+00   0.188270E+03  -0.376540E+03
   0.101252E+03   0.701835E+01  -0.201996E+01   0.110978E+02   0.696398E-03   0.244100E-04   0.451263E-03   0.121528E-02   0.188086E+03   0.000000E+00   0.000000E+00   0.188086E+03  -0.376172E+03
   0.101252E+03   0.644067E+01  -0.525933E+00   0.110978E+02   0.696398E-03   0.244100E-04   0.409073E-03   0.121528E-02   0.189123E+03   0.000000E+00   0.000000E+00   0.189123E+03  -0.378246E+03
   0.101252E+03   0.150712E+01  -0.525933E+00   0.110978E+02   0.696398E-03   0.244100E-04   0.409073E-03   0.121528E-02   0.188682E+03   0.000000E+00   0.000000E+00   0.188682E+03  -0.377364E+03
   0.101738E+03   0.150712E+01   0.835432E+01   0.110978E+02   0.696398E-03   0.244100E-04   0.409073E-03   0.121528E-02   0.187930E+03   0.000000E+00   0.000000E+00   0.187930E+03  -0.375860E+03
   0.101738E+03   0.569007E+01   0.935204E+01   0.110978E+02   0.696398E-03   0.244100E-04   0.409073E-03   0.121528E-02   0.189391E+03   0.000000E+00   0.000000E+00   0.189391E+03  -0.378782E+03
   0.101738E+03   0.569007E+01   0.378275E+01   0.110978E+02   0.500981E-03   0.244100E-04   0.409073E-03   0.124510E-02   0.190558E+03   0.000000E+00   0.000000E+00   0.190558E+03  -0.381116E+03
   0.101738E+03   0.569007E+01   0.821862E+01   0.110978E+02   0.500981E-03   0.226477E-03   0.409073E-03   0.124510E-02   0.189962E+03   0.000000E+00   0.000000E+00   0.189962E+03  -0.379924E+03
   0.101738E+03   0.562158E+01   0.821862E+01   0.130159E+02   0.500981E-03   0.226477E-03   0.409073E-03   0.124510E-02   0.189844E+03   0.000000E+00   0.000000E+00   0.189844E+03  -0.379688E+03
   0.101738E+03   0.562158E+01   0.127957E+02   0.130159E+02   0.126352E-03   0.184219E-03   0.409073E-03   0.124510E-02   0.188694E+03   0.000000E+00   0.000000E+00   0.188694E+03  -0.377388E+03
   0.100993E+03   0.296119E+01   0.745428E+01   0.670853E+01   0.172994E-03   0.866862E-04   0.159384E-03   0.124510E-02   0.191672E+03   0.000000E+00   0.000000E+00   0.191672E+03  -0.383344E+03
   0.100993E+03   0.116192E+01   0.491241E+00   0.670853E+01   0.172994E-03   0.866862E-04   0.620496E-04   0.124510E-02   0.192660E+03   0.000000E+00   0.000000E+00   0.192660E+03  -0.385320E+03
   0.100993E+03   0.116192E+01   0.471143E+01  -0.472686E+01   0.172994E-03   0.866862E-04   0.620496E-04   0.987888E-03   0.192081E+03   0.000000E+00   0.000000E+00   0.192081E+03  -0.384162E+03
   0.100993E+03   0.116192E+01   0.193250E+01  -0.121939E+02   0.172994E-03   0.866862E-04   0.620496E-04   0.987888E-03   0.190268E+03   0.000000E+00   0.000000E+00   0.190268E+03  -0.380536E+03
   0.100993E+03  -0.648811E+00  -0.679280E+01  -0.121939E+02   0.921728E-04   0.866862E-04   0.221414E-04   0.987888E-03   0.191273E+03   0.000000E+00   0.000000E+00   0.191273E+03  -0.382546E+03
   0.100993E+03  -0.648811E+00   0.520489E-01  -0.120363E+02   0.921728E-04   0.866862E-04   0.221414E-04   0.987888E-03   0.191896E+03   0.000000E+00   0.000000E+00   0.191896E+03  -0.383792E+03
   0.100993E+03  -0.648811E+00   0.733914E+01  -0.183420E+01   0.921728E-04   0.866862E-04   0.221414E-04   0.987888E-03   0.191123E+03   0.000000E+00   0.000000E+00   0.191123E+03  -0.382246E+03
   0.101605E+03  -0.717143E+00   0.485105E+01  -0.183420E+01   0.921728E-04   0.866862E-04   0.221414E-04   0.987888E-03   0.192217E+03   0.000000E+00   0.000000E+00   0.192217E+03  -0.384434E+03
   0.100941E+03  -0.272411E+00   0.485105E+01  -0.183420E+01   0.921728E-04   0.866862E-04   0.221414E-04   0.987888E-03   0.192352E+03   0.000000E+00   0.000000E+00   0.192352E+03  -0.384704E+03
   0.100941E+03  -0.272411E+00   0.485105E+01   0.573372E-01   0.921728E-04   0.866862E-04   0.221414E-04   0.987888E-03   0.192291E+03   0.000000E+00   0.000000E+00   0.192291E+03  -0.384582E+03
   0.100941E+03  -0.272411E+00   0.485105E+01   0.573372E-01   0.541812E-03   0.866862E-04   0.221414E-04   0.987888E-03   0.191440E+03   0.000000E+00   0.000000E+00   0.191440E+03  -0.382880E+03
   0.100941E+03  -0.746638E-01   0.400557E+01   0.573372E-01   0.541812E-03   0.866862E-04   0.221414E-04   0.987888E-03   0.191758E+03   0.000000E+00   0.000000E+00   0.191758E+03  -0.383516E+03
   0.100941E+03   0.137633E+01  -0.169071E+01  -0.720436E+01   0.541812E-03   0.866862E-04   0.221414E-04   0.987888E-03   0.191277E+03   0.000000E+00   0.000000E+00   0.191277E+03  -0.382554E+03
   0.101106E+03   0.137633E+01   0.740095E+01   0.745763E+01   0.205553E-03   0.445616E-04   0.221414E-04   0.987888E-03   0.191327E+03   0.000000E+00   0.000000E+00   0.191327E+03  -0.382654E+03
   0.101106E+03   0.137633E+01   0.740095E+01   0.109735E+01   0.223333E-03   0.445616E-04   0.221414E-04   0.987888E-03   0.191918E+03   0.000000E+00   0.000000E+00   0.191918E+03  -0.383836E+03
   0.101106E+03   0.371018E+01   0.466109E+01   0.110338E+01   0.223333E-03   0.445616E-04   0.221414E-04   0.987888E-03   0.192391E+03   0.000000E+00   0.000000E+00   0.192391E+03  -0.384782E+03
   0.101106E+03   0.371018E+01  -0.432878E+01  -0.621645E+01   0.390619E-04   0.445616E-04   0.221414E-04   0.987888E-03   0.189771E+03   0.000000E+00   0.000000E+00   0.189771E+03  -0.379542E+03
   0.101098E+03   0.474816E+01  -0.432878E+01   0.199203E+01   0.390619E-04   0.445616E-04   0.221414E-04   0.987888E-03   0.190016E+03   0.000000E+00   0.000000E+00   0.190016E+03  -0.380032E+03
   0.101673E+03   0.350827E+01  -0.202250E+01   0.199203E+01   0.390619E-04   0.269946E-03   0.221414E-04   0.987888E-03   0.189682E+03   0.000000E+00   0.000000E+00   0.189682E+03  -0.379364E+03
   0.101673E+03   0.350827E+01   0.572920E+01   0.195553E+02   0.390619E-04   0.269946E-03   0.221414E-04   0.105155E-02   0.189512E+03   0.000000E+00   0.000000E+00   0.189512E+03  -0.379024E+03
   0.101673E+03   0.350827E+01   0.572920E+01   0.678926E+01   0.390619E-04   0.412991E-03   0.221414E-04   0.243858E-02   0.189488E+03   0.000000E+00   0.000000E+00   0.189488E+03  -0.378976E+03
   0.101673E+03   0.587440E+01   0.572920E+01   0.678926E+01   0.382374E-03   0.412991E-03   0.221414E-04   0.243858E-02   0.188048E+03   0.000000E+00   0.000000E+00   0.188048E+03  -0.376096E+03
   0.101673E+03   0.401312E+01   0.572920E+01   0.870262E+01   0.382374E-03   0.412991E-03   0.221414E-04   0.243858E-02   0.188906E+03   0.000000E+00   0.000000E+00   0.188906E+03  -0.377812E+03
   0.101673E+03   0.401312E+01   0.572920E+01   0.605013E+01   0.382374E-03   0.412991E-03   0.221414E-04   0.243858E-02   0.188851E+03   0.000000E+00   0.000000E+00   0.188851E+03  -0.377702E+03
   0.101673E+03   0.306874E+01  -0.483664E+01   0.605013E+01   0.382374E-03   0.412991E-03   0.221414E-04   0.243858E-02   0.185987E+03   0.000000E+00   0.000000E+00   0.185987E+03  -0.371974E+03
   0.102046E+03   0.306874E+01   0.370104E+01   0.628009E+01   0.382374E-03   0.412991E-03   0.221414E-04   0.243858E-02   0.188233E+03   0.000000E+00   0.000000E+00   0.188233E+03  -0.376466E+03
   0.102046E+03  -0.660556E+01   0.370104E+01  -0.134215E+02   0.382374E-03   0.412991E-03   0.285129E-03   0.243858E-02   0.185385E+03   0.000000E+00   0.000000E+00   0.185385E+03  -0.370770E+03
   0.102046E+03  -0.256616E+01   0.370104E+01  -0.134215E+02   0.382374E-03   0.412991E-03   0.285129E-03   0.104526E-02   0.188984E+03   0.000000E+00   0.000000E+00   0.188984E+03  -0.377968E+03
   0.102046E+03  -0.256616E+01  -0.348164E+01  -0.253708E+01   0.382374E-03   0.507244E-03   0.285129E-03   0.104526E-02   0.186191E+03   0.000000E+00   0.000000E+00   0.186191E+03  -0.372382E+03
   0.102046E+03  -0.256616E+01   0.466949E+01  -0.267745E+01   0.382374E-03   0.507244E-03   0.285129E-03   0.104526E-02   0.188108E+03   0.000000E+00   0.000000E+00   0.188108E+03  -0.376216E+03
   0.101927E+03  -0.256616E+01   0.466949E+01  -0.139237E+02   0.382374E-03   0.507244E-03   0.285129E-03   0.149150E-02   0.188638E+03   0.000000E+00   0.000000E+00   0.188638E+03  -0.377276E+03
   0.101927E+03  -0.497303E+01  -0.430392E+01  -0.139237E+02   0.382374E-03   0.507244E-03   0.285129E-03   0.112956E-02   0.187316E+03   0.000000E+00   0.000000E+00   0.187316E+03  -0.374632E+03
   0.101927E+03  -0.497303E+01  -0.606416E+01  -0.173090E+02   0.117965E-03   0.507244E-03   0.285129E-03   0.112956E-02   0.187550E+03   0.000000E+00   0.000000E+00   0.187550E+03  -0.375100E+03
   0.101607E+03  -0.177377E+01  -0.112252E+02  -0.173090E+02   0.117965E-03   0.507244E-03   0.285129E-03   0.112956E-02   0.187493E+03   0.000000E+00   0.000000E+00   0.187493E+03  -0.374986E+03
   0.101607E+03  -0.435515E+01  -0.997772E+01  -0.211557E+02   0.117965E-03   0.507244E-03   0.285129E-03   0.112956E-02   0.186587E+03   0.000000E+00   0.000000E+00   0.186587E+03  -0.373174E+03
   0.101607E+03   0.277439E-01  -0.469065E+01  -0.245215E+01   0.117965E-03   0.507244E-03   0.393117E-03   0.213663E-02   0.187330E+03   0.000000E+00   0.000000E+00   0.187330E+03  -0.374660E+03
   0.101607E+03   0.297312E+01  -0.730266E+01  -0.168335E+01   0.117965E-03   0.507244E-03   0.393117E-03   0.213663E-02   0.185981E+03   0.000000E+00   0.000000E+00   0.185981E+03  -0.371962E+03
   0.997353E+02  -0.582521E+00  -0.730266E+01  -0.120447E+02   0.117965E-03   0.507244E-03   0.393117E-03   0.213663E-02   0.185522E+03   0.000000E+00   0.000000E+00   0.185522E+03  -0.371044E+03
   0.997353E+02  -0.582521E+00  -0.730266E+01  -0.281860E+01   0.117965E-03   0.507244E-03   0.393117E-03   0.213663E-02   0.186565E+03   0.000000E+00   0.000000E+00   0.186565E+03  -0.373130E+03
   0.997353E+02   0.913502E+00  -0.760588E+01  -0.281860E+01   0.117965E-03   0.269952E-03   0.393117E-03   0.213663E-02   0.187636E+03   0.000000E+00   0.000000E+00   0.187636E+03  -0.375272E+03
   0.997353E+02   0.913502E+00  -0.760588E+01  -0.303372E+01   0.117965E-03   0.269952E-03   0.393117E-03   0.213663E-02   0.187630E+03   0.000000E+00   0.000000E+00   0.187630E+03  -0.375260E+03
   0.997353E+02   0.913502E+00  -0.419007E+01  -0.630427E+00   0.117965E-03   0.269952E-03   0.393117E-03   0.213663E-02   0.187948E+03   0.000000E+00   0.000000E+00   0.187948E+03  -0.375896E+03
   0.997353E+02   0.913502E+00  -0.574295E+01  -0.630427E+00   0.117965E-03   0.269952E-03   0.393117E-03   0.213663E-02   0.187883E+03   0.000000E+00   0.000000E+00   0.187883E+03  -0.375766E+03
   0.101510E+03   0.309461E+01  -0.343348E+01  -0.479050E+01   0.117965E-03   0.269952E-03   0.393117E-03   0.229775E-02   0.188282E+03   0.000000E+00   0.000000E+00   0.188282E+03  -0.376564E+03
   0.100224E+03   0.251599E+01  -0.343348E+01  -0.186153E+01   0.117965E-03   0.269952E-03   0.393117E-03   0.229775E-02   0.188770E+03   0.000000E+00   0.000000E+00   0.188770E+03  -0.377540E+03
   0.100224E+03   0.251599E+01  -0.343348E+01   0.774343E+01   0.117965E-03   0.269952E-03   0.393117E-03   0.229775E-02   0.188137E+03   0.000000E+00   0.000000E+00   0.188137E+03  -0.376274E+03
   0.100224E+03   0.251599E+01  -0.334713E+01   0.579071E+01   0.117965E-03   0.269952E-03   0.393117E-03   0.229775E-02   0.188505E+03   0.000000E+00   0.000000E+00   0.188505E+03  -0.377010E+03
   0.100224E+03   0.251599E+01  -0.334713E+01  -0.168382E+01   0.117965E-03   0.269952E-03   0.393117E-03   0.195796E-02   0.189601E+03   0.000000E+00   0.000000E+00   0.189601E+03  -0.379202E+03
   0.100224E+03   0.419532E+00  -0.258493E+01  -0.168382E+01   0.117965E-03   0.269952E-03   0.393117E-03   0.195796E-02   0.189449E+03   0.000000E+00   0.000000E+00   0.189449E+03  -0.378898E+03
   0.100224E+03   0.419532E+00  -0.258493E+01  -0.168382E+01   0.117965E-03   0.269952E-03   0.393117E-03   0.202422E-02   0.189288E+03   0.000000E+00   0.000000E+00   0.189288E+03  -0.378576E+03
   0.100159E+03   0.419532E+00  -0.258493E+01  -0.214035E+01   0.117965E-03   0.269952E-03   0.393117E-03   0.839275E-03   0.190139E+03   0.000000E+00   0.000000E+00   0.190139E+03  -0.380278E+03
   0.100405E+03  -0.816548E-01  -0.258493E+01   0.516658E+01   0.117965E-03   0.269952E-03   0.393117E-03   0.839275E-03   0.189106E+03   0.000000E+00   0.000000E+00   0.189106E+03  -0.378212E+03
   0.100405E+03   0.122261E+01  -0.403538E+01  -0.702532E+01   0.117965E-03   0.269952E-03   0.393117E-03   0.200353E-02   0.189373E+03   0.000000E+00   0.000000E+00   0.189373E+03  -0.378746E+03
   0.100405E+03  -0.981625E+00  -0.403538E+01  -0.894537E+01   0.117965E-03   0.175567E-04   0.393117E-03   0.200353E-02   0.189183E+03   0.000000E+00   0.000000E+00   0.189183E+03  -0.378366E+03
   0.101690E+03   0.338795E+01  -0.404586E+01   0.325214E+01   0.117965E-03   0.175567E-04   0.393117E-03   0.200353E-02   0.189119E+03   0.000000E+00   0.000000E+00   0.189119E+03  -0.378238E+03
   0.101042E+03   0.338795E+01  -0.404586E+01   0.325214E+01   0.117965E-03   0.175567E-04   0.393117E-03   0.200353E-02   0.190261E+03   0.000000E+00   0.000000E+00   0.190261E+03  -0.380522E+03
