Kmin_MC_Up_a0  Kmin_TR_a0     Y1_intercept   Y2_intercept   Y3_intercept   Y4_intercept   Y5_intercept   LogPost        LogPrior       LogHyper       LogLkh         Deviance       
   0.343719E+02   0.277898E+02   0.600152E-02   0.135640E+02   0.103424E+02   0.123491E+02   0.124624E+02   0.938451E+02  -0.160982E+02   0.000000E+00   0.109943E+03  -0.219887E+03
   0.343719E+02   0.277898E+02   0.534168E-02   0.856069E+01   0.151396E+02   0.193339E+02   0.116765E+02   0.910251E+02  -0.183657E+02   0.000000E+00   0.109391E+03  -0.218782E+03
   0.346070E+02   0.276900E+02   0.572410E-02   0.118275E+02   0.733218E+01   0.965421E+01   0.130684E+02   0.918317E+02  -0.175613E+02   0.000000E+00   0.109393E+03  -0.218786E+03
   0.343542E+02   0.267809E+02   0.679901E-02   0.892660E+01   0.912250E+01   0.149590E+02   0.991481E+01   0.922124E+02  -0.158489E+02   0.000000E+00   0.108061E+03  -0.216123E+03
   0.344624E+02   0.262553E+02   0.723311E-02   0.132746E+02   0.928450E+01   0.104550E+02   0.111573E+02   0.897352E+02  -0.174093E+02   0.000000E+00   0.107144E+03  -0.214289E+03
   0.344665E+02   0.274214E+02   0.710665E-02   0.722496E+01   0.125649E+02   0.100601E+02   0.118445E+02   0.915896E+02  -0.179936E+02   0.000000E+00   0.109583E+03  -0.219166E+03
   0.342149E+02   0.274238E+02   0.784737E-02   0.124554E+02   0.110342E+02   0.166091E+02   0.164227E+02   0.913041E+02  -0.155283E+02   0.000000E+00   0.106832E+03  -0.213665E+03
   0.346044E+02   0.280998E+02   0.698378E-02   0.100361E+02   0.972182E+01   0.130159E+02   0.193357E+02   0.935585E+02  -0.152166E+02   0.000000E+00   0.108775E+03  -0.217550E+03
   0.345737E+02   0.271331E+02   0.587279E-02   0.799593E+01   0.940231E+01   0.962450E+01   0.174290E+02   0.929451E+02  -0.168983E+02   0.000000E+00   0.109843E+03  -0.219687E+03
   0.344437E+02   0.271331E+02   0.607883E-02   0.118056E+02   0.962312E+01   0.140579E+02   0.141449E+02   0.952789E+02  -0.145242E+02   0.000000E+00   0.109803E+03  -0.219606E+03
   0.344437E+02   0.270449E+02   0.522720E-02   0.832328E+01   0.674947E+01   0.177420E+02   0.121506E+02   0.920511E+02  -0.167022E+02   0.000000E+00   0.108753E+03  -0.217507E+03
   0.344437E+02   0.274397E+02   0.485386E-02   0.122903E+02   0.132146E+02   0.172175E+02   0.140843E+02   0.921604E+02  -0.164115E+02   0.000000E+00   0.108572E+03  -0.217144E+03
   0.343684E+02   0.289755E+02   0.730813E-02   0.971916E+01   0.840427E+01   0.160778E+02   0.145204E+02   0.934921E+02  -0.143575E+02   0.000000E+00   0.107850E+03  -0.215699E+03
   0.344562E+02   0.277113E+02   0.671725E-02   0.971916E+01   0.117582E+02   0.107697E+02   0.204110E+02   0.929263E+02  -0.170680E+02   0.000000E+00   0.109994E+03  -0.219989E+03
   0.344185E+02   0.278819E+02   0.587611E-02   0.791899E+01   0.627362E+01   0.163508E+02   0.171359E+02   0.928416E+02  -0.172936E+02   0.000000E+00   0.110135E+03  -0.220270E+03
   0.343335E+02   0.286271E+02   0.489894E-02   0.960670E+01   0.118461E+02   0.137673E+02   0.145679E+02   0.921599E+02  -0.145575E+02   0.000000E+00   0.106717E+03  -0.213435E+03
   0.345127E+02   0.286034E+02   0.710214E-02   0.131689E+02   0.684593E+01   0.151789E+02   0.142905E+02   0.917208E+02  -0.166946E+02   0.000000E+00   0.108415E+03  -0.216831E+03
   0.347076E+02   0.272345E+02   0.539983E-02   0.947962E+01   0.683553E+01   0.132518E+02   0.134710E+02   0.921939E+02  -0.155778E+02   0.000000E+00   0.107772E+03  -0.215543E+03
   0.345336E+02   0.288891E+02   0.678419E-02   0.911153E+01   0.970734E+01   0.167237E+02   0.181116E+02   0.927491E+02  -0.149475E+02   0.000000E+00   0.107697E+03  -0.215393E+03
   0.343148E+02   0.281026E+02   0.606291E-02   0.762760E+01   0.103227E+02   0.161859E+02   0.123126E+02   0.941971E+02  -0.151902E+02   0.000000E+00   0.109387E+03  -0.218775E+03
   0.343148E+02   0.278700E+02   0.567383E-02   0.710419E+01   0.923925E+01   0.910593E+01   0.138266E+02   0.913955E+02  -0.177965E+02   0.000000E+00   0.109192E+03  -0.218384E+03
   0.344444E+02   0.283549E+02   0.604913E-02   0.172549E+02   0.125906E+02   0.143076E+02   0.146297E+02   0.904143E+02  -0.191841E+02   0.000000E+00   0.109598E+03  -0.219197E+03
   0.344547E+02   0.286278E+02   0.701683E-02   0.112153E+02   0.113582E+02   0.181272E+02   0.197914E+02   0.921448E+02  -0.165462E+02   0.000000E+00   0.108691E+03  -0.217382E+03
   0.342758E+02   0.282340E+02   0.571891E-02   0.872724E+01   0.120493E+02   0.176032E+02   0.157711E+02   0.934167E+02  -0.153397E+02   0.000000E+00   0.108756E+03  -0.217513E+03
   0.345517E+02   0.291657E+02   0.690420E-02   0.125089E+02   0.901088E+01   0.207137E+02   0.137448E+02   0.900110E+02  -0.165762E+02   0.000000E+00   0.106587E+03  -0.213174E+03
   0.344836E+02   0.301365E+02   0.961078E-02   0.133024E+02   0.109595E+02   0.147112E+02   0.110838E+02   0.859272E+02  -0.163885E+02   0.000000E+00   0.102316E+03  -0.204631E+03
   0.339736E+02   0.302461E+02   0.761968E-02   0.111144E+02   0.118113E+02   0.149544E+02   0.175186E+02   0.866316E+02  -0.152732E+02   0.000000E+00   0.101905E+03  -0.203810E+03
   0.345094E+02   0.286033E+02   0.818574E-02   0.111853E+02   0.957883E+01   0.114391E+02   0.193653E+02   0.911569E+02  -0.160287E+02   0.000000E+00   0.107186E+03  -0.214371E+03
   0.345094E+02   0.273470E+02   0.609416E-02   0.110256E+02   0.714728E+01   0.140394E+02   0.117948E+02   0.943959E+02  -0.158231E+02   0.000000E+00   0.110219E+03  -0.220438E+03
   0.345094E+02   0.278934E+02   0.570012E-02   0.104963E+02   0.105295E+02   0.131395E+02   0.165598E+02   0.954262E+02  -0.145324E+02   0.000000E+00   0.109959E+03  -0.219917E+03
   0.344530E+02   0.276377E+02   0.577527E-02   0.998292E+01   0.141641E+02   0.124943E+02   0.153868E+02   0.940371E+02  -0.161914E+02   0.000000E+00   0.110228E+03  -0.220457E+03
   0.344112E+02   0.273463E+02   0.697667E-02   0.121616E+02   0.101898E+02   0.123431E+02   0.143460E+02   0.944719E+02  -0.150197E+02   0.000000E+00   0.109492E+03  -0.218983E+03
   0.344112E+02   0.278465E+02   0.604078E-02   0.111654E+02   0.688142E+01   0.187365E+02   0.134449E+02   0.935699E+02  -0.165774E+02   0.000000E+00   0.110147E+03  -0.220295E+03
   0.344112E+02   0.278329E+02   0.664768E-02   0.866029E+01   0.761982E+01   0.123529E+02   0.130373E+02   0.947225E+02  -0.152109E+02   0.000000E+00   0.109933E+03  -0.219867E+03
   0.343996E+02   0.272170E+02   0.548982E-02   0.103823E+02   0.147561E+02   0.146523E+02   0.123056E+02   0.926081E+02  -0.166735E+02   0.000000E+00   0.109282E+03  -0.218563E+03
   0.343996E+02   0.272170E+02   0.626064E-02   0.120708E+02   0.133044E+02   0.130261E+02   0.120911E+02   0.932192E+02  -0.164702E+02   0.000000E+00   0.109689E+03  -0.219379E+03
   0.343996E+02   0.280705E+02   0.624534E-02   0.115053E+02   0.838418E+01   0.214291E+02   0.147146E+02   0.933687E+02  -0.165922E+02   0.000000E+00   0.109961E+03  -0.219922E+03
   0.342482E+02   0.278083E+02   0.702766E-02   0.871699E+01   0.639280E+01   0.176391E+02   0.152497E+02   0.917102E+02  -0.167252E+02   0.000000E+00   0.108435E+03  -0.216871E+03
   0.346314E+02   0.264477E+02   0.788188E-02   0.842644E+01   0.936438E+01   0.149445E+02   0.122892E+02   0.928055E+02  -0.145389E+02   0.000000E+00   0.107344E+03  -0.214689E+03
   0.346860E+02   0.275454E+02   0.556303E-02   0.106145E+02   0.668497E+01   0.201648E+02   0.197668E+02   0.897718E+02  -0.184085E+02   0.000000E+00   0.108180E+03  -0.216361E+03
   0.346930E+02   0.266969E+02   0.575728E-02   0.129261E+02   0.955682E+01   0.122233E+02   0.944669E+01   0.905079E+02  -0.176514E+02   0.000000E+00   0.108159E+03  -0.216319E+03
   0.343609E+02   0.280555E+02   0.709800E-02   0.116273E+02   0.887124E+01   0.180662E+02   0.193736E+02   0.930129E+02  -0.162487E+02   0.000000E+00   0.109262E+03  -0.218523E+03
   0.344486E+02   0.269663E+02   0.805538E-02   0.109004E+02   0.103027E+02   0.148002E+02   0.178333E+02   0.930504E+02  -0.148178E+02   0.000000E+00   0.107868E+03  -0.215736E+03
   0.345130E+02   0.278996E+02   0.612100E-02   0.992929E+01   0.103027E+02   0.143513E+02   0.143539E+02   0.960173E+02  -0.140566E+02   0.000000E+00   0.110074E+03  -0.220148E+03
   0.342784E+02   0.278996E+02   0.512884E-02   0.880073E+01   0.117443E+02   0.189679E+02   0.183682E+02   0.915066E+02  -0.162606E+02   0.000000E+00   0.107767E+03  -0.215534E+03
   0.345601E+02   0.271799E+02   0.538364E-02   0.118895E+02   0.729194E+01   0.164393E+02   0.185902E+02   0.929633E+02  -0.165268E+02   0.000000E+00   0.109490E+03  -0.218980E+03
   0.345601E+02   0.271799E+02   0.533092E-02   0.981004E+01   0.846645E+01   0.147816E+02   0.187421E+02   0.943495E+02  -0.150578E+02   0.000000E+00   0.109407E+03  -0.218815E+03
   0.345836E+02   0.265479E+02   0.661225E-02   0.104835E+02   0.952163E+01   0.117977E+02   0.155503E+02   0.940739E+02  -0.146508E+02   0.000000E+00   0.108725E+03  -0.217449E+03
   0.344728E+02   0.271890E+02   0.669322E-02   0.985856E+01   0.112799E+02   0.152277E+02   0.154274E+02   0.953836E+02  -0.144076E+02   0.000000E+00   0.109791E+03  -0.219582E+03
   0.345389E+02   0.280364E+02   0.558131E-02   0.905443E+01   0.106006E+02   0.148927E+02   0.252544E+02   0.913256E+02  -0.180933E+02   0.000000E+00   0.109419E+03  -0.218838E+03
   0.342884E+02   0.265601E+02   0.678605E-02   0.120916E+02   0.777194E+01   0.198038E+02   0.903618E+01   0.872895E+02  -0.191912E+02   0.000000E+00   0.106481E+03  -0.212961E+03
   0.344964E+02   0.286596E+02   0.678605E-02   0.988985E+01   0.121728E+02   0.158484E+02   0.150806E+02   0.937123E+02  -0.148306E+02   0.000000E+00   0.108543E+03  -0.217086E+03
   0.343997E+02   0.277418E+02   0.719339E-02   0.850346E+01   0.922030E+01   0.144335E+02   0.139138E+02   0.951892E+02  -0.142047E+02   0.000000E+00   0.109394E+03  -0.218788E+03
   0.344198E+02   0.269471E+02   0.687931E-02   0.973387E+01   0.110316E+02   0.163795E+02   0.118518E+02   0.941503E+02  -0.149053E+02   0.000000E+00   0.109056E+03  -0.218111E+03
   0.345473E+02   0.273058E+02   0.574929E-02   0.104094E+02   0.875087E+01   0.184867E+02   0.123035E+02   0.947519E+02  -0.152588E+02   0.000000E+00   0.110011E+03  -0.220021E+03
   0.344069E+02   0.273229E+02   0.585751E-02   0.793367E+01   0.814712E+01   0.176646E+02   0.173798E+02   0.941204E+02  -0.157359E+02   0.000000E+00   0.109856E+03  -0.219713E+03
   0.339911E+02   0.283605E+02   0.791672E-02   0.860320E+01   0.952030E+01   0.210439E+02   0.117973E+02   0.875989E+02  -0.164275E+02   0.000000E+00   0.104026E+03  -0.208053E+03
   0.345972E+02   0.278525E+02   0.661381E-02   0.157186E+02   0.133743E+02   0.158854E+02   0.125085E+02   0.906302E+02  -0.187473E+02   0.000000E+00   0.109378E+03  -0.218755E+03
   0.342875E+02   0.286135E+02   0.589846E-02   0.898890E+01   0.119500E+02   0.162216E+02   0.102951E+02   0.923094E+02  -0.162213E+02   0.000000E+00   0.108531E+03  -0.217061E+03
   0.344937E+02   0.272156E+02   0.653214E-02   0.837636E+01   0.122412E+02   0.137616E+02   0.151250E+02   0.949584E+02  -0.150061E+02   0.000000E+00   0.109964E+03  -0.219929E+03
   0.344381E+02   0.275905E+02   0.578125E-02   0.834967E+01   0.968096E+01   0.181837E+02   0.155119E+02   0.952274E+02  -0.149719E+02   0.000000E+00   0.110199E+03  -0.220399E+03
   0.344381E+02   0.285459E+02   0.494957E-02   0.127661E+02   0.109190E+02   0.185370E+02   0.171344E+02   0.909915E+02  -0.163622E+02   0.000000E+00   0.107354E+03  -0.214707E+03
   0.343684E+02   0.292637E+02   0.885474E-02   0.757883E+01   0.102683E+02   0.169250E+02   0.122783E+02   0.900917E+02  -0.153842E+02   0.000000E+00   0.105476E+03  -0.210952E+03
   0.343684E+02   0.284856E+02   0.648497E-02   0.888302E+01   0.129113E+02   0.149830E+02   0.218613E+02   0.919418E+02  -0.173393E+02   0.000000E+00   0.109281E+03  -0.218562E+03
   0.344757E+02   0.283993E+02   0.679118E-02   0.726144E+01   0.112759E+02   0.996998E+01   0.216639E+02   0.901339E+02  -0.190559E+02   0.000000E+00   0.109190E+03  -0.218380E+03
   0.343871E+02   0.277368E+02   0.585081E-02   0.799552E+01   0.100596E+02   0.144905E+02   0.122969E+02   0.952822E+02  -0.147451E+02   0.000000E+00   0.110027E+03  -0.220055E+03
   0.345956E+02   0.275788E+02   0.517215E-02   0.103182E+02   0.113858E+02   0.160645E+02   0.143544E+02   0.942578E+02  -0.145531E+02   0.000000E+00   0.108811E+03  -0.217622E+03
   0.345956E+02   0.279696E+02   0.593617E-02   0.115357E+02   0.100858E+02   0.171416E+02   0.115600E+02   0.938065E+02  -0.154129E+02   0.000000E+00   0.109219E+03  -0.218439E+03
   0.345956E+02   0.263123E+02   0.671332E-02   0.940902E+01   0.976004E+01   0.882442E+01   0.185770E+02   0.901661E+02  -0.178036E+02   0.000000E+00   0.107970E+03  -0.215939E+03
   0.345366E+02   0.271832E+02   0.642449E-02   0.774440E+01   0.126298E+02   0.111079E+02   0.961636E+01   0.915702E+02  -0.183913E+02   0.000000E+00   0.109962E+03  -0.219923E+03
   0.344076E+02   0.283684E+02   0.640697E-02   0.893478E+01   0.132622E+02   0.126700E+02   0.200621E+02   0.926378E+02  -0.169215E+02   0.000000E+00   0.109559E+03  -0.219119E+03
   0.344035E+02   0.283684E+02   0.574955E-02   0.876161E+01   0.926886E+01   0.150088E+02   0.195317E+02   0.941414E+02  -0.152798E+02   0.000000E+00   0.109421E+03  -0.218842E+03
   0.347339E+02   0.289537E+02   0.783737E-02   0.102985E+02   0.156022E+02   0.167000E+02   0.115972E+02   0.866652E+02  -0.178417E+02   0.000000E+00   0.104507E+03  -0.209014E+03
   0.345756E+02   0.280122E+02   0.596084E-02   0.104226E+02   0.817375E+01   0.164072E+02   0.133381E+02   0.947015E+02  -0.146763E+02   0.000000E+00   0.109378E+03  -0.218756E+03
   0.345756E+02   0.271657E+02   0.580172E-02   0.907028E+01   0.891823E+01   0.149680E+02   0.204137E+02   0.941709E+02  -0.156255E+02   0.000000E+00   0.109796E+03  -0.219593E+03
   0.344795E+02   0.281766E+02   0.660308E-02   0.117138E+02   0.126781E+02   0.124683E+02   0.204223E+02   0.924506E+02  -0.172149E+02   0.000000E+00   0.109665E+03  -0.219331E+03
   0.344795E+02   0.276759E+02   0.536298E-02   0.107985E+02   0.101693E+02   0.168082E+02   0.155485E+02   0.953054E+02  -0.145604E+02   0.000000E+00   0.109866E+03  -0.219732E+03
   0.343580E+02   0.280878E+02   0.544645E-02   0.125694E+02   0.124088E+02   0.140757E+02   0.185529E+02   0.928276E+02  -0.165065E+02   0.000000E+00   0.109334E+03  -0.218668E+03
   0.343856E+02   0.270482E+02   0.498448E-02   0.860459E+01   0.128465E+02   0.160108E+02   0.163134E+02   0.920713E+02  -0.155189E+02   0.000000E+00   0.107590E+03  -0.215180E+03
   0.344894E+02   0.268414E+02   0.482984E-02   0.115505E+02   0.101336E+02   0.162724E+02   0.221035E+02   0.903705E+02  -0.169117E+02   0.000000E+00   0.107282E+03  -0.214564E+03
   0.345233E+02   0.277160E+02   0.673648E-02   0.725699E+01   0.115581E+02   0.129366E+02   0.138908E+02   0.943375E+02  -0.155556E+02   0.000000E+00   0.109893E+03  -0.219786E+03
   0.345380E+02   0.271514E+02   0.769587E-02   0.788332E+01   0.819433E+01   0.966301E+01   0.133151E+02   0.918059E+02  -0.168632E+02   0.000000E+00   0.108669E+03  -0.217338E+03
   0.344263E+02   0.281670E+02   0.492044E-02   0.815146E+01   0.772543E+01   0.156938E+02   0.117625E+02   0.928304E+02  -0.155204E+02   0.000000E+00   0.108351E+03  -0.216702E+03
   0.344263E+02   0.282097E+02   0.642423E-02   0.539927E+01   0.776829E+01   0.180676E+02   0.147679E+02   0.904474E+02  -0.193444E+02   0.000000E+00   0.109792E+03  -0.219584E+03
   0.344160E+02   0.272871E+02   0.730277E-02   0.926772E+01   0.734127E+01   0.132340E+02   0.199176E+02   0.928292E+02  -0.163024E+02   0.000000E+00   0.109132E+03  -0.218263E+03
   0.345402E+02   0.280403E+02   0.590652E-02   0.895226E+01   0.116342E+02   0.108909E+02   0.219433E+02   0.919715E+02  -0.176920E+02   0.000000E+00   0.109664E+03  -0.219327E+03
   0.342945E+02   0.285612E+02   0.564883E-02   0.112891E+02   0.144060E+02   0.127596E+02   0.127917E+02   0.916343E+02  -0.167207E+02   0.000000E+00   0.108355E+03  -0.216710E+03
   0.345719E+02   0.284129E+02   0.649489E-02   0.979141E+01   0.857122E+01   0.106004E+02   0.127917E+02   0.931641E+02  -0.155062E+02   0.000000E+00   0.108670E+03  -0.217341E+03
   0.345882E+02   0.266170E+02   0.653059E-02   0.173784E+02   0.857122E+01   0.112048E+02   0.133990E+02   0.895148E+02  -0.193933E+02   0.000000E+00   0.108908E+03  -0.217816E+03
   0.344617E+02   0.276821E+02   0.751244E-02   0.735476E+01   0.109666E+02   0.121540E+02   0.167206E+02   0.933787E+02  -0.157320E+02   0.000000E+00   0.109111E+03  -0.218221E+03
   0.345746E+02   0.280835E+02   0.660540E-02   0.926597E+01   0.777378E+01   0.118986E+02   0.142025E+02   0.942874E+02  -0.150207E+02   0.000000E+00   0.109308E+03  -0.218616E+03
   0.342331E+02   0.292578E+02   0.707561E-02   0.112112E+02   0.992745E+01   0.135660E+02   0.154968E+02   0.925321E+02  -0.144043E+02   0.000000E+00   0.106936E+03  -0.213873E+03
   0.346408E+02   0.282610E+02   0.661218E-02   0.103370E+02   0.881570E+01   0.148011E+02   0.203165E+02   0.925592E+02  -0.156239E+02   0.000000E+00   0.108183E+03  -0.216366E+03
   0.341857E+02   0.283392E+02   0.625016E-02   0.150487E+02   0.803531E+01   0.119304E+02   0.129119E+02   0.902889E+02  -0.174950E+02   0.000000E+00   0.107784E+03  -0.215568E+03
   0.342463E+02   0.264158E+02   0.730354E-02   0.101964E+02   0.124768E+02   0.968789E+01   0.128831E+02   0.882457E+02  -0.170082E+02   0.000000E+00   0.105254E+03  -0.210508E+03
   0.346053E+02   0.275132E+02   0.860064E-02   0.977204E+01   0.101141E+02   0.154822E+02   0.108166E+02   0.919954E+02  -0.151117E+02   0.000000E+00   0.107107E+03  -0.214214E+03
   0.342628E+02   0.292718E+02   0.658401E-02   0.121050E+02   0.103493E+02   0.179697E+02   0.131490E+02   0.917208E+02  -0.154316E+02   0.000000E+00   0.107152E+03  -0.214305E+03
   0.344177E+02   0.279345E+02   0.658401E-02   0.132440E+02   0.127158E+02   0.944271E+01   0.158789E+02   0.913580E+02  -0.186032E+02   0.000000E+00   0.109961E+03  -0.219922E+03
   0.341866E+02   0.283226E+02   0.700964E-02   0.154587E+02   0.119541E+02   0.167320E+02   0.202244E+02   0.886266E+02  -0.191194E+02   0.000000E+00   0.107746E+03  -0.215492E+03
   0.345618E+02   0.270449E+02   0.700964E-02   0.103708E+02   0.753738E+01   0.101696E+02   0.156872E+02   0.929639E+02  -0.164003E+02   0.000000E+00   0.109364E+03  -0.218728E+03
   0.344112E+02   0.276822E+02   0.704743E-02   0.106519E+02   0.126314E+02   0.168425E+02   0.100986E+02   0.926503E+02  -0.169351E+02   0.000000E+00   0.109585E+03  -0.219171E+03
   0.344704E+02   0.280611E+02   0.530572E-02   0.100416E+02   0.101671E+02   0.177988E+02   0.139066E+02   0.947892E+02  -0.146189E+02   0.000000E+00   0.109408E+03  -0.218816E+03
   0.345510E+02   0.269544E+02   0.546765E-02   0.127074E+02   0.887192E+01   0.113493E+02   0.139043E+02   0.935030E+02  -0.157677E+02   0.000000E+00   0.109271E+03  -0.218541E+03
   0.345491E+02   0.271852E+02   0.597332E-02   0.750381E+01   0.954454E+01   0.142623E+02   0.159794E+02   0.951283E+02  -0.148805E+02   0.000000E+00   0.110009E+03  -0.220018E+03
   0.345491E+02   0.271852E+02   0.788313E-02   0.109689E+02   0.131664E+02   0.111632E+02   0.169891E+02   0.918125E+02  -0.165959E+02   0.000000E+00   0.108408E+03  -0.216817E+03
   0.342948E+02   0.272598E+02   0.644320E-02   0.701193E+01   0.104021E+02   0.127443E+02   0.140654E+02   0.930471E+02  -0.154970E+02   0.000000E+00   0.108544E+03  -0.217088E+03
   0.343477E+02   0.289632E+02   0.924274E-02   0.135458E+02   0.104021E+02   0.154580E+02   0.173417E+02   0.892966E+02  -0.160248E+02   0.000000E+00   0.105321E+03  -0.210643E+03
   0.345625E+02   0.273143E+02   0.578887E-02   0.111732E+02   0.103272E+02   0.123276E+02   0.227440E+02   0.927488E+02  -0.172387E+02   0.000000E+00   0.109987E+03  -0.219975E+03
   0.345106E+02   0.271850E+02   0.767293E-02   0.882023E+01   0.637486E+01   0.144927E+02   0.135582E+02   0.925177E+02  -0.162237E+02   0.000000E+00   0.108741E+03  -0.217483E+03
   0.344587E+02   0.281885E+02   0.737715E-02   0.996956E+01   0.106145E+02   0.113519E+02   0.167918E+02   0.938532E+02  -0.151268E+02   0.000000E+00   0.108980E+03  -0.217960E+03
   0.345020E+02   0.278922E+02   0.669842E-02   0.713838E+01   0.119193E+02   0.134450E+02   0.159591E+02   0.940133E+02  -0.158562E+02   0.000000E+00   0.109869E+03  -0.219739E+03
   0.345350E+02   0.272605E+02   0.590210E-02   0.100335E+02   0.104764E+02   0.165246E+02   0.116553E+02   0.951838E+02  -0.148960E+02   0.000000E+00   0.110080E+03  -0.220160E+03
   0.343490E+02   0.276740E+02   0.673526E-02   0.797416E+01   0.107156E+02   0.176748E+02   0.143082E+02   0.944581E+02  -0.150860E+02   0.000000E+00   0.109544E+03  -0.219088E+03
   0.344311E+02   0.282119E+02   0.655541E-02   0.107704E+02   0.104414E+02   0.114651E+02   0.108670E+02   0.938488E+02  -0.158816E+02   0.000000E+00   0.109730E+03  -0.219461E+03
   0.345469E+02   0.271359E+02   0.548085E-02   0.144340E+02   0.114412E+02   0.140232E+02   0.140070E+02   0.931611E+02  -0.164530E+02   0.000000E+00   0.109614E+03  -0.219228E+03
   0.344690E+02   0.272618E+02   0.557059E-02   0.125873E+02   0.110392E+02   0.222612E+02   0.170624E+02   0.920279E+02  -0.178540E+02   0.000000E+00   0.109882E+03  -0.219764E+03
   0.344816E+02   0.283524E+02   0.600494E-02   0.788165E+01   0.131717E+02   0.148069E+02   0.177946E+02   0.931801E+02  -0.162809E+02   0.000000E+00   0.109461E+03  -0.218922E+03
   0.343726E+02   0.283337E+02   0.565626E-02   0.101839E+02   0.115728E+02   0.188308E+02   0.116989E+02   0.934305E+02  -0.158946E+02   0.000000E+00   0.109325E+03  -0.218650E+03
   0.345294E+02   0.281229E+02   0.715545E-02   0.109564E+02   0.114053E+02   0.137934E+02   0.159041E+02   0.943762E+02  -0.147103E+02   0.000000E+00   0.109087E+03  -0.218173E+03
   0.344399E+02   0.275626E+02   0.711935E-02   0.120077E+02   0.792477E+01   0.152837E+02   0.174440E+02   0.940028E+02  -0.155656E+02   0.000000E+00   0.109568E+03  -0.219137E+03
   0.342259E+02   0.279528E+02   0.845082E-02   0.125092E+02   0.746497E+01   0.115261E+02   0.179905E+02   0.897612E+02  -0.168871E+02   0.000000E+00   0.106648E+03  -0.213297E+03
   0.347589E+02   0.268264E+02   0.666173E-02   0.792464E+01   0.983808E+01   0.158716E+02   0.233612E+02   0.903691E+02  -0.174852E+02   0.000000E+00   0.107854E+03  -0.215709E+03
   0.345096E+02   0.280570E+02   0.763619E-02   0.895229E+01   0.151428E+02   0.155858E+02   0.958425E+01   0.898735E+02  -0.187880E+02   0.000000E+00   0.108661E+03  -0.217323E+03
   0.345096E+02   0.275879E+02   0.534596E-02   0.877358E+01   0.129043E+02   0.151945E+02   0.174531E+02   0.941405E+02  -0.156657E+02   0.000000E+00   0.109806E+03  -0.219612E+03
   0.346958E+02   0.265478E+02   0.689489E-02   0.117003E+02   0.110788E+02   0.142605E+02   0.152950E+02   0.932938E+02  -0.147662E+02   0.000000E+00   0.108060E+03  -0.216120E+03
   0.344030E+02   0.272626E+02   0.634055E-02   0.108347E+02   0.824476E+01   0.192360E+02   0.154689E+02   0.941751E+02  -0.155595E+02   0.000000E+00   0.109735E+03  -0.219469E+03
   0.347188E+02   0.277926E+02   0.583822E-02   0.152601E+02   0.820081E+01   0.195663E+02   0.170515E+02   0.890640E+02  -0.184929E+02   0.000000E+00   0.107557E+03  -0.215114E+03
   0.346930E+02   0.274218E+02   0.660176E-02   0.853260E+01   0.115749E+02   0.111340E+02   0.142001E+02   0.933883E+02  -0.154265E+02   0.000000E+00   0.108815E+03  -0.217630E+03
   0.344360E+02   0.272534E+02   0.820068E-02   0.126169E+02   0.745902E+01   0.152646E+02   0.166530E+02   0.918904E+02  -0.160131E+02   0.000000E+00   0.107904E+03  -0.215807E+03
   0.343999E+02   0.275354E+02   0.605888E-02   0.119956E+02   0.636882E+01   0.192178E+02   0.112676E+02   0.915571E+02  -0.185032E+02   0.000000E+00   0.110060E+03  -0.220121E+03
   0.344274E+02   0.283603E+02   0.591346E-02   0.114588E+02   0.953933E+01   0.177672E+02   0.161495E+02   0.944670E+02  -0.150799E+02   0.000000E+00   0.109547E+03  -0.219094E+03
   0.341776E+02   0.280190E+02   0.776999E-02   0.137715E+02   0.958711E+01   0.975100E+01   0.123996E+02   0.892195E+02  -0.177925E+02   0.000000E+00   0.107012E+03  -0.214024E+03
   0.344076E+02   0.284704E+02   0.701629E-02   0.948970E+01   0.103846E+02   0.148870E+02   0.112535E+02   0.941957E+02  -0.148372E+02   0.000000E+00   0.109033E+03  -0.218066E+03
   0.346292E+02   0.272400E+02   0.512637E-02   0.118589E+02   0.986440E+01   0.169363E+02   0.130809E+02   0.934411E+02  -0.149872E+02   0.000000E+00   0.108428E+03  -0.216857E+03
   0.344760E+02   0.267672E+02   0.836140E-02   0.145761E+02   0.144740E+02   0.111159E+02   0.129698E+02   0.879782E+02  -0.192339E+02   0.000000E+00   0.107212E+03  -0.214424E+03
   0.345457E+02   0.279322E+02   0.640577E-02   0.131808E+02   0.951161E+01   0.174419E+02   0.126114E+02   0.938501E+02  -0.159103E+02   0.000000E+00   0.109760E+03  -0.219521E+03
   0.346057E+02   0.283609E+02   0.744312E-02   0.941106E+01   0.124334E+02   0.197453E+02   0.150282E+02   0.917345E+02  -0.160790E+02   0.000000E+00   0.107813E+03  -0.215627E+03
   0.343719E+02   0.284022E+02   0.685563E-02   0.101781E+02   0.102709E+02   0.140027E+02   0.133766E+02   0.950523E+02  -0.141587E+02   0.000000E+00   0.109211E+03  -0.218422E+03
   0.346747E+02   0.269719E+02   0.603242E-02   0.782332E+01   0.105617E+02   0.115482E+02   0.141212E+02   0.937530E+02  -0.152400E+02   0.000000E+00   0.108993E+03  -0.217986E+03
   0.344754E+02   0.272466E+02   0.627281E-02   0.133909E+02   0.990918E+01   0.145209E+02   0.130938E+02   0.946072E+02  -0.154870E+02   0.000000E+00   0.110094E+03  -0.220188E+03
   0.343022E+02   0.276986E+02   0.897520E-02   0.627105E+01   0.843668E+01   0.961971E+01   0.195414E+02   0.865865E+02  -0.196697E+02   0.000000E+00   0.106256E+03  -0.212512E+03
   0.343861E+02   0.282432E+02   0.786499E-02   0.879681E+01   0.896913E+01   0.114739E+02   0.141468E+02   0.934811E+02  -0.147920E+02   0.000000E+00   0.108273E+03  -0.216546E+03
   0.343861E+02   0.278871E+02   0.583349E-02   0.115753E+02   0.722443E+01   0.124496E+02   0.116564E+02   0.937339E+02  -0.162622E+02   0.000000E+00   0.109996E+03  -0.219992E+03
   0.344585E+02   0.268198E+02   0.541232E-02   0.109653E+02   0.880426E+01   0.151086E+02   0.144816E+02   0.942507E+02  -0.143235E+02   0.000000E+00   0.108574E+03  -0.217148E+03
   0.343868E+02   0.283531E+02   0.634254E-02   0.797515E+01   0.881351E+01   0.155488E+02   0.200892E+02   0.936233E+02  -0.159594E+02   0.000000E+00   0.109583E+03  -0.219165E+03
   0.344171E+02   0.279442E+02   0.705418E-02   0.132491E+02   0.111457E+02   0.145263E+02   0.167386E+02   0.937216E+02  -0.158288E+02   0.000000E+00   0.109550E+03  -0.219101E+03
   0.344171E+02   0.269651E+02   0.631880E-02   0.105855E+02   0.127577E+02   0.151569E+02   0.111130E+02   0.933654E+02  -0.159804E+02   0.000000E+00   0.109346E+03  -0.218692E+03
   0.344923E+02   0.272443E+02   0.723826E-02   0.793491E+01   0.947737E+01   0.175642E+02   0.124190E+02   0.941344E+02  -0.152075E+02   0.000000E+00   0.109342E+03  -0.218684E+03
   0.343896E+02   0.274200E+02   0.472386E-02   0.650762E+01   0.765511E+01   0.169951E+02   0.162937E+02   0.905842E+02  -0.170525E+02   0.000000E+00   0.107637E+03  -0.215273E+03
   0.343485E+02   0.274200E+02   0.605916E-02   0.120983E+02   0.958375E+01   0.160031E+02   0.145005E+02   0.947437E+02  -0.147833E+02   0.000000E+00   0.109527E+03  -0.219054E+03
   0.343677E+02   0.270458E+02   0.564733E-02   0.897542E+01   0.935984E+01   0.126951E+02   0.152216E+02   0.944365E+02  -0.142866E+02   0.000000E+00   0.108723E+03  -0.217446E+03
   0.346250E+02   0.276337E+02   0.821862E-02   0.992926E+01   0.110835E+02   0.163968E+02   0.204348E+02   0.916335E+02  -0.159826E+02   0.000000E+00   0.107616E+03  -0.215232E+03
   0.344447E+02   0.276986E+02   0.551184E-02   0.168196E+02   0.105999E+02   0.163101E+02   0.152444E+02   0.917561E+02  -0.182526E+02   0.000000E+00   0.110009E+03  -0.220017E+03
   0.344447E+02   0.268221E+02   0.859580E-02   0.126696E+02   0.103028E+02   0.142119E+02   0.142133E+02   0.917928E+02  -0.150040E+02   0.000000E+00   0.106797E+03  -0.213594E+03
   0.347021E+02   0.269280E+02   0.616817E-02   0.813639E+01   0.111136E+02   0.128156E+02   0.172113E+02   0.935081E+02  -0.151582E+02   0.000000E+00   0.108666E+03  -0.217333E+03
   0.347021E+02   0.271700E+02   0.638156E-02   0.985384E+01   0.884788E+01   0.136651E+02   0.182565E+02   0.939933E+02  -0.148089E+02   0.000000E+00   0.108802E+03  -0.217604E+03
   0.346506E+02   0.278646E+02   0.625878E-02   0.102414E+02   0.141543E+02   0.130145E+02   0.136226E+02   0.928005E+02  -0.160786E+02   0.000000E+00   0.108879E+03  -0.217758E+03
   0.346506E+02   0.275361E+02   0.715232E-02   0.862356E+01   0.645943E+01   0.150997E+02   0.162060E+02   0.925085E+02  -0.162975E+02   0.000000E+00   0.108806E+03  -0.217612E+03
   0.344423E+02   0.278945E+02   0.630465E-02   0.862356E+01   0.132243E+02   0.153374E+02   0.103651E+02   0.933434E+02  -0.168099E+02   0.000000E+00   0.110153E+03  -0.220307E+03
   0.344461E+02   0.273313E+02   0.610520E-02   0.121632E+02   0.752075E+01   0.129152E+02   0.123478E+02   0.942502E+02  -0.158756E+02   0.000000E+00   0.110126E+03  -0.220252E+03
   0.344461E+02   0.275516E+02   0.494111E-02   0.887002E+01   0.898731E+01   0.121502E+02   0.235122E+02   0.914864E+02  -0.174762E+02   0.000000E+00   0.108963E+03  -0.217925E+03
   0.343893E+02   0.272324E+02   0.634318E-02   0.888072E+01   0.770469E+01   0.151441E+02   0.165528E+02   0.946744E+02  -0.149388E+02   0.000000E+00   0.109613E+03  -0.219226E+03
   0.343893E+02   0.285587E+02   0.658009E-02   0.112719E+02   0.102068E+02   0.149329E+02   0.122969E+02   0.944813E+02  -0.146769E+02   0.000000E+00   0.109158E+03  -0.218316E+03
   0.342903E+02   0.283539E+02   0.498792E-02   0.113452E+02   0.993888E+01   0.136564E+02   0.139591E+02   0.928416E+02  -0.143903E+02   0.000000E+00   0.107232E+03  -0.214464E+03
   0.345313E+02   0.283693E+02   0.531716E-02   0.116600E+02   0.106594E+02   0.136564E+02   0.157163E+02   0.935444E+02  -0.147150E+02   0.000000E+00   0.108259E+03  -0.216519E+03
   0.345535E+02   0.275578E+02   0.537043E-02   0.744325E+01   0.132539E+02   0.169937E+02   0.157163E+02   0.931331E+02  -0.165232E+02   0.000000E+00   0.109656E+03  -0.219313E+03
   0.345535E+02   0.276899E+02   0.728846E-02   0.113722E+02   0.835433E+01   0.143464E+02   0.157163E+02   0.945596E+02  -0.146754E+02   0.000000E+00   0.109235E+03  -0.218470E+03
   0.344104E+02   0.291668E+02   0.547880E-02   0.848374E+01   0.885194E+01   0.172419E+02   0.161533E+02   0.916499E+02  -0.148236E+02   0.000000E+00   0.106474E+03  -0.212947E+03
   0.344104E+02   0.274840E+02   0.637230E-02   0.105098E+02   0.833745E+01   0.116525E+02   0.170905E+02   0.947573E+02  -0.152616E+02   0.000000E+00   0.110019E+03  -0.220038E+03
   0.342596E+02   0.284525E+02   0.832061E-02   0.108225E+02   0.117907E+02   0.150761E+02   0.140742E+02   0.922359E+02  -0.147151E+02   0.000000E+00   0.106951E+03  -0.213902E+03
   0.342689E+02   0.271446E+02   0.591578E-02   0.919201E+01   0.122500E+02   0.196574E+02   0.133896E+02   0.916584E+02  -0.160159E+02   0.000000E+00   0.107674E+03  -0.215349E+03
   0.345877E+02   0.277682E+02   0.673938E-02   0.117756E+02   0.830347E+01   0.167294E+02   0.138677E+02   0.944110E+02  -0.150616E+02   0.000000E+00   0.109473E+03  -0.218945E+03
   0.345824E+02   0.271503E+02   0.555417E-02   0.109979E+02   0.866682E+01   0.175214E+02   0.158106E+02   0.946467E+02  -0.149271E+02   0.000000E+00   0.109574E+03  -0.219148E+03
   0.343957E+02   0.280790E+02   0.564787E-02   0.145118E+02   0.755366E+01   0.131414E+02   0.166607E+02   0.925798E+02  -0.171999E+02   0.000000E+00   0.109780E+03  -0.219559E+03
   0.345249E+02   0.273451E+02   0.550126E-02   0.125728E+02   0.981842E+01   0.197022E+02   0.152826E+02   0.937672E+02  -0.161569E+02   0.000000E+00   0.109924E+03  -0.219848E+03
   0.344824E+02   0.296220E+02   0.793103E-02   0.984231E+01   0.107624E+02   0.184327E+02   0.172115E+02   0.900381E+02  -0.153008E+02   0.000000E+00   0.105339E+03  -0.210678E+03
   0.344824E+02   0.268974E+02   0.567805E-02   0.110912E+02   0.958091E+01   0.220734E+02   0.177631E+02   0.922377E+02  -0.170577E+02   0.000000E+00   0.109295E+03  -0.218591E+03
   0.345666E+02   0.268546E+02   0.599198E-02   0.930912E+01   0.954192E+01   0.124256E+02   0.119447E+02   0.947454E+02  -0.147103E+02   0.000000E+00   0.109456E+03  -0.218911E+03
   0.344826E+02   0.285964E+02   0.584551E-02   0.130940E+02   0.109143E+02   0.153533E+02   0.152397E+02   0.932585E+02  -0.154718E+02   0.000000E+00   0.108730E+03  -0.217461E+03
   0.345184E+02   0.271371E+02   0.608700E-02   0.116773E+02   0.106621E+02   0.145580E+02   0.153649E+02   0.953745E+02  -0.146453E+02   0.000000E+00   0.110020E+03  -0.220040E+03
   0.347508E+02   0.270477E+02   0.557294E-02   0.798675E+01   0.901322E+01   0.137186E+02   0.177089E+02   0.923183E+02  -0.150205E+02   0.000000E+00   0.107339E+03  -0.214678E+03
   0.343822E+02   0.275516E+02   0.746877E-02   0.983867E+01   0.107387E+02   0.158749E+02   0.139110E+02   0.946490E+02  -0.142760E+02   0.000000E+00   0.108925E+03  -0.217850E+03
   0.344404E+02   0.271288E+02   0.873862E-02   0.122115E+02   0.115456E+02   0.141883E+02   0.139110E+02   0.917820E+02  -0.151410E+02   0.000000E+00   0.106923E+03  -0.213846E+03
   0.346630E+02   0.271288E+02   0.643543E-02   0.117413E+02   0.110446E+02   0.162678E+02   0.199687E+02   0.929906E+02  -0.162399E+02   0.000000E+00   0.109230E+03  -0.218461E+03
   0.343108E+02   0.275768E+02   0.680716E-02   0.977458E+01   0.555893E+01   0.145331E+02   0.171018E+02   0.909951E+02  -0.180949E+02   0.000000E+00   0.109090E+03  -0.218180E+03
   0.343829E+02   0.273608E+02   0.666023E-02   0.137075E+02   0.141418E+02   0.146745E+02   0.118135E+02   0.916483E+02  -0.179261E+02   0.000000E+00   0.109574E+03  -0.219149E+03
   0.343829E+02   0.284240E+02   0.544079E-02   0.126071E+02   0.127034E+02   0.146412E+02   0.175214E+02   0.925561E+02  -0.163595E+02   0.000000E+00   0.108916E+03  -0.217831E+03
   0.343340E+02   0.291755E+02   0.826871E-02   0.631249E+01   0.147535E+02   0.157602E+02   0.152870E+02   0.877726E+02  -0.186301E+02   0.000000E+00   0.106403E+03  -0.212805E+03
   0.342664E+02   0.276094E+02   0.820797E-02   0.110539E+02   0.132897E+02   0.130602E+02   0.152870E+02   0.914892E+02  -0.157075E+02   0.000000E+00   0.107197E+03  -0.214393E+03
   0.344161E+02   0.277516E+02   0.546859E-02   0.108673E+02   0.979203E+01   0.157513E+02   0.152870E+02   0.955698E+02  -0.143180E+02   0.000000E+00   0.109888E+03  -0.219776E+03
   0.344161E+02   0.271348E+02   0.571863E-02   0.128639E+02   0.803601E+01   0.128365E+02   0.152870E+02   0.938559E+02  -0.156562E+02   0.000000E+00   0.109512E+03  -0.219024E+03
   0.345696E+02   0.265387E+02   0.751410E-02   0.903512E+01   0.991236E+01   0.134813E+02   0.167010E+02   0.936704E+02  -0.143684E+02   0.000000E+00   0.108039E+03  -0.216078E+03
   0.345696E+02   0.271515E+02   0.708640E-02   0.115867E+02   0.108717E+02   0.128802E+02   0.150056E+02   0.945657E+02  -0.147891E+02   0.000000E+00   0.109355E+03  -0.218710E+03
   0.346262E+02   0.274345E+02   0.508790E-02   0.107927E+02   0.113984E+02   0.152034E+02   0.178561E+02   0.931851E+02  -0.151255E+02   0.000000E+00   0.108311E+03  -0.216621E+03
   0.342837E+02   0.280676E+02   0.602182E-02   0.712913E+01   0.117087E+02   0.906052E+01   0.150336E+02   0.907612E+02  -0.182984E+02   0.000000E+00   0.109060E+03  -0.218119E+03
   0.342837E+02   0.280676E+02   0.715038E-02   0.887769E+01   0.947028E+01   0.195439E+02   0.142613E+02   0.934586E+02  -0.152236E+02   0.000000E+00   0.108682E+03  -0.217364E+03
   0.342837E+02   0.272079E+02   0.775526E-02   0.130264E+02   0.918050E+01   0.218490E+02   0.161574E+02   0.899568E+02  -0.174934E+02   0.000000E+00   0.107450E+03  -0.214900E+03
   0.346513E+02   0.267428E+02   0.695563E-02   0.897330E+01   0.773564E+01   0.177290E+02   0.179362E+02   0.929175E+02  -0.157619E+02   0.000000E+00   0.108679E+03  -0.217359E+03
   0.344975E+02   0.267878E+02   0.563541E-02   0.989795E+01   0.108491E+02   0.119536E+02   0.175347E+02   0.939204E+02  -0.150953E+02   0.000000E+00   0.109016E+03  -0.218031E+03
   0.344975E+02   0.275575E+02   0.636250E-02   0.746245E+01   0.875615E+01   0.136956E+02   0.120447E+02   0.948979E+02  -0.153225E+02   0.000000E+00   0.110220E+03  -0.220441E+03
   0.344025E+02   0.279947E+02   0.623377E-02   0.115577E+02   0.927981E+01   0.154297E+02   0.165961E+02   0.952948E+02  -0.147306E+02   0.000000E+00   0.110025E+03  -0.220051E+03
   0.343790E+02   0.279162E+02   0.650658E-02   0.115577E+02   0.935125E+01   0.186604E+02   0.167863E+02   0.943371E+02  -0.155426E+02   0.000000E+00   0.109880E+03  -0.219759E+03
   0.343790E+02   0.279234E+02   0.497022E-02   0.138262E+02   0.985432E+01   0.132239E+02   0.149240E+02   0.928721E+02  -0.157535E+02   0.000000E+00   0.108626E+03  -0.217251E+03
   0.343669E+02   0.296195E+02   0.623822E-02   0.870245E+01   0.119014E+02   0.125301E+02   0.129588E+02   0.909126E+02  -0.150628E+02   0.000000E+00   0.105975E+03  -0.211951E+03
   0.341216E+02   0.281526E+02   0.714942E-02   0.103894E+02   0.114798E+02   0.152768E+02   0.121695E+02   0.917741E+02  -0.148542E+02   0.000000E+00   0.106628E+03  -0.213257E+03
   0.345658E+02   0.282846E+02   0.724426E-02   0.102827E+02   0.972468E+01   0.106767E+02   0.145236E+02   0.933311E+02  -0.151667E+02   0.000000E+00   0.108498E+03  -0.216996E+03
   0.346195E+02   0.280698E+02   0.685624E-02   0.103506E+02   0.124080E+02   0.114978E+02   0.184789E+02   0.924373E+02  -0.162789E+02   0.000000E+00   0.108716E+03  -0.217432E+03
   0.346154E+02   0.273961E+02   0.878777E-02   0.988263E+01   0.113921E+02   0.148229E+02   0.127980E+02   0.922282E+02  -0.145405E+02   0.000000E+00   0.106769E+03  -0.213537E+03
   0.343901E+02   0.278295E+02   0.658498E-02   0.977385E+01   0.934781E+01   0.131104E+02   0.142809E+02   0.957943E+02  -0.141078E+02   0.000000E+00   0.109902E+03  -0.219804E+03
   0.342162E+02   0.279294E+02   0.697104E-02   0.123577E+02   0.843091E+01   0.113704E+02   0.169342E+02   0.921371E+02  -0.160145E+02   0.000000E+00   0.108152E+03  -0.216303E+03
   0.344974E+02   0.270139E+02   0.687558E-02   0.969076E+01   0.107064E+02   0.174467E+02   0.116755E+02   0.943319E+02  -0.151398E+02   0.000000E+00   0.109472E+03  -0.218943E+03
   0.345425E+02   0.267770E+02   0.724052E-02   0.807418E+01   0.130806E+02   0.144458E+02   0.188036E+02   0.923585E+02  -0.164343E+02   0.000000E+00   0.108793E+03  -0.217586E+03
   0.345428E+02   0.277205E+02   0.599608E-02   0.894528E+01   0.868663E+01   0.139716E+02   0.113498E+02   0.951908E+02  -0.148977E+02   0.000000E+00   0.110088E+03  -0.220177E+03
   0.344987E+02   0.268262E+02   0.524955E-02   0.957534E+01   0.841973E+01   0.916796E+01   0.153378E+02   0.917120E+02  -0.168057E+02   0.000000E+00   0.108518E+03  -0.217035E+03
   0.344987E+02   0.284777E+02   0.578764E-02   0.810910E+01   0.111179E+02   0.223692E+02   0.139532E+02   0.918501E+02  -0.170366E+02   0.000000E+00   0.108887E+03  -0.217773E+03
   0.345645E+02   0.278052E+02   0.754449E-02   0.943797E+01   0.106439E+02   0.203338E+02   0.166833E+02   0.929288E+02  -0.158657E+02   0.000000E+00   0.108794E+03  -0.217589E+03
   0.344372E+02   0.278480E+02   0.659094E-02   0.924065E+01   0.765060E+01   0.999382E+01   0.167631E+02   0.934176E+02  -0.166100E+02   0.000000E+00   0.110028E+03  -0.220055E+03
   0.345190E+02   0.267886E+02   0.540281E-02   0.147586E+02   0.122765E+02   0.197658E+02   0.203685E+02   0.889646E+02  -0.197791E+02   0.000000E+00   0.108744E+03  -0.217487E+03
   0.346136E+02   0.275370E+02   0.610948E-02   0.859587E+01   0.106767E+02   0.124707E+02   0.154143E+02   0.951027E+02  -0.145937E+02   0.000000E+00   0.109696E+03  -0.219393E+03
   0.345462E+02   0.275001E+02   0.579273E-02   0.100084E+02   0.139336E+02   0.136309E+02   0.160050E+02   0.941664E+02  -0.159059E+02   0.000000E+00   0.110072E+03  -0.220145E+03
   0.347538E+02   0.269527E+02   0.582967E-02   0.643934E+01   0.887189E+01   0.175547E+02   0.137673E+02   0.911158E+02  -0.165753E+02   0.000000E+00   0.107691E+03  -0.215382E+03
   0.347343E+02   0.273478E+02   0.741972E-02   0.887412E+01   0.132449E+02   0.175618E+02   0.131603E+02   0.918847E+02  -0.159404E+02   0.000000E+00   0.107825E+03  -0.215650E+03
   0.345263E+02   0.277322E+02   0.639159E-02   0.103809E+02   0.880165E+01   0.139009E+02   0.105695E+02   0.946957E+02  -0.153707E+02   0.000000E+00   0.110066E+03  -0.220133E+03
   0.343394E+02   0.270190E+02   0.624004E-02   0.902566E+01   0.979523E+01   0.102173E+02   0.141572E+02   0.931369E+02  -0.155181E+02   0.000000E+00   0.108655E+03  -0.217310E+03
   0.343536E+02   0.272730E+02   0.567450E-02   0.111120E+02   0.114093E+02   0.156638E+02   0.109856E+02   0.934140E+02  -0.156231E+02   0.000000E+00   0.109037E+03  -0.218074E+03
   0.346474E+02   0.273363E+02   0.687236E-02   0.526996E+01   0.107623E+02   0.218989E+02   0.948445E+01   0.860956E+02  -0.230273E+02   0.000000E+00   0.109123E+03  -0.218246E+03
   0.343596E+02   0.270461E+02   0.553310E-02   0.110729E+02   0.113098E+02   0.110570E+02   0.139255E+02   0.929712E+02  -0.154583E+02   0.000000E+00   0.108430E+03  -0.216859E+03
   0.344037E+02   0.277918E+02   0.625572E-02   0.990083E+01   0.955687E+01   0.129805E+02   0.129610E+02   0.958290E+02  -0.142708E+02   0.000000E+00   0.110100E+03  -0.220200E+03
   0.344832E+02   0.275306E+02   0.644557E-02   0.991537E+01   0.142654E+02   0.196307E+02   0.141603E+02   0.930448E+02  -0.171446E+02   0.000000E+00   0.110189E+03  -0.220379E+03
   0.344832E+02   0.260230E+02   0.810071E-02   0.100400E+02   0.120981E+02   0.167877E+02   0.127131E+02   0.905649E+02  -0.151575E+02   0.000000E+00   0.105722E+03  -0.211445E+03
   0.347089E+02   0.270163E+02   0.689876E-02   0.879975E+01   0.929377E+01   0.177579E+02   0.131374E+02   0.937370E+02  -0.147440E+02   0.000000E+00   0.108481E+03  -0.216962E+03
   0.345042E+02   0.269765E+02   0.681372E-02   0.654308E+01   0.109788E+02   0.150628E+02   0.197704E+02   0.921545E+02  -0.173226E+02   0.000000E+00   0.109477E+03  -0.218954E+03
   0.345204E+02   0.278515E+02   0.514300E-02   0.864390E+01   0.675819E+01   0.117938E+02   0.189913E+02   0.920660E+02  -0.171228E+02   0.000000E+00   0.109189E+03  -0.218378E+03
   0.344254E+02   0.274688E+02   0.514065E-02   0.997778E+01   0.933235E+01   0.156874E+02   0.133933E+02   0.951347E+02  -0.141671E+02   0.000000E+00   0.109302E+03  -0.218604E+03
   0.345061E+02   0.278046E+02   0.699501E-02   0.862369E+01   0.115192E+02   0.144242E+02   0.119838E+02   0.946763E+02  -0.149646E+02   0.000000E+00   0.109641E+03  -0.219282E+03
   0.344613E+02   0.275609E+02   0.657561E-02   0.877087E+01   0.936941E+01   0.133748E+02   0.143860E+02   0.959382E+02  -0.141632E+02   0.000000E+00   0.110101E+03  -0.220203E+03
   0.344461E+02   0.272844E+02   0.681084E-02   0.970137E+01   0.963660E+01   0.124298E+02   0.125060E+02   0.952287E+02  -0.145081E+02   0.000000E+00   0.109737E+03  -0.219474E+03
   0.343901E+02   0.279788E+02   0.759780E-02   0.881989E+01   0.766643E+01   0.126352E+02   0.147852E+02   0.938700E+02  -0.149347E+02   0.000000E+00   0.108805E+03  -0.217609E+03
   0.343987E+02   0.279788E+02   0.760494E-02   0.116554E+02   0.104151E+02   0.123809E+02   0.152626E+02   0.939612E+02  -0.148590E+02   0.000000E+00   0.108820E+03  -0.217640E+03
   0.344649E+02   0.283721E+02   0.529508E-02   0.111011E+02   0.124536E+02   0.162739E+02   0.150009E+02   0.934538E+02  -0.152884E+02   0.000000E+00   0.108742E+03  -0.217484E+03
   0.343674E+02   0.288969E+02   0.654792E-02   0.767609E+01   0.932443E+01   0.124830E+02   0.135403E+02   0.934990E+02  -0.149294E+02   0.000000E+00   0.108428E+03  -0.216857E+03
   0.346851E+02   0.268257E+02   0.667176E-02   0.123901E+02   0.106803E+02   0.130257E+02   0.165577E+02   0.933517E+02  -0.152987E+02   0.000000E+00   0.108650E+03  -0.217301E+03
   0.342745E+02   0.274234E+02   0.673040E-02   0.944179E+01   0.108399E+02   0.126665E+02   0.145060E+02   0.941018E+02  -0.143763E+02   0.000000E+00   0.108478E+03  -0.216956E+03
   0.344721E+02   0.274234E+02   0.644214E-02   0.819139E+01   0.114352E+02   0.165990E+02   0.182379E+02   0.945232E+02  -0.156211E+02   0.000000E+00   0.110144E+03  -0.220289E+03
   0.344721E+02   0.267723E+02   0.779871E-02   0.102073E+02   0.120143E+02   0.138273E+02   0.164266E+02   0.930972E+02  -0.148874E+02   0.000000E+00   0.107985E+03  -0.215969E+03
   0.344295E+02   0.284065E+02   0.540302E-02   0.834722E+01   0.111126E+02   0.116862E+02   0.171164E+02   0.935054E+02  -0.154127E+02   0.000000E+00   0.108918E+03  -0.217836E+03
   0.343701E+02   0.277550E+02   0.633829E-02   0.156025E+02   0.924838E+01   0.130902E+02   0.164594E+02   0.926398E+02  -0.172745E+02   0.000000E+00   0.109914E+03  -0.219829E+03
   0.342471E+02   0.269300E+02   0.853616E-02   0.106624E+02   0.775468E+01   0.151886E+02   0.161612E+02   0.908075E+02  -0.148897E+02   0.000000E+00   0.105697E+03  -0.211394E+03
   0.345349E+02   0.269300E+02   0.632944E-02   0.131874E+02   0.882662E+01   0.113015E+02   0.198432E+02   0.923285E+02  -0.173424E+02   0.000000E+00   0.109671E+03  -0.219342E+03
   0.344686E+02   0.282601E+02   0.542845E-02   0.114204E+02   0.839509E+01   0.169187E+02   0.124351E+02   0.940284E+02  -0.151761E+02   0.000000E+00   0.109205E+03  -0.218409E+03
   0.341816E+02   0.294592E+02   0.751837E-02   0.122936E+02   0.888005E+01   0.153046E+02   0.134060E+02   0.910341E+02  -0.149293E+02   0.000000E+00   0.105963E+03  -0.211927E+03
   0.344419E+02   0.281346E+02   0.524437E-02   0.127399E+02   0.991681E+01   0.116239E+02   0.178409E+02   0.930906E+02  -0.161365E+02   0.000000E+00   0.109227E+03  -0.218454E+03
   0.344610E+02   0.274153E+02   0.640543E-02   0.894964E+01   0.879620E+01   0.175473E+02   0.159202E+02   0.953954E+02  -0.147502E+02   0.000000E+00   0.110146E+03  -0.220291E+03
   0.344610E+02   0.273203E+02   0.772569E-02   0.965520E+01   0.102381E+02   0.137989E+02   0.157813E+02   0.945573E+02  -0.141590E+02   0.000000E+00   0.108716E+03  -0.217433E+03
   0.345642E+02   0.266896E+02   0.642175E-02   0.138120E+02   0.102381E+02   0.154744E+02   0.158754E+02   0.932827E+02  -0.158590E+02   0.000000E+00   0.109142E+03  -0.218283E+03
   0.344797E+02   0.283322E+02   0.712169E-02   0.113853E+02   0.887927E+01   0.119597E+02   0.146592E+02   0.941736E+02  -0.148580E+02   0.000000E+00   0.109032E+03  -0.218063E+03
   0.343345E+02   0.275580E+02   0.698747E-02   0.962943E+01   0.978357E+01   0.171048E+02   0.123088E+02   0.944575E+02  -0.146637E+02   0.000000E+00   0.109121E+03  -0.218242E+03
   0.345637E+02   0.275580E+02   0.526453E-02   0.916881E+01   0.114823E+02   0.130698E+02   0.142678E+02   0.948850E+02  -0.145267E+02   0.000000E+00   0.109412E+03  -0.218823E+03
   0.348598E+02   0.288104E+02   0.783356E-02   0.950887E+01   0.703110E+01   0.137923E+02   0.217700E+02   0.851549E+02  -0.173526E+02   0.000000E+00   0.102508E+03  -0.205015E+03
   0.346406E+02   0.283785E+02   0.767900E-02   0.108973E+02   0.924413E+01   0.169809E+02   0.155810E+02   0.926285E+02  -0.146109E+02   0.000000E+00   0.107239E+03  -0.214479E+03
   0.342565E+02   0.274422E+02   0.554312E-02   0.895417E+01   0.119304E+02   0.143496E+02   0.165773E+02   0.928410E+02  -0.148748E+02   0.000000E+00   0.107716E+03  -0.215432E+03
   0.343299E+02   0.282172E+02   0.663066E-02   0.121451E+02   0.813539E+01   0.165332E+02   0.193793E+02   0.930237E+02  -0.163461E+02   0.000000E+00   0.109370E+03  -0.218740E+03
   0.344081E+02   0.265721E+02   0.761684E-02   0.914802E+01   0.897995E+01   0.152598E+02   0.192229E+02   0.922972E+02  -0.151469E+02   0.000000E+00   0.107444E+03  -0.214888E+03
   0.344081E+02   0.277138E+02   0.556692E-02   0.102471E+02   0.102664E+02   0.166594E+02   0.196932E+02   0.943782E+02  -0.155695E+02   0.000000E+00   0.109948E+03  -0.219895E+03
   0.344651E+02   0.285308E+02   0.620631E-02   0.852223E+01   0.829480E+01   0.168011E+02   0.181168E+02   0.937593E+02  -0.153798E+02   0.000000E+00   0.109139E+03  -0.218278E+03
   0.345983E+02   0.272183E+02   0.576433E-02   0.945875E+01   0.927117E+01   0.168836E+02   0.132228E+02   0.952711E+02  -0.144065E+02   0.000000E+00   0.109678E+03  -0.219355E+03
   0.344707E+02   0.264223E+02   0.858707E-02   0.150326E+02   0.100965E+02   0.209697E+02   0.188514E+02   0.870173E+02  -0.191766E+02   0.000000E+00   0.106194E+03  -0.212388E+03
   0.344707E+02   0.272370E+02   0.509730E-02   0.779902E+01   0.121497E+02   0.197832E+02   0.152846E+02   0.925826E+02  -0.165118E+02   0.000000E+00   0.109094E+03  -0.218189E+03
   0.345322E+02   0.276239E+02   0.554459E-02   0.116106E+02   0.111198E+02   0.166881E+02   0.124245E+02   0.947175E+02  -0.152407E+02   0.000000E+00   0.109958E+03  -0.219916E+03
   0.343559E+02   0.277017E+02   0.592724E-02   0.129398E+02   0.918886E+01   0.203207E+02   0.147529E+02   0.932310E+02  -0.165970E+02   0.000000E+00   0.109828E+03  -0.219656E+03
   0.346034E+02   0.278126E+02   0.851241E-02   0.996323E+01   0.109393E+02   0.137683E+02   0.139451E+02   0.929097E+02  -0.142483E+02   0.000000E+00   0.107158E+03  -0.214316E+03
   0.343678E+02   0.274523E+02   0.790616E-02   0.139989E+02   0.714312E+01   0.121149E+02   0.164129E+02   0.907791E+02  -0.174391E+02   0.000000E+00   0.108218E+03  -0.216436E+03
   0.345477E+02   0.283030E+02   0.724730E-02   0.917319E+01   0.937872E+01   0.160491E+02   0.137783E+02   0.944192E+02  -0.141857E+02   0.000000E+00   0.108605E+03  -0.217210E+03
   0.344615E+02   0.277130E+02   0.573764E-02   0.802055E+01   0.901528E+01   0.229143E+02   0.172931E+02   0.926715E+02  -0.175430E+02   0.000000E+00   0.110215E+03  -0.220429E+03
   0.344615E+02   0.272003E+02   0.587321E-02   0.954227E+01   0.823922E+01   0.124251E+02   0.118401E+02   0.949273E+02  -0.150354E+02   0.000000E+00   0.109963E+03  -0.219925E+03
   0.344027E+02   0.278930E+02   0.664666E-02   0.122526E+02   0.131915E+02   0.150519E+02   0.170238E+02   0.935371E+02  -0.163471E+02   0.000000E+00   0.109884E+03  -0.219768E+03
   0.344027E+02   0.271082E+02   0.575790E-02   0.819527E+01   0.563935E+01   0.172912E+02   0.160106E+02   0.909258E+02  -0.183995E+02   0.000000E+00   0.109325E+03  -0.218651E+03
   0.343449E+02   0.289578E+02   0.804109E-02   0.124892E+02   0.791225E+01   0.133559E+02   0.201889E+02   0.902686E+02  -0.168055E+02   0.000000E+00   0.107074E+03  -0.214148E+03
   0.344704E+02   0.272507E+02   0.754739E-02   0.998779E+01   0.123344E+02   0.164541E+02   0.155289E+02   0.938635E+02  -0.150697E+02   0.000000E+00   0.108933E+03  -0.217866E+03
   0.344108E+02   0.274988E+02   0.530049E-02   0.996952E+01   0.147954E+02   0.163016E+02   0.132357E+02   0.928939E+02  -0.166090E+02   0.000000E+00   0.109503E+03  -0.219006E+03
   0.344108E+02   0.275987E+02   0.473942E-02   0.792853E+01   0.156443E+02   0.162863E+02   0.181794E+02   0.898376E+02  -0.182751E+02   0.000000E+00   0.108113E+03  -0.216225E+03
   0.344108E+02   0.289342E+02   0.590394E-02   0.150042E+02   0.846706E+01   0.147080E+02   0.119752E+02   0.909750E+02  -0.170990E+02   0.000000E+00   0.108074E+03  -0.216148E+03
   0.344108E+02   0.277183E+02   0.573067E-02   0.100034E+02   0.105148E+02   0.169459E+02   0.131602E+02   0.955396E+02  -0.145348E+02   0.000000E+00   0.110074E+03  -0.220149E+03
   0.343936E+02   0.283410E+02   0.553225E-02   0.118585E+02   0.114741E+02   0.203312E+02   0.118133E+02   0.923328E+02  -0.169034E+02   0.000000E+00   0.109236E+03  -0.218472E+03
   0.343936E+02   0.282179E+02   0.740032E-02   0.792945E+01   0.809038E+01   0.118603E+02   0.138625E+02   0.936012E+02  -0.153054E+02   0.000000E+00   0.108907E+03  -0.217813E+03
   0.343979E+02   0.275214E+02   0.795046E-02   0.109533E+02   0.108569E+02   0.114379E+02   0.158648E+02   0.931573E+02  -0.151661E+02   0.000000E+00   0.108323E+03  -0.216647E+03
   0.343366E+02   0.270272E+02   0.640909E-02   0.101273E+02   0.140693E+02   0.161381E+02   0.157012E+02   0.926087E+02  -0.160865E+02   0.000000E+00   0.108695E+03  -0.217390E+03
   0.343366E+02   0.277020E+02   0.680741E-02   0.128661E+02   0.108598E+02   0.158525E+02   0.150377E+02   0.940575E+02  -0.153711E+02   0.000000E+00   0.109429E+03  -0.218857E+03
   0.341774E+02   0.282779E+02   0.506098E-02   0.813873E+01   0.972074E+01   0.134574E+02   0.162930E+02   0.907740E+02  -0.145745E+02   0.000000E+00   0.105348E+03  -0.210697E+03
   0.344683E+02   0.281666E+02   0.766976E-02   0.102142E+02   0.139050E+02   0.192690E+02   0.148102E+02   0.918075E+02  -0.168004E+02   0.000000E+00   0.108608E+03  -0.217216E+03
   0.344658E+02   0.267800E+02   0.719248E-02   0.100396E+02   0.104600E+02   0.171635E+02   0.163539E+02   0.940210E+02  -0.146775E+02   0.000000E+00   0.108698E+03  -0.217397E+03
   0.344382E+02   0.267800E+02   0.742893E-02   0.126018E+02   0.117386E+02   0.150639E+02   0.152312E+02   0.928550E+02  -0.154656E+02   0.000000E+00   0.108321E+03  -0.216641E+03
   0.344382E+02   0.279134E+02   0.586120E-02   0.106686E+02   0.110026E+02   0.125170E+02   0.168720E+02   0.952410E+02  -0.149073E+02   0.000000E+00   0.110148E+03  -0.220297E+03
   0.343167E+02   0.278810E+02   0.606158E-02   0.130193E+02   0.114714E+02   0.144496E+02   0.110623E+02   0.931305E+02  -0.164032E+02   0.000000E+00   0.109534E+03  -0.219067E+03
   0.346862E+02   0.278810E+02   0.675135E-02   0.875588E+01   0.891152E+01   0.186481E+02   0.107297E+02   0.921492E+02  -0.160784E+02   0.000000E+00   0.108228E+03  -0.216455E+03
   0.345139E+02   0.281823E+02   0.852305E-02   0.106461E+02   0.884263E+01   0.110613E+02   0.116433E+02   0.915668E+02  -0.156434E+02   0.000000E+00   0.107210E+03  -0.214420E+03
   0.343453E+02   0.280935E+02   0.633428E-02   0.788934E+01   0.692129E+01   0.156634E+02   0.191557E+02   0.927923E+02  -0.169106E+02   0.000000E+00   0.109703E+03  -0.219406E+03
   0.343576E+02   0.289519E+02   0.721164E-02   0.884098E+01   0.105962E+02   0.145234E+02   0.138188E+02   0.937753E+02  -0.142108E+02   0.000000E+00   0.107986E+03  -0.215972E+03
   0.344633E+02   0.273276E+02   0.711355E-02   0.973276E+01   0.769198E+01   0.140027E+02   0.199446E+02   0.935755E+02  -0.159320E+02   0.000000E+00   0.109507E+03  -0.219015E+03
   0.345616E+02   0.269994E+02   0.802929E-02   0.841513E+01   0.126308E+02   0.175509E+02   0.160082E+02   0.922804E+02  -0.157600E+02   0.000000E+00   0.108040E+03  -0.216081E+03
   0.347456E+02   0.267925E+02   0.551267E-02   0.140553E+02   0.850084E+01   0.170549E+02   0.129863E+02   0.905582E+02  -0.164680E+02   0.000000E+00   0.107026E+03  -0.214052E+03
   0.348887E+02   0.263185E+02   0.111369E-01   0.898623E+01   0.131238E+02   0.101208E+02   0.155855E+02   0.840614E+02  -0.168914E+02   0.000000E+00   0.100953E+03  -0.201906E+03
   0.343798E+02   0.287505E+02   0.652462E-02   0.711091E+01   0.121370E+02   0.127196E+02   0.135560E+02   0.927472E+02  -0.160383E+02   0.000000E+00   0.108785E+03  -0.217571E+03
   0.345951E+02   0.270601E+02   0.453839E-02   0.115470E+02   0.784486E+01   0.211952E+02   0.134508E+02   0.895953E+02  -0.168372E+02   0.000000E+00   0.106432E+03  -0.212865E+03
   0.343367E+02   0.270601E+02   0.628166E-02   0.793845E+01   0.103353E+02   0.182754E+02   0.159038E+02   0.934340E+02  -0.153300E+02   0.000000E+00   0.108764E+03  -0.217528E+03
   0.344803E+02   0.271424E+02   0.713615E-02   0.162284E+02   0.909247E+01   0.177397E+02   0.174915E+02   0.908885E+02  -0.184626E+02   0.000000E+00   0.109351E+03  -0.218702E+03
   0.342419E+02   0.287103E+02   0.674298E-02   0.865390E+01   0.818981E+01   0.158166E+02   0.156748E+02   0.934584E+02  -0.146335E+02   0.000000E+00   0.108092E+03  -0.216184E+03
   0.342414E+02   0.276917E+02   0.657696E-02   0.977626E+01   0.133463E+02   0.250860E+02   0.127710E+02   0.890686E+02  -0.193583E+02   0.000000E+00   0.108427E+03  -0.216854E+03
   0.344540E+02   0.275144E+02   0.804373E-02   0.769595E+01   0.134979E+02   0.167767E+02   0.141124E+02   0.919668E+02  -0.163358E+02   0.000000E+00   0.108303E+03  -0.216605E+03
   0.344197E+02   0.271549E+02   0.708947E-02   0.132099E+02   0.663549E+01   0.139969E+02   0.102132E+02   0.907510E+02  -0.184545E+02   0.000000E+00   0.109205E+03  -0.218411E+03
   0.345174E+02   0.267527E+02   0.885144E-02   0.120418E+02   0.874793E+01   0.135143E+02   0.196437E+02   0.904909E+02  -0.159795E+02   0.000000E+00   0.106470E+03  -0.212941E+03
   0.345174E+02   0.268033E+02   0.623191E-02   0.121242E+02   0.987087E+01   0.101501E+02   0.165552E+02   0.929616E+02  -0.164437E+02   0.000000E+00   0.109405E+03  -0.218811E+03
   0.345290E+02   0.271405E+02   0.580486E-02   0.865902E+01   0.109393E+02   0.125081E+02   0.140465E+02   0.953520E+02  -0.145865E+02   0.000000E+00   0.109938E+03  -0.219877E+03
   0.345621E+02   0.276901E+02   0.596336E-02   0.993100E+01   0.106861E+02   0.183605E+02   0.138538E+02   0.950911E+02  -0.148892E+02   0.000000E+00   0.109980E+03  -0.219961E+03
   0.346047E+02   0.268571E+02   0.674957E-02   0.765566E+01   0.122192E+02   0.126070E+02   0.178030E+02   0.931034E+02  -0.161311E+02   0.000000E+00   0.109234E+03  -0.218469E+03
   0.343386E+02   0.269913E+02   0.526945E-02   0.929487E+01   0.108337E+02   0.185783E+02   0.130631E+02   0.922656E+02  -0.151024E+02   0.000000E+00   0.107368E+03  -0.214736E+03
   0.343527E+02   0.281404E+02   0.552178E-02   0.882863E+01   0.828329E+01   0.132772E+02   0.153887E+02   0.948278E+02  -0.144840E+02   0.000000E+00   0.109312E+03  -0.218624E+03
   0.343527E+02   0.281404E+02   0.607563E-02   0.113265E+02   0.105447E+02   0.144461E+02   0.124230E+02   0.949757E+02  -0.147041E+02   0.000000E+00   0.109680E+03  -0.219360E+03
   0.344672E+02   0.273018E+02   0.484631E-02   0.124988E+02   0.102114E+02   0.885491E+01   0.869207E+01   0.874440E+02  -0.210544E+02   0.000000E+00   0.108498E+03  -0.216997E+03
   0.344672E+02   0.273018E+02   0.648820E-02   0.100141E+02   0.115603E+02   0.149668E+02   0.143653E+02   0.955856E+02  -0.144489E+02   0.000000E+00   0.110034E+03  -0.220069E+03
   0.344777E+02   0.272554E+02   0.722501E-02   0.100141E+02   0.956923E+01   0.196850E+02   0.152130E+02   0.941070E+02  -0.152552E+02   0.000000E+00   0.109362E+03  -0.218724E+03
   0.345901E+02   0.266882E+02   0.643096E-02   0.978537E+01   0.995020E+01   0.159566E+02   0.164666E+02   0.947391E+02  -0.143528E+02   0.000000E+00   0.109092E+03  -0.218184E+03
   0.343095E+02   0.286660E+02   0.617338E-02   0.887812E+01   0.131870E+02   0.145320E+02   0.118997E+02   0.929440E+02  -0.157724E+02   0.000000E+00   0.108716E+03  -0.217433E+03
   0.344605E+02   0.269724E+02   0.793488E-02   0.972697E+01   0.619771E+01   0.141632E+02   0.149530E+02   0.916683E+02  -0.164068E+02   0.000000E+00   0.108075E+03  -0.216150E+03
   0.346712E+02   0.290598E+02   0.874344E-02   0.106464E+02   0.100513E+02   0.145174E+02   0.217706E+02   0.880155E+02  -0.162665E+02   0.000000E+00   0.104282E+03  -0.208564E+03
   0.343502E+02   0.286454E+02   0.779978E-02   0.117080E+02   0.983895E+01   0.115154E+02   0.175835E+02   0.922514E+02  -0.156010E+02   0.000000E+00   0.107852E+03  -0.215705E+03
   0.343693E+02   0.288652E+02   0.796467E-02   0.128644E+02   0.913551E+01   0.155697E+02   0.128725E+02   0.920320E+02  -0.153125E+02   0.000000E+00   0.107344E+03  -0.214689E+03
   0.344254E+02   0.277324E+02   0.532051E-02   0.810629E+01   0.156942E+02   0.178160E+02   0.126269E+02   0.915942E+02  -0.181332E+02   0.000000E+00   0.109727E+03  -0.219455E+03
   0.344254E+02   0.277716E+02   0.584957E-02   0.986124E+01   0.124032E+02   0.148719E+02   0.174519E+02   0.949218E+02  -0.152756E+02   0.000000E+00   0.110197E+03  -0.220395E+03
   0.346409E+02   0.277716E+02   0.568876E-02   0.970105E+01   0.949946E+01   0.196955E+02   0.192358E+02   0.926010E+02  -0.162459E+02   0.000000E+00   0.108847E+03  -0.217694E+03
   0.346401E+02   0.280797E+02   0.654825E-02   0.103248E+02   0.114417E+02   0.140418E+02   0.137808E+02   0.941281E+02  -0.144613E+02   0.000000E+00   0.108589E+03  -0.217179E+03
   0.344128E+02   0.264958E+02   0.643287E-02   0.112269E+02   0.102282E+02   0.188547E+02   0.135948E+02   0.925291E+02  -0.152789E+02   0.000000E+00   0.107808E+03  -0.215616E+03
   0.345269E+02   0.272625E+02   0.507165E-02   0.118980E+02   0.117822E+02   0.130106E+02   0.126862E+02   0.936834E+02  -0.154073E+02   0.000000E+00   0.109091E+03  -0.218181E+03
   0.346065E+02   0.272625E+02   0.582815E-02   0.101441E+02   0.119915E+02   0.168395E+02   0.140044E+02   0.947078E+02  -0.149457E+02   0.000000E+00   0.109653E+03  -0.219307E+03
   0.344724E+02   0.272625E+02   0.533694E-02   0.948278E+01   0.110071E+02   0.135127E+02   0.206055E+02   0.937240E+02  -0.158644E+02   0.000000E+00   0.109588E+03  -0.219177E+03
   0.346179E+02   0.271580E+02   0.705730E-02   0.133057E+02   0.110071E+02   0.137445E+02   0.187013E+02   0.927479E+02  -0.164146E+02   0.000000E+00   0.109162E+03  -0.218325E+03
   0.345730E+02   0.271661E+02   0.629730E-02   0.872250E+01   0.969503E+01   0.171786E+02   0.155330E+02   0.953530E+02  -0.145552E+02   0.000000E+00   0.109908E+03  -0.219816E+03
   0.346045E+02   0.280200E+02   0.629730E-02   0.855275E+01   0.884498E+01   0.128821E+02   0.216880E+02   0.927278E+02  -0.164818E+02   0.000000E+00   0.109210E+03  -0.218419E+03
   0.344445E+02   0.280200E+02   0.538647E-02   0.106479E+02   0.846087E+01   0.103361E+02   0.169198E+02   0.936123E+02  -0.160187E+02   0.000000E+00   0.109631E+03  -0.219262E+03
   0.344556E+02   0.267515E+02   0.768134E-02   0.107113E+02   0.105292E+02   0.172816E+02   0.139539E+02   0.933999E+02  -0.146594E+02   0.000000E+00   0.108059E+03  -0.216119E+03
   0.343725E+02   0.288693E+02   0.866781E-02   0.745691E+01   0.119128E+02   0.174102E+02   0.146906E+02   0.905398E+02  -0.158137E+02   0.000000E+00   0.106353E+03  -0.212707E+03
   0.343368E+02   0.278838E+02   0.595181E-02   0.156490E+02   0.132253E+02   0.171179E+02   0.143053E+02   0.910897E+02  -0.186035E+02   0.000000E+00   0.109693E+03  -0.219386E+03
   0.342501E+02   0.283008E+02   0.727772E-02   0.134334E+02   0.657767E+01   0.120194E+02   0.131885E+02   0.905312E+02  -0.176907E+02   0.000000E+00   0.108222E+03  -0.216444E+03
   0.345718E+02   0.270309E+02   0.525708E-02   0.931703E+01   0.114002E+02   0.129257E+02   0.149150E+02   0.944908E+02  -0.145220E+02   0.000000E+00   0.109013E+03  -0.218026E+03
   0.343655E+02   0.287238E+02   0.645041E-02   0.900301E+01   0.987731E+01   0.141267E+02   0.149150E+02   0.947908E+02  -0.140638E+02   0.000000E+00   0.108855E+03  -0.217709E+03
   0.343332E+02   0.279031E+02   0.651394E-02   0.999561E+01   0.102322E+02   0.159502E+02   0.205559E+02   0.938082E+02  -0.157555E+02   0.000000E+00   0.109564E+03  -0.219127E+03
   0.343332E+02   0.279031E+02   0.593779E-02   0.122253E+02   0.780977E+01   0.155616E+02   0.155285E+02   0.942070E+02  -0.153872E+02   0.000000E+00   0.109594E+03  -0.219188E+03
   0.346406E+02   0.279841E+02   0.596291E-02   0.110918E+02   0.130059E+02   0.148306E+02   0.136147E+02   0.932446E+02  -0.154365E+02   0.000000E+00   0.108681E+03  -0.217362E+03
   0.343297E+02   0.267446E+02   0.809037E-02   0.135950E+02   0.121538E+02   0.136776E+02   0.128260E+02   0.902830E+02  -0.163825E+02   0.000000E+00   0.106665E+03  -0.213331E+03
   0.344290E+02   0.266285E+02   0.574017E-02   0.120542E+02   0.111143E+02   0.144004E+02   0.130930E+02   0.930619E+02  -0.150051E+02   0.000000E+00   0.108067E+03  -0.216134E+03
   0.344643E+02   0.276449E+02   0.730076E-02   0.103031E+02   0.877208E+01   0.125733E+02   0.119488E+02   0.945716E+02  -0.148181E+02   0.000000E+00   0.109390E+03  -0.218779E+03
   0.341720E+02   0.272757E+02   0.807527E-02   0.979152E+01   0.114798E+02   0.164487E+02   0.121965E+02   0.909050E+02  -0.149489E+02   0.000000E+00   0.105854E+03  -0.211708E+03
   0.345219E+02   0.274484E+02   0.524727E-02   0.734863E+01   0.117016E+02   0.159393E+02   0.133173E+02   0.940419E+02  -0.155706E+02   0.000000E+00   0.109612E+03  -0.219225E+03
   0.344418E+02   0.276712E+02   0.563578E-02   0.104781E+02   0.740004E+01   0.167521E+02   0.146494E+02   0.949074E+02  -0.152142E+02   0.000000E+00   0.110122E+03  -0.220243E+03
   0.342769E+02   0.273343E+02   0.672544E-02   0.109668E+02   0.106537E+02   0.106445E+02   0.176595E+02   0.924748E+02  -0.159978E+02   0.000000E+00   0.108473E+03  -0.216945E+03
   0.345005E+02   0.273272E+02   0.689927E-02   0.114474E+02   0.851136E+01   0.192334E+02   0.129623E+02   0.940386E+02  -0.157304E+02   0.000000E+00   0.109769E+03  -0.219538E+03
   0.346775E+02   0.273272E+02   0.627879E-02   0.625188E+01   0.822464E+01   0.120599E+02   0.213269E+02   0.901234E+02  -0.189086E+02   0.000000E+00   0.109032E+03  -0.218064E+03
   0.339864E+02   0.275241E+02   0.904783E-02   0.153758E+02   0.927553E+01   0.160199E+02   0.144839E+02   0.855693E+02  -0.169011E+02   0.000000E+00   0.102470E+03  -0.204941E+03
   0.343904E+02   0.285356E+02   0.790812E-02   0.125183E+02   0.118432E+02   0.168676E+02   0.175709E+02   0.916997E+02  -0.162042E+02   0.000000E+00   0.107904E+03  -0.215808E+03
   0.341577E+02   0.281526E+02   0.660214E-02   0.671429E+01   0.103634E+02   0.136746E+02   0.160887E+02   0.915524E+02  -0.158443E+02   0.000000E+00   0.107397E+03  -0.214793E+03
   0.343735E+02   0.278956E+02   0.658020E-02   0.595216E+01   0.130939E+02   0.181901E+02   0.129235E+02   0.909234E+02  -0.188716E+02   0.000000E+00   0.109795E+03  -0.219590E+03
   0.343735E+02   0.284889E+02   0.635196E-02   0.927176E+01   0.111523E+02   0.199770E+02   0.108723E+02   0.927113E+02  -0.166009E+02   0.000000E+00   0.109312E+03  -0.218624E+03
   0.346463E+02   0.274205E+02   0.796645E-02   0.106561E+02   0.106005E+02   0.189595E+02   0.139399E+02   0.926877E+02  -0.151906E+02   0.000000E+00   0.107878E+03  -0.215757E+03
   0.343386E+02   0.289894E+02   0.647522E-02   0.932722E+01   0.112460E+02   0.133240E+02   0.145664E+02   0.937913E+02  -0.143809E+02   0.000000E+00   0.108172E+03  -0.216344E+03
   0.343386E+02   0.293046E+02   0.624288E-02   0.665958E+01   0.759563E+01   0.191382E+02   0.201789E+02   0.884196E+02  -0.187731E+02   0.000000E+00   0.107193E+03  -0.214385E+03
   0.344892E+02   0.270523E+02   0.608237E-02   0.115471E+02   0.968813E+01   0.144561E+02   0.148696E+02   0.954405E+02  -0.144174E+02   0.000000E+00   0.109858E+03  -0.219716E+03
   0.344892E+02   0.281920E+02   0.698901E-02   0.948892E+01   0.984306E+01   0.164345E+02   0.141297E+02   0.951139E+02  -0.142114E+02   0.000000E+00   0.109325E+03  -0.218651E+03
   0.345411E+02   0.281577E+02   0.691742E-02   0.824635E+01   0.114512E+02   0.215058E+02   0.170793E+02   0.921716E+02  -0.170218E+02   0.000000E+00   0.109193E+03  -0.218387E+03
   0.342667E+02   0.281577E+02   0.464202E-02   0.694846E+01   0.870899E+01   0.154678E+02   0.157416E+02   0.901056E+02  -0.155749E+02   0.000000E+00   0.105680E+03  -0.211361E+03
   0.342807E+02   0.282583E+02   0.464202E-02   0.962441E+01   0.783159E+01   0.142202E+02   0.161857E+02   0.910978E+02  -0.146747E+02   0.000000E+00   0.105773E+03  -0.211545E+03
   0.344874E+02   0.275863E+02   0.584775E-02   0.939636E+01   0.108851E+02   0.171117E+02   0.159730E+02   0.955915E+02  -0.146834E+02   0.000000E+00   0.110275E+03  -0.220550E+03
   0.344874E+02   0.278083E+02   0.654881E-02   0.120820E+02   0.126127E+02   0.104099E+02   0.172061E+02   0.927769E+02  -0.172788E+02   0.000000E+00   0.110056E+03  -0.220111E+03
   0.344874E+02   0.285208E+02   0.648128E-02   0.817609E+01   0.119192E+02   0.196002E+02   0.129686E+02   0.928324E+02  -0.162091E+02   0.000000E+00   0.109041E+03  -0.218083E+03
   0.344874E+02   0.270414E+02   0.687192E-02   0.805204E+01   0.122514E+02   0.136043E+02   0.136196E+02   0.943096E+02  -0.151917E+02   0.000000E+00   0.109501E+03  -0.219003E+03
   0.343327E+02   0.283440E+02   0.703535E-02   0.139176E+02   0.883362E+01   0.151357E+02   0.136875E+02   0.931278E+02  -0.158497E+02   0.000000E+00   0.108977E+03  -0.217955E+03
   0.346245E+02   0.276105E+02   0.618891E-02   0.143022E+02   0.129079E+02   0.204267E+02   0.132522E+02   0.908933E+02  -0.186584E+02   0.000000E+00   0.109552E+03  -0.219103E+03
   0.345964E+02   0.276461E+02   0.569527E-02   0.884808E+01   0.109885E+02   0.141956E+02   0.177246E+02   0.946951E+02  -0.148298E+02   0.000000E+00   0.109525E+03  -0.219050E+03
   0.342414E+02   0.269124E+02   0.604842E-02   0.110071E+02   0.828115E+01   0.151530E+02   0.239284E+02   0.887018E+02  -0.177335E+02   0.000000E+00   0.106435E+03  -0.212871E+03
   0.343554E+02   0.281790E+02   0.619136E-02   0.114065E+02   0.117787E+02   0.131579E+02   0.180722E+02   0.940947E+02  -0.156123E+02   0.000000E+00   0.109707E+03  -0.219414E+03
   0.343554E+02   0.281376E+02   0.633710E-02   0.734456E+01   0.719152E+01   0.169507E+02   0.127008E+02   0.932601E+02  -0.164614E+02   0.000000E+00   0.109721E+03  -0.219443E+03
   0.343423E+02   0.278797E+02   0.686640E-02   0.109142E+02   0.762198E+01   0.185043E+02   0.163686E+02   0.935753E+02  -0.158386E+02   0.000000E+00   0.109414E+03  -0.218828E+03
   0.343121E+02   0.282073E+02   0.823802E-02   0.995115E+01   0.110331E+02   0.132712E+02   0.162677E+02   0.929703E+02  -0.145046E+02   0.000000E+00   0.107475E+03  -0.214950E+03
   0.342057E+02   0.281869E+02   0.771525E-02   0.683559E+01   0.910408E+01   0.228169E+02   0.135196E+02   0.892661E+02  -0.181564E+02   0.000000E+00   0.107423E+03  -0.214845E+03
   0.345172E+02   0.279233E+02   0.488249E-02   0.127922E+02   0.952306E+01   0.147123E+02   0.123147E+02   0.930634E+02  -0.153213E+02   0.000000E+00   0.108385E+03  -0.216769E+03
   0.344791E+02   0.275143E+02   0.734127E-02   0.114027E+02   0.972142E+01   0.143512E+02   0.122044E+02   0.946410E+02  -0.146958E+02   0.000000E+00   0.109337E+03  -0.218674E+03
   0.344179E+02   0.267994E+02   0.721235E-02   0.132025E+02   0.113245E+02   0.225693E+02   0.127925E+02   0.901893E+02  -0.182745E+02   0.000000E+00   0.108464E+03  -0.216928E+03
   0.344994E+02   0.275158E+02   0.105973E-01   0.118255E+02   0.827460E+01   0.114141E+02   0.201581E+02   0.868594E+02  -0.168870E+02   0.000000E+00   0.103746E+03  -0.207493E+03
   0.344584E+02   0.282648E+02   0.801232E-02   0.127935E+02   0.989683E+01   0.155252E+02   0.203052E+02   0.914874E+02  -0.165560E+02   0.000000E+00   0.108043E+03  -0.216087E+03
   0.345344E+02   0.265322E+02   0.744944E-02   0.124669E+02   0.976175E+01   0.193165E+02   0.153659E+02   0.921004E+02  -0.159568E+02   0.000000E+00   0.108057E+03  -0.216114E+03
   0.344777E+02   0.288084E+02   0.823069E-02   0.883833E+01   0.788793E+01   0.111642E+02   0.216066E+02   0.894751E+02  -0.174199E+02   0.000000E+00   0.106895E+03  -0.213790E+03
   0.343665E+02   0.289057E+02   0.945057E-02   0.851087E+01   0.716355E+01   0.153600E+02   0.140114E+02   0.897481E+02  -0.153034E+02   0.000000E+00   0.105052E+03  -0.210103E+03
   0.343665E+02   0.268609E+02   0.656285E-02   0.641728E+01   0.738739E+01   0.141243E+02   0.212460E+02   0.898065E+02  -0.187691E+02   0.000000E+00   0.108576E+03  -0.217151E+03
   0.347008E+02   0.273344E+02   0.723270E-02   0.124175E+02   0.834439E+01   0.135606E+02   0.185558E+02   0.924424E+02  -0.158975E+02   0.000000E+00   0.108340E+03  -0.216680E+03
   0.345167E+02   0.277648E+02   0.660635E-02   0.105348E+02   0.103290E+02   0.163028E+02   0.123632E+02   0.953299E+02  -0.146370E+02   0.000000E+00   0.109967E+03  -0.219934E+03
   0.345608E+02   0.273112E+02   0.649782E-02   0.102710E+02   0.901690E+01   0.196943E+02   0.134638E+02   0.945839E+02  -0.153646E+02   0.000000E+00   0.109948E+03  -0.219897E+03
   0.343464E+02   0.282111E+02   0.665885E-02   0.846748E+01   0.124120E+02   0.149715E+02   0.198011E+02   0.931930E+02  -0.162806E+02   0.000000E+00   0.109474E+03  -0.218947E+03
   0.343864E+02   0.283438E+02   0.674239E-02   0.858394E+01   0.751520E+01   0.123917E+02   0.122977E+02   0.939189E+02  -0.154944E+02   0.000000E+00   0.109413E+03  -0.218827E+03
   0.343360E+02   0.271839E+02   0.576088E-02   0.116781E+02   0.141957E+02   0.215870E+02   0.122977E+02   0.900690E+02  -0.187175E+02   0.000000E+00   0.108787E+03  -0.217573E+03
   0.346174E+02   0.263491E+02   0.576088E-02   0.856838E+01   0.900286E+01   0.191955E+02   0.123354E+02   0.920898E+02  -0.155279E+02   0.000000E+00   0.107618E+03  -0.215235E+03
   0.346238E+02   0.269593E+02   0.643624E-02   0.120532E+02   0.796900E+01   0.189369E+02   0.157483E+02   0.933218E+02  -0.160919E+02   0.000000E+00   0.109414E+03  -0.218827E+03
   0.346205E+02   0.281609E+02   0.648310E-02   0.105113E+02   0.756541E+01   0.935154E+01   0.135204E+02   0.914994E+02  -0.171859E+02   0.000000E+00   0.108685E+03  -0.217371E+03
   0.344143E+02   0.280490E+02   0.860308E-02   0.923367E+01   0.101860E+02   0.171965E+02   0.190099E+02   0.918666E+02  -0.153926E+02   0.000000E+00   0.107259E+03  -0.214518E+03
   0.345036E+02   0.268144E+02   0.507275E-02   0.671437E+01   0.997442E+01   0.198539E+02   0.144602E+02   0.911245E+02  -0.168872E+02   0.000000E+00   0.108012E+03  -0.216023E+03
   0.345036E+02   0.285475E+02   0.687848E-02   0.101884E+02   0.123786E+02   0.158092E+02   0.116468E+02   0.932394E+02  -0.155015E+02   0.000000E+00   0.108741E+03  -0.217482E+03
   0.345504E+02   0.273902E+02   0.645714E-02   0.123226E+02   0.129286E+02   0.147919E+02   0.151107E+02   0.941373E+02  -0.158938E+02   0.000000E+00   0.110031E+03  -0.220062E+03
   0.345069E+02   0.269069E+02   0.652419E-02   0.118689E+02   0.773297E+01   0.155960E+02   0.121309E+02   0.939746E+02  -0.155781E+02   0.000000E+00   0.109553E+03  -0.219105E+03
   0.347108E+02   0.271916E+02   0.670473E-02   0.137163E+02   0.122340E+02   0.115456E+02   0.205964E+02   0.901023E+02  -0.185040E+02   0.000000E+00   0.108606E+03  -0.217213E+03
   0.346407E+02   0.272239E+02   0.715537E-02   0.120828E+02   0.609940E+01   0.212097E+02   0.148948E+02   0.898555E+02  -0.190992E+02   0.000000E+00   0.108955E+03  -0.217909E+03
   0.344960E+02   0.272239E+02   0.594157E-02   0.849630E+01   0.681778E+01   0.149994E+02   0.104257E+02   0.931253E+02  -0.169720E+02   0.000000E+00   0.110097E+03  -0.220195E+03
   0.344960E+02   0.276441E+02   0.548596E-02   0.856554E+01   0.107360E+02   0.114870E+02   0.128898E+02   0.948994E+02  -0.150995E+02   0.000000E+00   0.109999E+03  -0.219998E+03
   0.344960E+02   0.272996E+02   0.739919E-02   0.124673E+02   0.114683E+02   0.162568E+02   0.129588E+02   0.936433E+02  -0.155443E+02   0.000000E+00   0.109188E+03  -0.218375E+03
   0.344768E+02   0.280181E+02   0.589274E-02   0.983179E+01   0.932051E+01   0.127851E+02   0.128287E+02   0.956568E+02  -0.143484E+02   0.000000E+00   0.110005E+03  -0.220010E+03
   0.344768E+02   0.280439E+02   0.473804E-02   0.105791E+02   0.116824E+02   0.168139E+02   0.157891E+02   0.929148E+02  -0.149765E+02   0.000000E+00   0.107891E+03  -0.215783E+03
   0.343661E+02   0.277462E+02   0.631619E-02   0.115375E+02   0.110031E+02   0.114540E+02   0.128293E+02   0.944606E+02  -0.154589E+02   0.000000E+00   0.109919E+03  -0.219839E+03
   0.344375E+02   0.283647E+02   0.590466E-02   0.104619E+02   0.759987E+01   0.183765E+02   0.138717E+02   0.940136E+02  -0.155159E+02   0.000000E+00   0.109530E+03  -0.219059E+03
   0.343358E+02   0.280346E+02   0.842478E-02   0.104619E+02   0.775406E+01   0.109027E+02   0.127550E+02   0.915733E+02  -0.158065E+02   0.000000E+00   0.107380E+03  -0.214760E+03
   0.344589E+02   0.277999E+02   0.526501E-02   0.927851E+01   0.105303E+02   0.132007E+02   0.220406E+02   0.932080E+02  -0.164543E+02   0.000000E+00   0.109662E+03  -0.219325E+03
   0.344589E+02   0.284885E+02   0.685025E-02   0.149517E+02   0.128381E+02   0.161985E+02   0.126015E+02   0.911815E+02  -0.178724E+02   0.000000E+00   0.109054E+03  -0.218108E+03
   0.344589E+02   0.282613E+02   0.758778E-02   0.100494E+02   0.853673E+01   0.169747E+02   0.123741E+02   0.938302E+02  -0.148069E+02   0.000000E+00   0.108637E+03  -0.217274E+03
   0.345941E+02   0.273048E+02   0.729508E-02   0.777839E+01   0.140521E+02   0.138172E+02   0.155658E+02   0.926686E+02  -0.164426E+02   0.000000E+00   0.109111E+03  -0.218222E+03
   0.345514E+02   0.276388E+02   0.577287E-02   0.113033E+02   0.627843E+01   0.174623E+02   0.115430E+02   0.923583E+02  -0.176512E+02   0.000000E+00   0.110010E+03  -0.220019E+03
   0.344457E+02   0.272853E+02   0.676033E-02   0.101912E+02   0.101265E+02   0.133316E+02   0.164634E+02   0.954313E+02  -0.143569E+02   0.000000E+00   0.109788E+03  -0.219576E+03
   0.345182E+02   0.273976E+02   0.559147E-02   0.104823E+02   0.170373E+02   0.171409E+02   0.162685E+02   0.913023E+02  -0.187375E+02   0.000000E+00   0.110040E+03  -0.220080E+03
   0.344263E+02   0.265815E+02   0.666614E-02   0.746423E+01   0.128234E+02   0.147505E+02   0.156148E+02   0.923628E+02  -0.159072E+02   0.000000E+00   0.108270E+03  -0.216540E+03
   0.344263E+02   0.275454E+02   0.688943E-02   0.111878E+02   0.123199E+02   0.129429E+02   0.166338E+02   0.943326E+02  -0.154455E+02   0.000000E+00   0.109778E+03  -0.219556E+03
   0.343885E+02   0.281468E+02   0.662175E-02   0.993498E+01   0.108799E+02   0.174382E+02   0.206654E+02   0.934366E+02  -0.162668E+02   0.000000E+00   0.109703E+03  -0.219407E+03
   0.345649E+02   0.277923E+02   0.643753E-02   0.119831E+02   0.858952E+01   0.151610E+02   0.174355E+02   0.946026E+02  -0.152341E+02   0.000000E+00   0.109837E+03  -0.219673E+03
   0.344988E+02   0.279420E+02   0.581421E-02   0.693873E+01   0.149384E+02   0.152998E+02   0.156520E+02   0.921370E+02  -0.178705E+02   0.000000E+00   0.110008E+03  -0.220015E+03
   0.344988E+02   0.274552E+02   0.804082E-02   0.105898E+02   0.150908E+02   0.134198E+02   0.159642E+02   0.914770E+02  -0.168426E+02   0.000000E+00   0.108320E+03  -0.216639E+03
   0.344045E+02   0.273088E+02   0.573242E-02   0.103726E+02   0.864741E+01   0.136458E+02   0.155321E+02   0.953914E+02  -0.143010E+02   0.000000E+00   0.109692E+03  -0.219385E+03
   0.343376E+02   0.280251E+02   0.617686E-02   0.101077E+02   0.108138E+02   0.118529E+02   0.155483E+02   0.949509E+02  -0.147382E+02   0.000000E+00   0.109689E+03  -0.219378E+03
   0.343376E+02   0.291310E+02   0.660386E-02   0.852017E+01   0.119005E+02   0.136387E+02   0.133023E+02   0.929554E+02  -0.148528E+02   0.000000E+00   0.107808E+03  -0.215616E+03
   0.345326E+02   0.272337E+02   0.653245E-02   0.143226E+02   0.968939E+01   0.207557E+02   0.131079E+02   0.922138E+02  -0.177507E+02   0.000000E+00   0.109965E+03  -0.219929E+03
   0.343423E+02   0.280286E+02   0.582498E-02   0.122792E+02   0.110641E+02   0.136888E+02   0.188474E+02   0.936760E+02  -0.159160E+02   0.000000E+00   0.109592E+03  -0.219184E+03
   0.344867E+02   0.274684E+02   0.582498E-02   0.706169E+01   0.102992E+02   0.180322E+02   0.166581E+02   0.941319E+02  -0.161171E+02   0.000000E+00   0.110249E+03  -0.220498E+03
   0.345911E+02   0.277884E+02   0.591495E-02   0.111165E+02   0.715046E+01   0.133428E+02   0.151324E+02   0.941626E+02  -0.154424E+02   0.000000E+00   0.109605E+03  -0.219210E+03
   0.343821E+02   0.283843E+02   0.667900E-02   0.101084E+02   0.710823E+01   0.141139E+02   0.132738E+02   0.941412E+02  -0.152389E+02   0.000000E+00   0.109380E+03  -0.218760E+03
   0.343105E+02   0.279649E+02   0.570236E-02   0.928395E+01   0.114807E+02   0.141139E+02   0.122444E+02   0.944918E+02  -0.147303E+02   0.000000E+00   0.109222E+03  -0.218444E+03
   0.344176E+02   0.278223E+02   0.622176E-02   0.109805E+02   0.103215E+02   0.216613E+02   0.165115E+02   0.935973E+02  -0.165754E+02   0.000000E+00   0.110173E+03  -0.220345E+03
   0.343727E+02   0.274743E+02   0.655017E-02   0.921692E+01   0.975629E+01   0.125260E+02   0.159144E+02   0.953002E+02  -0.143750E+02   0.000000E+00   0.109675E+03  -0.219350E+03
   0.343727E+02   0.274743E+02   0.587473E-02   0.768632E+01   0.116275E+02   0.121867E+02   0.149532E+02   0.942963E+02  -0.154276E+02   0.000000E+00   0.109724E+03  -0.219448E+03
   0.342187E+02   0.295012E+02   0.763963E-02   0.104665E+02   0.911295E+01   0.109299E+02   0.185608E+02   0.902096E+02  -0.158643E+02   0.000000E+00   0.106074E+03  -0.212148E+03
   0.346352E+02   0.275168E+02   0.619633E-02   0.977157E+01   0.141850E+02   0.133128E+02   0.112770E+02   0.926927E+02  -0.167133E+02   0.000000E+00   0.109406E+03  -0.218812E+03
   0.341616E+02   0.288503E+02   0.658494E-02   0.127525E+02   0.804245E+01   0.204892E+02   0.153267E+02   0.899997E+02  -0.169740E+02   0.000000E+00   0.106974E+03  -0.213947E+03
   0.343257E+02   0.273238E+02   0.627653E-02   0.767928E+01   0.101862E+02   0.164148E+02   0.122757E+02   0.939912E+02  -0.151853E+02   0.000000E+00   0.109177E+03  -0.218353E+03
   0.342789E+02   0.268370E+02   0.624409E-02   0.117719E+02   0.842727E+01   0.118254E+02   0.118649E+02   0.914875E+02  -0.156741E+02   0.000000E+00   0.107162E+03  -0.214323E+03
   0.344544E+02   0.285378E+02   0.683946E-02   0.807844E+01   0.127413E+02   0.130212E+02   0.169798E+02   0.931769E+02  -0.158182E+02   0.000000E+00   0.108995E+03  -0.217990E+03
   0.345623E+02   0.278181E+02   0.664004E-02   0.777718E+01   0.109812E+02   0.142118E+02   0.108420E+02   0.939218E+02  -0.157784E+02   0.000000E+00   0.109700E+03  -0.219400E+03
   0.342671E+02   0.287159E+02   0.671128E-02   0.870377E+01   0.115363E+02   0.167932E+02   0.216779E+02   0.914412E+02  -0.168976E+02   0.000000E+00   0.108339E+03  -0.216678E+03
   0.342419E+02   0.290290E+02   0.756273E-02   0.100618E+02   0.877232E+01   0.160530E+02   0.163316E+02   0.926581E+02  -0.144526E+02   0.000000E+00   0.107111E+03  -0.214221E+03
   0.342851E+02   0.275572E+02   0.643250E-02   0.839283E+01   0.996063E+01   0.168735E+02   0.176572E+02   0.939511E+02  -0.150529E+02   0.000000E+00   0.109004E+03  -0.218008E+03
   0.346972E+02   0.271265E+02   0.585070E-02   0.563748E+01   0.958044E+01   0.178838E+02   0.139035E+02   0.904555E+02  -0.181333E+02   0.000000E+00   0.108589E+03  -0.217178E+03
   0.344234E+02   0.284330E+02   0.569360E-02   0.109084E+02   0.865015E+01   0.198327E+02   0.121628E+02   0.933001E+02  -0.159551E+02   0.000000E+00   0.109255E+03  -0.218510E+03
   0.344074E+02   0.281501E+02   0.553498E-02   0.113445E+02   0.110311E+02   0.141596E+02   0.150816E+02   0.950110E+02  -0.145949E+02   0.000000E+00   0.109606E+03  -0.219212E+03
   0.343885E+02   0.279745E+02   0.593100E-02   0.764911E+01   0.698458E+01   0.200646E+02   0.195937E+02   0.915398E+02  -0.184506E+02   0.000000E+00   0.109990E+03  -0.219981E+03
   0.346638E+02   0.276967E+02   0.664997E-02   0.131000E+02   0.202321E+02   0.105459E+02   0.181498E+02   0.849150E+02  -0.239991E+02   0.000000E+00   0.108914E+03  -0.217828E+03
   0.343862E+02   0.287886E+02   0.618877E-02   0.834057E+01   0.109466E+02   0.138131E+02   0.149576E+02   0.942003E+02  -0.144843E+02   0.000000E+00   0.108685E+03  -0.217369E+03
   0.345753E+02   0.280977E+02   0.597400E-02   0.102263E+02   0.110915E+02   0.118157E+02   0.161598E+02   0.942601E+02  -0.149450E+02   0.000000E+00   0.109205E+03  -0.218410E+03
   0.342411E+02   0.289441E+02   0.749178E-02   0.133812E+02   0.976397E+01   0.122508E+02   0.189785E+02   0.906754E+02  -0.166336E+02   0.000000E+00   0.107309E+03  -0.214618E+03
   0.343733E+02   0.276564E+02   0.796499E-02   0.793130E+01   0.849773E+01   0.153833E+02   0.195573E+02   0.923790E+02  -0.158481E+02   0.000000E+00   0.108227E+03  -0.216454E+03
   0.343733E+02   0.281669E+02   0.744292E-02   0.938799E+01   0.110231E+02   0.218384E+02   0.162190E+02   0.922851E+02  -0.165581E+02   0.000000E+00   0.108843E+03  -0.217686E+03
   0.343767E+02   0.281669E+02   0.785202E-02   0.841254E+01   0.768894E+01   0.122591E+02   0.155581E+02   0.930995E+02  -0.152232E+02   0.000000E+00   0.108323E+03  -0.216645E+03
   0.344239E+02   0.273226E+02   0.530797E-02   0.968952E+01   0.101782E+02   0.156239E+02   0.118416E+02   0.947749E+02  -0.145880E+02   0.000000E+00   0.109363E+03  -0.218726E+03
   0.344239E+02   0.270760E+02   0.690541E-02   0.843583E+01   0.929605E+01   0.156239E+02   0.177643E+02   0.944344E+02  -0.148351E+02   0.000000E+00   0.109269E+03  -0.218539E+03
   0.344518E+02   0.282335E+02   0.652483E-02   0.107388E+02   0.117264E+02   0.128569E+02   0.151390E+02   0.948782E+02  -0.148260E+02   0.000000E+00   0.109704E+03  -0.219408E+03
   0.345329E+02   0.266671E+02   0.641105E-02   0.112763E+02   0.101870E+02   0.154287E+02   0.130347E+02   0.945499E+02  -0.145292E+02   0.000000E+00   0.109079E+03  -0.218158E+03
   0.343132E+02   0.271639E+02   0.539332E-02   0.984178E+01   0.773707E+01   0.154287E+02   0.119561E+02   0.926123E+02  -0.150695E+02   0.000000E+00   0.107682E+03  -0.215364E+03
   0.343060E+02   0.279245E+02   0.691576E-02   0.792861E+01   0.809977E+01   0.122378E+02   0.142915E+02   0.940069E+02  -0.151425E+02   0.000000E+00   0.109149E+03  -0.218299E+03
   0.344756E+02   0.277042E+02   0.658126E-02   0.101772E+02   0.790550E+01   0.158857E+02   0.134572E+02   0.954206E+02  -0.146758E+02   0.000000E+00   0.110096E+03  -0.220193E+03
   0.344756E+02   0.276795E+02   0.666804E-02   0.911309E+01   0.958208E+01   0.164032E+02   0.150912E+02   0.957856E+02  -0.142526E+02   0.000000E+00   0.110038E+03  -0.220076E+03
   0.348689E+02   0.262098E+02   0.820531E-02   0.974676E+01   0.904912E+01   0.146358E+02   0.157165E+02   0.907698E+02  -0.141260E+02   0.000000E+00   0.104896E+03  -0.209792E+03
   0.344159E+02   0.276168E+02   0.803836E-02   0.902430E+01   0.106984E+02   0.119313E+02   0.173826E+02   0.932163E+02  -0.150603E+02   0.000000E+00   0.108277E+03  -0.216553E+03
   0.346535E+02   0.270665E+02   0.489935E-02   0.119331E+02   0.760180E+01   0.115675E+02   0.162550E+02   0.913183E+02  -0.160397E+02   0.000000E+00   0.107358E+03  -0.214716E+03
   0.345983E+02   0.263284E+02   0.552683E-02   0.965895E+01   0.977178E+01   0.138951E+02   0.162192E+02   0.930118E+02  -0.141767E+02   0.000000E+00   0.107189E+03  -0.214377E+03
   0.344879E+02   0.273977E+02   0.451525E-02   0.708330E+01   0.106261E+02   0.147674E+02   0.119114E+02   0.916168E+02  -0.157314E+02   0.000000E+00   0.107348E+03  -0.214696E+03
   0.345008E+02   0.270107E+02   0.603120E-02   0.102183E+02   0.110743E+02   0.102392E+02   0.138752E+02   0.940393E+02  -0.157599E+02   0.000000E+00   0.109799E+03  -0.219598E+03
   0.346477E+02   0.276011E+02   0.531235E-02   0.132214E+02   0.963120E+01   0.192907E+02   0.198095E+02   0.907789E+02  -0.175834E+02   0.000000E+00   0.108362E+03  -0.216725E+03
   0.346477E+02   0.273968E+02   0.729625E-02   0.126714E+02   0.963120E+01   0.158894E+02   0.179842E+02   0.930518E+02  -0.156713E+02   0.000000E+00   0.108723E+03  -0.217446E+03
   0.344532E+02   0.281854E+02   0.552293E-02   0.826292E+01   0.963120E+01   0.174312E+02   0.162239E+02   0.946398E+02  -0.148936E+02   0.000000E+00   0.109533E+03  -0.219067E+03
   0.343268E+02   0.273013E+02   0.559478E-02   0.674450E+01   0.982890E+01   0.139960E+02   0.177221E+02   0.926298E+02  -0.160984E+02   0.000000E+00   0.108728E+03  -0.217456E+03
   0.343718E+02   0.279885E+02   0.636549E-02   0.145644E+02   0.625005E+01   0.145923E+02   0.183357E+02   0.906798E+02  -0.191828E+02   0.000000E+00   0.109863E+03  -0.219725E+03
   0.344989E+02   0.279885E+02   0.663575E-02   0.115902E+02   0.672241E+01   0.145923E+02   0.163471E+02   0.936027E+02  -0.162162E+02   0.000000E+00   0.109819E+03  -0.219638E+03
   0.343003E+02   0.273292E+02   0.792359E-02   0.104211E+02   0.957132E+01   0.158488E+02   0.106498E+02   0.922744E+02  -0.153212E+02   0.000000E+00   0.107596E+03  -0.215191E+03
   0.347306E+02   0.277343E+02   0.571347E-02   0.104026E+02   0.123149E+02   0.141127E+02   0.160692E+02   0.923128E+02  -0.149844E+02   0.000000E+00   0.107297E+03  -0.214594E+03
   0.347016E+02   0.273431E+02   0.652151E-02   0.131287E+02   0.101451E+02   0.151344E+02   0.137791E+02   0.934585E+02  -0.152923E+02   0.000000E+00   0.108751E+03  -0.217502E+03
   0.344897E+02   0.275546E+02   0.512006E-02   0.117037E+02   0.831928E+01   0.995446E+01   0.197341E+02   0.917734E+02  -0.176739E+02   0.000000E+00   0.109447E+03  -0.218895E+03
   0.344611E+02   0.285233E+02   0.649272E-02   0.122995E+02   0.109120E+02   0.135239E+02   0.163952E+02   0.939695E+02  -0.152050E+02   0.000000E+00   0.109174E+03  -0.218349E+03
   0.342563E+02   0.284454E+02   0.565736E-02   0.129991E+02   0.117190E+02   0.128391E+02   0.126071E+02   0.921911E+02  -0.160078E+02   0.000000E+00   0.108199E+03  -0.216398E+03
   0.347060E+02   0.266271E+02   0.610763E-02   0.922074E+01   0.963898E+01   0.178089E+02   0.154196E+02   0.934839E+02  -0.146200E+02   0.000000E+00   0.108104E+03  -0.216208E+03
   0.344412E+02   0.276123E+02   0.566547E-02   0.105537E+02   0.103592E+02   0.177052E+02   0.207512E+02   0.937831E+02  -0.163534E+02   0.000000E+00   0.110137E+03  -0.220273E+03
   0.345691E+02   0.276123E+02   0.702424E-02   0.709183E+01   0.820336E+01   0.154253E+02   0.148306E+02   0.939550E+02  -0.155143E+02   0.000000E+00   0.109469E+03  -0.218939E+03
   0.342386E+02   0.279963E+02   0.587153E-02   0.102590E+02   0.800032E+01   0.259983E+02   0.155195E+02   0.895197E+02  -0.188740E+02   0.000000E+00   0.108394E+03  -0.216787E+03
   0.342386E+02   0.285544E+02   0.500840E-02   0.114488E+02   0.957043E+01   0.156551E+02   0.169242E+02   0.913898E+02  -0.147744E+02   0.000000E+00   0.106164E+03  -0.212328E+03
   0.345532E+02   0.282667E+02   0.714369E-02   0.861740E+01   0.102387E+02   0.130606E+02   0.149724E+02   0.944350E+02  -0.143195E+02   0.000000E+00   0.108755E+03  -0.217509E+03
   0.346413E+02   0.263270E+02   0.594904E-02   0.105912E+02   0.840313E+01   0.120886E+02   0.149724E+02   0.929545E+02  -0.147292E+02   0.000000E+00   0.107684E+03  -0.215367E+03
   0.346729E+02   0.260868E+02   0.600293E-02   0.966104E+01   0.162520E+02   0.113243E+02   0.152639E+02   0.883932E+02  -0.182035E+02   0.000000E+00   0.106597E+03  -0.213193E+03
   0.343483E+02   0.270928E+02   0.600293E-02   0.121218E+02   0.139730E+02   0.146871E+02   0.128720E+02   0.923020E+02  -0.165745E+02   0.000000E+00   0.108877E+03  -0.217753E+03
   0.345254E+02   0.275213E+02   0.653731E-02   0.874424E+01   0.583136E+01   0.133013E+02   0.158514E+02   0.926594E+02  -0.174029E+02   0.000000E+00   0.110062E+03  -0.220125E+03
   0.345400E+02   0.274853E+02   0.624386E-02   0.831033E+01   0.127787E+02   0.195928E+02   0.157755E+02   0.936179E+02  -0.165426E+02   0.000000E+00   0.110161E+03  -0.220321E+03
   0.342816E+02   0.275787E+02   0.726457E-02   0.105896E+02   0.114310E+02   0.250080E+02   0.147542E+02   0.901302E+02  -0.182812E+02   0.000000E+00   0.108411E+03  -0.216823E+03
