X1_obs         X2_obs         X3_obs         X4_obs         X1_true        X2_true        X3_true        X4_true        Y1_obs         Y2_obs         Y3_obs         Y4_obs         Y5_obs         Y1_unbiased    Y2_unbiased    Y3_unbiased    Y4_unbiased    Y5_unbiased    Y1_sim         Y2_sim         Y3_sim         Y4_sim         Y5_sim         Y1_res         Y2_res         Y3_res         Y4_res         Y5_res         Y1_stdres      Y2_stdres      Y3_stdres      Y4_stdres      Y5_stdres      
   0.100000E+01   0.100000E+01   0.100000E+01   0.108000E+05   0.100000E+01   0.100000E+01   0.100000E+01   0.108000E+05   0.109560E+02  -0.999900E+04  -0.999900E+04  -0.999900E+04  -0.999900E+04   0.109560E+02  -0.999900E+04  -0.999900E+04  -0.999900E+04  -0.999900E+04   0.109664E+02   0.500000E+01   0.211532E+01   0.345130E+02   0.180000E+02  -0.104510E-01  -0.999900E+04  -0.999900E+04  -0.999900E+04  -0.999900E+04  -0.168506E+01  -0.999900E+04  -0.999900E+04  -0.999900E+04  -0.999900E+04
   0.100000E+01   0.100000E+01   0.200000E+01   0.108000E+05   0.100000E+01   0.100000E+01   0.200000E+01   0.108000E+05   0.109506E+02  -0.999900E+04  -0.999900E+04  -0.999900E+04  -0.999900E+04   0.109506E+02  -0.999900E+04  -0.999900E+04  -0.999900E+04  -0.999900E+04   0.109594E+02   0.500000E+01   0.210594E+01   0.345130E+02   0.180000E+02  -0.884509E-02  -0.999900E+04  -0.999900E+04  -0.999900E+04  -0.999900E+04  -0.142613E+01  -0.999900E+04  -0.999900E+04  -0.999900E+04  -0.999900E+04
   0.100000E+01   0.100000E+01   0.300000E+01   0.108000E+05   0.100000E+01   0.100000E+01   0.300000E+01   0.108000E+05   0.109455E+02  -0.999900E+04  -0.999900E+04  -0.999900E+04  -0.999900E+04   0.109455E+02  -0.999900E+04  -0.999900E+04  -0.999900E+04  -0.999900E+04   0.109526E+02   0.500000E+01   0.209608E+01   0.345130E+02   0.180000E+02  -0.713962E-02  -0.999900E+04  -0.999900E+04  -0.999900E+04  -0.999900E+04  -0.115115E+01  -0.999900E+04  -0.999900E+04  -0.999900E+04  -0.999900E+04
   0.100000E+01   0.100000E+01   0.400000E+01   0.108000E+05   0.100000E+01   0.100000E+01   0.400000E+01   0.108000E+05   0.109398E+02  -0.999900E+04  -0.999900E+04  -0.999900E+04  -0.999900E+04   0.109398E+02  -0.999900E+04  -0.999900E+04  -0.999900E+04  -0.999900E+04   0.109461E+02   0.500000E+01   0.208577E+01   0.345130E+02   0.180000E+02  -0.628036E-02  -0.999900E+04  -0.999900E+04  -0.999900E+04  -0.999900E+04  -0.101261E+01  -0.999900E+04  -0.999900E+04  -0.999900E+04  -0.999900E+04
   0.100000E+01   0.100000E+01   0.500000E+01   0.108000E+05   0.100000E+01   0.100000E+01   0.500000E+01   0.108000E+05   0.109362E+02  -0.999900E+04  -0.999900E+04  -0.999900E+04  -0.999900E+04   0.109362E+02  -0.999900E+04  -0.999900E+04  -0.999900E+04  -0.999900E+04   0.109397E+02   0.500000E+01   0.207503E+01   0.345130E+02   0.180000E+02  -0.345522E-02  -0.999900E+04  -0.999900E+04  -0.999900E+04  -0.999900E+04  -0.557100E+00  -0.999900E+04  -0.999900E+04  -0.999900E+04  -0.999900E+04
   0.100000E+01   0.100000E+01   0.600000E+01   0.108000E+05   0.100000E+01   0.100000E+01   0.600000E+01   0.108000E+05   0.109312E+02  -0.999900E+04  -0.999900E+04  -0.999900E+04  -0.999900E+04   0.109312E+02  -0.999900E+04  -0.999900E+04  -0.999900E+04  -0.999900E+04   0.109335E+02   0.500000E+01   0.206388E+01   0.345130E+02   0.180000E+02  -0.229181E-02  -0.999900E+04  -0.999900E+04  -0.999900E+04  -0.999900E+04  -0.369520E+00  -0.999900E+04  -0.999900E+04  -0.999900E+04  -0.999900E+04
   0.100000E+01   0.100000E+01   0.700000E+01   0.108000E+05   0.100000E+01   0.100000E+01   0.700000E+01   0.108000E+05   0.109266E+02  -0.999900E+04  -0.999900E+04  -0.999900E+04  -0.999900E+04   0.109266E+02  -0.999900E+04  -0.999900E+04  -0.999900E+04  -0.999900E+04   0.109276E+02   0.500000E+01   0.205233E+01   0.345130E+02   0.180000E+02  -0.953437E-03  -0.999900E+04  -0.999900E+04  -0.999900E+04  -0.999900E+04  -0.153727E+00  -0.999900E+04  -0.999900E+04  -0.999900E+04  -0.999900E+04
   0.100000E+01   0.100000E+01   0.900000E+01   0.108000E+05   0.100000E+01   0.100000E+01   0.900000E+01   0.108000E+05   0.109163E+02  -0.999900E+04  -0.999900E+04  -0.999900E+04  -0.999900E+04   0.109163E+02  -0.999900E+04  -0.999900E+04  -0.999900E+04  -0.999900E+04   0.109163E+02   0.500000E+01   0.202815E+01   0.345130E+02   0.180000E+02   0.426755E-04  -0.999900E+04  -0.999900E+04  -0.999900E+04  -0.999900E+04   0.688076E-02  -0.999900E+04  -0.999900E+04  -0.999900E+04  -0.999900E+04
   0.100000E+01   0.100000E+01   0.100000E+02   0.108000E+05   0.100000E+01   0.100000E+01   0.100000E+02   0.108000E+05   0.109129E+02  -0.999900E+04  -0.999900E+04  -0.999900E+04  -0.999900E+04   0.109129E+02  -0.999900E+04  -0.999900E+04  -0.999900E+04  -0.999900E+04   0.109109E+02   0.500000E+01   0.201557E+01   0.345130E+02   0.180000E+02   0.201943E-02  -0.999900E+04  -0.999900E+04  -0.999900E+04  -0.999900E+04   0.325601E+00  -0.999900E+04  -0.999900E+04  -0.999900E+04  -0.999900E+04
   0.100000E+01   0.100000E+01   0.110000E+02   0.108000E+05   0.100000E+01   0.100000E+01   0.110000E+02   0.108000E+05   0.109103E+02  -0.999900E+04  -0.999900E+04  -0.999900E+04  -0.999900E+04   0.109103E+02  -0.999900E+04  -0.999900E+04  -0.999900E+04  -0.999900E+04   0.109057E+02   0.500000E+01   0.200269E+01   0.345130E+02   0.180000E+02   0.461642E-02  -0.999900E+04  -0.999900E+04  -0.999900E+04  -0.999900E+04   0.744325E+00  -0.999900E+04  -0.999900E+04  -0.999900E+04  -0.999900E+04
   0.100000E+01   0.100000E+01   0.120000E+02   0.108000E+05   0.100000E+01   0.100000E+01   0.120000E+02   0.108000E+05   0.109071E+02  -0.999900E+04  -0.999900E+04  -0.999900E+04  -0.999900E+04   0.109071E+02  -0.999900E+04  -0.999900E+04  -0.999900E+04  -0.999900E+04   0.109007E+02   0.500000E+01   0.198955E+01   0.345130E+02   0.180000E+02   0.641596E-02  -0.999900E+04  -0.999900E+04  -0.999900E+04  -0.999900E+04   0.103447E+01  -0.999900E+04  -0.999900E+04  -0.999900E+04  -0.999900E+04
   0.100000E+01   0.100000E+01   0.130000E+02   0.108000E+05   0.100000E+01   0.100000E+01   0.130000E+02   0.108000E+05   0.109022E+02  -0.999900E+04  -0.999900E+04  -0.999900E+04  -0.999900E+04   0.109022E+02  -0.999900E+04  -0.999900E+04  -0.999900E+04  -0.999900E+04   0.108959E+02   0.500000E+01   0.197617E+01   0.345130E+02   0.180000E+02   0.635984E-02  -0.999900E+04  -0.999900E+04  -0.999900E+04  -0.999900E+04   0.102543E+01  -0.999900E+04  -0.999900E+04  -0.999900E+04  -0.999900E+04
   0.100000E+01   0.100000E+01   0.140000E+02   0.108000E+05   0.100000E+01   0.100000E+01   0.140000E+02   0.108000E+05   0.109000E+02  -0.999900E+04  -0.999900E+04  -0.999900E+04  -0.999900E+04   0.109000E+02  -0.999900E+04  -0.999900E+04  -0.999900E+04  -0.999900E+04   0.108912E+02   0.500000E+01   0.196257E+01   0.345130E+02   0.180000E+02   0.875868E-02  -0.999900E+04  -0.999900E+04  -0.999900E+04  -0.999900E+04   0.141220E+01  -0.999900E+04  -0.999900E+04  -0.999900E+04  -0.999900E+04
   0.100000E+01   0.300000E+01   0.190000E+02   0.108000E+05   0.100000E+01   0.300000E+01   0.190000E+02   0.108000E+05   0.108750E+02  -0.999900E+04  -0.999900E+04  -0.999900E+04  -0.999900E+04   0.108750E+02  -0.999900E+04  -0.999900E+04  -0.999900E+04  -0.999900E+04   0.108656E+02   0.600000E+01   0.228300E+01   0.345130E+02   0.180000E+02   0.938421E-02  -0.999900E+04  -0.999900E+04  -0.999900E+04  -0.999900E+04   0.151306E+01  -0.999900E+04  -0.999900E+04  -0.999900E+04  -0.999900E+04
   0.100000E+01   0.300000E+01   0.210000E+02   0.108000E+05   0.100000E+01   0.300000E+01   0.210000E+02   0.108000E+05   0.108580E+02  -0.999900E+04  -0.999900E+04  -0.999900E+04  -0.999900E+04   0.108580E+02  -0.999900E+04  -0.999900E+04  -0.999900E+04  -0.999900E+04   0.108492E+02   0.600000E+01   0.227155E+01   0.345130E+02   0.180000E+02   0.884721E-02  -0.999900E+04  -0.999900E+04  -0.999900E+04  -0.999900E+04   0.142648E+01  -0.999900E+04  -0.999900E+04  -0.999900E+04  -0.999900E+04
   0.100000E+01   0.300000E+01   0.220000E+02   0.108000E+05   0.100000E+01   0.300000E+01   0.220000E+02   0.108000E+05   0.108469E+02  -0.999900E+04  -0.999900E+04  -0.999900E+04  -0.999900E+04   0.108469E+02  -0.999900E+04  -0.999900E+04  -0.999900E+04  -0.999900E+04   0.108411E+02   0.600000E+01   0.226563E+01   0.345130E+02   0.180000E+02   0.584925E-02  -0.999900E+04  -0.999900E+04  -0.999900E+04  -0.999900E+04   0.943100E+00  -0.999900E+04  -0.999900E+04  -0.999900E+04  -0.999900E+04
   0.100000E+01   0.300000E+01   0.230000E+02   0.108000E+05   0.100000E+01   0.300000E+01   0.230000E+02   0.108000E+05   0.108389E+02  -0.999900E+04  -0.999900E+04  -0.999900E+04  -0.999900E+04   0.108389E+02  -0.999900E+04  -0.999900E+04  -0.999900E+04  -0.999900E+04   0.108331E+02   0.600000E+01   0.225937E+01   0.345130E+02   0.180000E+02   0.574704E-02  -0.999900E+04  -0.999900E+04  -0.999900E+04  -0.999900E+04   0.926620E+00  -0.999900E+04  -0.999900E+04  -0.999900E+04  -0.999900E+04
   0.100000E+01   0.300000E+01   0.240000E+02   0.108000E+05   0.100000E+01   0.300000E+01   0.240000E+02   0.108000E+05   0.108263E+02  -0.999900E+04  -0.999900E+04  -0.999900E+04  -0.999900E+04   0.108263E+02  -0.999900E+04  -0.999900E+04  -0.999900E+04  -0.999900E+04   0.108255E+02   0.600000E+01   0.225211E+01   0.345130E+02   0.180000E+02   0.830933E-03  -0.999900E+04  -0.999900E+04  -0.999900E+04  -0.999900E+04   0.133975E+00  -0.999900E+04  -0.999900E+04  -0.999900E+04  -0.999900E+04
   0.200000E+01   0.200000E+01   0.100000E+01   0.108000E+05   0.200000E+01   0.200000E+01   0.100000E+01   0.108000E+05   0.108068E+02  -0.999900E+04  -0.999900E+04  -0.999900E+04  -0.999900E+04   0.108068E+02  -0.999900E+04  -0.999900E+04  -0.999900E+04  -0.999900E+04   0.108100E+02   0.200000E+01   0.107854E+01   0.278996E+02   0.180000E+02  -0.322138E-02  -0.999900E+04  -0.999900E+04  -0.999900E+04  -0.999900E+04  -0.519398E+00  -0.999900E+04  -0.999900E+04  -0.999900E+04  -0.999900E+04
   0.200000E+01   0.200000E+01   0.200000E+01   0.108000E+05   0.200000E+01   0.200000E+01   0.200000E+01   0.108000E+05   0.108025E+02  -0.999900E+04  -0.999900E+04  -0.999900E+04  -0.999900E+04   0.108025E+02  -0.999900E+04  -0.999900E+04  -0.999900E+04  -0.999900E+04   0.108069E+02   0.200000E+01   0.106647E+01   0.278996E+02   0.180000E+02  -0.446042E-02  -0.999900E+04  -0.999900E+04  -0.999900E+04  -0.999900E+04  -0.719173E+00  -0.999900E+04  -0.999900E+04  -0.999900E+04  -0.999900E+04
   0.200000E+01   0.200000E+01   0.300000E+01   0.108000E+05   0.200000E+01   0.200000E+01   0.300000E+01   0.108000E+05   0.108021E+02  -0.999900E+04  -0.999900E+04  -0.999900E+04  -0.999900E+04   0.108021E+02  -0.999900E+04  -0.999900E+04  -0.999900E+04  -0.999900E+04   0.108039E+02   0.200000E+01   0.105446E+01   0.278996E+02   0.180000E+02  -0.182422E-02  -0.999900E+04  -0.999900E+04  -0.999900E+04  -0.999900E+04  -0.294127E+00  -0.999900E+04  -0.999900E+04  -0.999900E+04  -0.999900E+04
   0.200000E+01   0.200000E+01   0.400000E+01   0.108000E+05   0.200000E+01   0.200000E+01   0.400000E+01   0.108000E+05   0.108009E+02  -0.999900E+04  -0.999900E+04  -0.999900E+04  -0.999900E+04   0.108009E+02  -0.999900E+04  -0.999900E+04  -0.999900E+04  -0.999900E+04   0.108011E+02   0.200000E+01   0.104253E+01   0.278996E+02   0.180000E+02  -0.195912E-03  -0.999900E+04  -0.999900E+04  -0.999900E+04  -0.999900E+04  -0.315877E-01  -0.999900E+04  -0.999900E+04  -0.999900E+04  -0.999900E+04
   0.200000E+01   0.200000E+01   0.500000E+01   0.108000E+05   0.200000E+01   0.200000E+01   0.500000E+01   0.108000E+05   0.107989E+02  -0.999900E+04  -0.999900E+04  -0.999900E+04  -0.999900E+04   0.107989E+02  -0.999900E+04  -0.999900E+04  -0.999900E+04  -0.999900E+04   0.107983E+02   0.200000E+01   0.103068E+01   0.278996E+02   0.180000E+02   0.576889E-03  -0.999900E+04  -0.999900E+04  -0.999900E+04  -0.999900E+04   0.930144E-01  -0.999900E+04  -0.999900E+04  -0.999900E+04  -0.999900E+04
   0.200000E+01   0.200000E+01   0.700000E+01   0.108000E+05   0.200000E+01   0.200000E+01   0.700000E+01   0.108000E+05   0.107977E+02  -0.999900E+04  -0.999900E+04  -0.999900E+04  -0.999900E+04   0.107977E+02  -0.999900E+04  -0.999900E+04  -0.999900E+04  -0.999900E+04   0.107931E+02   0.200000E+01   0.100729E+01   0.278996E+02   0.180000E+02   0.451659E-02  -0.999900E+04  -0.999900E+04  -0.999900E+04  -0.999900E+04   0.728230E+00  -0.999900E+04  -0.999900E+04  -0.999900E+04  -0.999900E+04
   0.200000E+01   0.200000E+01   0.900000E+01   0.108000E+05   0.200000E+01   0.200000E+01   0.900000E+01   0.108000E+05   0.107938E+02  -0.999900E+04  -0.999900E+04  -0.999900E+04  -0.999900E+04   0.107938E+02  -0.999900E+04  -0.999900E+04  -0.999900E+04  -0.999900E+04   0.107884E+02   0.200000E+01   0.984372E+00   0.278996E+02   0.180000E+02   0.544869E-02  -0.999900E+04  -0.999900E+04  -0.999900E+04  -0.999900E+04   0.878516E+00  -0.999900E+04  -0.999900E+04  -0.999900E+04  -0.999900E+04
   0.200000E+01   0.200000E+01   0.110000E+02   0.108000E+05   0.200000E+01   0.200000E+01   0.110000E+02   0.108000E+05   0.107914E+02  -0.999900E+04  -0.999900E+04  -0.999900E+04  -0.999900E+04   0.107914E+02  -0.999900E+04  -0.999900E+04  -0.999900E+04  -0.999900E+04   0.107839E+02   0.200000E+01   0.961975E+00   0.278996E+02   0.180000E+02   0.752649E-02  -0.999900E+04  -0.999900E+04  -0.999900E+04  -0.999900E+04   0.121353E+01  -0.999900E+04  -0.999900E+04  -0.999900E+04  -0.999900E+04
   0.200000E+01   0.200000E+01   0.120000E+02   0.108000E+05   0.200000E+01   0.200000E+01   0.120000E+02   0.108000E+05   0.107903E+02  -0.999900E+04  -0.999900E+04  -0.999900E+04  -0.999900E+04   0.107903E+02  -0.999900E+04  -0.999900E+04  -0.999900E+04  -0.999900E+04   0.107818E+02   0.200000E+01   0.950986E+00   0.278996E+02   0.180000E+02   0.851111E-02  -0.999900E+04  -0.999900E+04  -0.999900E+04  -0.999900E+04   0.137228E+01  -0.999900E+04  -0.999900E+04  -0.999900E+04  -0.999900E+04
   0.200000E+01   0.200000E+01   0.140000E+02   0.108000E+05   0.200000E+01   0.200000E+01   0.140000E+02   0.108000E+05   0.107870E+02  -0.999900E+04  -0.999900E+04  -0.999900E+04  -0.999900E+04   0.107870E+02  -0.999900E+04  -0.999900E+04  -0.999900E+04  -0.999900E+04   0.107779E+02   0.200000E+01   0.929447E+00   0.278996E+02   0.180000E+02   0.916354E-02  -0.999900E+04  -0.999900E+04  -0.999900E+04  -0.999900E+04   0.147748E+01  -0.999900E+04  -0.999900E+04  -0.999900E+04  -0.999900E+04
   0.200000E+01   0.200000E+01   0.150000E+02   0.108000E+05   0.200000E+01   0.200000E+01   0.150000E+02   0.108000E+05   0.107839E+02  -0.999900E+04  -0.999900E+04  -0.999900E+04  -0.999900E+04   0.107839E+02  -0.999900E+04  -0.999900E+04  -0.999900E+04  -0.999900E+04   0.107760E+02   0.200000E+01   0.918903E+00   0.278996E+02   0.180000E+02   0.790351E-02  -0.999900E+04  -0.999900E+04  -0.999900E+04  -0.999900E+04   0.127432E+01  -0.999900E+04  -0.999900E+04  -0.999900E+04  -0.999900E+04
   0.200000E+01   0.200000E+01   0.160000E+02   0.108000E+05   0.200000E+01   0.200000E+01   0.160000E+02   0.108000E+05   0.107825E+02  -0.999900E+04  -0.999900E+04  -0.999900E+04  -0.999900E+04   0.107825E+02  -0.999900E+04  -0.999900E+04  -0.999900E+04  -0.999900E+04   0.107742E+02   0.200000E+01   0.908512E+00   0.278996E+02   0.180000E+02   0.827234E-02  -0.999900E+04  -0.999900E+04  -0.999900E+04  -0.999900E+04   0.133379E+01  -0.999900E+04  -0.999900E+04  -0.999900E+04  -0.999900E+04
