a0_min        a1_min        Y1_intercept  Y2_intercept  Y3_intercept  Y4_intercept  LogPost       
  0.100000E+03  0.000000E+00  0.100000E-02  0.100000E-02  0.100000E-02  0.100000E-02  0.181077E+03
  0.100000E+03  0.000000E+00  0.100000E-02  0.100000E-02  0.100000E-02  0.100000E-02  0.181077E+03
  0.100518E+03  0.000000E+00  0.100000E-02  0.100000E-02  0.100000E-02  0.100000E-02  0.181047E+03
  0.100518E+03  0.000000E+00  0.100000E-02  0.100000E-02  0.100000E-02  0.100000E-02  0.181047E+03
  0.100518E+03 -0.100623E+01  0.100000E-02  0.100000E-02  0.100000E-02  0.140658E-02  0.180402E+03
  0.100518E+03  0.412990E+01  0.100000E-02  0.100000E-02  0.100000E-02  0.140658E-02  0.180714E+03
  0.100518E+03 -0.117614E+01  0.100000E-02  0.100000E-02  0.100000E-02  0.124155E-02  0.180642E+03
  0.100518E+03  0.127931E+01  0.100000E-02  0.100000E-02  0.100000E-02  0.124155E-02  0.181103E+03
  0.100518E+03  0.127931E+01  0.100000E-02  0.100000E-02  0.886075E-03  0.124155E-02  0.181831E+03
  0.100518E+03 -0.664153E+00  0.100000E-02  0.100000E-02  0.727263E-03  0.124155E-02  0.182666E+03
  0.100518E+03 -0.664153E+00  0.100000E-02  0.100000E-02  0.727263E-03  0.124155E-02  0.182666E+03
  0.100518E+03  0.636757E+01  0.100000E-02  0.100000E-02  0.727263E-03  0.124155E-02  0.181793E+03
  0.100518E+03  0.636757E+01  0.100000E-02  0.585912E-03  0.727263E-03  0.124155E-02  0.184099E+03
  0.100518E+03  0.636757E+01  0.100000E-02  0.585912E-03  0.727263E-03  0.124155E-02  0.184099E+03
  0.100518E+03  0.636757E+01  0.100000E-02  0.585912E-03  0.727263E-03  0.124155E-02  0.184099E+03
  0.100518E+03  0.636757E+01  0.100000E-02  0.585912E-03  0.727263E-03  0.124155E-02  0.184099E+03
  0.100518E+03  0.293497E+01  0.100000E-02  0.585912E-03  0.727263E-03  0.124155E-02  0.185244E+03
  0.100518E+03  0.309279E+01  0.100000E-02  0.585912E-03  0.727263E-03  0.124155E-02  0.185226E+03
  0.100518E+03  0.309279E+01  0.100000E-02  0.585912E-03  0.727263E-03  0.124155E-02  0.185226E+03
  0.100518E+03  0.309279E+01  0.100000E-02  0.585912E-03  0.727263E-03  0.124155E-02  0.185226E+03
  0.100518E+03  0.579942E+00  0.100000E-02  0.585912E-03  0.727263E-03  0.124155E-02  0.185114E+03
  0.100518E+03  0.579942E+00  0.100000E-02  0.585912E-03  0.727263E-03  0.124155E-02  0.185114E+03
  0.100518E+03  0.579942E+00  0.100000E-02  0.585912E-03  0.727263E-03  0.124155E-02  0.185114E+03
  0.100518E+03  0.579942E+00  0.100000E-02  0.585912E-03  0.727263E-03  0.124155E-02  0.185114E+03
  0.100518E+03  0.579942E+00  0.100000E-02  0.585912E-03  0.727263E-03  0.124155E-02  0.185114E+03
  0.100518E+03 -0.117703E+00  0.100000E-02  0.585912E-03  0.727263E-03  0.124155E-02  0.184934E+03
  0.100518E+03  0.371960E+01  0.100000E-02  0.585912E-03  0.727263E-03  0.124155E-02  0.185123E+03
  0.100518E+03 -0.149309E+01  0.100000E-02  0.585912E-03  0.727263E-03  0.124155E-02  0.184387E+03
  0.100518E+03 -0.349982E+01  0.100000E-02  0.585912E-03  0.727263E-03  0.124155E-02  0.183133E+03
  0.100518E+03 -0.349982E+01  0.100000E-02  0.585912E-03  0.727263E-03  0.124155E-02  0.183133E+03
  0.100518E+03  0.548974E+01  0.100000E-02  0.585912E-03  0.727263E-03  0.124155E-02  0.184545E+03
  0.100518E+03  0.548974E+01  0.100000E-02  0.585912E-03  0.727263E-03  0.124155E-02  0.184545E+03
  0.100518E+03  0.573115E+01  0.100000E-02  0.861212E-03  0.727263E-03  0.124155E-02  0.182851E+03
  0.100518E+03  0.650919E+01  0.100000E-02  0.861212E-03  0.600717E-03  0.124155E-02  0.183052E+03
  0.100518E+03  0.385521E+01  0.100000E-02  0.861212E-03  0.845505E-03  0.124155E-02  0.182737E+03
  0.100518E+03  0.385521E+01  0.100000E-02  0.861212E-03  0.845505E-03  0.124155E-02  0.182737E+03
  0.100518E+03  0.385521E+01  0.683459E-03  0.861212E-03  0.845505E-03  0.124155E-02  0.184036E+03
  0.100518E+03  0.385521E+01  0.683459E-03  0.861212E-03  0.845505E-03  0.124155E-02  0.184036E+03
  0.100518E+03  0.385521E+01  0.683459E-03  0.861212E-03  0.845505E-03  0.124155E-02  0.184036E+03
  0.100340E+03  0.385521E+01  0.683459E-03  0.861212E-03  0.845505E-03  0.124155E-02  0.184015E+03
  0.100340E+03  0.385521E+01  0.683459E-03  0.861212E-03  0.684039E-03  0.124155E-02  0.185010E+03
  0.100340E+03  0.385521E+01  0.683459E-03  0.861212E-03  0.684039E-03  0.124155E-02  0.185010E+03
  0.100340E+03  0.385521E+01  0.683459E-03  0.861212E-03  0.684039E-03  0.124155E-02  0.185010E+03
  0.100340E+03  0.385521E+01  0.683459E-03  0.861212E-03  0.684039E-03  0.129083E-02  0.184931E+03
  0.100340E+03  0.385521E+01  0.683459E-03  0.632923E-03  0.684039E-03  0.129083E-02  0.186230E+03
  0.100340E+03  0.385521E+01  0.683459E-03  0.705705E-03  0.684039E-03  0.129083E-02  0.185816E+03
  0.994961E+02  0.385521E+01  0.683459E-03  0.705705E-03  0.684039E-03  0.129083E-02  0.184844E+03
  0.994961E+02  0.385521E+01  0.683459E-03  0.705705E-03  0.684039E-03  0.129083E-02  0.184844E+03
  0.994961E+02  0.385521E+01  0.683459E-03  0.705705E-03  0.103707E-03  0.129083E-02  0.187145E+03
  0.994961E+02  0.385521E+01  0.683459E-03  0.705705E-03  0.103707E-03  0.129083E-02  0.187145E+03
  0.994961E+02 -0.997930E+00  0.683459E-03  0.705705E-03  0.103707E-03  0.129083E-02  0.187926E+03
  0.994961E+02 -0.997930E+00  0.683459E-03  0.705705E-03  0.103707E-03  0.129083E-02  0.187926E+03
  0.994961E+02  0.303242E+01  0.683459E-03  0.705705E-03  0.103707E-03  0.129083E-02  0.187672E+03
  0.994146E+02  0.303242E+01  0.683459E-03  0.705705E-03  0.103707E-03  0.129083E-02  0.187459E+03
  0.994146E+02  0.303242E+01  0.683459E-03  0.705705E-03  0.103707E-03  0.129083E-02  0.187459E+03
  0.994146E+02  0.303242E+01  0.683459E-03  0.705705E-03  0.103707E-03  0.129083E-02  0.187459E+03
  0.994146E+02  0.303242E+01  0.683459E-03  0.705705E-03  0.103707E-03  0.110343E-02  0.187858E+03
  0.994146E+02  0.303242E+01  0.683459E-03  0.705705E-03  0.103707E-03  0.110343E-02  0.187858E+03
  0.994146E+02  0.303242E+01  0.683459E-03  0.705705E-03  0.103707E-03  0.110343E-02  0.187858E+03
  0.994146E+02  0.303242E+01  0.683459E-03  0.705705E-03  0.103707E-03  0.110343E-02  0.187858E+03
  0.994146E+02  0.303242E+01  0.683459E-03  0.705705E-03  0.103707E-03  0.110343E-02  0.187858E+03
  0.994146E+02  0.159705E+01  0.683459E-03  0.705705E-03  0.103707E-03  0.636311E-03  0.187899E+03
  0.994146E+02  0.513915E+00  0.683459E-03  0.705705E-03  0.103707E-03  0.636311E-03  0.187999E+03
  0.994146E+02  0.639114E+01  0.683459E-03  0.650055E-03  0.103707E-03  0.636311E-03  0.184068E+03
  0.994146E+02  0.639114E+01  0.683459E-03  0.650055E-03  0.103707E-03  0.636311E-03  0.184068E+03
  0.994146E+02  0.639114E+01  0.683459E-03  0.650055E-03  0.103707E-03  0.680161E-03  0.184341E+03
  0.994146E+02  0.639114E+01  0.683459E-03  0.650055E-03  0.103707E-03  0.680161E-03  0.184341E+03
  0.994146E+02  0.457638E+01  0.683459E-03  0.650055E-03  0.103707E-03  0.680161E-03  0.186553E+03
  0.994146E+02  0.457638E+01  0.683459E-03  0.650055E-03  0.103707E-03  0.680161E-03  0.186553E+03
  0.994146E+02  0.457638E+01  0.683459E-03  0.650055E-03  0.103707E-03  0.680161E-03  0.186553E+03
  0.994146E+02  0.457638E+01  0.683459E-03  0.650055E-03  0.103707E-03  0.680161E-03  0.186553E+03
  0.994146E+02  0.130168E+01  0.683459E-03  0.650055E-03  0.103707E-03  0.680161E-03  0.188370E+03
  0.994146E+02  0.130168E+01  0.683459E-03  0.650055E-03  0.103707E-03  0.680161E-03  0.188370E+03
  0.994146E+02  0.130168E+01  0.683459E-03  0.650055E-03  0.103707E-03  0.680161E-03  0.188370E+03
  0.994146E+02  0.130168E+01  0.683459E-03  0.650055E-03  0.103707E-03  0.680161E-03  0.188370E+03
  0.994146E+02  0.130168E+01  0.683459E-03  0.650055E-03  0.103707E-03  0.680161E-03  0.188370E+03
  0.994146E+02  0.130168E+01  0.683459E-03  0.604261E-03  0.103707E-03  0.680161E-03  0.188506E+03
  0.994146E+02  0.130168E+01  0.683459E-03  0.604261E-03  0.103707E-03  0.680161E-03  0.188506E+03
  0.994146E+02  0.130168E+01  0.683459E-03  0.604261E-03  0.103707E-03  0.680161E-03  0.188506E+03
  0.994146E+02  0.130168E+01  0.683459E-03  0.980230E-03  0.103707E-03  0.680161E-03  0.187112E+03
  0.994146E+02  0.130168E+01  0.683459E-03  0.980230E-03  0.103707E-03  0.680161E-03  0.187112E+03
  0.994146E+02  0.130168E+01  0.683459E-03  0.980230E-03  0.103707E-03  0.680161E-03  0.187112E+03
  0.994146E+02  0.130168E+01  0.683459E-03  0.980230E-03  0.103707E-03  0.680161E-03  0.187112E+03
  0.100873E+03  0.130168E+01  0.683459E-03  0.980230E-03  0.103707E-03  0.856517E-03  0.187559E+03
  0.100873E+03  0.387077E-01  0.683459E-03  0.980230E-03  0.103707E-03  0.856517E-03  0.187726E+03
  0.100873E+03  0.387077E-01  0.683459E-03  0.980230E-03  0.103707E-03  0.856517E-03  0.187726E+03
  0.100873E+03 -0.355886E+01  0.282793E-03  0.980230E-03  0.103707E-03  0.856517E-03  0.187411E+03
  0.100873E+03 -0.355886E+01  0.282793E-03  0.980230E-03  0.103707E-03  0.856517E-03  0.187411E+03
  0.100873E+03  0.834204E+00  0.282793E-03  0.980230E-03  0.103707E-03  0.856517E-03  0.188876E+03
  0.100991E+03 -0.219940E+01  0.282793E-03  0.980230E-03  0.103707E-03  0.856517E-03  0.188110E+03
  0.100991E+03 -0.219940E+01  0.282793E-03  0.980230E-03  0.103707E-03  0.856517E-03  0.188110E+03
  0.100991E+03 -0.219940E+01  0.282793E-03  0.368289E-03  0.103707E-03  0.856517E-03  0.190883E+03
  0.100991E+03 -0.219940E+01  0.282793E-03  0.368289E-03  0.103707E-03  0.113521E-02  0.191374E+03
  0.100991E+03  0.208459E+01  0.282793E-03  0.368289E-03  0.103707E-03  0.113521E-02  0.192614E+03
  0.100991E+03 -0.216511E+01  0.282793E-03  0.368289E-03  0.103707E-03  0.113521E-02  0.191404E+03
  0.100991E+03 -0.216511E+01  0.282793E-03  0.221770E-03  0.103707E-03  0.113521E-02  0.191741E+03
  0.102298E+03 -0.216511E+01  0.282793E-03  0.221770E-03  0.103707E-03  0.113521E-02  0.188765E+03
  0.102298E+03 -0.216511E+01  0.282793E-03  0.221770E-03  0.103707E-03  0.165252E-02  0.188569E+03
  0.102298E+03  0.259738E+01  0.282793E-03  0.221770E-03  0.103707E-03  0.165252E-02  0.189290E+03
  0.102298E+03  0.259738E+01  0.282793E-03  0.221770E-03  0.103707E-03  0.165252E-02  0.189290E+03
  0.102298E+03  0.259738E+01  0.282793E-03  0.221770E-03  0.103707E-03  0.165252E-02  0.189290E+03
  0.102298E+03  0.118120E+01  0.282793E-03  0.221770E-03  0.103707E-03  0.165252E-02  0.189641E+03
  0.102298E+03  0.118120E+01  0.282793E-03  0.221770E-03  0.103707E-03  0.165252E-02  0.189641E+03
  0.102298E+03  0.471764E+00  0.282793E-03  0.221770E-03  0.103707E-03  0.165252E-02  0.189637E+03
  0.102298E+03  0.471764E+00  0.282793E-03  0.221770E-03  0.103707E-03  0.285372E-02  0.187114E+03
  0.102298E+03  0.471764E+00  0.282793E-03  0.221770E-03  0.103707E-03  0.285372E-02  0.187114E+03
  0.102298E+03  0.471764E+00  0.282793E-03  0.221770E-03  0.103707E-03  0.285372E-02  0.187114E+03
  0.102298E+03  0.471764E+00  0.282793E-03  0.221770E-03  0.103707E-03  0.285372E-02  0.187114E+03
  0.102298E+03  0.471764E+00  0.282793E-03  0.221770E-03  0.103707E-03  0.285372E-02  0.187114E+03
  0.102298E+03  0.471764E+00  0.282793E-03  0.221770E-03  0.103707E-03  0.285372E-02  0.187114E+03
  0.102298E+03  0.471764E+00  0.282793E-03  0.221770E-03  0.103707E-03  0.189462E-02  0.189190E+03
  0.102298E+03  0.845128E+00  0.282793E-03  0.221770E-03  0.103707E-03  0.189462E-02  0.189206E+03
  0.102298E+03 -0.461874E+01  0.282793E-03  0.221770E-03  0.103707E-03  0.189462E-02  0.185640E+03
  0.102298E+03  0.315867E+00  0.282793E-03  0.221770E-03  0.103707E-03  0.189462E-02  0.189172E+03
  0.102298E+03  0.271188E+01  0.282793E-03  0.221770E-03  0.310760E-03  0.189462E-02  0.188730E+03
  0.102298E+03  0.271188E+01  0.575792E-03  0.221770E-03  0.310760E-03  0.189462E-02  0.188007E+03
  0.102298E+03  0.271188E+01  0.575792E-03  0.221770E-03  0.310760E-03  0.189462E-02  0.188007E+03
  0.102298E+03  0.271188E+01  0.575792E-03  0.221770E-03  0.310760E-03  0.189462E-02  0.188007E+03
  0.102298E+03  0.271188E+01  0.575792E-03  0.221770E-03  0.310760E-03  0.189462E-02  0.188007E+03
  0.102298E+03  0.279154E+01  0.575792E-03  0.221770E-03  0.310760E-03  0.189462E-02  0.187982E+03
  0.100931E+03  0.279154E+01  0.575792E-03  0.221770E-03  0.310760E-03  0.189462E-02  0.190206E+03
  0.100931E+03  0.279154E+01  0.575792E-03  0.221770E-03  0.310760E-03  0.189462E-02  0.190206E+03
  0.100931E+03  0.279154E+01  0.575792E-03  0.221770E-03  0.310760E-03  0.189462E-02  0.190206E+03
  0.100931E+03  0.279154E+01  0.575792E-03  0.221770E-03  0.310760E-03  0.189462E-02  0.190206E+03
  0.100931E+03  0.279154E+01  0.575792E-03  0.221770E-03  0.310760E-03  0.189462E-02  0.190206E+03
  0.100931E+03  0.279154E+01  0.831839E-03  0.221770E-03  0.310760E-03  0.189462E-02  0.189204E+03
  0.100931E+03  0.279154E+01  0.303499E-04  0.221770E-03  0.310760E-03  0.189462E-02  0.191414E+03
  0.100931E+03  0.333503E+01  0.303499E-04  0.221770E-03  0.310760E-03  0.189462E-02  0.191245E+03
  0.100931E+03  0.333503E+01  0.303499E-04  0.221770E-03  0.310760E-03  0.189462E-02  0.191245E+03
  0.100931E+03  0.333503E+01  0.303499E-04  0.221770E-03  0.429503E-03  0.189462E-02  0.190672E+03
  0.100931E+03  0.333503E+01  0.303499E-04  0.960639E-04  0.429503E-03  0.189462E-02  0.191050E+03
  0.100998E+03  0.333503E+01  0.303499E-04  0.960639E-04  0.429503E-03  0.189462E-02  0.191075E+03
  0.100998E+03  0.174770E+01  0.303499E-04  0.960639E-04  0.429503E-03  0.189462E-02  0.191194E+03
  0.100998E+03  0.176966E+01  0.303499E-04  0.960639E-04  0.429503E-03  0.189462E-02  0.191196E+03
  0.100998E+03  0.176966E+01  0.303499E-04  0.960639E-04  0.429503E-03  0.263303E-02  0.189387E+03
  0.100998E+03  0.292812E+01  0.303499E-04  0.960639E-04  0.429503E-03  0.263303E-02  0.189358E+03
  0.100998E+03 -0.526538E+00  0.303499E-04  0.960639E-04  0.429503E-03  0.263303E-02  0.188466E+03
  0.100998E+03  0.328951E+01  0.303499E-04  0.960639E-04  0.429503E-03  0.263303E-02  0.189282E+03
  0.100998E+03  0.328951E+01  0.303499E-04  0.960639E-04  0.429503E-03  0.263303E-02  0.189282E+03
  0.100998E+03  0.328951E+01  0.303499E-04  0.960639E-04  0.429503E-03  0.263303E-02  0.189282E+03
  0.100998E+03  0.328951E+01  0.303499E-04  0.960639E-04  0.429503E-03  0.263303E-02  0.189282E+03
  0.100998E+03  0.371679E+01  0.303499E-04  0.960639E-04  0.429503E-03  0.263303E-02  0.189150E+03
  0.100998E+03  0.371679E+01  0.303499E-04  0.960639E-04  0.429503E-03  0.263303E-02  0.189150E+03
  0.100998E+03  0.371679E+01  0.303499E-04  0.960639E-04  0.429503E-03  0.263303E-02  0.189150E+03
  0.100998E+03  0.371679E+01  0.303499E-04  0.960639E-04  0.429503E-03  0.263303E-02  0.189150E+03
  0.100998E+03  0.371679E+01  0.504324E-03  0.960639E-04  0.429503E-03  0.133291E-02  0.191164E+03
  0.100998E+03  0.371679E+01  0.504324E-03  0.960639E-04  0.429503E-03  0.133291E-02  0.191164E+03
  0.100998E+03  0.371679E+01  0.504324E-03  0.960639E-04  0.429503E-03  0.110963E-02  0.191317E+03
  0.100998E+03  0.371679E+01  0.504324E-03  0.960639E-04  0.429503E-03  0.110963E-02  0.191317E+03
  0.100998E+03  0.371679E+01  0.504324E-03  0.136475E-03  0.429503E-03  0.110963E-02  0.191223E+03
  0.100998E+03 -0.340159E+01  0.504324E-03  0.136475E-03  0.429503E-03  0.110963E-02  0.187982E+03
  0.100998E+03  0.321519E+01  0.504324E-03  0.136475E-03  0.465486E-03  0.110963E-02  0.191187E+03
  0.100998E+03  0.321519E+01  0.504324E-03  0.136475E-03  0.465486E-03  0.110963E-02  0.191187E+03
  0.100998E+03  0.321519E+01  0.504324E-03  0.136475E-03  0.465486E-03  0.110963E-02  0.191187E+03
  0.100998E+03  0.597210E+00  0.504324E-03  0.136475E-03  0.465486E-03  0.110963E-02  0.191027E+03
  0.100998E+03  0.597210E+00  0.504324E-03  0.136475E-03  0.465486E-03  0.110963E-02  0.191027E+03
  0.101224E+03  0.597210E+00  0.335149E-03  0.136475E-03  0.465486E-03  0.110963E-02  0.191421E+03
  0.101224E+03  0.597210E+00  0.332523E-03  0.136475E-03  0.465486E-03  0.110963E-02  0.191427E+03
  0.101224E+03  0.597210E+00  0.332523E-03  0.136475E-03  0.465486E-03  0.110963E-02  0.191427E+03
  0.101224E+03  0.597210E+00  0.332523E-03  0.136475E-03  0.465486E-03  0.110963E-02  0.191427E+03
  0.101224E+03  0.597210E+00  0.332523E-03  0.136475E-03  0.465486E-03  0.110963E-02  0.191427E+03
  0.101224E+03 -0.116294E+01  0.332523E-03  0.136475E-03  0.465486E-03  0.115034E-02  0.190443E+03
  0.101224E+03 -0.383296E+01  0.332523E-03  0.136475E-03  0.465486E-03  0.115034E-02  0.187557E+03
  0.101224E+03 -0.383296E+01  0.660806E-04  0.136475E-03  0.465486E-03  0.115034E-02  0.187807E+03
  0.101224E+03 -0.277343E+01  0.660806E-04  0.136475E-03  0.465486E-03  0.115034E-02  0.189197E+03
  0.101224E+03  0.545185E+01  0.660806E-04  0.136475E-03  0.465486E-03  0.115034E-02  0.190889E+03
  0.101224E+03 -0.189917E+01  0.660806E-04  0.136475E-03  0.465486E-03  0.115034E-02  0.190140E+03
  0.101224E+03 -0.189917E+01  0.660806E-04  0.136475E-03  0.465486E-03  0.115034E-02  0.190140E+03
  0.101224E+03 -0.189917E+01  0.660806E-04  0.136475E-03  0.465486E-03  0.115034E-02  0.190140E+03
  0.101224E+03 -0.189917E+01  0.660806E-04  0.136475E-03  0.465486E-03  0.115034E-02  0.190140E+03
  0.101065E+03 -0.189917E+01  0.660806E-04  0.136475E-03  0.465486E-03  0.115034E-02  0.190143E+03
  0.100805E+03  0.427554E+01  0.660806E-04  0.136475E-03  0.465486E-03  0.115034E-02  0.191746E+03
  0.100805E+03  0.427554E+01  0.660806E-04  0.136475E-03  0.465486E-03  0.115034E-02  0.191746E+03
  0.100805E+03  0.427554E+01  0.660806E-04  0.136475E-03  0.465486E-03  0.177893E-02  0.190619E+03
  0.100805E+03  0.427554E+01  0.660806E-04  0.136475E-03  0.465486E-03  0.177893E-02  0.190619E+03
  0.100805E+03  0.427554E+01  0.660806E-04  0.136475E-03  0.465486E-03  0.177893E-02  0.190619E+03
  0.100805E+03  0.545197E+01  0.660806E-04  0.136475E-03  0.465486E-03  0.177893E-02  0.189898E+03
  0.100805E+03  0.545197E+01  0.660806E-04  0.136475E-03  0.465486E-03  0.177893E-02  0.189898E+03
  0.100805E+03  0.414719E+01  0.660806E-04  0.432885E-03  0.465486E-03  0.177893E-02  0.189353E+03
  0.100805E+03  0.414719E+01  0.660806E-04  0.432885E-03  0.465486E-03  0.177893E-02  0.189353E+03
  0.100805E+03  0.414719E+01  0.660806E-04  0.432885E-03  0.465486E-03  0.193439E-02  0.188966E+03
  0.100805E+03  0.414719E+01  0.660806E-04  0.432885E-03  0.465486E-03  0.220666E-02  0.188279E+03
  0.100805E+03  0.414719E+01  0.660806E-04  0.432885E-03  0.465486E-03  0.220666E-02  0.188279E+03
  0.101216E+03  0.414719E+01  0.660806E-04  0.432885E-03  0.465486E-03  0.220666E-02  0.188237E+03
  0.101216E+03  0.414719E+01  0.660806E-04  0.432885E-03  0.465486E-03  0.220666E-02  0.188237E+03
  0.101216E+03 -0.127870E+00  0.660806E-04  0.432885E-03  0.465486E-03  0.132497E-02  0.190200E+03
  0.101216E+03 -0.125210E+01  0.660806E-04  0.432885E-03  0.465486E-03  0.132497E-02  0.189641E+03
  0.101216E+03 -0.125210E+01  0.660806E-04  0.432885E-03  0.465486E-03  0.132497E-02  0.189641E+03
  0.101216E+03 -0.125210E+01  0.660806E-04  0.432885E-03  0.465486E-03  0.132497E-02  0.189641E+03
  0.101216E+03 -0.125210E+01  0.660806E-04  0.432885E-03  0.465486E-03  0.132497E-02  0.189641E+03
  0.101928E+03 -0.125210E+01  0.660806E-04  0.432885E-03  0.465486E-03  0.141001E-02  0.188564E+03
  0.101928E+03 -0.125210E+01  0.660806E-04  0.432885E-03  0.465486E-03  0.141001E-02  0.188564E+03
  0.101928E+03 -0.125210E+01  0.660806E-04  0.432885E-03  0.465486E-03  0.141001E-02  0.188564E+03
  0.101928E+03 -0.125210E+01  0.660806E-04  0.432885E-03  0.465486E-03  0.141001E-02  0.188564E+03
  0.101928E+03 -0.125210E+01  0.660806E-04  0.432885E-03  0.465486E-03  0.141001E-02  0.188564E+03
  0.101928E+03 -0.125210E+01  0.660806E-04  0.432885E-03  0.465486E-03  0.141001E-02  0.188564E+03
  0.101928E+03 -0.125210E+01  0.660806E-04  0.432885E-03  0.465486E-03  0.141001E-02  0.188564E+03
  0.101928E+03  0.112346E+00  0.660806E-04  0.432885E-03  0.465486E-03  0.141001E-02  0.189097E+03
  0.101928E+03  0.112346E+00  0.660806E-04  0.432885E-03  0.465486E-03  0.141001E-02  0.189097E+03
  0.101928E+03  0.112346E+00  0.660806E-04  0.432885E-03  0.465486E-03  0.136467E-02  0.189137E+03
  0.101928E+03  0.112346E+00  0.660806E-04  0.432885E-03  0.465486E-03  0.136467E-02  0.189137E+03
  0.101928E+03  0.112346E+00  0.660806E-04  0.432885E-03  0.465486E-03  0.104294E-02  0.188963E+03
  0.101928E+03  0.112346E+00  0.660806E-04  0.432885E-03  0.465486E-03  0.104294E-02  0.188963E+03
  0.101928E+03  0.112346E+00  0.660806E-04  0.432885E-03  0.106064E-03  0.104294E-02  0.190354E+03
  0.101673E+03  0.112346E+00  0.660806E-04  0.432885E-03  0.106064E-03  0.104294E-02  0.191211E+03
  0.101279E+03  0.112346E+00  0.660806E-04  0.432885E-03  0.106064E-03  0.104294E-02  0.192155E+03
  0.101279E+03  0.112346E+00  0.660806E-04  0.432885E-03  0.106064E-03  0.104294E-02  0.192155E+03
  0.101279E+03  0.112346E+00  0.660806E-04  0.432885E-03  0.106064E-03  0.187045E-02  0.191072E+03
  0.101279E+03  0.112346E+00  0.660806E-04  0.432885E-03  0.106064E-03  0.187045E-02  0.191072E+03
  0.101279E+03  0.112346E+00  0.660806E-04  0.432885E-03  0.106064E-03  0.117539E-02  0.192229E+03
  0.101279E+03  0.339492E+00  0.660806E-04  0.432885E-03  0.106064E-03  0.117539E-02  0.192268E+03
  0.101279E+03  0.339492E+00  0.660806E-04  0.432885E-03  0.106064E-03  0.117539E-02  0.192268E+03
  0.101279E+03  0.283780E+01  0.660806E-04  0.432885E-03  0.106064E-03  0.141588E-02  0.191642E+03
  0.101279E+03  0.283780E+01  0.660806E-04  0.432885E-03  0.106064E-03  0.141588E-02  0.191642E+03
  0.101279E+03  0.283780E+01  0.660806E-04  0.432885E-03  0.106064E-03  0.125785E-02  0.191824E+03
  0.101279E+03  0.283780E+01  0.660806E-04  0.307514E-04  0.106064E-03  0.125785E-02  0.193512E+03
  0.101279E+03  0.283780E+01  0.660806E-04  0.307514E-04  0.106064E-03  0.125785E-02  0.193512E+03
  0.101279E+03  0.283780E+01  0.660806E-04  0.307514E-04  0.106064E-03  0.125785E-02  0.193512E+03
  0.101279E+03  0.283780E+01  0.660806E-04  0.307514E-04  0.106064E-03  0.125785E-02  0.193512E+03
  0.101279E+03  0.283780E+01  0.660806E-04  0.307514E-04  0.106064E-03  0.125785E-02  0.193512E+03
  0.101279E+03  0.234397E+01  0.660806E-04  0.307514E-04  0.106064E-03  0.125785E-02  0.193687E+03
  0.101279E+03  0.234397E+01  0.660806E-04  0.307514E-04  0.106064E-03  0.125785E-02  0.193687E+03
  0.101279E+03  0.234397E+01  0.660806E-04  0.307514E-04  0.106064E-03  0.125785E-02  0.193687E+03
  0.101279E+03  0.234397E+01  0.660806E-04  0.307514E-04  0.106064E-03  0.125785E-02  0.193687E+03
  0.101279E+03  0.234397E+01  0.660806E-04  0.307514E-04  0.106064E-03  0.125785E-02  0.193687E+03
  0.101279E+03  0.234397E+01  0.660806E-04  0.307514E-04  0.106064E-03  0.125785E-02  0.193687E+03
  0.101279E+03  0.234397E+01  0.660806E-04  0.307514E-04  0.106064E-03  0.125785E-02  0.193687E+03
  0.101279E+03  0.234397E+01  0.660806E-04  0.307514E-04  0.106064E-03  0.125785E-02  0.193687E+03
  0.101279E+03  0.285966E+01  0.660806E-04  0.307514E-04  0.106064E-03  0.125785E-02  0.193503E+03
  0.101279E+03  0.285966E+01  0.660806E-04  0.969402E-04  0.106064E-03  0.125785E-02  0.193409E+03
  0.101279E+03  0.285966E+01  0.660806E-04  0.969402E-04  0.106064E-03  0.125785E-02  0.193409E+03
  0.101279E+03  0.285966E+01  0.660806E-04  0.969402E-04  0.106064E-03  0.125785E-02  0.193409E+03
  0.101279E+03  0.285966E+01  0.660806E-04  0.969402E-04  0.106064E-03  0.125785E-02  0.193409E+03
  0.101279E+03  0.285966E+01  0.660806E-04  0.969402E-04  0.106064E-03  0.125785E-02  0.193409E+03
  0.100574E+03  0.285966E+01  0.660806E-04  0.969402E-04  0.106064E-03  0.125785E-02  0.193534E+03
  0.100574E+03  0.285966E+01  0.660806E-04  0.969402E-04  0.106064E-03  0.125785E-02  0.193534E+03
  0.100574E+03  0.285966E+01  0.660806E-04  0.969402E-04  0.106064E-03  0.125785E-02  0.193534E+03
  0.100574E+03  0.285966E+01  0.660806E-04  0.969402E-04  0.106064E-03  0.144961E-02  0.193192E+03
  0.100574E+03  0.267613E+01  0.660806E-04  0.969402E-04  0.106064E-03  0.144961E-02  0.193260E+03
  0.100574E+03  0.267613E+01  0.660806E-04  0.969402E-04  0.414438E-03  0.144961E-02  0.191956E+03
  0.100574E+03  0.267613E+01  0.660806E-04  0.969402E-04  0.414438E-03  0.144961E-02  0.191956E+03
  0.100574E+03  0.267613E+01  0.660806E-04  0.969402E-04  0.414438E-03  0.116624E-02  0.192402E+03
  0.100574E+03  0.267613E+01  0.660806E-04  0.969402E-04  0.414438E-03  0.116624E-02  0.192402E+03
  0.100574E+03  0.267613E+01  0.660806E-04  0.969402E-04  0.414438E-03  0.116624E-02  0.192402E+03
  0.100574E+03  0.267613E+01  0.660806E-04  0.969402E-04  0.414438E-03  0.116624E-02  0.192402E+03
  0.100574E+03  0.267613E+01  0.660806E-04  0.969402E-04  0.414438E-03  0.116624E-02  0.192402E+03
  0.100574E+03  0.267613E+01  0.660806E-04  0.969402E-04  0.414438E-03  0.116624E-02  0.192402E+03
  0.100574E+03  0.267613E+01  0.660806E-04  0.969402E-04  0.414438E-03  0.116624E-02  0.192402E+03
  0.100574E+03  0.267613E+01  0.660806E-04  0.969402E-04  0.414438E-03  0.116624E-02  0.192402E+03
  0.100574E+03  0.267613E+01  0.660806E-04  0.969402E-04  0.414438E-03  0.988184E-03  0.192405E+03
  0.100574E+03  0.452222E+01  0.660806E-04  0.969402E-04  0.414438E-03  0.988184E-03  0.191752E+03
  0.100574E+03  0.452222E+01  0.660806E-04  0.969402E-04  0.414438E-03  0.988184E-03  0.191752E+03
  0.100574E+03  0.452222E+01  0.660806E-04  0.969402E-04  0.414438E-03  0.988184E-03  0.191752E+03
  0.100574E+03  0.452222E+01  0.660806E-04  0.969402E-04  0.414438E-03  0.988184E-03  0.191752E+03
  0.100574E+03  0.148529E+00  0.660806E-04  0.969402E-04  0.414438E-03  0.988184E-03  0.191816E+03
  0.100574E+03  0.148529E+00  0.660806E-04  0.969402E-04  0.414438E-03  0.988184E-03  0.191816E+03
  0.100574E+03  0.661271E+00  0.660806E-04  0.969402E-04  0.414438E-03  0.988184E-03  0.192074E+03
  0.100574E+03  0.661271E+00  0.660806E-04  0.969402E-04  0.414438E-03  0.988184E-03  0.192074E+03
  0.100574E+03  0.661271E+00  0.660806E-04  0.969402E-04  0.414438E-03  0.988184E-03  0.192074E+03
  0.100574E+03  0.661271E+00  0.660806E-04  0.969402E-04  0.414438E-03  0.988184E-03  0.192074E+03
  0.100669E+03  0.661271E+00  0.660806E-04  0.969402E-04  0.414438E-03  0.988184E-03  0.192163E+03
  0.100669E+03  0.661271E+00  0.660806E-04  0.969402E-04  0.414438E-03  0.988184E-03  0.192163E+03
  0.100669E+03  0.119288E+01  0.660806E-04  0.969402E-04  0.414438E-03  0.988184E-03  0.192350E+03
  0.100669E+03  0.119288E+01  0.660806E-04  0.969402E-04  0.414438E-03  0.988184E-03  0.192350E+03
  0.100449E+03  0.119288E+01  0.660806E-04  0.969402E-04  0.414438E-03  0.988184E-03  0.192112E+03
  0.100449E+03  0.119288E+01  0.660806E-04  0.969402E-04  0.414438E-03  0.988184E-03  0.192112E+03
  0.100449E+03  0.252406E+01  0.660806E-04  0.969402E-04  0.414438E-03  0.988184E-03  0.192278E+03
  0.100449E+03  0.252406E+01  0.660806E-04  0.969402E-04  0.499333E-03  0.988184E-03  0.191731E+03
  0.100449E+03  0.252406E+01  0.660806E-04  0.969402E-04  0.499333E-03  0.988184E-03  0.191731E+03
  0.100449E+03  0.252406E+01  0.660806E-04  0.969402E-04  0.499333E-03  0.988184E-03  0.191731E+03
  0.100449E+03  0.252406E+01  0.660806E-04  0.969402E-04  0.499333E-03  0.988184E-03  0.191731E+03
  0.100449E+03  0.252406E+01  0.660806E-04  0.969402E-04  0.499333E-03  0.988184E-03  0.191731E+03
  0.100449E+03  0.252406E+01  0.660806E-04  0.969402E-04  0.499333E-03  0.988184E-03  0.191731E+03
  0.100449E+03  0.252406E+01  0.660806E-04  0.969402E-04  0.499333E-03  0.988184E-03  0.191731E+03
  0.100449E+03  0.252406E+01  0.660806E-04  0.969402E-04  0.499333E-03  0.988184E-03  0.191731E+03
  0.100449E+03  0.252406E+01  0.660806E-04  0.306988E-03  0.499333E-03  0.988184E-03  0.191157E+03
  0.100449E+03  0.252406E+01  0.660806E-04  0.306988E-03  0.213382E-03  0.988184E-03  0.192747E+03
  0.100449E+03  0.252406E+01  0.660806E-04  0.306988E-03  0.213382E-03  0.988184E-03  0.192747E+03
  0.100449E+03  0.252406E+01  0.660806E-04  0.306988E-03  0.213382E-03  0.988184E-03  0.192747E+03
  0.100449E+03  0.252406E+01  0.660806E-04  0.306988E-03  0.213382E-03  0.988184E-03  0.192747E+03
  0.100449E+03  0.252406E+01  0.660806E-04  0.306988E-03  0.213382E-03  0.253596E-02  0.189479E+03
  0.100449E+03  0.252406E+01  0.660806E-04  0.306988E-03  0.213382E-03  0.253596E-02  0.189479E+03
  0.100449E+03  0.141749E+01  0.660806E-04  0.306988E-03  0.213382E-03  0.253596E-02  0.189581E+03
  0.100449E+03  0.141749E+01  0.660806E-04  0.306988E-03  0.213382E-03  0.253596E-02  0.189581E+03
  0.100449E+03  0.141749E+01  0.660806E-04  0.306988E-03  0.213382E-03  0.253596E-02  0.189581E+03
  0.100449E+03  0.141749E+01  0.660806E-04  0.306988E-03  0.213382E-03  0.253596E-02  0.189581E+03
  0.100449E+03  0.141749E+01  0.660806E-04  0.306988E-03  0.213382E-03  0.253596E-02  0.189581E+03
  0.100449E+03  0.141749E+01  0.660806E-04  0.306988E-03  0.213382E-03  0.253596E-02  0.189581E+03
  0.100449E+03  0.141749E+01  0.660806E-04  0.306988E-03  0.213382E-03  0.253596E-02  0.189581E+03
  0.100449E+03  0.141749E+01  0.660806E-04  0.306988E-03  0.213382E-03  0.253596E-02  0.189581E+03
  0.100449E+03  0.817676E+00  0.660806E-04  0.306988E-03  0.213382E-03  0.253596E-02  0.189498E+03
  0.100449E+03  0.817676E+00  0.660806E-04  0.306988E-03  0.213382E-03  0.253596E-02  0.189498E+03
  0.100449E+03  0.817676E+00  0.660806E-04  0.306988E-03  0.213382E-03  0.253596E-02  0.189498E+03
  0.100449E+03  0.817676E+00  0.660806E-04  0.306988E-03  0.213382E-03  0.253596E-02  0.189498E+03
  0.100449E+03 -0.432490E+00  0.660806E-04  0.306988E-03  0.213382E-03  0.253596E-02  0.189016E+03
  0.100449E+03  0.809452E+00  0.660806E-04  0.306988E-03  0.213382E-03  0.253596E-02  0.189496E+03
  0.100449E+03  0.261176E+01  0.509651E-03  0.306988E-03  0.213382E-03  0.253596E-02  0.188513E+03
  0.100449E+03  0.261176E+01  0.509651E-03  0.306988E-03  0.213382E-03  0.253596E-02  0.188513E+03
  0.100449E+03  0.261176E+01  0.509651E-03  0.306988E-03  0.213382E-03  0.253596E-02  0.188513E+03
  0.100449E+03  0.126005E+01  0.509651E-03  0.306988E-03  0.213382E-03  0.475762E-03  0.188111E+03
  0.100449E+03  0.126005E+01  0.509651E-03  0.306988E-03  0.213382E-03  0.475762E-03  0.188111E+03
  0.100449E+03  0.126005E+01  0.509651E-03  0.306988E-03  0.213382E-03  0.475762E-03  0.188111E+03
  0.100449E+03  0.126005E+01  0.509651E-03  0.306988E-03  0.213382E-03  0.131421E-02  0.191709E+03
  0.100449E+03  0.126005E+01  0.509651E-03  0.140236E-03  0.213382E-03  0.131421E-02  0.192150E+03
  0.100449E+03  0.126005E+01  0.509651E-03  0.140236E-03  0.213382E-03  0.131421E-02  0.192150E+03
  0.100449E+03  0.126005E+01  0.509651E-03  0.140236E-03  0.213382E-03  0.131421E-02  0.192150E+03
  0.100449E+03  0.126005E+01  0.509651E-03  0.140236E-03  0.213382E-03  0.131421E-02  0.192150E+03
  0.100449E+03  0.126005E+01  0.509651E-03  0.140236E-03  0.213382E-03  0.131421E-02  0.192150E+03
  0.100449E+03  0.126005E+01  0.509651E-03  0.140236E-03  0.213382E-03  0.131421E-02  0.192150E+03
  0.100136E+03  0.126005E+01  0.509651E-03  0.140236E-03  0.213382E-03  0.131421E-02  0.191496E+03
  0.100136E+03  0.126005E+01  0.509651E-03  0.140236E-03  0.213382E-03  0.131421E-02  0.191496E+03
  0.100545E+03 -0.466686E-01  0.509651E-03  0.140236E-03  0.213382E-03  0.131421E-02  0.191908E+03
  0.100545E+03 -0.466686E-01  0.509651E-03  0.140236E-03  0.213382E-03  0.131421E-02  0.191908E+03
  0.100545E+03 -0.466686E-01  0.509651E-03  0.140236E-03  0.213382E-03  0.131421E-02  0.191908E+03
  0.100545E+03  0.113857E+01  0.737843E-03  0.140236E-03  0.213382E-03  0.131421E-02  0.191460E+03
  0.100545E+03  0.113857E+01  0.737843E-03  0.140236E-03  0.213382E-03  0.131421E-02  0.191460E+03
  0.101895E+03  0.113857E+01  0.737843E-03  0.140236E-03  0.213382E-03  0.131421E-02  0.190353E+03
  0.101895E+03  0.113857E+01  0.737843E-03  0.140236E-03  0.213382E-03  0.131421E-02  0.190353E+03
  0.101895E+03  0.113857E+01  0.737843E-03  0.140236E-03  0.213382E-03  0.131421E-02  0.190353E+03
  0.101895E+03  0.113857E+01  0.737843E-03  0.140236E-03  0.213382E-03  0.131421E-02  0.190353E+03
  0.101895E+03  0.347393E+01  0.737843E-03  0.140236E-03  0.107582E-03  0.131421E-02  0.189748E+03
  0.101895E+03 -0.223745E+00  0.692191E-03  0.140236E-03  0.107582E-03  0.147109E-02  0.190392E+03
  0.101895E+03 -0.223745E+00  0.692191E-03  0.140236E-03  0.107582E-03  0.147109E-02  0.190392E+03
  0.101895E+03 -0.223745E+00  0.692191E-03  0.140236E-03  0.107582E-03  0.147109E-02  0.190392E+03
  0.101895E+03 -0.223745E+00  0.153415E-02  0.140236E-03  0.107582E-03  0.147109E-02  0.187300E+03
  0.101895E+03 -0.223745E+00  0.153415E-02  0.140236E-03  0.107582E-03  0.147109E-02  0.187300E+03
  0.101895E+03 -0.223745E+00  0.153415E-02  0.140236E-03  0.107582E-03  0.147109E-02  0.187300E+03
  0.101895E+03  0.305428E+01  0.153415E-02  0.140236E-03  0.107582E-03  0.147109E-02  0.186792E+03
  0.101895E+03  0.305428E+01  0.153415E-02  0.140236E-03  0.107582E-03  0.147109E-02  0.186792E+03
  0.101895E+03  0.305428E+01  0.154319E-02  0.140236E-03  0.107582E-03  0.147109E-02  0.186759E+03
  0.100222E+03  0.305428E+01  0.154319E-02  0.140236E-03  0.107582E-03  0.147109E-02  0.187380E+03
  0.100222E+03  0.305428E+01  0.154319E-02  0.140236E-03  0.341176E-03  0.147109E-02  0.186560E+03
  0.100222E+03  0.345198E+01  0.294269E-03  0.140236E-03  0.341176E-03  0.147109E-02  0.191081E+03
  0.100222E+03  0.345198E+01  0.294269E-03  0.140236E-03  0.341176E-03  0.147109E-02  0.191081E+03
  0.100222E+03  0.345198E+01  0.294269E-03  0.140236E-03  0.341176E-03  0.189265E-02  0.189992E+03
  0.100222E+03  0.345198E+01  0.294269E-03  0.140236E-03  0.341176E-03  0.189265E-02  0.189992E+03
  0.100222E+03  0.345198E+01  0.294269E-03  0.140236E-03  0.341176E-03  0.189265E-02  0.189992E+03
  0.100222E+03  0.345198E+01  0.294269E-03  0.140236E-03  0.341176E-03  0.189265E-02  0.189992E+03
  0.100222E+03  0.345198E+01  0.226370E-03  0.140236E-03  0.341176E-03  0.164940E-02  0.190775E+03
  0.100222E+03  0.345198E+01  0.226370E-03  0.140236E-03  0.341176E-03  0.164940E-02  0.190775E+03
  0.100222E+03  0.345198E+01  0.226370E-03  0.140236E-03  0.341176E-03  0.164940E-02  0.190775E+03
  0.100222E+03  0.345198E+01  0.226370E-03  0.114083E-03  0.341176E-03  0.164940E-02  0.190814E+03
  0.100222E+03  0.345198E+01  0.226370E-03  0.719030E-03  0.341176E-03  0.164940E-02  0.188344E+03
  0.100222E+03  0.399726E+01  0.226370E-03  0.719030E-03  0.341176E-03  0.164940E-02  0.188105E+03
  0.100222E+03 -0.721049E+00  0.226370E-03  0.719030E-03  0.341176E-03  0.164940E-02  0.188273E+03
  0.100222E+03  0.867368E+00  0.226370E-03  0.719030E-03  0.341176E-03  0.164940E-02  0.188696E+03
  0.100222E+03 -0.136290E+00  0.931807E-03  0.719030E-03  0.341176E-03  0.158600E-02  0.186560E+03
  0.100222E+03 -0.136290E+00  0.464567E-03  0.542552E-03  0.341176E-03  0.158600E-02  0.188929E+03
  0.998931E+02 -0.282136E+00  0.464567E-03  0.542552E-03  0.341176E-03  0.158600E-02  0.188244E+03
  0.998931E+02  0.266721E+01  0.464567E-03  0.542552E-03  0.341176E-03  0.189659E-02  0.187680E+03
  0.998931E+02  0.266721E+01  0.464567E-03  0.542552E-03  0.341176E-03  0.189659E-02  0.187680E+03
  0.998931E+02  0.266721E+01  0.687506E-03  0.542552E-03  0.341176E-03  0.189659E-02  0.186930E+03
  0.998931E+02  0.266721E+01  0.687506E-03  0.542552E-03  0.341176E-03  0.189659E-02  0.186930E+03
  0.998931E+02  0.266721E+01  0.687506E-03  0.542552E-03  0.341176E-03  0.189659E-02  0.186930E+03
  0.997027E+02  0.266721E+01  0.687506E-03  0.542552E-03  0.341176E-03  0.189659E-02  0.186495E+03
  0.997027E+02  0.266721E+01  0.687506E-03  0.542552E-03  0.341176E-03  0.189659E-02  0.186495E+03
  0.997027E+02  0.266721E+01  0.687506E-03  0.542552E-03  0.207186E-03  0.118719E-02  0.188933E+03
  0.100487E+03  0.260845E+01  0.687506E-03  0.167223E-03  0.207186E-03  0.118719E-02  0.191595E+03
  0.101117E+03  0.260845E+01  0.687506E-03  0.167223E-03  0.207186E-03  0.155891E-02  0.191200E+03
  0.101117E+03  0.260845E+01  0.687506E-03  0.167223E-03  0.207186E-03  0.155891E-02  0.191200E+03
  0.101205E+03  0.260845E+01  0.687506E-03  0.167223E-03  0.207186E-03  0.155891E-02  0.191147E+03
  0.101205E+03  0.212122E+01  0.687506E-03  0.167223E-03  0.281319E-03  0.155891E-02  0.190985E+03
  0.101205E+03  0.325492E+01  0.687506E-03  0.167223E-03  0.281319E-03  0.155891E-02  0.190667E+03
  0.101205E+03  0.325492E+01  0.687506E-03  0.167223E-03  0.281319E-03  0.155891E-02  0.190667E+03
  0.101476E+03  0.325492E+01  0.687506E-03  0.167223E-03  0.281319E-03  0.155891E-02  0.190389E+03
  0.101476E+03  0.325492E+01  0.514845E-03  0.167223E-03  0.281319E-03  0.155891E-02  0.191011E+03
  0.101476E+03  0.325492E+01  0.514845E-03  0.167223E-03  0.281319E-03  0.106019E-02  0.191328E+03
  0.101476E+03  0.325492E+01  0.514845E-03  0.167223E-03  0.281319E-03  0.106019E-02  0.191328E+03
  0.101476E+03 -0.145824E+01  0.514845E-03  0.167223E-03  0.281319E-03  0.107111E-02  0.190657E+03
  0.101476E+03  0.356932E+01  0.514845E-03  0.167223E-03  0.281319E-03  0.198731E-02  0.189943E+03
  0.101476E+03 -0.149054E+01  0.514845E-03  0.167223E-03  0.281319E-03  0.198731E-02  0.189377E+03
  0.101476E+03 -0.149054E+01  0.514845E-03  0.620050E-03  0.281319E-03  0.198731E-02  0.187449E+03
  0.101476E+03 -0.149054E+01  0.514845E-03  0.620050E-03  0.281319E-03  0.198731E-02  0.187449E+03
  0.101476E+03  0.410176E+00  0.215753E-03  0.620050E-03  0.281319E-03  0.198731E-02  0.188613E+03
  0.101476E+03  0.410176E+00  0.215753E-03  0.620050E-03  0.281319E-03  0.198731E-02  0.188613E+03
  0.101476E+03  0.410176E+00  0.215753E-03  0.620050E-03  0.281319E-03  0.198731E-02  0.188613E+03
  0.101476E+03  0.156112E+01  0.215753E-03  0.620050E-03  0.281319E-03  0.198731E-02  0.188604E+03
  0.101476E+03  0.156112E+01  0.215753E-03  0.620050E-03  0.281319E-03  0.154997E-02  0.189550E+03
  0.101476E+03  0.156112E+01  0.215753E-03  0.620050E-03  0.281319E-03  0.154997E-02  0.189550E+03
  0.101476E+03  0.156112E+01  0.215753E-03  0.620050E-03  0.281319E-03  0.154997E-02  0.189550E+03
  0.101803E+03  0.280443E+01  0.215753E-03  0.620050E-03  0.281319E-03  0.154997E-02  0.188549E+03
  0.101803E+03  0.280443E+01  0.215753E-03  0.620050E-03  0.281319E-03  0.154997E-02  0.188549E+03
  0.101803E+03  0.280443E+01  0.215753E-03  0.620050E-03  0.281319E-03  0.154997E-02  0.188549E+03
  0.101803E+03  0.280443E+01  0.215753E-03  0.620050E-03  0.281319E-03  0.154997E-02  0.188549E+03
  0.101803E+03  0.280443E+01  0.215753E-03  0.620050E-03  0.281319E-03  0.154997E-02  0.188549E+03
  0.101803E+03  0.280443E+01  0.215753E-03  0.620050E-03  0.281319E-03  0.154997E-02  0.188549E+03
  0.101803E+03  0.280443E+01  0.215753E-03  0.620050E-03  0.281319E-03  0.154997E-02  0.188549E+03
  0.101803E+03  0.516275E+01  0.215753E-03  0.509952E-03  0.281319E-03  0.154997E-02  0.187957E+03
  0.101803E+03  0.236351E+01  0.215753E-03  0.509952E-03  0.281319E-03  0.154997E-02  0.189445E+03
  0.101803E+03  0.236351E+01  0.448663E-03  0.509952E-03  0.281319E-03  0.154997E-02  0.188915E+03
  0.101803E+03  0.139883E+01  0.448663E-03  0.509952E-03  0.281319E-03  0.154997E-02  0.189090E+03
  0.101803E+03  0.139883E+01  0.448663E-03  0.509952E-03  0.281319E-03  0.154997E-02  0.189090E+03
  0.101803E+03  0.139883E+01  0.448663E-03  0.509952E-03  0.281319E-03  0.154997E-02  0.189090E+03
  0.101803E+03  0.139883E+01  0.448663E-03  0.509952E-03  0.183787E-03  0.154997E-02  0.189376E+03
  0.101803E+03  0.139883E+01  0.448663E-03  0.509952E-03  0.183787E-03  0.154997E-02  0.189376E+03
  0.997372E+02  0.134115E+01  0.448663E-03  0.509952E-03  0.183787E-03  0.154997E-02  0.189339E+03
  0.100502E+03  0.134115E+01  0.448663E-03  0.509952E-03  0.183787E-03  0.154997E-02  0.190669E+03
  0.100502E+03  0.134115E+01  0.448663E-03  0.509952E-03  0.183787E-03  0.154997E-02  0.190669E+03
  0.100502E+03  0.111896E+01  0.448663E-03  0.509952E-03  0.183787E-03  0.154997E-02  0.190678E+03
  0.100502E+03  0.111896E+01  0.448663E-03  0.509952E-03  0.183787E-03  0.154997E-02  0.190678E+03
  0.100502E+03  0.111896E+01  0.448663E-03  0.509952E-03  0.183787E-03  0.154997E-02  0.190678E+03
  0.100502E+03  0.111896E+01  0.448663E-03  0.456006E-03  0.183787E-03  0.154997E-02  0.190947E+03
  0.100502E+03  0.111896E+01  0.448663E-03  0.456006E-03  0.183787E-03  0.990655E-03  0.191674E+03
  0.100502E+03  0.111896E+01  0.448663E-03  0.456006E-03  0.183787E-03  0.990655E-03  0.191674E+03
  0.100502E+03  0.111896E+01  0.448663E-03  0.456006E-03  0.183787E-03  0.990655E-03  0.191674E+03
  0.100502E+03  0.111896E+01  0.448663E-03  0.456006E-03  0.183787E-03  0.990655E-03  0.191674E+03
  0.100148E+03  0.111896E+01  0.448663E-03  0.456006E-03  0.183787E-03  0.990655E-03  0.191389E+03
  0.100148E+03  0.185484E+01  0.448663E-03  0.456006E-03  0.183787E-03  0.990655E-03  0.191343E+03
  0.100148E+03  0.185484E+01  0.448663E-03  0.456006E-03  0.183787E-03  0.990655E-03  0.191343E+03
  0.100148E+03  0.185484E+01  0.448663E-03  0.456006E-03  0.183787E-03  0.990655E-03  0.191343E+03
  0.100148E+03  0.185484E+01  0.448663E-03  0.456006E-03  0.183787E-03  0.990655E-03  0.191343E+03
  0.100148E+03  0.185484E+01  0.448663E-03  0.456006E-03  0.183787E-03  0.990655E-03  0.191343E+03
  0.100148E+03  0.185484E+01  0.433795E-03  0.456006E-03  0.183787E-03  0.990655E-03  0.191387E+03
  0.100148E+03 -0.127138E+01  0.433795E-03  0.465166E-03  0.183787E-03  0.990655E-03  0.190600E+03
  0.100148E+03 -0.127138E+01  0.433795E-03  0.465166E-03  0.183787E-03  0.990655E-03  0.190600E+03
  0.100148E+03 -0.127138E+01  0.433795E-03  0.465166E-03  0.183787E-03  0.990655E-03  0.190600E+03
  0.100148E+03 -0.127138E+01  0.433795E-03  0.484120E-03  0.183787E-03  0.990655E-03  0.190551E+03
  0.100281E+03 -0.127138E+01  0.433795E-03  0.484120E-03  0.183787E-03  0.990655E-03  0.190724E+03
  0.100281E+03  0.613033E+00  0.565092E-03  0.484120E-03  0.183787E-03  0.990655E-03  0.191022E+03
  0.100281E+03  0.613033E+00  0.565092E-03  0.484120E-03  0.183787E-03  0.990655E-03  0.191022E+03
  0.100281E+03  0.613033E+00  0.565092E-03  0.484120E-03  0.183787E-03  0.118206E-02  0.190920E+03
  0.100281E+03  0.613033E+00  0.565092E-03  0.484120E-03  0.183787E-03  0.118206E-02  0.190920E+03
  0.101740E+03  0.613033E+00  0.565092E-03  0.484120E-03  0.183787E-03  0.118206E-02  0.189718E+03
  0.101740E+03  0.613033E+00  0.411622E-03  0.484120E-03  0.183787E-03  0.117861E-02  0.190167E+03
  0.101740E+03  0.613033E+00  0.411622E-03  0.484120E-03  0.183787E-03  0.117861E-02  0.190167E+03
  0.101740E+03  0.613033E+00  0.411622E-03  0.484120E-03  0.183787E-03  0.117861E-02  0.190167E+03
  0.101740E+03  0.613033E+00  0.411622E-03  0.484120E-03  0.183787E-03  0.117861E-02  0.190167E+03
  0.101740E+03  0.613033E+00  0.411622E-03  0.160923E-03  0.183787E-03  0.117861E-02  0.191816E+03
  0.101740E+03  0.613033E+00  0.540432E-03  0.160923E-03  0.451538E-03  0.117861E-02  0.190211E+03
  0.101740E+03  0.248486E+00  0.144035E-03  0.160923E-03  0.451538E-03  0.117861E-02  0.190959E+03
  0.101740E+03  0.106356E+01  0.144035E-03  0.160923E-03  0.451538E-03  0.117861E-02  0.191198E+03
  0.101740E+03  0.106356E+01  0.144035E-03  0.160923E-03  0.451538E-03  0.117861E-02  0.191198E+03
  0.101740E+03  0.106356E+01  0.144035E-03  0.160923E-03  0.451538E-03  0.117861E-02  0.191198E+03
  0.101740E+03  0.106356E+01  0.144035E-03  0.160923E-03  0.451538E-03  0.117861E-02  0.191198E+03
  0.101740E+03  0.106356E+01  0.144035E-03  0.387211E-03  0.451538E-03  0.117861E-02  0.190102E+03
  0.101740E+03  0.106356E+01  0.144035E-03  0.387211E-03  0.451538E-03  0.117861E-02  0.190102E+03
  0.101740E+03  0.171553E+01  0.144035E-03  0.387211E-03  0.451538E-03  0.117861E-02  0.190145E+03
  0.101134E+03  0.171553E+01  0.144035E-03  0.387211E-03  0.451538E-03  0.117861E-02  0.191069E+03
  0.101134E+03  0.171553E+01  0.144035E-03  0.387211E-03  0.603024E-03  0.117861E-02  0.190057E+03
  0.101975E+03  0.171553E+01  0.144035E-03  0.387211E-03  0.603024E-03  0.117861E-02  0.188723E+03
  0.101975E+03  0.171553E+01  0.144035E-03  0.387211E-03  0.124092E-03  0.117861E-02  0.190518E+03
  0.101975E+03  0.171553E+01  0.144035E-03  0.387211E-03  0.124092E-03  0.117861E-02  0.190518E+03
  0.101975E+03  0.171553E+01  0.144035E-03  0.387211E-03  0.124092E-03  0.117861E-02  0.190518E+03
  0.101975E+03  0.531506E+00  0.144035E-03  0.387211E-03  0.124092E-03  0.117861E-02  0.190612E+03
  0.101975E+03  0.531506E+00  0.144035E-03  0.387211E-03  0.124092E-03  0.115525E-02  0.190593E+03
  0.101975E+03  0.531506E+00  0.144035E-03  0.387211E-03  0.124092E-03  0.115525E-02  0.190593E+03
  0.101975E+03  0.531506E+00  0.144035E-03  0.387211E-03  0.124092E-03  0.109189E-02  0.190508E+03
  0.101975E+03  0.531506E+00  0.144035E-03  0.387211E-03  0.124092E-03  0.109189E-02  0.190508E+03
  0.101975E+03  0.531506E+00  0.144035E-03  0.387211E-03  0.124092E-03  0.109189E-02  0.190508E+03
  0.101975E+03  0.531506E+00  0.144035E-03  0.387211E-03  0.124092E-03  0.109189E-02  0.190508E+03
  0.101975E+03  0.531506E+00  0.144035E-03  0.259031E-03  0.124092E-03  0.109189E-02  0.191181E+03
  0.101975E+03  0.531506E+00  0.144035E-03  0.314289E-03  0.124092E-03  0.109189E-02  0.190910E+03
  0.101975E+03  0.440540E+00  0.144035E-03  0.314289E-03  0.124092E-03  0.109189E-02  0.190901E+03
  0.101975E+03  0.440540E+00  0.144035E-03  0.314289E-03  0.124092E-03  0.109189E-02  0.190901E+03
  0.101975E+03  0.440540E+00  0.144035E-03  0.314289E-03  0.155714E-03  0.109189E-02  0.190850E+03
  0.994833E+02  0.440540E+00  0.144035E-03  0.314289E-03  0.155714E-03  0.109189E-02  0.190296E+03
  0.994833E+02  0.440540E+00  0.144035E-03  0.314289E-03  0.148556E-03  0.109189E-02  0.190321E+03
  0.994833E+02  0.440540E+00  0.144035E-03  0.314289E-03  0.148556E-03  0.109189E-02  0.190321E+03
  0.994833E+02  0.440540E+00  0.144035E-03  0.314289E-03  0.148556E-03  0.109189E-02  0.190321E+03
  0.101929E+03  0.440540E+00  0.144035E-03  0.314289E-03  0.148556E-03  0.109189E-02  0.191029E+03
  0.101929E+03  0.440540E+00  0.144035E-03  0.314289E-03  0.148556E-03  0.109189E-02  0.191029E+03
  0.998399E+02  0.440540E+00  0.675823E-03  0.314289E-03  0.148556E-03  0.109189E-02  0.190420E+03
  0.998399E+02  0.512236E+01  0.675823E-03  0.314289E-03  0.148556E-03  0.109189E-02  0.188552E+03
  0.998399E+02  0.512236E+01  0.675823E-03  0.314289E-03  0.148556E-03  0.109189E-02  0.188552E+03
  0.998399E+02  0.730750E+00  0.675823E-03  0.314289E-03  0.148556E-03  0.109189E-02  0.190484E+03
  0.998399E+02 -0.540486E+00  0.675823E-03  0.314289E-03  0.148556E-03  0.109189E-02  0.190023E+03
  0.100478E+03 -0.306966E+01  0.675823E-03  0.314289E-03  0.148556E-03  0.109189E-02  0.189256E+03
  0.100478E+03 -0.306966E+01  0.675823E-03  0.314289E-03  0.148556E-03  0.109189E-02  0.189256E+03
  0.100478E+03 -0.306966E+01  0.412251E-03  0.314289E-03  0.148556E-03  0.109189E-02  0.189887E+03
  0.100478E+03  0.854800E+00  0.412251E-03  0.314289E-03  0.148556E-03  0.109189E-02  0.192505E+03
  0.100478E+03  0.544576E+00  0.412251E-03  0.314289E-03  0.148556E-03  0.109189E-02  0.192452E+03
  0.100478E+03  0.544576E+00  0.412251E-03  0.314289E-03  0.148556E-03  0.751964E-03  0.191749E+03
  0.100478E+03  0.544576E+00  0.412251E-03  0.191024E-03  0.148556E-03  0.751964E-03  0.192083E+03
  0.100478E+03  0.544576E+00  0.412251E-03  0.191024E-03  0.148556E-03  0.105094E-02  0.192793E+03
  0.100478E+03  0.544576E+00  0.412251E-03  0.191024E-03  0.148556E-03  0.105094E-02  0.192793E+03
  0.100478E+03  0.544576E+00  0.412251E-03  0.191024E-03  0.148556E-03  0.105094E-02  0.192793E+03
  0.100478E+03  0.100434E+01  0.412251E-03  0.191024E-03  0.148556E-03  0.105094E-02  0.192890E+03
  0.101644E+03  0.100434E+01  0.412251E-03  0.191024E-03  0.148556E-03  0.105094E-02  0.191960E+03
  0.101644E+03 -0.111597E+00  0.275373E-03  0.191024E-03  0.148556E-03  0.105094E-02  0.192062E+03
  0.101644E+03 -0.111597E+00  0.275373E-03  0.191024E-03  0.162875E-03  0.105094E-02  0.192021E+03
  0.101644E+03  0.218923E+00  0.360094E-03  0.191024E-03  0.162875E-03  0.105094E-02  0.191942E+03
  0.995959E+02  0.232291E+00  0.360094E-03  0.191024E-03  0.162875E-03  0.105094E-02  0.190346E+03
  0.995959E+02  0.232291E+00  0.360094E-03  0.191024E-03  0.162875E-03  0.105094E-02  0.190346E+03
  0.995959E+02  0.232291E+00  0.360094E-03  0.191024E-03  0.162875E-03  0.105094E-02  0.190346E+03
  0.995959E+02  0.232291E+00  0.360094E-03  0.191024E-03  0.162875E-03  0.105094E-02  0.190346E+03
  0.995959E+02  0.232291E+00  0.360094E-03  0.191024E-03  0.162875E-03  0.105094E-02  0.190346E+03
  0.995959E+02  0.232291E+00  0.392252E-03  0.191024E-03  0.162875E-03  0.105094E-02  0.190281E+03
  0.995959E+02  0.232291E+00  0.484005E-03  0.191024E-03  0.162875E-03  0.105094E-02  0.190070E+03
  0.995959E+02  0.232291E+00  0.484005E-03  0.191024E-03  0.162875E-03  0.105094E-02  0.190070E+03
  0.995959E+02  0.232291E+00  0.484005E-03  0.191024E-03  0.162875E-03  0.105094E-02  0.190070E+03
  0.997720E+02  0.232291E+00  0.484005E-03  0.191024E-03  0.162875E-03  0.105094E-02  0.190751E+03
  0.997720E+02  0.232291E+00  0.366956E-03  0.191024E-03  0.162875E-03  0.105094E-02  0.191029E+03
  0.101804E+03  0.232291E+00  0.285837E-03  0.191024E-03  0.162875E-03  0.105094E-02  0.191643E+03
  0.101804E+03 -0.156621E+01  0.285837E-03  0.191024E-03  0.162875E-03  0.105094E-02  0.190807E+03
  0.100815E+03 -0.156621E+01  0.285837E-03  0.191024E-03  0.162875E-03  0.105094E-02  0.192064E+03
  0.100815E+03 -0.156621E+01  0.285837E-03  0.191024E-03  0.162875E-03  0.105094E-02  0.192064E+03
  0.100815E+03 -0.156621E+01  0.285837E-03  0.191024E-03  0.162875E-03  0.105094E-02  0.192064E+03
  0.100815E+03  0.780906E+00  0.285837E-03  0.191024E-03  0.162875E-03  0.105094E-02  0.193307E+03
  0.100815E+03 -0.798429E-01  0.285837E-03  0.191024E-03  0.162875E-03  0.105094E-02  0.193034E+03
  0.100815E+03 -0.798429E-01  0.285837E-03  0.191024E-03  0.162875E-03  0.105094E-02  0.193034E+03
  0.100815E+03 -0.798429E-01  0.285837E-03  0.191024E-03  0.162875E-03  0.105094E-02  0.193034E+03
  0.100815E+03 -0.798429E-01  0.285837E-03  0.191024E-03  0.162875E-03  0.105094E-02  0.193034E+03
  0.100815E+03 -0.798429E-01  0.285837E-03  0.191024E-03  0.162875E-03  0.105094E-02  0.193034E+03
  0.100815E+03 -0.136683E+00  0.285837E-03  0.126013E-03  0.162875E-03  0.105094E-02  0.193136E+03
  0.100815E+03 -0.136683E+00  0.285837E-03  0.126013E-03  0.162875E-03  0.198624E-02  0.191465E+03
  0.100815E+03 -0.136683E+00  0.285837E-03  0.126013E-03  0.162875E-03  0.198624E-02  0.191465E+03
  0.100815E+03 -0.136683E+00  0.459061E-03  0.741645E-04  0.162875E-03  0.198624E-02  0.191105E+03
  0.100815E+03 -0.136683E+00  0.459061E-03  0.741645E-04  0.162875E-03  0.120531E-02  0.192741E+03
  0.100815E+03 -0.388887E-02  0.459061E-03  0.741645E-04  0.162875E-03  0.120531E-02  0.192800E+03
  0.100815E+03 -0.388887E-02  0.646595E-03  0.741645E-04  0.162875E-03  0.120531E-02  0.192194E+03
  0.100815E+03  0.184994E+00  0.646595E-03  0.741645E-04  0.162875E-03  0.120531E-02  0.192268E+03
  0.100815E+03  0.184994E+00  0.646595E-03  0.741645E-04  0.162875E-03  0.120531E-02  0.192268E+03
  0.100815E+03  0.432744E+01  0.646595E-03  0.741645E-04  0.199868E-03  0.120531E-02  0.191242E+03
  0.100815E+03  0.432744E+01  0.646595E-03  0.741645E-04  0.199868E-03  0.120531E-02  0.191242E+03
  0.100815E+03  0.432744E+01  0.646595E-03  0.741645E-04  0.199868E-03  0.120531E-02  0.191242E+03
  0.100815E+03  0.677410E+00  0.646595E-03  0.741645E-04  0.199868E-03  0.120531E-02  0.192251E+03
  0.100815E+03  0.677410E+00  0.646595E-03  0.741645E-04  0.199868E-03  0.120531E-02  0.192251E+03
  0.100815E+03  0.677410E+00  0.646595E-03  0.741645E-04  0.199868E-03  0.120531E-02  0.192251E+03
  0.100815E+03  0.677410E+00  0.520436E-03  0.741645E-04  0.199868E-03  0.120531E-02  0.192685E+03
  0.100815E+03  0.677410E+00  0.520436E-03  0.741645E-04  0.199868E-03  0.120531E-02  0.192685E+03
  0.100815E+03  0.677410E+00  0.520436E-03  0.202708E-03  0.199868E-03  0.120531E-02  0.192424E+03
  0.100815E+03  0.677410E+00  0.520436E-03  0.253620E-03  0.199868E-03  0.977204E-03  0.192222E+03
  0.100815E+03  0.104119E+01  0.520436E-03  0.253620E-03  0.199868E-03  0.977204E-03  0.192271E+03
  0.100815E+03  0.104119E+01  0.520436E-03  0.253620E-03  0.199868E-03  0.977204E-03  0.192271E+03
  0.100815E+03  0.104119E+01  0.520436E-03  0.253620E-03  0.199868E-03  0.977204E-03  0.192271E+03
  0.100815E+03  0.104119E+01  0.520436E-03  0.253620E-03  0.199868E-03  0.977204E-03  0.192271E+03
  0.101394E+03  0.104119E+01  0.606600E-03  0.253620E-03  0.199868E-03  0.977204E-03  0.191358E+03
  0.101394E+03 -0.501194E+00  0.606600E-03  0.253620E-03  0.199868E-03  0.977204E-03  0.191020E+03
  0.101394E+03 -0.501194E+00  0.606600E-03  0.253620E-03  0.199868E-03  0.977204E-03  0.191020E+03
  0.101394E+03 -0.501194E+00  0.606600E-03  0.253620E-03  0.199868E-03  0.977204E-03  0.191020E+03
  0.101394E+03 -0.501194E+00  0.198576E-03  0.253620E-03  0.199868E-03  0.977204E-03  0.192028E+03
  0.101394E+03 -0.501194E+00  0.198576E-03  0.253620E-03  0.199868E-03  0.977204E-03  0.192028E+03
  0.101394E+03  0.280122E+01  0.198576E-03  0.253620E-03  0.199868E-03  0.977204E-03  0.192164E+03
  0.100860E+03 -0.139357E+01  0.198576E-03  0.253620E-03  0.199868E-03  0.977204E-03  0.191970E+03
  0.100860E+03  0.983141E+00  0.198576E-03  0.253620E-03  0.230164E-03  0.977204E-03  0.192916E+03
  0.100860E+03  0.983141E+00  0.198576E-03  0.253620E-03  0.230164E-03  0.977204E-03  0.192916E+03
  0.100860E+03 -0.135614E+01  0.198576E-03  0.253620E-03  0.230164E-03  0.977204E-03  0.191832E+03
  0.100860E+03 -0.135614E+01  0.198576E-03  0.253620E-03  0.230164E-03  0.977204E-03  0.191832E+03
  0.100860E+03 -0.135614E+01  0.198576E-03  0.253620E-03  0.230164E-03  0.977204E-03  0.191832E+03
  0.100860E+03 -0.135614E+01  0.198576E-03  0.253620E-03  0.230164E-03  0.977204E-03  0.191832E+03
  0.100860E+03 -0.169719E+01  0.198576E-03  0.253620E-03  0.230164E-03  0.110426E-02  0.191649E+03
  0.100860E+03 -0.169719E+01  0.198576E-03  0.253620E-03  0.230164E-03  0.171678E-02  0.190667E+03
  0.100860E+03  0.236427E+01  0.198576E-03  0.253620E-03  0.230164E-03  0.128497E-02  0.192843E+03
  0.100860E+03  0.236427E+01  0.198576E-03  0.253620E-03  0.230164E-03  0.128497E-02  0.192843E+03
  0.100860E+03  0.236427E+01  0.198576E-03  0.253620E-03  0.230164E-03  0.128497E-02  0.192843E+03
  0.100860E+03  0.236427E+01  0.198576E-03  0.253620E-03  0.230164E-03  0.128497E-02  0.192843E+03
  0.100860E+03  0.236427E+01  0.198576E-03  0.253620E-03  0.230164E-03  0.128497E-02  0.192843E+03
  0.100860E+03  0.236427E+01  0.198576E-03  0.253620E-03  0.978715E-04  0.128497E-02  0.193222E+03
  0.100860E+03  0.236427E+01  0.198576E-03  0.253620E-03  0.978715E-04  0.128497E-02  0.193222E+03
  0.100860E+03  0.236427E+01  0.198576E-03  0.253620E-03  0.978715E-04  0.128497E-02  0.193222E+03
  0.100860E+03  0.236427E+01  0.198576E-03  0.253620E-03  0.978715E-04  0.128497E-02  0.193222E+03
  0.100860E+03  0.236427E+01  0.198576E-03  0.253620E-03  0.978715E-04  0.128497E-02  0.193222E+03
  0.100860E+03  0.151448E+01  0.198576E-03  0.253620E-03  0.978715E-04  0.128497E-02  0.193377E+03
  0.100860E+03  0.151448E+01  0.198576E-03  0.253620E-03  0.978715E-04  0.128497E-02  0.193377E+03
  0.100860E+03  0.151448E+01  0.198576E-03  0.253620E-03  0.978715E-04  0.146971E-02  0.193067E+03
  0.100860E+03  0.151448E+01  0.198576E-03  0.253620E-03  0.978715E-04  0.146971E-02  0.193067E+03
  0.101693E+03  0.151448E+01  0.198576E-03  0.253620E-03  0.978715E-04  0.186758E-02  0.191240E+03
  0.101693E+03  0.151448E+01  0.198576E-03  0.253620E-03  0.978715E-04  0.186758E-02  0.191240E+03
  0.101693E+03  0.151448E+01  0.198576E-03  0.253620E-03  0.978715E-04  0.186758E-02  0.191240E+03
  0.101693E+03  0.151448E+01  0.198576E-03  0.253620E-03  0.978715E-04  0.186758E-02  0.191240E+03
  0.101693E+03  0.151448E+01  0.198576E-03  0.253620E-03  0.978715E-04  0.129627E-02  0.192185E+03
  0.101693E+03  0.151448E+01  0.198576E-03  0.253620E-03  0.978715E-04  0.129627E-02  0.192185E+03
  0.101693E+03  0.151448E+01  0.198576E-03  0.253620E-03  0.978715E-04  0.129627E-02  0.192185E+03
  0.101693E+03  0.151448E+01  0.198576E-03  0.253620E-03  0.978715E-04  0.129627E-02  0.192185E+03
  0.101693E+03  0.851518E+00  0.198576E-03  0.253620E-03  0.978715E-04  0.129627E-02  0.192211E+03
  0.101693E+03 -0.181703E+01  0.198576E-03  0.442504E-04  0.978715E-04  0.129627E-02  0.191560E+03
  0.101693E+03 -0.181703E+01  0.198576E-03  0.442504E-04  0.978715E-04  0.139723E-02  0.191474E+03
  0.101693E+03  0.382573E+01  0.198576E-03  0.442504E-04  0.978715E-04  0.139723E-02  0.191803E+03
  0.101693E+03  0.382573E+01  0.198576E-03  0.442504E-04  0.978715E-04  0.139723E-02  0.191803E+03
  0.101693E+03  0.382573E+01  0.198576E-03  0.442504E-04  0.978715E-04  0.139723E-02  0.191803E+03
  0.101693E+03 -0.120338E+01  0.198576E-03  0.442504E-04  0.978715E-04  0.139723E-02  0.191938E+03
  0.101693E+03 -0.120338E+01  0.198576E-03  0.442504E-04  0.978715E-04  0.139723E-02  0.191938E+03
  0.101693E+03 -0.503854E+00  0.198576E-03  0.442504E-04  0.978715E-04  0.139723E-02  0.192339E+03
  0.101693E+03 -0.503854E+00  0.198576E-03  0.442504E-04  0.978715E-04  0.139723E-02  0.192339E+03
  0.101693E+03 -0.503854E+00  0.198576E-03  0.442504E-04  0.978715E-04  0.139723E-02  0.192339E+03
  0.101693E+03 -0.503854E+00  0.198576E-03  0.442504E-04  0.978715E-04  0.139723E-02  0.192339E+03
  0.101693E+03  0.458427E+01  0.198576E-03  0.442504E-04  0.978715E-04  0.139723E-02  0.191170E+03
  0.101693E+03  0.458427E+01  0.198576E-03  0.442504E-04  0.978715E-04  0.139723E-02  0.191170E+03
  0.101693E+03  0.458427E+01  0.198576E-03  0.442504E-04  0.978715E-04  0.139723E-02  0.191170E+03
  0.101693E+03  0.157794E+01  0.198576E-03  0.442504E-04  0.978715E-04  0.139723E-02  0.192731E+03
  0.101693E+03  0.157794E+01  0.198576E-03  0.442504E-04  0.253882E-03  0.139723E-02  0.192377E+03
  0.101693E+03  0.157794E+01  0.198576E-03  0.442504E-04  0.242110E-04  0.139723E-02  0.192784E+03
  0.101693E+03  0.157794E+01  0.198576E-03  0.442504E-04  0.242110E-04  0.139723E-02  0.192784E+03
  0.101693E+03  0.157794E+01  0.198576E-03  0.442504E-04  0.242110E-04  0.139723E-02  0.192784E+03
  0.101693E+03  0.157794E+01  0.198576E-03  0.442504E-04  0.242110E-04  0.139723E-02  0.192784E+03
  0.101693E+03  0.157794E+01  0.198576E-03  0.442504E-04  0.242110E-04  0.139723E-02  0.192784E+03
  0.101693E+03  0.157794E+01  0.198576E-03  0.442504E-04  0.362946E-04  0.139723E-02  0.192779E+03
  0.101693E+03  0.157794E+01  0.198576E-03  0.442504E-04  0.362946E-04  0.139723E-02  0.192779E+03
  0.101693E+03  0.226033E+01  0.198576E-03  0.442504E-04  0.660000E-04  0.139723E-02  0.192621E+03
  0.101693E+03  0.226033E+01  0.198576E-03  0.442504E-04  0.660000E-04  0.139723E-02  0.192621E+03
  0.101693E+03  0.105147E+01  0.198576E-03  0.442504E-04  0.660000E-04  0.139723E-02  0.192782E+03
  0.101693E+03  0.165190E+01  0.198576E-03  0.442504E-04  0.660000E-04  0.124785E-02  0.192860E+03
  0.101693E+03  0.165190E+01  0.198576E-03  0.442504E-04  0.660000E-04  0.124785E-02  0.192860E+03
  0.101693E+03  0.165190E+01  0.198576E-03  0.437979E-03  0.660000E-04  0.124785E-02  0.191145E+03
  0.101693E+03  0.165190E+01  0.198576E-03  0.437979E-03  0.660000E-04  0.124785E-02  0.191145E+03
  0.999562E+02  0.165190E+01  0.198576E-03  0.437979E-03  0.660000E-04  0.124785E-02  0.191705E+03
  0.999562E+02  0.165190E+01  0.198576E-03  0.437979E-03  0.660000E-04  0.102132E-02  0.191993E+03
  0.999562E+02  0.165190E+01  0.198576E-03  0.164572E-03  0.660000E-04  0.102132E-02  0.192584E+03
  0.999562E+02 -0.438385E+01  0.198576E-03  0.501575E-03  0.660000E-04  0.207714E-02  0.185125E+03
  0.999562E+02 -0.284520E+01  0.198576E-03  0.200467E-03  0.660000E-04  0.597727E-03  0.187876E+03
  0.999562E+02  0.135254E+01  0.198576E-03  0.200467E-03  0.660000E-04  0.597727E-03  0.191095E+03
  0.999562E+02  0.135254E+01  0.198576E-03  0.200467E-03  0.660000E-04  0.597727E-03  0.191095E+03
  0.999562E+02  0.135254E+01  0.198576E-03  0.200467E-03  0.660000E-04  0.597727E-03  0.191095E+03
  0.999562E+02  0.135254E+01  0.198576E-03  0.200467E-03  0.660000E-04  0.597727E-03  0.191095E+03
  0.999562E+02  0.135254E+01  0.198576E-03  0.200467E-03  0.660000E-04  0.597727E-03  0.191095E+03
  0.999562E+02  0.135254E+01  0.198576E-03  0.200467E-03  0.660000E-04  0.597727E-03  0.191095E+03
  0.999562E+02  0.135254E+01  0.198576E-03  0.200467E-03  0.660000E-04  0.597727E-03  0.191095E+03
  0.999562E+02  0.135254E+01  0.198576E-03  0.252000E-03  0.660000E-04  0.597727E-03  0.191026E+03
  0.999562E+02  0.135254E+01  0.198576E-03  0.252000E-03  0.660000E-04  0.597727E-03  0.191026E+03
  0.999562E+02  0.135254E+01  0.198576E-03  0.252000E-03  0.660000E-04  0.597727E-03  0.191026E+03
  0.999562E+02  0.135254E+01  0.198576E-03  0.252000E-03  0.660000E-04  0.597727E-03  0.191026E+03
  0.999562E+02  0.135254E+01  0.198576E-03  0.252000E-03  0.660000E-04  0.597727E-03  0.191026E+03
  0.999562E+02  0.135254E+01  0.198576E-03  0.252000E-03  0.660000E-04  0.597727E-03  0.191026E+03
  0.999562E+02  0.135254E+01  0.198576E-03  0.252000E-03  0.633924E-04  0.597727E-03  0.191030E+03
  0.999562E+02  0.786306E+00  0.198576E-03  0.252000E-03  0.633924E-04  0.597727E-03  0.190958E+03
  0.999562E+02  0.786306E+00  0.749237E-04  0.645891E-03  0.633924E-04  0.597727E-03  0.189885E+03
  0.999562E+02  0.266133E+01  0.749237E-04  0.645891E-03  0.633924E-04  0.597727E-03  0.189478E+03
  0.999562E+02  0.266133E+01  0.455195E-03  0.645891E-03  0.633924E-04  0.597727E-03  0.188762E+03
  0.999562E+02  0.266133E+01  0.450523E-03  0.645891E-03  0.633924E-04  0.597727E-03  0.188776E+03
  0.996012E+02  0.266133E+01  0.450523E-03  0.645891E-03  0.633924E-04  0.597727E-03  0.188502E+03
  0.996012E+02  0.398566E+01  0.450523E-03  0.790669E-04  0.633924E-04  0.694403E-03  0.189359E+03
  0.996012E+02  0.398566E+01  0.450523E-03  0.790669E-04  0.633924E-04  0.694403E-03  0.189359E+03
  0.996012E+02  0.398566E+01  0.450523E-03  0.790669E-04  0.633924E-04  0.694403E-03  0.189359E+03
  0.996012E+02  0.398566E+01  0.450523E-03  0.790669E-04  0.633924E-04  0.694403E-03  0.189359E+03
  0.996012E+02  0.398566E+01  0.450523E-03  0.790669E-04  0.633924E-04  0.694403E-03  0.189359E+03
  0.996012E+02  0.378518E+00  0.450523E-03  0.790669E-04  0.633924E-04  0.694403E-03  0.190043E+03
  0.996012E+02  0.378518E+00  0.155607E-02  0.790669E-04  0.633924E-04  0.694403E-03  0.186327E+03
  0.996012E+02  0.870084E+00  0.155607E-02  0.790669E-04  0.633924E-04  0.694403E-03  0.186430E+03
  0.996012E+02  0.870084E+00  0.155607E-02  0.790669E-04  0.633924E-04  0.694403E-03  0.186430E+03
  0.996012E+02  0.870084E+00  0.155607E-02  0.790669E-04  0.633924E-04  0.694403E-03  0.186430E+03
  0.996012E+02  0.870084E+00  0.600768E-03  0.539449E-03  0.633924E-04  0.694403E-03  0.189479E+03
  0.996012E+02  0.870084E+00  0.600768E-03  0.539449E-03  0.633924E-04  0.694403E-03  0.189479E+03
  0.996012E+02  0.791087E+00  0.600768E-03  0.539449E-03  0.633924E-04  0.694403E-03  0.189476E+03
  0.996012E+02  0.791087E+00  0.166136E-05  0.539449E-03  0.633924E-04  0.694403E-03  0.190479E+03
  0.996012E+02  0.791087E+00  0.166136E-05  0.539449E-03  0.633924E-04  0.694403E-03  0.190479E+03
  0.996012E+02  0.791087E+00  0.166136E-05  0.392482E-03  0.633924E-04  0.694403E-03  0.190775E+03
  0.996012E+02 -0.584062E+00  0.793988E-04  0.392482E-03  0.633924E-04  0.694403E-03  0.190194E+03
  0.996012E+02 -0.584062E+00  0.793988E-04  0.392482E-03  0.633924E-04  0.694403E-03  0.190194E+03
  0.996012E+02  0.567418E+01  0.793988E-04  0.392482E-03  0.633924E-04  0.694403E-03  0.187922E+03
  0.996012E+02  0.567418E+01  0.793988E-04  0.392482E-03  0.633924E-04  0.694403E-03  0.187922E+03
  0.101134E+03  0.171402E+01  0.793988E-04  0.392482E-03  0.633924E-04  0.694403E-03  0.191055E+03
  0.101134E+03  0.171402E+01  0.793988E-04  0.732904E-03  0.633924E-04  0.694403E-03  0.188906E+03
  0.101134E+03  0.171402E+01  0.793988E-04  0.732904E-03  0.606203E-03  0.694403E-03  0.186218E+03
  0.995791E+02  0.171402E+01  0.793988E-04  0.732904E-03  0.606203E-03  0.694403E-03  0.186900E+03
  0.995791E+02  0.171402E+01  0.793988E-04  0.732904E-03  0.606203E-03  0.694403E-03  0.186900E+03
  0.995791E+02  0.171402E+01  0.793988E-04  0.732904E-03  0.606203E-03  0.694403E-03  0.186900E+03
  0.100510E+03  0.481414E+01  0.793988E-04  0.524752E-03  0.105498E-02  0.170540E-02  0.185272E+03
  0.100510E+03  0.481414E+01  0.793988E-04  0.524752E-03  0.105498E-02  0.170540E-02  0.185272E+03
  0.100510E+03  0.481414E+01  0.793988E-04  0.524752E-03  0.105498E-02  0.170540E-02  0.185272E+03
  0.100510E+03  0.481414E+01  0.793988E-04  0.524752E-03  0.291313E-03  0.170540E-02  0.189166E+03
  0.100510E+03  0.481414E+01  0.793988E-04  0.524752E-03  0.291313E-03  0.170540E-02  0.189166E+03
  0.100510E+03  0.481414E+01  0.793988E-04  0.524752E-03  0.291313E-03  0.104108E-02  0.190242E+03
  0.100510E+03  0.481414E+01  0.793988E-04  0.524752E-03  0.291313E-03  0.104108E-02  0.190242E+03
  0.100510E+03  0.481414E+01  0.793988E-04  0.524752E-03  0.291313E-03  0.104108E-02  0.190242E+03
  0.100510E+03  0.481414E+01  0.793988E-04  0.524752E-03  0.291313E-03  0.104108E-02  0.190242E+03
  0.100510E+03  0.419121E+01  0.793988E-04  0.524752E-03  0.291313E-03  0.104108E-02  0.190670E+03
  0.100510E+03  0.234777E+01  0.793988E-04  0.524752E-03  0.291313E-03  0.104108E-02  0.191420E+03
  0.100510E+03  0.234777E+01  0.342300E-03  0.524752E-03  0.291313E-03  0.107295E-02  0.190987E+03
  0.100510E+03  0.234777E+01  0.342300E-03  0.524752E-03  0.291313E-03  0.107295E-02  0.190987E+03
  0.100510E+03  0.234777E+01  0.342300E-03  0.524752E-03  0.291313E-03  0.107295E-02  0.190987E+03
  0.100510E+03  0.234777E+01  0.342300E-03  0.524752E-03  0.291313E-03  0.107295E-02  0.190987E+03
  0.100510E+03  0.234777E+01  0.342300E-03  0.524752E-03  0.291313E-03  0.107295E-02  0.190987E+03
  0.100510E+03 -0.482260E+00  0.342300E-03  0.524752E-03  0.291313E-03  0.107295E-02  0.190713E+03
  0.100510E+03 -0.482260E+00  0.342300E-03  0.524752E-03  0.291313E-03  0.107295E-02  0.190713E+03
  0.100510E+03 -0.482260E+00  0.342300E-03  0.523254E-03  0.291313E-03  0.107295E-02  0.190720E+03
  0.100510E+03 -0.482260E+00  0.342300E-03  0.523254E-03  0.291313E-03  0.107295E-02  0.190720E+03
  0.100510E+03 -0.482260E+00  0.342300E-03  0.523254E-03  0.291313E-03  0.107295E-02  0.190720E+03
  0.100510E+03 -0.482260E+00  0.342300E-03  0.523254E-03  0.163396E-03  0.107295E-02  0.191454E+03
  0.100870E+03 -0.482260E+00  0.342300E-03  0.523254E-03  0.163396E-03  0.107295E-02  0.191430E+03
  0.100518E+03 -0.482260E+00  0.342300E-03  0.523254E-03  0.163396E-03  0.107295E-02  0.191457E+03
  0.100518E+03 -0.482260E+00  0.342300E-03  0.523254E-03  0.163396E-03  0.107295E-02  0.191457E+03
  0.100518E+03 -0.117893E+01  0.342300E-03  0.523254E-03  0.163396E-03  0.165798E-02  0.190138E+03
  0.100518E+03  0.365357E+01  0.342300E-03  0.523254E-03  0.163396E-03  0.165798E-02  0.189932E+03
  0.100518E+03  0.365357E+01  0.342300E-03  0.523254E-03  0.163396E-03  0.165798E-02  0.189932E+03
  0.100518E+03  0.365357E+01  0.342300E-03  0.523254E-03  0.163396E-03  0.165798E-02  0.189932E+03
  0.100518E+03  0.365357E+01  0.342300E-03  0.523254E-03  0.163396E-03  0.165798E-02  0.189932E+03
  0.100518E+03  0.365357E+01  0.342300E-03  0.565682E-03  0.163396E-03  0.165798E-02  0.189687E+03
  0.100518E+03  0.365357E+01  0.342300E-03  0.565682E-03  0.163396E-03  0.165798E-02  0.189687E+03
  0.100518E+03  0.360681E+01  0.342300E-03  0.565682E-03  0.163396E-03  0.100126E-02  0.190673E+03
  0.100518E+03 -0.928346E+00  0.342300E-03  0.565682E-03  0.163396E-03  0.100126E-02  0.191070E+03
  0.100518E+03 -0.130636E+01  0.342300E-03  0.181979E-04  0.163396E-03  0.100126E-02  0.191980E+03
  0.100518E+03  0.103084E+01  0.342300E-03  0.181979E-04  0.163396E-03  0.100126E-02  0.193266E+03
  0.100518E+03  0.103084E+01  0.342300E-03  0.181979E-04  0.163396E-03  0.100126E-02  0.193266E+03
  0.100518E+03  0.103084E+01  0.342300E-03  0.181979E-04  0.163396E-03  0.100126E-02  0.193266E+03
  0.100518E+03  0.103084E+01  0.110325E-03  0.181979E-04  0.163396E-03  0.100126E-02  0.193653E+03
  0.100518E+03  0.103084E+01  0.110325E-03  0.181979E-04  0.163396E-03  0.100126E-02  0.193653E+03
  0.100518E+03  0.103084E+01  0.110325E-03  0.181979E-04  0.163396E-03  0.100126E-02  0.193653E+03
  0.100518E+03  0.103084E+01  0.110325E-03  0.181979E-04  0.163396E-03  0.100126E-02  0.193653E+03
  0.100518E+03  0.103084E+01  0.110325E-03  0.181979E-04  0.163396E-03  0.100126E-02  0.193653E+03
  0.100518E+03  0.103084E+01  0.110325E-03  0.181979E-04  0.163396E-03  0.100126E-02  0.193653E+03
  0.100518E+03  0.103084E+01  0.110325E-03  0.181979E-04  0.163396E-03  0.100126E-02  0.193653E+03
  0.100518E+03  0.103084E+01  0.110325E-03  0.181979E-04  0.163396E-03  0.100126E-02  0.193653E+03
  0.101766E+03  0.171278E+01  0.110325E-03  0.181979E-04  0.163396E-03  0.100126E-02  0.192361E+03
  0.101766E+03  0.281510E+01  0.110325E-03  0.181979E-04  0.163396E-03  0.161969E-02  0.191931E+03
  0.101784E+03  0.281510E+01  0.110325E-03  0.181979E-04  0.104922E-03  0.161969E-02  0.191921E+03
  0.101784E+03  0.281510E+01  0.110325E-03  0.181979E-04  0.104922E-03  0.161969E-02  0.191921E+03
  0.101784E+03 -0.469504E+00  0.110325E-03  0.181979E-04  0.104922E-03  0.161969E-02  0.191885E+03
  0.101784E+03  0.121301E+01  0.110325E-03  0.181979E-04  0.104922E-03  0.161969E-02  0.192274E+03
  0.101784E+03  0.121301E+01  0.110325E-03  0.181979E-04  0.104922E-03  0.161969E-02  0.192274E+03
  0.101784E+03  0.121301E+01  0.459692E-03  0.181979E-04  0.104922E-03  0.161969E-02  0.191603E+03
  0.101784E+03  0.121301E+01  0.459692E-03  0.181979E-04  0.104922E-03  0.161969E-02  0.191603E+03
  0.101784E+03  0.277098E+01  0.459692E-03  0.181979E-04  0.104922E-03  0.161969E-02  0.191246E+03
  0.101784E+03  0.263876E+01  0.459692E-03  0.181979E-04  0.104922E-03  0.141955E-02  0.191607E+03
  0.101784E+03  0.263876E+01  0.459692E-03  0.181979E-04  0.104922E-03  0.141955E-02  0.191607E+03
  0.101784E+03  0.159818E+00  0.459692E-03  0.181979E-04  0.104922E-03  0.141955E-02  0.191783E+03
  0.101784E+03  0.159818E+00  0.459692E-03  0.181979E-04  0.104922E-03  0.141955E-02  0.191783E+03
  0.999338E+02  0.159818E+00  0.459692E-03  0.181979E-04  0.104922E-03  0.141955E-02  0.190873E+03
  0.999338E+02  0.159818E+00  0.459692E-03  0.181979E-04  0.104922E-03  0.141955E-02  0.190873E+03
  0.999338E+02  0.159818E+00  0.459692E-03  0.503899E-03  0.104922E-03  0.141955E-02  0.190314E+03
  0.999338E+02  0.159818E+00  0.459692E-03  0.503899E-03  0.104922E-03  0.141955E-02  0.190314E+03
  0.999338E+02  0.159818E+00  0.802494E-04  0.503899E-03  0.104922E-03  0.141955E-02  0.190935E+03
  0.999338E+02  0.159818E+00  0.802494E-04  0.503899E-03  0.104922E-03  0.141955E-02  0.190935E+03
  0.101253E+03  0.159818E+00  0.802494E-04  0.503899E-03  0.104922E-03  0.141955E-02  0.191635E+03
  0.101253E+03 -0.123826E+01  0.802494E-04  0.379365E-03  0.104922E-03  0.141955E-02  0.191786E+03
  0.101253E+03 -0.123826E+01  0.802494E-04  0.238594E-03  0.104922E-03  0.193625E-02  0.191209E+03
  0.101253E+03 -0.123826E+01  0.802494E-04  0.238594E-03  0.104922E-03  0.193625E-02  0.191209E+03
  0.101253E+03 -0.101073E+01  0.802494E-04  0.238594E-03  0.104922E-03  0.152807E-02  0.192257E+03
  0.101253E+03 -0.101073E+01  0.802494E-04  0.238594E-03  0.104922E-03  0.703861E-03  0.190943E+03
  0.101253E+03 -0.101073E+01  0.766984E-03  0.238594E-03  0.104922E-03  0.703861E-03  0.189296E+03
  0.101253E+03 -0.101073E+01  0.766984E-03  0.238594E-03  0.104922E-03  0.703861E-03  0.189296E+03
  0.101253E+03  0.212421E+01  0.766984E-03  0.238594E-03  0.275416E-03  0.703861E-03  0.189137E+03
  0.101253E+03  0.533201E+01  0.334929E-03  0.238594E-03  0.275416E-03  0.703861E-03  0.188790E+03
  0.101253E+03  0.533201E+01  0.334929E-03  0.238594E-03  0.275416E-03  0.112990E-02  0.190588E+03
  0.101253E+03  0.533201E+01  0.334929E-03  0.238594E-03  0.275416E-03  0.112990E-02  0.190588E+03
  0.101253E+03  0.533201E+01  0.334929E-03  0.238594E-03  0.275416E-03  0.112990E-02  0.190588E+03
  0.101253E+03 -0.272249E+01  0.334929E-03  0.147548E-03  0.379257E-03  0.112990E-02  0.189571E+03
  0.101253E+03  0.499626E+01  0.334929E-03  0.147548E-03  0.379257E-03  0.112990E-02  0.191015E+03
  0.101253E+03  0.499626E+01  0.334929E-03  0.147548E-03  0.379257E-03  0.112990E-02  0.191015E+03
  0.101253E+03  0.499626E+01  0.334929E-03  0.147548E-03  0.379257E-03  0.112990E-02  0.191015E+03
  0.101253E+03  0.360774E+01  0.334929E-03  0.147548E-03  0.379257E-03  0.112990E-02  0.191818E+03
  0.101253E+03  0.360774E+01  0.334929E-03  0.147548E-03  0.379257E-03  0.123377E-02  0.191802E+03
  0.101253E+03  0.360774E+01  0.334929E-03  0.147548E-03  0.379257E-03  0.123377E-02  0.191802E+03
  0.101114E+03  0.360774E+01  0.334929E-03  0.147548E-03  0.379257E-03  0.123377E-02  0.191906E+03
  0.101114E+03  0.360774E+01  0.137405E-03  0.147548E-03  0.108450E-03  0.123377E-02  0.193016E+03
  0.101114E+03  0.360774E+01  0.137405E-03  0.147548E-03  0.108450E-03  0.123377E-02  0.193016E+03
  0.101071E+03  0.360774E+01  0.137405E-03  0.147548E-03  0.405537E-04  0.123377E-02  0.193097E+03
  0.101071E+03  0.360774E+01  0.137405E-03  0.147548E-03  0.149934E-03  0.123377E-02  0.193002E+03
  0.101071E+03  0.360774E+01  0.137405E-03  0.147548E-03  0.149934E-03  0.140721E-02  0.192788E+03
  0.101071E+03  0.360774E+01  0.137405E-03  0.147548E-03  0.149934E-03  0.140721E-02  0.192788E+03
  0.101071E+03  0.360774E+01  0.137405E-03  0.147548E-03  0.149934E-03  0.238071E-02  0.190547E+03
  0.101071E+03 -0.827332E+00  0.137405E-03  0.147548E-03  0.149934E-03  0.238071E-02  0.190463E+03
  0.101071E+03 -0.827332E+00  0.230374E-03  0.147548E-03  0.425205E-03  0.244088E-02  0.188536E+03
  0.101071E+03 -0.827332E+00  0.230374E-03  0.147548E-03  0.425205E-03  0.244088E-02  0.188536E+03
  0.101071E+03 -0.827332E+00  0.230374E-03  0.147548E-03  0.425205E-03  0.244088E-02  0.188536E+03
  0.101071E+03  0.516921E+01  0.230374E-03  0.147548E-03  0.425205E-03  0.244088E-02  0.188508E+03
  0.100952E+03  0.516921E+01  0.230374E-03  0.147548E-03  0.425205E-03  0.244088E-02  0.188475E+03
  0.100952E+03  0.186489E+01  0.230374E-03  0.147548E-03  0.425205E-03  0.151365E-02  0.191770E+03
  0.100952E+03  0.384997E+01  0.230374E-03  0.147548E-03  0.425205E-03  0.151365E-02  0.191442E+03
  0.100952E+03  0.680404E+01  0.230374E-03  0.147548E-03  0.425205E-03  0.151365E-02  0.189160E+03
  0.100952E+03  0.680404E+01  0.230374E-03  0.418658E-03  0.425205E-03  0.151365E-02  0.188082E+03
  0.100952E+03  0.680404E+01  0.230374E-03  0.183870E-03  0.425205E-03  0.151365E-02  0.189067E+03
  0.100952E+03  0.412523E+01  0.230374E-03  0.183870E-03  0.425205E-03  0.151365E-02  0.191205E+03
  0.100952E+03  0.412523E+01  0.355259E-03  0.183870E-03  0.425205E-03  0.151365E-02  0.190915E+03
  0.100952E+03  0.412523E+01  0.355259E-03  0.183870E-03  0.425205E-03  0.151365E-02  0.190915E+03
  0.100952E+03  0.412523E+01  0.355259E-03  0.183870E-03  0.425205E-03  0.151365E-02  0.190915E+03
  0.100952E+03  0.412523E+01  0.355259E-03  0.183870E-03  0.425205E-03  0.151365E-02  0.190915E+03
  0.100952E+03  0.412523E+01  0.355259E-03  0.183870E-03  0.425205E-03  0.151365E-02  0.190915E+03
  0.100638E+03  0.412523E+01  0.355259E-03  0.183870E-03  0.425205E-03  0.151365E-02  0.190732E+03
  0.100638E+03  0.412523E+01  0.355259E-03  0.183870E-03  0.425205E-03  0.151365E-02  0.190732E+03
  0.100864E+03  0.412523E+01  0.355259E-03  0.183870E-03  0.425205E-03  0.151365E-02  0.190891E+03
  0.100864E+03  0.412523E+01  0.355259E-03  0.183870E-03  0.425205E-03  0.151365E-02  0.190891E+03
  0.100864E+03  0.412523E+01  0.328575E-03  0.183870E-03  0.425205E-03  0.151365E-02  0.190962E+03
  0.100864E+03  0.412523E+01  0.328575E-03  0.183870E-03  0.425205E-03  0.151365E-02  0.190962E+03
  0.100864E+03  0.412523E+01  0.328575E-03  0.183870E-03  0.425205E-03  0.116321E-02  0.191457E+03
  0.100864E+03  0.412523E+01  0.328575E-03  0.183870E-03  0.425205E-03  0.916503E-03  0.191225E+03
  0.100864E+03  0.412523E+01  0.328575E-03  0.183870E-03  0.425205E-03  0.916503E-03  0.191225E+03
  0.100864E+03  0.412523E+01  0.328575E-03  0.183870E-03  0.425205E-03  0.916503E-03  0.191225E+03
  0.100864E+03  0.412523E+01  0.328575E-03  0.183870E-03  0.425205E-03  0.916503E-03  0.191225E+03
  0.100864E+03  0.412523E+01  0.328575E-03  0.183870E-03  0.554425E-03  0.916503E-03  0.190548E+03
  0.100864E+03  0.412523E+01  0.328575E-03  0.183870E-03  0.554425E-03  0.916503E-03  0.190548E+03
  0.100864E+03  0.412523E+01  0.328575E-03  0.183870E-03  0.554425E-03  0.916503E-03  0.190548E+03
  0.100864E+03  0.555058E+00  0.328575E-03  0.183870E-03  0.554425E-03  0.916503E-03  0.190482E+03
  0.100864E+03  0.365132E+01  0.328575E-03  0.183870E-03  0.534634E-03  0.144346E-02  0.190690E+03
  0.101242E+03  0.365132E+01  0.328575E-03  0.183870E-03  0.534634E-03  0.144346E-02  0.190665E+03
  0.101242E+03  0.365132E+01  0.328575E-03  0.183870E-03  0.534634E-03  0.144346E-02  0.190665E+03
  0.101242E+03  0.365132E+01  0.328575E-03  0.183870E-03  0.582594E-03  0.144346E-02  0.190394E+03
  0.101242E+03  0.365132E+01  0.328575E-03  0.183870E-03  0.582594E-03  0.122570E-02  0.190643E+03
  0.101242E+03  0.365132E+01  0.328575E-03  0.183870E-03  0.401673E-03  0.122570E-02  0.191591E+03
  0.101242E+03  0.100780E+01  0.328575E-03  0.183870E-03  0.401673E-03  0.122570E-02  0.191821E+03
  0.101242E+03  0.100780E+01  0.328575E-03  0.183870E-03  0.401673E-03  0.122570E-02  0.191821E+03
  0.101242E+03  0.745046E+00  0.328575E-03  0.183870E-03  0.330486E-03  0.122570E-02  0.192197E+03
  0.100252E+03  0.745046E+00  0.328575E-03  0.183870E-03  0.330486E-03  0.122570E-02  0.191551E+03
  0.100252E+03  0.745046E+00  0.328575E-03  0.183870E-03  0.330486E-03  0.122570E-02  0.191551E+03
  0.100451E+03  0.745046E+00  0.328575E-03  0.183870E-03  0.330486E-03  0.122570E-02  0.191922E+03
  0.100451E+03  0.227173E+01  0.328575E-03  0.183870E-03  0.330486E-03  0.131947E-02  0.191972E+03
  0.100451E+03  0.227173E+01  0.145875E-03  0.227055E-03  0.212367E-04  0.131947E-02  0.193202E+03
  0.100451E+03  0.227173E+01  0.145875E-03  0.227055E-03  0.212367E-04  0.131947E-02  0.193202E+03
  0.100451E+03  0.162083E+01  0.145875E-03  0.227055E-03  0.212367E-04  0.131947E-02  0.193310E+03
  0.100451E+03  0.162083E+01  0.145875E-03  0.227055E-03  0.212367E-04  0.131947E-02  0.193310E+03
  0.100451E+03  0.162083E+01  0.145875E-03  0.227055E-03  0.212367E-04  0.131947E-02  0.193310E+03
  0.100451E+03  0.162083E+01  0.145875E-03  0.227055E-03  0.212367E-04  0.131947E-02  0.193310E+03
  0.100451E+03  0.162083E+01  0.145875E-03  0.227055E-03  0.212367E-04  0.131947E-02  0.193310E+03
  0.100451E+03  0.132643E+01  0.407631E-03  0.227055E-03  0.212367E-04  0.131947E-02  0.192789E+03
  0.100451E+03  0.132643E+01  0.407631E-03  0.227055E-03  0.212367E-04  0.131947E-02  0.192789E+03
  0.100451E+03  0.132643E+01  0.407631E-03  0.227055E-03  0.212367E-04  0.131947E-02  0.192789E+03
  0.100451E+03  0.132643E+01  0.115421E-03  0.227055E-03  0.212367E-04  0.131947E-02  0.193345E+03
  0.100451E+03  0.145854E+01  0.115421E-03  0.227055E-03  0.212367E-04  0.131947E-02  0.193348E+03
  0.100451E+03  0.121769E+01  0.115421E-03  0.227055E-03  0.212367E-04  0.131947E-02  0.193343E+03
  0.100451E+03  0.121769E+01  0.115421E-03  0.164402E-04  0.212367E-04  0.131947E-02  0.193646E+03
  0.100643E+03  0.121769E+01  0.115421E-03  0.164402E-04  0.212367E-04  0.131947E-02  0.193916E+03
  0.100643E+03  0.121769E+01  0.115421E-03  0.193537E-03  0.212367E-04  0.131947E-02  0.193652E+03
  0.100643E+03 -0.976425E+00  0.115421E-03  0.193537E-03  0.212367E-04  0.102574E-02  0.193015E+03
  0.100643E+03  0.376848E-01  0.118069E-03  0.163079E-03  0.212367E-04  0.102574E-02  0.193651E+03
  0.100643E+03  0.376848E-01  0.118069E-03  0.163079E-03  0.212367E-04  0.102574E-02  0.193651E+03
  0.100643E+03  0.376848E-01  0.118069E-03  0.163079E-03  0.212367E-04  0.102574E-02  0.193651E+03
  0.100643E+03  0.376848E-01  0.118069E-03  0.163079E-03  0.212367E-04  0.115654E-02  0.193635E+03
  0.100643E+03  0.376848E-01  0.118069E-03  0.163079E-03  0.212367E-04  0.115654E-02  0.193635E+03
  0.100643E+03  0.376848E-01  0.118069E-03  0.163079E-03  0.212367E-04  0.115654E-02  0.193635E+03
  0.100643E+03  0.376848E-01  0.273459E-03  0.163079E-03  0.230888E-03  0.115654E-02  0.192726E+03
  0.100643E+03  0.376848E-01  0.273459E-03  0.163079E-03  0.230888E-03  0.115654E-02  0.192726E+03
  0.100643E+03 -0.729921E+00  0.273459E-03  0.163079E-03  0.230888E-03  0.115654E-02  0.192280E+03
  0.101195E+03 -0.729921E+00  0.273459E-03  0.163079E-03  0.230888E-03  0.115654E-02  0.192369E+03
  0.101195E+03  0.273100E+00  0.273459E-03  0.163079E-03  0.230888E-03  0.115654E-02  0.192840E+03
  0.101195E+03  0.116399E+01  0.273459E-03  0.163079E-03  0.230888E-03  0.115654E-02  0.193033E+03
  0.101195E+03  0.116399E+01  0.273459E-03  0.163079E-03  0.230888E-03  0.115654E-02  0.193033E+03
  0.101195E+03  0.116399E+01  0.273459E-03  0.163079E-03  0.230888E-03  0.115654E-02  0.193033E+03
  0.101195E+03  0.116399E+01  0.273459E-03  0.163079E-03  0.230888E-03  0.115654E-02  0.193033E+03
  0.101262E+03  0.169845E+01  0.273459E-03  0.163079E-03  0.230888E-03  0.115654E-02  0.192973E+03
  0.101262E+03  0.169845E+01  0.273459E-03  0.163079E-03  0.230888E-03  0.171078E-02  0.192175E+03
  0.101262E+03  0.169845E+01  0.369512E-04  0.163079E-03  0.230888E-03  0.171078E-02  0.192462E+03
  0.101262E+03  0.169845E+01  0.369512E-04  0.163079E-03  0.230888E-03  0.171078E-02  0.192462E+03
  0.101262E+03  0.169845E+01  0.369512E-04  0.163079E-03  0.230888E-03  0.171078E-02  0.192462E+03
  0.101262E+03  0.169845E+01  0.369512E-04  0.163079E-03  0.230888E-03  0.171078E-02  0.192462E+03
  0.100731E+03  0.169845E+01  0.369512E-04  0.163079E-03  0.230888E-03  0.171078E-02  0.192453E+03
  0.100731E+03  0.169845E+01  0.369512E-04  0.163079E-03  0.230888E-03  0.171078E-02  0.192453E+03
  0.100731E+03  0.169845E+01  0.369512E-04  0.163079E-03  0.230888E-03  0.171078E-02  0.192453E+03
  0.101456E+03  0.169845E+01  0.369512E-04  0.378057E-04  0.230888E-03  0.218545E-02  0.191406E+03
  0.101456E+03  0.169845E+01  0.369512E-04  0.378057E-04  0.230888E-03  0.218545E-02  0.191406E+03
  0.101456E+03  0.169845E+01  0.369512E-04  0.378057E-04  0.230888E-03  0.218545E-02  0.191406E+03
  0.101456E+03  0.169845E+01  0.369512E-04  0.378057E-04  0.230888E-03  0.218545E-02  0.191406E+03
  0.101456E+03  0.169845E+01  0.369512E-04  0.378057E-04  0.230888E-03  0.218545E-02  0.191406E+03
  0.101989E+03  0.169845E+01  0.369512E-04  0.378057E-04  0.230888E-03  0.218545E-02  0.190261E+03
  0.101989E+03  0.169845E+01  0.369512E-04  0.378057E-04  0.230888E-03  0.845536E-03  0.190675E+03
  0.101293E+03  0.169845E+01  0.369512E-04  0.378057E-04  0.230888E-03  0.845536E-03  0.192786E+03
  0.101293E+03  0.169845E+01  0.369512E-04  0.378057E-04  0.230888E-03  0.845536E-03  0.192786E+03
  0.101293E+03  0.169845E+01  0.369512E-04  0.378057E-04  0.230888E-03  0.114759E-02  0.193476E+03
  0.101293E+03  0.169845E+01  0.369512E-04  0.378057E-04  0.230888E-03  0.114759E-02  0.193476E+03
  0.101293E+03  0.216032E+01  0.369512E-04  0.378057E-04  0.230888E-03  0.114759E-02  0.193438E+03
  0.101293E+03  0.216032E+01  0.369512E-04  0.778655E-04  0.230888E-03  0.114759E-02  0.193388E+03
  0.101293E+03  0.216032E+01  0.369512E-04  0.778655E-04  0.230888E-03  0.114759E-02  0.193388E+03
  0.101293E+03  0.216032E+01  0.369512E-04  0.778655E-04  0.398508E-04  0.114759E-02  0.193776E+03
  0.101293E+03  0.216032E+01  0.369512E-04  0.778655E-04  0.398508E-04  0.114759E-02  0.193776E+03
  0.101293E+03  0.216032E+01  0.369512E-04  0.778655E-04  0.398508E-04  0.114759E-02  0.193776E+03
  0.101293E+03  0.216032E+01  0.369512E-04  0.778655E-04  0.398508E-04  0.114759E-02  0.193776E+03
  0.101293E+03  0.216032E+01  0.369512E-04  0.778655E-04  0.398508E-04  0.114759E-02  0.193776E+03
  0.101293E+03  0.130959E+01  0.369512E-04  0.778655E-04  0.398508E-04  0.114759E-02  0.193887E+03
  0.101293E+03  0.130959E+01  0.928593E-04  0.778655E-04  0.398508E-04  0.114759E-02  0.193858E+03
  0.101293E+03  0.130959E+01  0.928593E-04  0.778655E-04  0.398508E-04  0.114759E-02  0.193858E+03
  0.101293E+03  0.130959E+01  0.928593E-04  0.778655E-04  0.398508E-04  0.114759E-02  0.193858E+03
  0.101293E+03  0.130959E+01  0.928593E-04  0.778655E-04  0.398508E-04  0.114759E-02  0.193858E+03
  0.101293E+03  0.130959E+01  0.928593E-04  0.778655E-04  0.398508E-04  0.114759E-02  0.193858E+03
  0.101293E+03  0.130959E+01  0.928593E-04  0.778655E-04  0.398508E-04  0.114759E-02  0.193858E+03
  0.101293E+03  0.130959E+01  0.928593E-04  0.778655E-04  0.398508E-04  0.114759E-02  0.193858E+03
  0.101293E+03  0.130959E+01  0.928593E-04  0.778655E-04  0.398508E-04  0.114759E-02  0.193858E+03
  0.101293E+03  0.150398E+01  0.928593E-04  0.778655E-04  0.398508E-04  0.111354E-02  0.193839E+03
  0.101293E+03  0.150398E+01  0.928593E-04  0.269219E-03  0.397449E-03  0.111354E-02  0.191906E+03
  0.101293E+03  0.150398E+01  0.928593E-04  0.269219E-03  0.397449E-03  0.137785E-02  0.191755E+03
  0.101293E+03  0.150398E+01  0.185486E-03  0.269219E-03  0.397449E-03  0.137785E-02  0.191654E+03
  0.101293E+03  0.150398E+01  0.185486E-03  0.269219E-03  0.397449E-03  0.137785E-02  0.191654E+03
  0.101293E+03  0.250685E+01  0.185486E-03  0.269219E-03  0.397449E-03  0.815521E-03  0.190919E+03
  0.101293E+03  0.250685E+01  0.185486E-03  0.152476E-03  0.397449E-03  0.815521E-03  0.191405E+03
  0.101293E+03  0.250685E+01  0.185486E-03  0.152476E-03  0.397449E-03  0.815521E-03  0.191405E+03
  0.101293E+03  0.250685E+01  0.185486E-03  0.152476E-03  0.397449E-03  0.263613E-02  0.189298E+03
  0.101328E+03  0.250685E+01  0.185486E-03  0.152476E-03  0.397449E-03  0.263613E-02  0.189280E+03
  0.101328E+03  0.250685E+01  0.185486E-03  0.152476E-03  0.397449E-03  0.409927E-02  0.186319E+03
  0.101328E+03  0.250685E+01  0.185486E-03  0.152476E-03  0.397449E-03  0.409927E-02  0.186319E+03
  0.101328E+03  0.250685E+01  0.107001E-03  0.152476E-03  0.397449E-03  0.337954E-02  0.187765E+03
  0.101328E+03  0.250685E+01  0.107001E-03  0.152476E-03  0.397449E-03  0.339003E-02  0.187744E+03
  0.101328E+03  0.250685E+01  0.107001E-03  0.152476E-03  0.397449E-03  0.339003E-02  0.187744E+03
  0.101328E+03  0.250685E+01  0.107001E-03  0.152476E-03  0.397449E-03  0.255933E-02  0.189551E+03
  0.101328E+03  0.250685E+01  0.107001E-03  0.152476E-03  0.397449E-03  0.255933E-02  0.189551E+03
  0.101328E+03  0.250685E+01  0.107001E-03  0.152476E-03  0.397449E-03  0.137868E-02  0.192171E+03
  0.101328E+03  0.250685E+01  0.107001E-03  0.152476E-03  0.397449E-03  0.105936E-02  0.192263E+03
  0.102519E+03  0.250685E+01  0.218026E-03  0.152476E-03  0.397449E-03  0.129517E-02  0.188818E+03
  0.997145E+02  0.250685E+01  0.218026E-03  0.152476E-03  0.397449E-03  0.129517E-02  0.189930E+03
  0.997145E+02 -0.117980E+01  0.218026E-03  0.152476E-03  0.397449E-03  0.129517E-02  0.188041E+03
  0.997145E+02 -0.117980E+01  0.218026E-03  0.152476E-03  0.397449E-03  0.129517E-02  0.188041E+03
  0.101944E+03 -0.117980E+01  0.218026E-03  0.152476E-03  0.397449E-03  0.129517E-02  0.190015E+03
  0.101944E+03 -0.117980E+01  0.218026E-03  0.152476E-03  0.397449E-03  0.129517E-02  0.190015E+03
  0.101944E+03 -0.117980E+01  0.218026E-03  0.152476E-03  0.375621E-03  0.129517E-02  0.190136E+03
  0.101944E+03 -0.117980E+01  0.218026E-03  0.152476E-03  0.375621E-03  0.129517E-02  0.190136E+03
  0.101944E+03 -0.117980E+01  0.218026E-03  0.152476E-03  0.375621E-03  0.129517E-02  0.190136E+03
  0.101944E+03 -0.117980E+01  0.218026E-03  0.152476E-03  0.375621E-03  0.129517E-02  0.190136E+03
  0.101944E+03 -0.117980E+01  0.218026E-03  0.152476E-03  0.375621E-03  0.129517E-02  0.190136E+03
  0.101944E+03 -0.117980E+01  0.218026E-03  0.152476E-03  0.375621E-03  0.129517E-02  0.190136E+03
  0.101944E+03  0.674132E+01  0.218026E-03  0.152476E-03  0.375621E-03  0.129517E-02  0.188230E+03
  0.101720E+03  0.674132E+01  0.218026E-03  0.152476E-03  0.375621E-03  0.129517E-02  0.188800E+03
  0.101720E+03  0.674132E+01  0.218026E-03  0.152476E-03  0.375621E-03  0.129517E-02  0.188800E+03
  0.101720E+03  0.674132E+01  0.218026E-03  0.152476E-03  0.375621E-03  0.129517E-02  0.188800E+03
  0.101720E+03  0.702319E+01  0.218836E-03  0.152476E-03  0.375621E-03  0.129517E-02  0.188462E+03
  0.101720E+03  0.226284E+01  0.218836E-03  0.152476E-03  0.375621E-03  0.129517E-02  0.191610E+03
  0.101720E+03  0.226284E+01  0.218836E-03  0.152476E-03  0.375621E-03  0.129517E-02  0.191610E+03
  0.101720E+03  0.226284E+01  0.218836E-03  0.152476E-03  0.375621E-03  0.129517E-02  0.191610E+03
  0.101720E+03  0.226284E+01  0.218836E-03  0.152476E-03  0.375621E-03  0.129517E-02  0.191610E+03
  0.101970E+03 -0.101797E+01  0.218836E-03  0.152476E-03  0.655317E-03  0.129517E-02  0.188451E+03
  0.101970E+03  0.845440E+00  0.218836E-03  0.152476E-03  0.655317E-03  0.129517E-02  0.189338E+03
  0.101970E+03  0.591686E+01  0.218836E-03  0.152476E-03  0.655317E-03  0.129517E-02  0.188348E+03
  0.101970E+03  0.306416E+01  0.218836E-03  0.152476E-03  0.655317E-03  0.129517E-02  0.189521E+03
  0.101970E+03  0.306416E+01  0.218836E-03  0.152476E-03  0.248032E-04  0.129517E-02  0.191177E+03
  0.101970E+03  0.306416E+01  0.421908E-04  0.152476E-03  0.248032E-04  0.129517E-02  0.191344E+03
  0.101970E+03  0.306416E+01  0.421908E-04  0.152476E-03  0.279642E-05  0.129517E-02  0.191343E+03
  0.101970E+03  0.306416E+01  0.421908E-04  0.152476E-03  0.279642E-05  0.129517E-02  0.191343E+03
  0.101970E+03  0.306416E+01  0.421908E-04  0.152476E-03  0.279642E-05  0.129517E-02  0.191343E+03
  0.101970E+03  0.306416E+01  0.421908E-04  0.152476E-03  0.279642E-05  0.109651E-02  0.191227E+03
  0.101970E+03  0.306416E+01  0.421908E-04  0.152476E-03  0.279642E-05  0.109651E-02  0.191227E+03
  0.101970E+03  0.306416E+01  0.421908E-04  0.152476E-03  0.279642E-05  0.130598E-02  0.191340E+03
  0.101970E+03  0.306416E+01  0.421908E-04  0.152476E-03  0.279642E-05  0.130598E-02  0.191340E+03
  0.101970E+03  0.306416E+01  0.319474E-03  0.152476E-03  0.279642E-05  0.130598E-02  0.190985E+03
  0.101970E+03  0.306416E+01  0.319474E-03  0.152476E-03  0.279642E-05  0.130598E-02  0.190985E+03
  0.101970E+03  0.306416E+01  0.319474E-03  0.152476E-03  0.279642E-05  0.130598E-02  0.190985E+03
  0.101970E+03  0.264690E+01  0.319474E-03  0.152476E-03  0.418186E-03  0.130598E-02  0.190549E+03
  0.996055E+02  0.264690E+01  0.319474E-03  0.152476E-03  0.418186E-03  0.130598E-02  0.189166E+03
  0.999372E+02  0.264690E+01  0.319474E-03  0.152476E-03  0.418186E-03  0.130598E-02  0.190354E+03
  0.999372E+02  0.264690E+01  0.466232E-03  0.152476E-03  0.418186E-03  0.130598E-02  0.189965E+03
  0.999372E+02  0.264690E+01  0.466232E-03  0.152476E-03  0.418186E-03  0.130598E-02  0.189965E+03
  0.999372E+02  0.264690E+01  0.466232E-03  0.640409E-03  0.418186E-03  0.130598E-02  0.188426E+03
  0.999372E+02  0.264690E+01  0.466232E-03  0.640409E-03  0.418186E-03  0.130598E-02  0.188426E+03
  0.999372E+02  0.264690E+01  0.466232E-03  0.640409E-03  0.418186E-03  0.141174E-02  0.188184E+03
  0.999372E+02  0.264690E+01  0.350380E-03  0.640409E-03  0.288153E-03  0.141174E-02  0.189215E+03
  0.999372E+02  0.264690E+01  0.560684E-03  0.640409E-03  0.288153E-03  0.141174E-02  0.188597E+03
  0.999372E+02  0.264690E+01  0.560684E-03  0.640409E-03  0.288153E-03  0.141174E-02  0.188597E+03
  0.999372E+02  0.264690E+01  0.560684E-03  0.640409E-03  0.288153E-03  0.141174E-02  0.188597E+03
  0.999372E+02  0.264690E+01  0.130480E-03  0.640409E-03  0.288153E-03  0.141174E-02  0.189600E+03
  0.999372E+02  0.264690E+01  0.130480E-03  0.640409E-03  0.288153E-03  0.141174E-02  0.189600E+03
  0.999372E+02  0.264690E+01  0.130480E-03  0.640409E-03  0.288153E-03  0.141174E-02  0.189600E+03
  0.999372E+02  0.264690E+01  0.130480E-03  0.640409E-03  0.288153E-03  0.141174E-02  0.189600E+03
  0.999049E+02  0.264690E+01  0.130480E-03  0.640409E-03  0.288153E-03  0.141174E-02  0.189539E+03
  0.100142E+03  0.264690E+01  0.130480E-03  0.640409E-03  0.288153E-03  0.141174E-02  0.189914E+03
  0.100142E+03  0.877721E-01  0.130480E-03  0.640409E-03  0.288153E-03  0.141174E-02  0.189878E+03
  0.100142E+03 -0.172349E+00  0.130480E-03  0.640409E-03  0.288153E-03  0.112102E-02  0.190316E+03
  0.100142E+03 -0.172349E+00  0.130480E-03  0.640409E-03  0.288153E-03  0.112102E-02  0.190316E+03
  0.100142E+03  0.183218E+00  0.130480E-03  0.640409E-03  0.941109E-04  0.112102E-02  0.191356E+03
  0.100142E+03  0.209713E+01  0.130480E-03  0.640409E-03  0.941109E-04  0.112102E-02  0.191268E+03
  0.100142E+03  0.209713E+01  0.130480E-03  0.640409E-03  0.941109E-04  0.112102E-02  0.191268E+03
  0.100142E+03  0.209713E+01  0.130480E-03  0.689595E-04  0.941109E-04  0.112102E-02  0.193115E+03
  0.100142E+03  0.209713E+01  0.130480E-03  0.689595E-04  0.941109E-04  0.112102E-02  0.193115E+03
  0.100142E+03  0.209713E+01  0.130480E-03  0.689595E-04  0.941109E-04  0.112102E-02  0.193115E+03
  0.100142E+03  0.209713E+01  0.130480E-03  0.689595E-04  0.941109E-04  0.112102E-02  0.193115E+03
  0.100142E+03  0.250156E+01  0.130480E-03  0.689595E-04  0.941109E-04  0.112102E-02  0.193033E+03
  0.100142E+03  0.250156E+01  0.130480E-03  0.689595E-04  0.941109E-04  0.112102E-02  0.193033E+03
  0.100142E+03  0.250156E+01  0.130480E-03  0.689595E-04  0.941109E-04  0.112102E-02  0.193033E+03
  0.100246E+03  0.250156E+01  0.130480E-03  0.689595E-04  0.941109E-04  0.112102E-02  0.193281E+03
  0.100246E+03 -0.136830E+01  0.130480E-03  0.689595E-04  0.941109E-04  0.112102E-02  0.191889E+03
  0.100717E+03  0.178478E+01  0.130480E-03  0.689595E-04  0.941109E-04  0.112102E-02  0.194040E+03
  0.100717E+03  0.178478E+01  0.130480E-03  0.689595E-04  0.941109E-04  0.146804E-02  0.193564E+03
  0.100717E+03  0.178478E+01  0.130480E-03  0.689595E-04  0.941109E-04  0.146804E-02  0.193564E+03
  0.100717E+03  0.178478E+01  0.130480E-03  0.689595E-04  0.941109E-04  0.146804E-02  0.193564E+03
  0.100717E+03  0.178478E+01  0.130480E-03  0.689595E-04  0.941109E-04  0.146804E-02  0.193564E+03
  0.100717E+03  0.178478E+01  0.130480E-03  0.689595E-04  0.941109E-04  0.146804E-02  0.193564E+03
  0.100717E+03  0.178478E+01  0.130480E-03  0.689595E-04  0.941109E-04  0.146804E-02  0.193564E+03
  0.100717E+03  0.178478E+01  0.130480E-03  0.689595E-04  0.941109E-04  0.164967E-02  0.193155E+03
  0.100717E+03  0.178478E+01  0.130480E-03  0.689595E-04  0.941109E-04  0.164967E-02  0.193155E+03
  0.100579E+03  0.178478E+01  0.130480E-03  0.689595E-04  0.549601E-03  0.164967E-02  0.190526E+03
  0.100579E+03  0.178478E+01  0.130480E-03  0.137721E-03  0.549601E-03  0.164967E-02  0.190423E+03
  0.100579E+03  0.178478E+01  0.130480E-03  0.137721E-03  0.549601E-03  0.685537E-03  0.190114E+03
  0.100579E+03  0.178478E+01  0.130480E-03  0.137721E-03  0.549601E-03  0.150953E-02  0.190753E+03
  0.100579E+03  0.178478E+01  0.130480E-03  0.137721E-03  0.549601E-03  0.150953E-02  0.190753E+03
  0.100579E+03  0.178478E+01  0.130480E-03  0.137721E-03  0.549601E-03  0.150953E-02  0.190753E+03
  0.100579E+03  0.558231E+00  0.130480E-03  0.137721E-03  0.549601E-03  0.150953E-02  0.190324E+03
  0.100579E+03  0.558231E+00  0.130480E-03  0.708691E-05  0.549601E-03  0.150953E-02  0.190436E+03
  0.100579E+03  0.283440E+00  0.130480E-03  0.708691E-05  0.549601E-03  0.150953E-02  0.190282E+03
  0.100579E+03  0.283440E+00  0.130480E-03  0.708691E-05  0.549601E-03  0.150953E-02  0.190282E+03
  0.100579E+03  0.283440E+00  0.130480E-03  0.708691E-05  0.549601E-03  0.150953E-02  0.190282E+03
  0.100579E+03  0.283440E+00  0.130480E-03  0.708691E-05  0.549601E-03  0.150953E-02  0.190282E+03
  0.100579E+03  0.283440E+00  0.130480E-03  0.708691E-05  0.549601E-03  0.150953E-02  0.190282E+03
  0.100579E+03  0.283440E+00  0.130480E-03  0.708691E-05  0.549601E-03  0.150953E-02  0.190282E+03
  0.100579E+03  0.283440E+00  0.130480E-03  0.708691E-05  0.549601E-03  0.150953E-02  0.190282E+03
  0.100579E+03  0.283440E+00  0.130480E-03  0.708691E-05  0.549601E-03  0.150953E-02  0.190282E+03
  0.100579E+03  0.283440E+00  0.768480E-03  0.708691E-05  0.549601E-03  0.150953E-02  0.188570E+03
  0.100579E+03  0.283440E+00  0.131949E-02  0.708691E-05  0.549601E-03  0.154359E-02  0.186356E+03
  0.100579E+03  0.283440E+00  0.131949E-02  0.708691E-05  0.549601E-03  0.154359E-02  0.186356E+03
  0.100579E+03  0.283440E+00  0.277686E-03  0.708691E-05  0.549601E-03  0.154359E-02  0.189988E+03
  0.100579E+03  0.606285E+00  0.277686E-03  0.708691E-05  0.549601E-03  0.154359E-02  0.190162E+03
  0.100579E+03  0.443942E+01  0.277686E-03  0.708691E-05  0.549601E-03  0.154359E-02  0.190269E+03
  0.100878E+03  0.443942E+01  0.277686E-03  0.708691E-05  0.549601E-03  0.154359E-02  0.190570E+03
  0.100878E+03  0.443942E+01  0.277686E-03  0.708691E-05  0.549601E-03  0.154359E-02  0.190570E+03
  0.100878E+03  0.443942E+01  0.277686E-03  0.708691E-05  0.591515E-03  0.154359E-02  0.190341E+03
  0.100878E+03  0.443942E+01  0.277686E-03  0.708691E-05  0.113853E-03  0.154359E-02  0.191955E+03
  0.100878E+03  0.133153E+01  0.277686E-03  0.325973E-03  0.113853E-03  0.154359E-02  0.192426E+03
  0.100878E+03  0.252259E+01  0.277686E-03  0.325973E-03  0.113853E-03  0.154359E-02  0.192192E+03
  0.101193E+03 -0.316867E+00  0.277686E-03  0.325973E-03  0.113853E-03  0.154359E-02  0.192018E+03
  0.100373E+03 -0.316867E+00  0.277686E-03  0.325973E-03  0.114349E-03  0.154359E-02  0.191648E+03
  0.100373E+03 -0.316867E+00  0.349162E-03  0.325973E-03  0.123885E-03  0.154359E-02  0.191472E+03
  0.100373E+03 -0.316867E+00  0.349162E-03  0.325973E-03  0.123885E-03  0.154359E-02  0.191472E+03
  0.100373E+03  0.618720E+00  0.349162E-03  0.337145E-03  0.123885E-03  0.154359E-02  0.191743E+03
  0.100378E+03 -0.620519E+00  0.349162E-03  0.337145E-03  0.123885E-03  0.154359E-02  0.191302E+03
  0.100378E+03 -0.620519E+00  0.349162E-03  0.337145E-03  0.123885E-03  0.154359E-02  0.191302E+03
  0.100378E+03 -0.620519E+00  0.349162E-03  0.222676E-03  0.123885E-03  0.134644E-02  0.191967E+03
  0.100378E+03 -0.620519E+00  0.349162E-03  0.222676E-03  0.123885E-03  0.134644E-02  0.191967E+03
  0.100976E+03  0.494745E+00  0.349162E-03  0.222676E-03  0.123885E-03  0.113782E-02  0.193124E+03
  0.100976E+03 -0.118722E+01  0.349162E-03  0.222676E-03  0.123885E-03  0.113782E-02  0.192360E+03
  0.100976E+03 -0.118722E+01  0.349162E-03  0.222676E-03  0.123885E-03  0.113782E-02  0.192360E+03
  0.100976E+03 -0.118722E+01  0.349162E-03  0.222676E-03  0.183672E-03  0.113782E-02  0.192115E+03
  0.100976E+03 -0.118722E+01  0.349162E-03  0.222676E-03  0.183672E-03  0.113782E-02  0.192115E+03
  0.100976E+03 -0.118722E+01  0.349162E-03  0.222676E-03  0.183672E-03  0.113782E-02  0.192115E+03
  0.100976E+03 -0.118722E+01  0.349162E-03  0.529890E-04  0.183672E-03  0.113782E-02  0.192357E+03
  0.100976E+03 -0.118722E+01  0.349162E-03  0.529890E-04  0.183672E-03  0.113782E-02  0.192357E+03
  0.100976E+03 -0.118722E+01  0.349162E-03  0.529890E-04  0.183672E-03  0.113782E-02  0.192357E+03
  0.100976E+03 -0.118722E+01  0.349162E-03  0.529890E-04  0.183672E-03  0.113782E-02  0.192357E+03
  0.100976E+03 -0.118722E+01  0.303417E-04  0.529890E-04  0.273495E-03  0.113782E-02  0.192249E+03
  0.100652E+03 -0.118722E+01  0.303417E-04  0.529890E-04  0.273495E-03  0.113782E-02  0.192005E+03
