X1_obs         X1_true        Y1_obs         Y2_obs         Y3_obs         Y4_obs         Y1_unbiased    Y2_unbiased    Y3_unbiased    Y4_unbiased    Y1_sim         Y2_sim         Y3_sim         Y4_sim         Y1_res         Y2_res         Y3_res         Y4_res         Y1_stdres      Y2_stdres      Y3_stdres      Y4_stdres      
   0.000000E+00   0.000000E+00  -0.999900E+04  -0.999900E+04  -0.999900E+04  -0.999900E+04  -0.999900E+04  -0.999900E+04  -0.999900E+04  -0.999900E+04   0.112558E+00   0.786756E-01   0.577469E-01   0.428565E-01  -0.999900E+04  -0.999900E+04  -0.999900E+04  -0.999900E+04  -0.999900E+04  -0.999900E+04  -0.999900E+04  -0.999900E+04
   0.600000E-01   0.600000E-01   0.112546E+00   0.782550E-01   0.572459E-01   0.435692E-01   0.112546E+00   0.782550E-01   0.572459E-01   0.435692E-01   0.112488E+00   0.786016E-01   0.576766E-01   0.427886E-01   0.585009E-04  -0.346627E-03  -0.430739E-03   0.780587E-03   0.625389E-01  -0.617984E+00  -0.937666E+00   0.819204E+00
   0.504000E+00   0.504000E+00  -0.999900E+04  -0.999900E+04  -0.999900E+04  -0.999900E+04  -0.999900E+04  -0.999900E+04  -0.999900E+04  -0.999900E+04   0.111975E+00   0.780619E-01   0.571632E-01   0.422923E-01  -0.999900E+04  -0.999900E+04  -0.999900E+04  -0.999900E+04  -0.999900E+04  -0.999900E+04  -0.999900E+04  -0.999900E+04
   0.604000E+00   0.604000E+00  -0.999900E+04  -0.999900E+04  -0.999900E+04  -0.999900E+04  -0.999900E+04  -0.999900E+04  -0.999900E+04  -0.999900E+04   0.111862E+00   0.779419E-01   0.570491E-01   0.421819E-01  -0.999900E+04  -0.999900E+04  -0.999900E+04  -0.999900E+04  -0.999900E+04  -0.999900E+04  -0.999900E+04  -0.999900E+04
   0.650000E+00   0.650000E+00   0.111933E+00   0.776414E-01   0.566323E-01   0.429556E-01   0.111933E+00   0.776414E-01   0.566323E-01   0.429556E-01   0.111810E+00   0.778870E-01   0.569968E-01   0.421313E-01   0.122601E-03  -0.245607E-03  -0.364539E-03   0.824257E-03   0.131063E+00  -0.437881E+00  -0.793556E+00   0.865034E+00
   0.704000E+00   0.704000E+00  -0.999900E+04  -0.999900E+04  -0.999900E+04  -0.999900E+04  -0.999900E+04  -0.999900E+04  -0.999900E+04  -0.999900E+04   0.111749E+00   0.778228E-01   0.569357E-01   0.420722E-01  -0.999900E+04  -0.999900E+04  -0.999900E+04  -0.999900E+04  -0.999900E+04  -0.999900E+04  -0.999900E+04  -0.999900E+04
   0.804000E+00   0.804000E+00  -0.999900E+04  -0.999900E+04  -0.999900E+04  -0.999900E+04  -0.999900E+04  -0.999900E+04  -0.999900E+04  -0.999900E+04   0.111638E+00   0.777045E-01   0.568229E-01   0.419630E-01  -0.999900E+04  -0.999900E+04  -0.999900E+04  -0.999900E+04  -0.999900E+04  -0.999900E+04  -0.999900E+04  -0.999900E+04
   0.904000E+00   0.904000E+00  -0.999900E+04  -0.999900E+04  -0.999900E+04  -0.999900E+04  -0.999900E+04  -0.999900E+04  -0.999900E+04  -0.999900E+04   0.111527E+00   0.775866E-01   0.567106E-01   0.418543E-01  -0.999900E+04  -0.999900E+04  -0.999900E+04  -0.999900E+04  -0.999900E+04  -0.999900E+04  -0.999900E+04  -0.999900E+04
   0.100400E+01   0.100400E+01  -0.999900E+04  -0.999900E+04  -0.999900E+04  -0.999900E+04  -0.999900E+04  -0.999900E+04  -0.999900E+04  -0.999900E+04   0.111416E+00   0.774690E-01   0.565987E-01   0.417459E-01  -0.999900E+04  -0.999900E+04  -0.999900E+04  -0.999900E+04  -0.999900E+04  -0.999900E+04  -0.999900E+04  -0.999900E+04
   0.110400E+01   0.110400E+01  -0.999900E+04  -0.999900E+04  -0.999900E+04  -0.999900E+04  -0.999900E+04  -0.999900E+04  -0.999900E+04  -0.999900E+04   0.111306E+00   0.773519E-01   0.564872E-01   0.416379E-01  -0.999900E+04  -0.999900E+04  -0.999900E+04  -0.999900E+04  -0.999900E+04  -0.999900E+04  -0.999900E+04  -0.999900E+04
   0.120400E+01   0.120400E+01  -0.999900E+04  -0.999900E+04  -0.999900E+04  -0.999900E+04  -0.999900E+04  -0.999900E+04  -0.999900E+04  -0.999900E+04   0.111196E+00   0.772355E-01   0.563762E-01   0.415304E-01  -0.999900E+04  -0.999900E+04  -0.999900E+04  -0.999900E+04  -0.999900E+04  -0.999900E+04  -0.999900E+04  -0.999900E+04
   0.130400E+01   0.130400E+01  -0.999900E+04  -0.999900E+04  -0.999900E+04  -0.999900E+04  -0.999900E+04  -0.999900E+04  -0.999900E+04  -0.999900E+04   0.111088E+00   0.771196E-01   0.562658E-01   0.414235E-01  -0.999900E+04  -0.999900E+04  -0.999900E+04  -0.999900E+04  -0.999900E+04  -0.999900E+04  -0.999900E+04  -0.999900E+04
   0.140400E+01   0.140400E+01  -0.999900E+04  -0.999900E+04  -0.999900E+04  -0.999900E+04  -0.999900E+04  -0.999900E+04  -0.999900E+04  -0.999900E+04   0.110980E+00   0.770041E-01   0.561558E-01   0.413169E-01  -0.999900E+04  -0.999900E+04  -0.999900E+04  -0.999900E+04  -0.999900E+04  -0.999900E+04  -0.999900E+04  -0.999900E+04
   0.150400E+01   0.150400E+01  -0.999900E+04  -0.999900E+04  -0.999900E+04  -0.999900E+04  -0.999900E+04  -0.999900E+04  -0.999900E+04  -0.999900E+04   0.110872E+00   0.768890E-01   0.560461E-01   0.412107E-01  -0.999900E+04  -0.999900E+04  -0.999900E+04  -0.999900E+04  -0.999900E+04  -0.999900E+04  -0.999900E+04  -0.999900E+04
   0.160400E+01   0.160400E+01  -0.999900E+04  -0.999900E+04  -0.999900E+04  -0.999900E+04  -0.999900E+04  -0.999900E+04  -0.999900E+04  -0.999900E+04   0.110765E+00   0.767741E-01   0.559367E-01   0.411047E-01  -0.999900E+04  -0.999900E+04  -0.999900E+04  -0.999900E+04  -0.999900E+04  -0.999900E+04  -0.999900E+04  -0.999900E+04
   0.165000E+01   0.165000E+01   0.111046E+00   0.766031E-01   0.560822E-01   0.422574E-01   0.111046E+00   0.766031E-01   0.560822E-01   0.422574E-01   0.110715E+00   0.767215E-01   0.558865E-01   0.410561E-01   0.330537E-03  -0.118362E-03   0.195694E-03   0.120122E-02   0.353352E+00  -0.211022E+00   0.426001E+00   0.126065E+01
   0.170400E+01   0.170400E+01  -0.999900E+04  -0.999900E+04  -0.999900E+04  -0.999900E+04  -0.999900E+04  -0.999900E+04  -0.999900E+04  -0.999900E+04   0.110658E+00   0.766598E-01   0.558278E-01   0.409993E-01  -0.999900E+04  -0.999900E+04  -0.999900E+04  -0.999900E+04  -0.999900E+04  -0.999900E+04  -0.999900E+04  -0.999900E+04
   0.180400E+01   0.180400E+01  -0.999900E+04  -0.999900E+04  -0.999900E+04  -0.999900E+04  -0.999900E+04  -0.999900E+04  -0.999900E+04  -0.999900E+04   0.110552E+00   0.765460E-01   0.557193E-01   0.408943E-01  -0.999900E+04  -0.999900E+04  -0.999900E+04  -0.999900E+04  -0.999900E+04  -0.999900E+04  -0.999900E+04  -0.999900E+04
   0.190400E+01   0.190400E+01  -0.999900E+04  -0.999900E+04  -0.999900E+04  -0.999900E+04  -0.999900E+04  -0.999900E+04  -0.999900E+04  -0.999900E+04   0.110446E+00   0.764324E-01   0.556111E-01   0.407895E-01  -0.999900E+04  -0.999900E+04  -0.999900E+04  -0.999900E+04  -0.999900E+04  -0.999900E+04  -0.999900E+04  -0.999900E+04
   0.200400E+01   0.200400E+01  -0.999900E+04  -0.999900E+04  -0.999900E+04  -0.999900E+04  -0.999900E+04  -0.999900E+04  -0.999900E+04  -0.999900E+04   0.110340E+00   0.763191E-01   0.555032E-01   0.406851E-01  -0.999900E+04  -0.999900E+04  -0.999900E+04  -0.999900E+04  -0.999900E+04  -0.999900E+04  -0.999900E+04  -0.999900E+04
   0.210400E+01   0.210400E+01  -0.999900E+04  -0.999900E+04  -0.999900E+04  -0.999900E+04  -0.999900E+04  -0.999900E+04  -0.999900E+04  -0.999900E+04   0.110235E+00   0.762061E-01   0.553955E-01   0.405809E-01  -0.999900E+04  -0.999900E+04  -0.999900E+04  -0.999900E+04  -0.999900E+04  -0.999900E+04  -0.999900E+04  -0.999900E+04
   0.220400E+01   0.220400E+01  -0.999900E+04  -0.999900E+04  -0.999900E+04  -0.999900E+04  -0.999900E+04  -0.999900E+04  -0.999900E+04  -0.999900E+04   0.110130E+00   0.760934E-01   0.552882E-01   0.404770E-01  -0.999900E+04  -0.999900E+04  -0.999900E+04  -0.999900E+04  -0.999900E+04  -0.999900E+04  -0.999900E+04  -0.999900E+04
   0.230400E+01   0.230400E+01  -0.999900E+04  -0.999900E+04  -0.999900E+04  -0.999900E+04  -0.999900E+04  -0.999900E+04  -0.999900E+04  -0.999900E+04   0.110026E+00   0.759811E-01   0.551813E-01   0.403736E-01  -0.999900E+04  -0.999900E+04  -0.999900E+04  -0.999900E+04  -0.999900E+04  -0.999900E+04  -0.999900E+04  -0.999900E+04
   0.240400E+01   0.240400E+01  -0.999900E+04  -0.999900E+04  -0.999900E+04  -0.999900E+04  -0.999900E+04  -0.999900E+04  -0.999900E+04  -0.999900E+04   0.109922E+00   0.758690E-01   0.550745E-01   0.402704E-01  -0.999900E+04  -0.999900E+04  -0.999900E+04  -0.999900E+04  -0.999900E+04  -0.999900E+04  -0.999900E+04  -0.999900E+04
   0.250400E+01   0.250400E+01  -0.999900E+04  -0.999900E+04  -0.999900E+04  -0.999900E+04  -0.999900E+04  -0.999900E+04  -0.999900E+04  -0.999900E+04   0.109818E+00   0.757570E-01   0.549680E-01   0.401674E-01  -0.999900E+04  -0.999900E+04  -0.999900E+04  -0.999900E+04  -0.999900E+04  -0.999900E+04  -0.999900E+04  -0.999900E+04
   0.260400E+01   0.260400E+01  -0.999900E+04  -0.999900E+04  -0.999900E+04  -0.999900E+04  -0.999900E+04  -0.999900E+04  -0.999900E+04  -0.999900E+04   0.109715E+00   0.756452E-01   0.548617E-01   0.400647E-01  -0.999900E+04  -0.999900E+04  -0.999900E+04  -0.999900E+04  -0.999900E+04  -0.999900E+04  -0.999900E+04  -0.999900E+04
   0.270400E+01   0.270400E+01  -0.999900E+04  -0.999900E+04  -0.999900E+04  -0.999900E+04  -0.999900E+04  -0.999900E+04  -0.999900E+04  -0.999900E+04   0.109612E+00   0.755338E-01   0.547556E-01   0.399622E-01  -0.999900E+04  -0.999900E+04  -0.999900E+04  -0.999900E+04  -0.999900E+04  -0.999900E+04  -0.999900E+04  -0.999900E+04
   0.280400E+01   0.280400E+01  -0.999900E+04  -0.999900E+04  -0.999900E+04  -0.999900E+04  -0.999900E+04  -0.999900E+04  -0.999900E+04  -0.999900E+04   0.109509E+00   0.754225E-01   0.546498E-01   0.398601E-01  -0.999900E+04  -0.999900E+04  -0.999900E+04  -0.999900E+04  -0.999900E+04  -0.999900E+04  -0.999900E+04  -0.999900E+04
   0.290400E+01   0.290400E+01  -0.999900E+04  -0.999900E+04  -0.999900E+04  -0.999900E+04  -0.999900E+04  -0.999900E+04  -0.999900E+04  -0.999900E+04   0.109407E+00   0.753114E-01   0.545442E-01   0.397582E-01  -0.999900E+04  -0.999900E+04  -0.999900E+04  -0.999900E+04  -0.999900E+04  -0.999900E+04  -0.999900E+04  -0.999900E+04
   0.300400E+01   0.300400E+01  -0.999900E+04  -0.999900E+04  -0.999900E+04  -0.999900E+04  -0.999900E+04  -0.999900E+04  -0.999900E+04  -0.999900E+04   0.109304E+00   0.752004E-01   0.544387E-01   0.396564E-01  -0.999900E+04  -0.999900E+04  -0.999900E+04  -0.999900E+04  -0.999900E+04  -0.999900E+04  -0.999900E+04  -0.999900E+04
   0.310400E+01   0.310400E+01  -0.999900E+04  -0.999900E+04  -0.999900E+04  -0.999900E+04  -0.999900E+04  -0.999900E+04  -0.999900E+04  -0.999900E+04   0.109202E+00   0.750895E-01   0.543333E-01   0.395548E-01  -0.999900E+04  -0.999900E+04  -0.999900E+04  -0.999900E+04  -0.999900E+04  -0.999900E+04  -0.999900E+04  -0.999900E+04
   0.320400E+01   0.320400E+01  -0.999900E+04  -0.999900E+04  -0.999900E+04  -0.999900E+04  -0.999900E+04  -0.999900E+04  -0.999900E+04  -0.999900E+04   0.109100E+00   0.749788E-01   0.542282E-01   0.394535E-01  -0.999900E+04  -0.999900E+04  -0.999900E+04  -0.999900E+04  -0.999900E+04  -0.999900E+04  -0.999900E+04  -0.999900E+04
   0.330400E+01   0.330400E+01  -0.999900E+04  -0.999900E+04  -0.999900E+04  -0.999900E+04  -0.999900E+04  -0.999900E+04  -0.999900E+04  -0.999900E+04   0.108998E+00   0.748683E-01   0.541232E-01   0.393524E-01  -0.999900E+04  -0.999900E+04  -0.999900E+04  -0.999900E+04  -0.999900E+04  -0.999900E+04  -0.999900E+04  -0.999900E+04
   0.340400E+01   0.340400E+01  -0.999900E+04  -0.999900E+04  -0.999900E+04  -0.999900E+04  -0.999900E+04  -0.999900E+04  -0.999900E+04  -0.999900E+04   0.108897E+00   0.747578E-01   0.540183E-01   0.392515E-01  -0.999900E+04  -0.999900E+04  -0.999900E+04  -0.999900E+04  -0.999900E+04  -0.999900E+04  -0.999900E+04  -0.999900E+04
   0.350400E+01   0.350400E+01  -0.999900E+04  -0.999900E+04  -0.999900E+04  -0.999900E+04  -0.999900E+04  -0.999900E+04  -0.999900E+04  -0.999900E+04   0.108795E+00   0.746474E-01   0.539136E-01   0.391507E-01  -0.999900E+04  -0.999900E+04  -0.999900E+04  -0.999900E+04  -0.999900E+04  -0.999900E+04  -0.999900E+04  -0.999900E+04
   0.360400E+01   0.360400E+01  -0.999900E+04  -0.999900E+04  -0.999900E+04  -0.999900E+04  -0.999900E+04  -0.999900E+04  -0.999900E+04  -0.999900E+04   0.108694E+00   0.745370E-01   0.538089E-01   0.390501E-01  -0.999900E+04  -0.999900E+04  -0.999900E+04  -0.999900E+04  -0.999900E+04  -0.999900E+04  -0.999900E+04  -0.999900E+04
   0.365000E+01   0.365000E+01   0.108083E+00   0.738700E-01   0.539269E-01   0.402545E-01   0.108083E+00   0.738700E-01   0.539269E-01   0.402545E-01   0.108647E+00   0.744862E-01   0.537608E-01   0.390038E-01  -0.564040E-03  -0.616205E-03   0.166093E-03   0.125070E-02  -0.602973E+00  -0.109860E+01   0.361563E+00   0.131258E+01
   0.370400E+01   0.370400E+01  -0.999900E+04  -0.999900E+04  -0.999900E+04  -0.999900E+04  -0.999900E+04  -0.999900E+04  -0.999900E+04  -0.999900E+04   0.108593E+00   0.744267E-01   0.537043E-01   0.389496E-01  -0.999900E+04  -0.999900E+04  -0.999900E+04  -0.999900E+04  -0.999900E+04  -0.999900E+04  -0.999900E+04  -0.999900E+04
   0.380400E+01   0.380400E+01  -0.999900E+04  -0.999900E+04  -0.999900E+04  -0.999900E+04  -0.999900E+04  -0.999900E+04  -0.999900E+04  -0.999900E+04   0.108492E+00   0.743165E-01   0.535999E-01   0.388494E-01  -0.999900E+04  -0.999900E+04  -0.999900E+04  -0.999900E+04  -0.999900E+04  -0.999900E+04  -0.999900E+04  -0.999900E+04
   0.390400E+01   0.390400E+01  -0.999900E+04  -0.999900E+04  -0.999900E+04  -0.999900E+04  -0.999900E+04  -0.999900E+04  -0.999900E+04  -0.999900E+04   0.108391E+00   0.742063E-01   0.534955E-01   0.387492E-01  -0.999900E+04  -0.999900E+04  -0.999900E+04  -0.999900E+04  -0.999900E+04  -0.999900E+04  -0.999900E+04  -0.999900E+04
   0.400400E+01   0.400400E+01  -0.999900E+04  -0.999900E+04  -0.999900E+04  -0.999900E+04  -0.999900E+04  -0.999900E+04  -0.999900E+04  -0.999900E+04   0.108290E+00   0.740960E-01   0.533912E-01   0.386492E-01  -0.999900E+04  -0.999900E+04  -0.999900E+04  -0.999900E+04  -0.999900E+04  -0.999900E+04  -0.999900E+04  -0.999900E+04
   0.410400E+01   0.410400E+01  -0.999900E+04  -0.999900E+04  -0.999900E+04  -0.999900E+04  -0.999900E+04  -0.999900E+04  -0.999900E+04  -0.999900E+04   0.108189E+00   0.739859E-01   0.532869E-01   0.385493E-01  -0.999900E+04  -0.999900E+04  -0.999900E+04  -0.999900E+04  -0.999900E+04  -0.999900E+04  -0.999900E+04  -0.999900E+04
   0.420400E+01   0.420400E+01  -0.999900E+04  -0.999900E+04  -0.999900E+04  -0.999900E+04  -0.999900E+04  -0.999900E+04  -0.999900E+04  -0.999900E+04   0.108089E+00   0.738757E-01   0.531827E-01   0.384496E-01  -0.999900E+04  -0.999900E+04  -0.999900E+04  -0.999900E+04  -0.999900E+04  -0.999900E+04  -0.999900E+04  -0.999900E+04
   0.430400E+01   0.430400E+01  -0.999900E+04  -0.999900E+04  -0.999900E+04  -0.999900E+04  -0.999900E+04  -0.999900E+04  -0.999900E+04  -0.999900E+04   0.107988E+00   0.737655E-01   0.530785E-01   0.383499E-01  -0.999900E+04  -0.999900E+04  -0.999900E+04  -0.999900E+04  -0.999900E+04  -0.999900E+04  -0.999900E+04  -0.999900E+04
   0.440400E+01   0.440400E+01  -0.999900E+04  -0.999900E+04  -0.999900E+04  -0.999900E+04  -0.999900E+04  -0.999900E+04  -0.999900E+04  -0.999900E+04   0.107888E+00   0.736552E-01   0.529743E-01   0.382503E-01  -0.999900E+04  -0.999900E+04  -0.999900E+04  -0.999900E+04  -0.999900E+04  -0.999900E+04  -0.999900E+04  -0.999900E+04
   0.450400E+01   0.450400E+01  -0.999900E+04  -0.999900E+04  -0.999900E+04  -0.999900E+04  -0.999900E+04  -0.999900E+04  -0.999900E+04  -0.999900E+04   0.107787E+00   0.735449E-01   0.528702E-01   0.381509E-01  -0.999900E+04  -0.999900E+04  -0.999900E+04  -0.999900E+04  -0.999900E+04  -0.999900E+04  -0.999900E+04  -0.999900E+04
   0.460400E+01   0.460400E+01  -0.999900E+04  -0.999900E+04  -0.999900E+04  -0.999900E+04  -0.999900E+04  -0.999900E+04  -0.999900E+04  -0.999900E+04   0.107687E+00   0.734346E-01   0.527660E-01   0.380515E-01  -0.999900E+04  -0.999900E+04  -0.999900E+04  -0.999900E+04  -0.999900E+04  -0.999900E+04  -0.999900E+04  -0.999900E+04
   0.470400E+01   0.470400E+01  -0.999900E+04  -0.999900E+04  -0.999900E+04  -0.999900E+04  -0.999900E+04  -0.999900E+04  -0.999900E+04  -0.999900E+04   0.107586E+00   0.733241E-01   0.526618E-01   0.379522E-01  -0.999900E+04  -0.999900E+04  -0.999900E+04  -0.999900E+04  -0.999900E+04  -0.999900E+04  -0.999900E+04  -0.999900E+04
   0.480400E+01   0.480400E+01  -0.999900E+04  -0.999900E+04  -0.999900E+04  -0.999900E+04  -0.999900E+04  -0.999900E+04  -0.999900E+04  -0.999900E+04   0.107486E+00   0.732136E-01   0.525576E-01   0.378530E-01  -0.999900E+04  -0.999900E+04  -0.999900E+04  -0.999900E+04  -0.999900E+04  -0.999900E+04  -0.999900E+04  -0.999900E+04
   0.490400E+01   0.490400E+01  -0.999900E+04  -0.999900E+04  -0.999900E+04  -0.999900E+04  -0.999900E+04  -0.999900E+04  -0.999900E+04  -0.999900E+04   0.107385E+00   0.731030E-01   0.524534E-01   0.377538E-01  -0.999900E+04  -0.999900E+04  -0.999900E+04  -0.999900E+04  -0.999900E+04  -0.999900E+04  -0.999900E+04  -0.999900E+04
   0.500400E+01   0.500400E+01  -0.999900E+04  -0.999900E+04  -0.999900E+04  -0.999900E+04  -0.999900E+04  -0.999900E+04  -0.999900E+04  -0.999900E+04   0.107285E+00   0.729923E-01   0.523492E-01   0.376547E-01  -0.999900E+04  -0.999900E+04  -0.999900E+04  -0.999900E+04  -0.999900E+04  -0.999900E+04  -0.999900E+04  -0.999900E+04
   0.510400E+01   0.510400E+01  -0.999900E+04  -0.999900E+04  -0.999900E+04  -0.999900E+04  -0.999900E+04  -0.999900E+04  -0.999900E+04  -0.999900E+04   0.107184E+00   0.728816E-01   0.522449E-01   0.375557E-01  -0.999900E+04  -0.999900E+04  -0.999900E+04  -0.999900E+04  -0.999900E+04  -0.999900E+04  -0.999900E+04  -0.999900E+04
   0.520400E+01   0.520400E+01  -0.999900E+04  -0.999900E+04  -0.999900E+04  -0.999900E+04  -0.999900E+04  -0.999900E+04  -0.999900E+04  -0.999900E+04   0.107084E+00   0.727706E-01   0.521406E-01   0.374567E-01  -0.999900E+04  -0.999900E+04  -0.999900E+04  -0.999900E+04  -0.999900E+04  -0.999900E+04  -0.999900E+04  -0.999900E+04
   0.530400E+01   0.530400E+01  -0.999900E+04  -0.999900E+04  -0.999900E+04  -0.999900E+04  -0.999900E+04  -0.999900E+04  -0.999900E+04  -0.999900E+04   0.106983E+00   0.726596E-01   0.520362E-01   0.373578E-01  -0.999900E+04  -0.999900E+04  -0.999900E+04  -0.999900E+04  -0.999900E+04  -0.999900E+04  -0.999900E+04  -0.999900E+04
   0.540400E+01   0.540400E+01  -0.999900E+04  -0.999900E+04  -0.999900E+04  -0.999900E+04  -0.999900E+04  -0.999900E+04  -0.999900E+04  -0.999900E+04   0.106883E+00   0.725484E-01   0.519318E-01   0.372589E-01  -0.999900E+04  -0.999900E+04  -0.999900E+04  -0.999900E+04  -0.999900E+04  -0.999900E+04  -0.999900E+04  -0.999900E+04
   0.550400E+01   0.550400E+01  -0.999900E+04  -0.999900E+04  -0.999900E+04  -0.999900E+04  -0.999900E+04  -0.999900E+04  -0.999900E+04  -0.999900E+04   0.106782E+00   0.724371E-01   0.518273E-01   0.371600E-01  -0.999900E+04  -0.999900E+04  -0.999900E+04  -0.999900E+04  -0.999900E+04  -0.999900E+04  -0.999900E+04  -0.999900E+04
   0.560400E+01   0.560400E+01  -0.999900E+04  -0.999900E+04  -0.999900E+04  -0.999900E+04  -0.999900E+04  -0.999900E+04  -0.999900E+04  -0.999900E+04   0.106681E+00   0.723257E-01   0.517227E-01   0.370612E-01  -0.999900E+04  -0.999900E+04  -0.999900E+04  -0.999900E+04  -0.999900E+04  -0.999900E+04  -0.999900E+04  -0.999900E+04
   0.565000E+01   0.565000E+01   0.106061E+00   0.716777E-01   0.515902E-01   0.379333E-01   0.106061E+00   0.716777E-01   0.515902E-01   0.379333E-01   0.106635E+00   0.722743E-01   0.516746E-01   0.370158E-01  -0.573764E-03  -0.596651E-03  -0.843830E-04   0.917543E-03  -0.613368E+00  -0.106374E+01  -0.183691E+00   0.962934E+00
   0.570400E+01   0.570400E+01  -0.999900E+04  -0.999900E+04  -0.999900E+04  -0.999900E+04  -0.999900E+04  -0.999900E+04  -0.999900E+04  -0.999900E+04   0.106580E+00   0.722140E-01   0.516181E-01   0.369624E-01  -0.999900E+04  -0.999900E+04  -0.999900E+04  -0.999900E+04  -0.999900E+04  -0.999900E+04  -0.999900E+04  -0.999900E+04
   0.580400E+01   0.580400E+01  -0.999900E+04  -0.999900E+04  -0.999900E+04  -0.999900E+04  -0.999900E+04  -0.999900E+04  -0.999900E+04  -0.999900E+04   0.106480E+00   0.721022E-01   0.515133E-01   0.368636E-01  -0.999900E+04  -0.999900E+04  -0.999900E+04  -0.999900E+04  -0.999900E+04  -0.999900E+04  -0.999900E+04  -0.999900E+04
   0.590400E+01   0.590400E+01  -0.999900E+04  -0.999900E+04  -0.999900E+04  -0.999900E+04  -0.999900E+04  -0.999900E+04  -0.999900E+04  -0.999900E+04   0.106379E+00   0.719902E-01   0.514085E-01   0.367649E-01  -0.999900E+04  -0.999900E+04  -0.999900E+04  -0.999900E+04  -0.999900E+04  -0.999900E+04  -0.999900E+04  -0.999900E+04
   0.600400E+01   0.600400E+01  -0.999900E+04  -0.999900E+04  -0.999900E+04  -0.999900E+04  -0.999900E+04  -0.999900E+04  -0.999900E+04  -0.999900E+04   0.106278E+00   0.718781E-01   0.513035E-01   0.366661E-01  -0.999900E+04  -0.999900E+04  -0.999900E+04  -0.999900E+04  -0.999900E+04  -0.999900E+04  -0.999900E+04  -0.999900E+04
   0.610400E+01   0.610400E+01  -0.999900E+04  -0.999900E+04  -0.999900E+04  -0.999900E+04  -0.999900E+04  -0.999900E+04  -0.999900E+04  -0.999900E+04   0.106176E+00   0.717657E-01   0.511984E-01   0.365674E-01  -0.999900E+04  -0.999900E+04  -0.999900E+04  -0.999900E+04  -0.999900E+04  -0.999900E+04  -0.999900E+04  -0.999900E+04
   0.620400E+01   0.620400E+01  -0.999900E+04  -0.999900E+04  -0.999900E+04  -0.999900E+04  -0.999900E+04  -0.999900E+04  -0.999900E+04  -0.999900E+04   0.106075E+00   0.716531E-01   0.510932E-01   0.364686E-01  -0.999900E+04  -0.999900E+04  -0.999900E+04  -0.999900E+04  -0.999900E+04  -0.999900E+04  -0.999900E+04  -0.999900E+04
   0.630400E+01   0.630400E+01  -0.999900E+04  -0.999900E+04  -0.999900E+04  -0.999900E+04  -0.999900E+04  -0.999900E+04  -0.999900E+04  -0.999900E+04   0.105974E+00   0.715403E-01   0.509879E-01   0.363698E-01  -0.999900E+04  -0.999900E+04  -0.999900E+04  -0.999900E+04  -0.999900E+04  -0.999900E+04  -0.999900E+04  -0.999900E+04
   0.640400E+01   0.640400E+01  -0.999900E+04  -0.999900E+04  -0.999900E+04  -0.999900E+04  -0.999900E+04  -0.999900E+04  -0.999900E+04  -0.999900E+04   0.105872E+00   0.714274E-01   0.508825E-01   0.362711E-01  -0.999900E+04  -0.999900E+04  -0.999900E+04  -0.999900E+04  -0.999900E+04  -0.999900E+04  -0.999900E+04  -0.999900E+04
   0.650400E+01   0.650400E+01  -0.999900E+04  -0.999900E+04  -0.999900E+04  -0.999900E+04  -0.999900E+04  -0.999900E+04  -0.999900E+04  -0.999900E+04   0.105771E+00   0.713142E-01   0.507769E-01   0.361724E-01  -0.999900E+04  -0.999900E+04  -0.999900E+04  -0.999900E+04  -0.999900E+04  -0.999900E+04  -0.999900E+04  -0.999900E+04
   0.660400E+01   0.660400E+01  -0.999900E+04  -0.999900E+04  -0.999900E+04  -0.999900E+04  -0.999900E+04  -0.999900E+04  -0.999900E+04  -0.999900E+04   0.105669E+00   0.712008E-01   0.506713E-01   0.360737E-01  -0.999900E+04  -0.999900E+04  -0.999900E+04  -0.999900E+04  -0.999900E+04  -0.999900E+04  -0.999900E+04  -0.999900E+04
   0.670400E+01   0.670400E+01  -0.999900E+04  -0.999900E+04  -0.999900E+04  -0.999900E+04  -0.999900E+04  -0.999900E+04  -0.999900E+04  -0.999900E+04   0.105568E+00   0.710871E-01   0.505654E-01   0.359749E-01  -0.999900E+04  -0.999900E+04  -0.999900E+04  -0.999900E+04  -0.999900E+04  -0.999900E+04  -0.999900E+04  -0.999900E+04
   0.680400E+01   0.680400E+01  -0.999900E+04  -0.999900E+04  -0.999900E+04  -0.999900E+04  -0.999900E+04  -0.999900E+04  -0.999900E+04  -0.999900E+04   0.105466E+00   0.709732E-01   0.504594E-01   0.358761E-01  -0.999900E+04  -0.999900E+04  -0.999900E+04  -0.999900E+04  -0.999900E+04  -0.999900E+04  -0.999900E+04  -0.999900E+04
   0.690400E+01   0.690400E+01  -0.999900E+04  -0.999900E+04  -0.999900E+04  -0.999900E+04  -0.999900E+04  -0.999900E+04  -0.999900E+04  -0.999900E+04   0.105364E+00   0.708591E-01   0.503533E-01   0.357774E-01  -0.999900E+04  -0.999900E+04  -0.999900E+04  -0.999900E+04  -0.999900E+04  -0.999900E+04  -0.999900E+04  -0.999900E+04
   0.700400E+01   0.700400E+01  -0.999900E+04  -0.999900E+04  -0.999900E+04  -0.999900E+04  -0.999900E+04  -0.999900E+04  -0.999900E+04  -0.999900E+04   0.105262E+00   0.707448E-01   0.502471E-01   0.356786E-01  -0.999900E+04  -0.999900E+04  -0.999900E+04  -0.999900E+04  -0.999900E+04  -0.999900E+04  -0.999900E+04  -0.999900E+04
   0.710400E+01   0.710400E+01  -0.999900E+04  -0.999900E+04  -0.999900E+04  -0.999900E+04  -0.999900E+04  -0.999900E+04  -0.999900E+04  -0.999900E+04   0.105160E+00   0.706301E-01   0.501406E-01   0.355798E-01  -0.999900E+04  -0.999900E+04  -0.999900E+04  -0.999900E+04  -0.999900E+04  -0.999900E+04  -0.999900E+04  -0.999900E+04
   0.720400E+01   0.720400E+01  -0.999900E+04  -0.999900E+04  -0.999900E+04  -0.999900E+04  -0.999900E+04  -0.999900E+04  -0.999900E+04  -0.999900E+04   0.105057E+00   0.705152E-01   0.500340E-01   0.354810E-01  -0.999900E+04  -0.999900E+04  -0.999900E+04  -0.999900E+04  -0.999900E+04  -0.999900E+04  -0.999900E+04  -0.999900E+04
   0.730400E+01   0.730400E+01  -0.999900E+04  -0.999900E+04  -0.999900E+04  -0.999900E+04  -0.999900E+04  -0.999900E+04  -0.999900E+04  -0.999900E+04   0.104955E+00   0.704001E-01   0.499272E-01   0.353821E-01  -0.999900E+04  -0.999900E+04  -0.999900E+04  -0.999900E+04  -0.999900E+04  -0.999900E+04  -0.999900E+04  -0.999900E+04
   0.740400E+01   0.740400E+01  -0.999900E+04  -0.999900E+04  -0.999900E+04  -0.999900E+04  -0.999900E+04  -0.999900E+04  -0.999900E+04  -0.999900E+04   0.104852E+00   0.702847E-01   0.498204E-01   0.352833E-01  -0.999900E+04  -0.999900E+04  -0.999900E+04  -0.999900E+04  -0.999900E+04  -0.999900E+04  -0.999900E+04  -0.999900E+04
   0.750400E+01   0.750400E+01  -0.999900E+04  -0.999900E+04  -0.999900E+04  -0.999900E+04  -0.999900E+04  -0.999900E+04  -0.999900E+04  -0.999900E+04   0.104750E+00   0.701691E-01   0.497133E-01   0.351844E-01  -0.999900E+04  -0.999900E+04  -0.999900E+04  -0.999900E+04  -0.999900E+04  -0.999900E+04  -0.999900E+04  -0.999900E+04
   0.760400E+01   0.760400E+01  -0.999900E+04  -0.999900E+04  -0.999900E+04  -0.999900E+04  -0.999900E+04  -0.999900E+04  -0.999900E+04  -0.999900E+04   0.104647E+00   0.700532E-01   0.496061E-01   0.350856E-01  -0.999900E+04  -0.999900E+04  -0.999900E+04  -0.999900E+04  -0.999900E+04  -0.999900E+04  -0.999900E+04  -0.999900E+04
   0.765000E+01   0.765000E+01   0.104516E+00   0.698072E-01   0.499854E-01   0.363895E-01   0.104516E+00   0.698072E-01   0.499854E-01   0.363895E-01   0.104599E+00   0.699998E-01   0.495567E-01   0.350401E-01  -0.833745E-04  -0.192605E-03   0.428657E-03   0.134935E-02  -0.891294E-01  -0.343386E+00   0.933132E+00   0.141611E+01
   0.770400E+01   0.770400E+01  -0.999900E+04  -0.999900E+04  -0.999900E+04  -0.999900E+04  -0.999900E+04  -0.999900E+04  -0.999900E+04  -0.999900E+04   0.104544E+00   0.699370E-01   0.494987E-01   0.349867E-01  -0.999900E+04  -0.999900E+04  -0.999900E+04  -0.999900E+04  -0.999900E+04  -0.999900E+04  -0.999900E+04  -0.999900E+04
   0.780400E+01   0.780400E+01  -0.999900E+04  -0.999900E+04  -0.999900E+04  -0.999900E+04  -0.999900E+04  -0.999900E+04  -0.999900E+04  -0.999900E+04   0.104441E+00   0.698206E-01   0.493912E-01   0.348878E-01  -0.999900E+04  -0.999900E+04  -0.999900E+04  -0.999900E+04  -0.999900E+04  -0.999900E+04  -0.999900E+04  -0.999900E+04
   0.790400E+01   0.790400E+01  -0.999900E+04  -0.999900E+04  -0.999900E+04  -0.999900E+04  -0.999900E+04  -0.999900E+04  -0.999900E+04  -0.999900E+04   0.104337E+00   0.697039E-01   0.492835E-01   0.347889E-01  -0.999900E+04  -0.999900E+04  -0.999900E+04  -0.999900E+04  -0.999900E+04  -0.999900E+04  -0.999900E+04  -0.999900E+04
   0.800400E+01   0.800400E+01  -0.999900E+04  -0.999900E+04  -0.999900E+04  -0.999900E+04  -0.999900E+04  -0.999900E+04  -0.999900E+04  -0.999900E+04   0.104234E+00   0.695869E-01   0.491756E-01   0.346900E-01  -0.999900E+04  -0.999900E+04  -0.999900E+04  -0.999900E+04  -0.999900E+04  -0.999900E+04  -0.999900E+04  -0.999900E+04
   0.810400E+01   0.810400E+01  -0.999900E+04  -0.999900E+04  -0.999900E+04  -0.999900E+04  -0.999900E+04  -0.999900E+04  -0.999900E+04  -0.999900E+04   0.104131E+00   0.694696E-01   0.490674E-01   0.345910E-01  -0.999900E+04  -0.999900E+04  -0.999900E+04  -0.999900E+04  -0.999900E+04  -0.999900E+04  -0.999900E+04  -0.999900E+04
   0.820400E+01   0.820400E+01  -0.999900E+04  -0.999900E+04  -0.999900E+04  -0.999900E+04  -0.999900E+04  -0.999900E+04  -0.999900E+04  -0.999900E+04   0.104027E+00   0.693521E-01   0.489592E-01   0.344921E-01  -0.999900E+04  -0.999900E+04  -0.999900E+04  -0.999900E+04  -0.999900E+04  -0.999900E+04  -0.999900E+04  -0.999900E+04
   0.830400E+01   0.830400E+01  -0.999900E+04  -0.999900E+04  -0.999900E+04  -0.999900E+04  -0.999900E+04  -0.999900E+04  -0.999900E+04  -0.999900E+04   0.103923E+00   0.692343E-01   0.488508E-01   0.343932E-01  -0.999900E+04  -0.999900E+04  -0.999900E+04  -0.999900E+04  -0.999900E+04  -0.999900E+04  -0.999900E+04  -0.999900E+04
   0.840400E+01   0.840400E+01  -0.999900E+04  -0.999900E+04  -0.999900E+04  -0.999900E+04  -0.999900E+04  -0.999900E+04  -0.999900E+04  -0.999900E+04   0.103820E+00   0.691163E-01   0.487423E-01   0.342942E-01  -0.999900E+04  -0.999900E+04  -0.999900E+04  -0.999900E+04  -0.999900E+04  -0.999900E+04  -0.999900E+04  -0.999900E+04
   0.850400E+01   0.850400E+01  -0.999900E+04  -0.999900E+04  -0.999900E+04  -0.999900E+04  -0.999900E+04  -0.999900E+04  -0.999900E+04  -0.999900E+04   0.103716E+00   0.689980E-01   0.486335E-01   0.341953E-01  -0.999900E+04  -0.999900E+04  -0.999900E+04  -0.999900E+04  -0.999900E+04  -0.999900E+04  -0.999900E+04  -0.999900E+04
   0.860400E+01   0.860400E+01  -0.999900E+04  -0.999900E+04  -0.999900E+04  -0.999900E+04  -0.999900E+04  -0.999900E+04  -0.999900E+04  -0.999900E+04   0.103612E+00   0.688794E-01   0.485247E-01   0.340964E-01  -0.999900E+04  -0.999900E+04  -0.999900E+04  -0.999900E+04  -0.999900E+04  -0.999900E+04  -0.999900E+04  -0.999900E+04
   0.870400E+01   0.870400E+01  -0.999900E+04  -0.999900E+04  -0.999900E+04  -0.999900E+04  -0.999900E+04  -0.999900E+04  -0.999900E+04  -0.999900E+04   0.103508E+00   0.687605E-01   0.484156E-01   0.339975E-01  -0.999900E+04  -0.999900E+04  -0.999900E+04  -0.999900E+04  -0.999900E+04  -0.999900E+04  -0.999900E+04  -0.999900E+04
   0.880400E+01   0.880400E+01  -0.999900E+04  -0.999900E+04  -0.999900E+04  -0.999900E+04  -0.999900E+04  -0.999900E+04  -0.999900E+04  -0.999900E+04   0.103403E+00   0.686414E-01   0.483064E-01   0.338986E-01  -0.999900E+04  -0.999900E+04  -0.999900E+04  -0.999900E+04  -0.999900E+04  -0.999900E+04  -0.999900E+04  -0.999900E+04
   0.890400E+01   0.890400E+01  -0.999900E+04  -0.999900E+04  -0.999900E+04  -0.999900E+04  -0.999900E+04  -0.999900E+04  -0.999900E+04  -0.999900E+04   0.103299E+00   0.685220E-01   0.481971E-01   0.337997E-01  -0.999900E+04  -0.999900E+04  -0.999900E+04  -0.999900E+04  -0.999900E+04  -0.999900E+04  -0.999900E+04  -0.999900E+04
   0.900400E+01   0.900400E+01  -0.999900E+04  -0.999900E+04  -0.999900E+04  -0.999900E+04  -0.999900E+04  -0.999900E+04  -0.999900E+04  -0.999900E+04   0.103195E+00   0.684024E-01   0.480876E-01   0.337009E-01  -0.999900E+04  -0.999900E+04  -0.999900E+04  -0.999900E+04  -0.999900E+04  -0.999900E+04  -0.999900E+04  -0.999900E+04
   0.910400E+01   0.910400E+01  -0.999900E+04  -0.999900E+04  -0.999900E+04  -0.999900E+04  -0.999900E+04  -0.999900E+04  -0.999900E+04  -0.999900E+04   0.103090E+00   0.682825E-01   0.479779E-01   0.336021E-01  -0.999900E+04  -0.999900E+04  -0.999900E+04  -0.999900E+04  -0.999900E+04  -0.999900E+04  -0.999900E+04  -0.999900E+04
   0.920400E+01   0.920400E+01  -0.999900E+04  -0.999900E+04  -0.999900E+04  -0.999900E+04  -0.999900E+04  -0.999900E+04  -0.999900E+04  -0.999900E+04   0.102986E+00   0.681624E-01   0.478681E-01   0.335033E-01  -0.999900E+04  -0.999900E+04  -0.999900E+04  -0.999900E+04  -0.999900E+04  -0.999900E+04  -0.999900E+04  -0.999900E+04
   0.930400E+01   0.930400E+01  -0.999900E+04  -0.999900E+04  -0.999900E+04  -0.999900E+04  -0.999900E+04  -0.999900E+04  -0.999900E+04  -0.999900E+04   0.102881E+00   0.680421E-01   0.477583E-01   0.334046E-01  -0.999900E+04  -0.999900E+04  -0.999900E+04  -0.999900E+04  -0.999900E+04  -0.999900E+04  -0.999900E+04  -0.999900E+04
   0.940400E+01   0.940400E+01  -0.999900E+04  -0.999900E+04  -0.999900E+04  -0.999900E+04  -0.999900E+04  -0.999900E+04  -0.999900E+04  -0.999900E+04   0.102777E+00   0.679215E-01   0.476483E-01   0.333060E-01  -0.999900E+04  -0.999900E+04  -0.999900E+04  -0.999900E+04  -0.999900E+04  -0.999900E+04  -0.999900E+04  -0.999900E+04
   0.950400E+01   0.950400E+01  -0.999900E+04  -0.999900E+04  -0.999900E+04  -0.999900E+04  -0.999900E+04  -0.999900E+04  -0.999900E+04  -0.999900E+04   0.102672E+00   0.678007E-01   0.475381E-01   0.332074E-01  -0.999900E+04  -0.999900E+04  -0.999900E+04  -0.999900E+04  -0.999900E+04  -0.999900E+04  -0.999900E+04  -0.999900E+04
   0.960400E+01   0.960400E+01  -0.999900E+04  -0.999900E+04  -0.999900E+04  -0.999900E+04  -0.999900E+04  -0.999900E+04  -0.999900E+04  -0.999900E+04   0.102567E+00   0.676796E-01   0.474278E-01   0.331089E-01  -0.999900E+04  -0.999900E+04  -0.999900E+04  -0.999900E+04  -0.999900E+04  -0.999900E+04  -0.999900E+04  -0.999900E+04
   0.965000E+01   0.965000E+01   0.102142E+00   0.672428E-01   0.476209E-01   0.339301E-01   0.102142E+00   0.672428E-01   0.476209E-01   0.339301E-01   0.102519E+00   0.676239E-01   0.473771E-01   0.330636E-01  -0.376863E-03  -0.381085E-03   0.243816E-03   0.866489E-03  -0.402875E+00  -0.679419E+00   0.530758E+00   0.909355E+00
   0.970400E+01   0.970400E+01  -0.999900E+04  -0.999900E+04  -0.999900E+04  -0.999900E+04  -0.999900E+04  -0.999900E+04  -0.999900E+04  -0.999900E+04   0.102462E+00   0.675584E-01   0.473174E-01   0.330104E-01  -0.999900E+04  -0.999900E+04  -0.999900E+04  -0.999900E+04  -0.999900E+04  -0.999900E+04  -0.999900E+04  -0.999900E+04
   0.980400E+01   0.980400E+01  -0.999900E+04  -0.999900E+04  -0.999900E+04  -0.999900E+04  -0.999900E+04  -0.999900E+04  -0.999900E+04  -0.999900E+04   0.102358E+00   0.674369E-01   0.472070E-01   0.329121E-01  -0.999900E+04  -0.999900E+04  -0.999900E+04  -0.999900E+04  -0.999900E+04  -0.999900E+04  -0.999900E+04  -0.999900E+04
   0.990400E+01   0.990400E+01  -0.999900E+04  -0.999900E+04  -0.999900E+04  -0.999900E+04  -0.999900E+04  -0.999900E+04  -0.999900E+04  -0.999900E+04   0.102253E+00   0.673153E-01   0.470964E-01   0.328138E-01  -0.999900E+04  -0.999900E+04  -0.999900E+04  -0.999900E+04  -0.999900E+04  -0.999900E+04  -0.999900E+04  -0.999900E+04
   0.100040E+02   0.100040E+02  -0.999900E+04  -0.999900E+04  -0.999900E+04  -0.999900E+04  -0.999900E+04  -0.999900E+04  -0.999900E+04  -0.999900E+04   0.102148E+00   0.671935E-01   0.469857E-01   0.327157E-01  -0.999900E+04  -0.999900E+04  -0.999900E+04  -0.999900E+04  -0.999900E+04  -0.999900E+04  -0.999900E+04  -0.999900E+04
   0.101040E+02   0.101040E+02  -0.999900E+04  -0.999900E+04  -0.999900E+04  -0.999900E+04  -0.999900E+04  -0.999900E+04  -0.999900E+04  -0.999900E+04   0.102043E+00   0.670714E-01   0.468750E-01   0.326177E-01  -0.999900E+04  -0.999900E+04  -0.999900E+04  -0.999900E+04  -0.999900E+04  -0.999900E+04  -0.999900E+04  -0.999900E+04
   0.102040E+02   0.102040E+02  -0.999900E+04  -0.999900E+04  -0.999900E+04  -0.999900E+04  -0.999900E+04  -0.999900E+04  -0.999900E+04  -0.999900E+04   0.101939E+00   0.669493E-01   0.467642E-01   0.325198E-01  -0.999900E+04  -0.999900E+04  -0.999900E+04  -0.999900E+04  -0.999900E+04  -0.999900E+04  -0.999900E+04  -0.999900E+04
   0.103040E+02   0.103040E+02  -0.999900E+04  -0.999900E+04  -0.999900E+04  -0.999900E+04  -0.999900E+04  -0.999900E+04  -0.999900E+04  -0.999900E+04   0.101834E+00   0.668269E-01   0.466534E-01   0.324220E-01  -0.999900E+04  -0.999900E+04  -0.999900E+04  -0.999900E+04  -0.999900E+04  -0.999900E+04  -0.999900E+04  -0.999900E+04
   0.104040E+02   0.104040E+02  -0.999900E+04  -0.999900E+04  -0.999900E+04  -0.999900E+04  -0.999900E+04  -0.999900E+04  -0.999900E+04  -0.999900E+04   0.101729E+00   0.667044E-01   0.465425E-01   0.323244E-01  -0.999900E+04  -0.999900E+04  -0.999900E+04  -0.999900E+04  -0.999900E+04  -0.999900E+04  -0.999900E+04  -0.999900E+04
   0.105040E+02   0.105040E+02  -0.999900E+04  -0.999900E+04  -0.999900E+04  -0.999900E+04  -0.999900E+04  -0.999900E+04  -0.999900E+04  -0.999900E+04   0.101625E+00   0.665818E-01   0.464315E-01   0.322270E-01  -0.999900E+04  -0.999900E+04  -0.999900E+04  -0.999900E+04  -0.999900E+04  -0.999900E+04  -0.999900E+04  -0.999900E+04
   0.106040E+02   0.106040E+02  -0.999900E+04  -0.999900E+04  -0.999900E+04  -0.999900E+04  -0.999900E+04  -0.999900E+04  -0.999900E+04  -0.999900E+04   0.101520E+00   0.664590E-01   0.463206E-01   0.321297E-01  -0.999900E+04  -0.999900E+04  -0.999900E+04  -0.999900E+04  -0.999900E+04  -0.999900E+04  -0.999900E+04  -0.999900E+04
   0.107040E+02   0.107040E+02  -0.999900E+04  -0.999900E+04  -0.999900E+04  -0.999900E+04  -0.999900E+04  -0.999900E+04  -0.999900E+04  -0.999900E+04   0.101416E+00   0.663362E-01   0.462097E-01   0.320327E-01  -0.999900E+04  -0.999900E+04  -0.999900E+04  -0.999900E+04  -0.999900E+04  -0.999900E+04  -0.999900E+04  -0.999900E+04
   0.108040E+02   0.108040E+02  -0.999900E+04  -0.999900E+04  -0.999900E+04  -0.999900E+04  -0.999900E+04  -0.999900E+04  -0.999900E+04  -0.999900E+04   0.101312E+00   0.662132E-01   0.460987E-01   0.319358E-01  -0.999900E+04  -0.999900E+04  -0.999900E+04  -0.999900E+04  -0.999900E+04  -0.999900E+04  -0.999900E+04  -0.999900E+04
   0.109040E+02   0.109040E+02  -0.999900E+04  -0.999900E+04  -0.999900E+04  -0.999900E+04  -0.999900E+04  -0.999900E+04  -0.999900E+04  -0.999900E+04   0.101207E+00   0.660901E-01   0.459877E-01   0.318391E-01  -0.999900E+04  -0.999900E+04  -0.999900E+04  -0.999900E+04  -0.999900E+04  -0.999900E+04  -0.999900E+04  -0.999900E+04
   0.110040E+02   0.110040E+02  -0.999900E+04  -0.999900E+04  -0.999900E+04  -0.999900E+04  -0.999900E+04  -0.999900E+04  -0.999900E+04  -0.999900E+04   0.101103E+00   0.659670E-01   0.458768E-01   0.317427E-01  -0.999900E+04  -0.999900E+04  -0.999900E+04  -0.999900E+04  -0.999900E+04  -0.999900E+04  -0.999900E+04  -0.999900E+04
   0.111040E+02   0.111040E+02  -0.999900E+04  -0.999900E+04  -0.999900E+04  -0.999900E+04  -0.999900E+04  -0.999900E+04  -0.999900E+04  -0.999900E+04   0.101000E+00   0.658439E-01   0.457660E-01   0.316466E-01  -0.999900E+04  -0.999900E+04  -0.999900E+04  -0.999900E+04  -0.999900E+04  -0.999900E+04  -0.999900E+04  -0.999900E+04
   0.112040E+02   0.112040E+02  -0.999900E+04  -0.999900E+04  -0.999900E+04  -0.999900E+04  -0.999900E+04  -0.999900E+04  -0.999900E+04  -0.999900E+04   0.100896E+00   0.657207E-01   0.456552E-01   0.315507E-01  -0.999900E+04  -0.999900E+04  -0.999900E+04  -0.999900E+04  -0.999900E+04  -0.999900E+04  -0.999900E+04  -0.999900E+04
   0.113040E+02   0.113040E+02  -0.999900E+04  -0.999900E+04  -0.999900E+04  -0.999900E+04  -0.999900E+04  -0.999900E+04  -0.999900E+04  -0.999900E+04   0.100792E+00   0.655974E-01   0.455444E-01   0.314550E-01  -0.999900E+04  -0.999900E+04  -0.999900E+04  -0.999900E+04  -0.999900E+04  -0.999900E+04  -0.999900E+04  -0.999900E+04
   0.114040E+02   0.114040E+02  -0.999900E+04  -0.999900E+04  -0.999900E+04  -0.999900E+04  -0.999900E+04  -0.999900E+04  -0.999900E+04  -0.999900E+04   0.100689E+00   0.654742E-01   0.454338E-01   0.313597E-01  -0.999900E+04  -0.999900E+04  -0.999900E+04  -0.999900E+04  -0.999900E+04  -0.999900E+04  -0.999900E+04  -0.999900E+04
   0.115040E+02   0.115040E+02  -0.999900E+04  -0.999900E+04  -0.999900E+04  -0.999900E+04  -0.999900E+04  -0.999900E+04  -0.999900E+04  -0.999900E+04   0.100586E+00   0.653511E-01   0.453233E-01   0.312647E-01  -0.999900E+04  -0.999900E+04  -0.999900E+04  -0.999900E+04  -0.999900E+04  -0.999900E+04  -0.999900E+04  -0.999900E+04
   0.116040E+02   0.116040E+02  -0.999900E+04  -0.999900E+04  -0.999900E+04  -0.999900E+04  -0.999900E+04  -0.999900E+04  -0.999900E+04  -0.999900E+04   0.100483E+00   0.652280E-01   0.452130E-01   0.311701E-01  -0.999900E+04  -0.999900E+04  -0.999900E+04  -0.999900E+04  -0.999900E+04  -0.999900E+04  -0.999900E+04  -0.999900E+04
   0.116500E+02   0.116500E+02   0.100660E+00   0.650094E-01   0.456141E-01   0.320205E-01   0.100660E+00   0.650094E-01   0.456141E-01   0.320205E-01   0.100436E+00   0.651713E-01   0.451622E-01   0.311266E-01   0.224391E-03  -0.161909E-03   0.451897E-03   0.893928E-03   0.239880E+00  -0.288661E+00   0.983724E+00   0.938152E+00
   0.117040E+02   0.117040E+02  -0.999900E+04  -0.999900E+04  -0.999900E+04  -0.999900E+04  -0.999900E+04  -0.999900E+04  -0.999900E+04  -0.999900E+04   0.100380E+00   0.651048E-01   0.451026E-01   0.310757E-01  -0.999900E+04  -0.999900E+04  -0.999900E+04  -0.999900E+04  -0.999900E+04  -0.999900E+04  -0.999900E+04  -0.999900E+04
   0.118040E+02   0.118040E+02  -0.999900E+04  -0.999900E+04  -0.999900E+04  -0.999900E+04  -0.999900E+04  -0.999900E+04  -0.999900E+04  -0.999900E+04   0.100278E+00   0.649817E-01   0.449925E-01   0.309816E-01  -0.999900E+04  -0.999900E+04  -0.999900E+04  -0.999900E+04  -0.999900E+04  -0.999900E+04  -0.999900E+04  -0.999900E+04
   0.119040E+02   0.119040E+02  -0.999900E+04  -0.999900E+04  -0.999900E+04  -0.999900E+04  -0.999900E+04  -0.999900E+04  -0.999900E+04  -0.999900E+04   0.100176E+00   0.648588E-01   0.448826E-01   0.308880E-01  -0.999900E+04  -0.999900E+04  -0.999900E+04  -0.999900E+04  -0.999900E+04  -0.999900E+04  -0.999900E+04  -0.999900E+04
   0.120040E+02   0.120040E+02  -0.999900E+04  -0.999900E+04  -0.999900E+04  -0.999900E+04  -0.999900E+04  -0.999900E+04  -0.999900E+04  -0.999900E+04   0.100074E+00   0.647361E-01   0.447729E-01   0.307949E-01  -0.999900E+04  -0.999900E+04  -0.999900E+04  -0.999900E+04  -0.999900E+04  -0.999900E+04  -0.999900E+04  -0.999900E+04
   0.121040E+02   0.121040E+02  -0.999900E+04  -0.999900E+04  -0.999900E+04  -0.999900E+04  -0.999900E+04  -0.999900E+04  -0.999900E+04  -0.999900E+04   0.999730E-01   0.646134E-01   0.446635E-01   0.307022E-01  -0.999900E+04  -0.999900E+04  -0.999900E+04  -0.999900E+04  -0.999900E+04  -0.999900E+04  -0.999900E+04  -0.999900E+04
   0.122040E+02   0.122040E+02  -0.999900E+04  -0.999900E+04  -0.999900E+04  -0.999900E+04  -0.999900E+04  -0.999900E+04  -0.999900E+04  -0.999900E+04   0.998719E-01   0.644909E-01   0.445542E-01   0.306098E-01  -0.999900E+04  -0.999900E+04  -0.999900E+04  -0.999900E+04  -0.999900E+04  -0.999900E+04  -0.999900E+04  -0.999900E+04
   0.123040E+02   0.123040E+02  -0.999900E+04  -0.999900E+04  -0.999900E+04  -0.999900E+04  -0.999900E+04  -0.999900E+04  -0.999900E+04  -0.999900E+04   0.997712E-01   0.643685E-01   0.444451E-01   0.305178E-01  -0.999900E+04  -0.999900E+04  -0.999900E+04  -0.999900E+04  -0.999900E+04  -0.999900E+04  -0.999900E+04  -0.999900E+04
   0.124040E+02   0.124040E+02  -0.999900E+04  -0.999900E+04  -0.999900E+04  -0.999900E+04  -0.999900E+04  -0.999900E+04  -0.999900E+04  -0.999900E+04   0.996709E-01   0.642464E-01   0.443364E-01   0.304264E-01  -0.999900E+04  -0.999900E+04  -0.999900E+04  -0.999900E+04  -0.999900E+04  -0.999900E+04  -0.999900E+04  -0.999900E+04
   0.125040E+02   0.125040E+02  -0.999900E+04  -0.999900E+04  -0.999900E+04  -0.999900E+04  -0.999900E+04  -0.999900E+04  -0.999900E+04  -0.999900E+04   0.995711E-01   0.641246E-01   0.442281E-01   0.303356E-01  -0.999900E+04  -0.999900E+04  -0.999900E+04  -0.999900E+04  -0.999900E+04  -0.999900E+04  -0.999900E+04  -0.999900E+04
   0.126040E+02   0.126040E+02  -0.999900E+04  -0.999900E+04  -0.999900E+04  -0.999900E+04  -0.999900E+04  -0.999900E+04  -0.999900E+04  -0.999900E+04   0.994717E-01   0.640030E-01   0.441200E-01   0.302452E-01  -0.999900E+04  -0.999900E+04  -0.999900E+04  -0.999900E+04  -0.999900E+04  -0.999900E+04  -0.999900E+04  -0.999900E+04
   0.127040E+02   0.127040E+02  -0.999900E+04  -0.999900E+04  -0.999900E+04  -0.999900E+04  -0.999900E+04  -0.999900E+04  -0.999900E+04  -0.999900E+04   0.993726E-01   0.638815E-01   0.440122E-01   0.301553E-01  -0.999900E+04  -0.999900E+04  -0.999900E+04  -0.999900E+04  -0.999900E+04  -0.999900E+04  -0.999900E+04  -0.999900E+04
   0.128040E+02   0.128040E+02  -0.999900E+04  -0.999900E+04  -0.999900E+04  -0.999900E+04  -0.999900E+04  -0.999900E+04  -0.999900E+04  -0.999900E+04   0.992740E-01   0.637604E-01   0.439047E-01   0.300659E-01  -0.999900E+04  -0.999900E+04  -0.999900E+04  -0.999900E+04  -0.999900E+04  -0.999900E+04  -0.999900E+04  -0.999900E+04
   0.129040E+02   0.129040E+02  -0.999900E+04  -0.999900E+04  -0.999900E+04  -0.999900E+04  -0.999900E+04  -0.999900E+04  -0.999900E+04  -0.999900E+04   0.991760E-01   0.636396E-01   0.437978E-01   0.299771E-01  -0.999900E+04  -0.999900E+04  -0.999900E+04  -0.999900E+04  -0.999900E+04  -0.999900E+04  -0.999900E+04  -0.999900E+04
   0.130040E+02   0.130040E+02  -0.999900E+04  -0.999900E+04  -0.999900E+04  -0.999900E+04  -0.999900E+04  -0.999900E+04  -0.999900E+04  -0.999900E+04   0.990786E-01   0.635194E-01   0.436913E-01   0.298890E-01  -0.999900E+04  -0.999900E+04  -0.999900E+04  -0.999900E+04  -0.999900E+04  -0.999900E+04  -0.999900E+04  -0.999900E+04
   0.131040E+02   0.131040E+02  -0.999900E+04  -0.999900E+04  -0.999900E+04  -0.999900E+04  -0.999900E+04  -0.999900E+04  -0.999900E+04  -0.999900E+04   0.989816E-01   0.633995E-01   0.435852E-01   0.298015E-01  -0.999900E+04  -0.999900E+04  -0.999900E+04  -0.999900E+04  -0.999900E+04  -0.999900E+04  -0.999900E+04  -0.999900E+04
   0.132040E+02   0.132040E+02  -0.999900E+04  -0.999900E+04  -0.999900E+04  -0.999900E+04  -0.999900E+04  -0.999900E+04  -0.999900E+04  -0.999900E+04   0.988852E-01   0.632799E-01   0.434795E-01   0.297146E-01  -0.999900E+04  -0.999900E+04  -0.999900E+04  -0.999900E+04  -0.999900E+04  -0.999900E+04  -0.999900E+04  -0.999900E+04
   0.133040E+02   0.133040E+02  -0.999900E+04  -0.999900E+04  -0.999900E+04  -0.999900E+04  -0.999900E+04  -0.999900E+04  -0.999900E+04  -0.999900E+04   0.987892E-01   0.631606E-01   0.433742E-01   0.296283E-01  -0.999900E+04  -0.999900E+04  -0.999900E+04  -0.999900E+04  -0.999900E+04  -0.999900E+04  -0.999900E+04  -0.999900E+04
   0.134040E+02   0.134040E+02  -0.999900E+04  -0.999900E+04  -0.999900E+04  -0.999900E+04  -0.999900E+04  -0.999900E+04  -0.999900E+04  -0.999900E+04   0.986940E-01   0.630420E-01   0.432696E-01   0.295427E-01  -0.999900E+04  -0.999900E+04  -0.999900E+04  -0.999900E+04  -0.999900E+04  -0.999900E+04  -0.999900E+04  -0.999900E+04
   0.135040E+02   0.135040E+02  -0.999900E+04  -0.999900E+04  -0.999900E+04  -0.999900E+04  -0.999900E+04  -0.999900E+04  -0.999900E+04  -0.999900E+04   0.985995E-01   0.629240E-01   0.431656E-01   0.294580E-01  -0.999900E+04  -0.999900E+04  -0.999900E+04  -0.999900E+04  -0.999900E+04  -0.999900E+04  -0.999900E+04  -0.999900E+04
   0.136040E+02   0.136040E+02  -0.999900E+04  -0.999900E+04  -0.999900E+04  -0.999900E+04  -0.999900E+04  -0.999900E+04  -0.999900E+04  -0.999900E+04   0.985056E-01   0.628065E-01   0.430622E-01   0.293738E-01  -0.999900E+04  -0.999900E+04  -0.999900E+04  -0.999900E+04  -0.999900E+04  -0.999900E+04  -0.999900E+04  -0.999900E+04
   0.137040E+02   0.137040E+02  -0.999900E+04  -0.999900E+04  -0.999900E+04  -0.999900E+04  -0.999900E+04  -0.999900E+04  -0.999900E+04  -0.999900E+04   0.984123E-01   0.626894E-01   0.429592E-01   0.292904E-01  -0.999900E+04  -0.999900E+04  -0.999900E+04  -0.999900E+04  -0.999900E+04  -0.999900E+04  -0.999900E+04  -0.999900E+04
   0.138040E+02   0.138040E+02  -0.999900E+04  -0.999900E+04  -0.999900E+04  -0.999900E+04  -0.999900E+04  -0.999900E+04  -0.999900E+04  -0.999900E+04   0.983196E-01   0.625727E-01   0.428567E-01   0.292076E-01  -0.999900E+04  -0.999900E+04  -0.999900E+04  -0.999900E+04  -0.999900E+04  -0.999900E+04  -0.999900E+04  -0.999900E+04
   0.139040E+02   0.139040E+02  -0.999900E+04  -0.999900E+04  -0.999900E+04  -0.999900E+04  -0.999900E+04  -0.999900E+04  -0.999900E+04  -0.999900E+04   0.982277E-01   0.624569E-01   0.427550E-01   0.291258E-01  -0.999900E+04  -0.999900E+04  -0.999900E+04  -0.999900E+04  -0.999900E+04  -0.999900E+04  -0.999900E+04  -0.999900E+04
   0.140040E+02   0.140040E+02  -0.999900E+04  -0.999900E+04  -0.999900E+04  -0.999900E+04  -0.999900E+04  -0.999900E+04  -0.999900E+04  -0.999900E+04   0.981368E-01   0.623419E-01   0.426542E-01   0.290448E-01  -0.999900E+04  -0.999900E+04  -0.999900E+04  -0.999900E+04  -0.999900E+04  -0.999900E+04  -0.999900E+04  -0.999900E+04
   0.141040E+02   0.141040E+02  -0.999900E+04  -0.999900E+04  -0.999900E+04  -0.999900E+04  -0.999900E+04  -0.999900E+04  -0.999900E+04  -0.999900E+04   0.980465E-01   0.622275E-01   0.425540E-01   0.289646E-01  -0.999900E+04  -0.999900E+04  -0.999900E+04  -0.999900E+04  -0.999900E+04  -0.999900E+04  -0.999900E+04  -0.999900E+04
   0.142040E+02   0.142040E+02  -0.999900E+04  -0.999900E+04  -0.999900E+04  -0.999900E+04  -0.999900E+04  -0.999900E+04  -0.999900E+04  -0.999900E+04   0.979568E-01   0.621137E-01   0.424544E-01   0.288852E-01  -0.999900E+04  -0.999900E+04  -0.999900E+04  -0.999900E+04  -0.999900E+04  -0.999900E+04  -0.999900E+04  -0.999900E+04
   0.143040E+02   0.143040E+02  -0.999900E+04  -0.999900E+04  -0.999900E+04  -0.999900E+04  -0.999900E+04  -0.999900E+04  -0.999900E+04  -0.999900E+04   0.978679E-01   0.620005E-01   0.423554E-01   0.288065E-01  -0.999900E+04  -0.999900E+04  -0.999900E+04  -0.999900E+04  -0.999900E+04  -0.999900E+04  -0.999900E+04  -0.999900E+04
   0.144040E+02   0.144040E+02  -0.999900E+04  -0.999900E+04  -0.999900E+04  -0.999900E+04  -0.999900E+04  -0.999900E+04  -0.999900E+04  -0.999900E+04   0.977800E-01   0.618882E-01   0.422574E-01   0.287289E-01  -0.999900E+04  -0.999900E+04  -0.999900E+04  -0.999900E+04  -0.999900E+04  -0.999900E+04  -0.999900E+04  -0.999900E+04
   0.145040E+02   0.145040E+02  -0.999900E+04  -0.999900E+04  -0.999900E+04  -0.999900E+04  -0.999900E+04  -0.999900E+04  -0.999900E+04  -0.999900E+04   0.976931E-01   0.617771E-01   0.421604E-01   0.286522E-01  -0.999900E+04  -0.999900E+04  -0.999900E+04  -0.999900E+04  -0.999900E+04  -0.999900E+04  -0.999900E+04  -0.999900E+04
   0.146040E+02   0.146040E+02  -0.999900E+04  -0.999900E+04  -0.999900E+04  -0.999900E+04  -0.999900E+04  -0.999900E+04  -0.999900E+04  -0.999900E+04   0.976069E-01   0.616666E-01   0.420641E-01   0.285764E-01  -0.999900E+04  -0.999900E+04  -0.999900E+04  -0.999900E+04  -0.999900E+04  -0.999900E+04  -0.999900E+04  -0.999900E+04
   0.147040E+02   0.147040E+02  -0.999900E+04  -0.999900E+04  -0.999900E+04  -0.999900E+04  -0.999900E+04  -0.999900E+04  -0.999900E+04  -0.999900E+04   0.975215E-01   0.615568E-01   0.419685E-01   0.285014E-01  -0.999900E+04  -0.999900E+04  -0.999900E+04  -0.999900E+04  -0.999900E+04  -0.999900E+04  -0.999900E+04  -0.999900E+04
   0.148040E+02   0.148040E+02  -0.999900E+04  -0.999900E+04  -0.999900E+04  -0.999900E+04  -0.999900E+04  -0.999900E+04  -0.999900E+04  -0.999900E+04   0.974373E-01   0.614482E-01   0.418740E-01   0.284275E-01  -0.999900E+04  -0.999900E+04  -0.999900E+04  -0.999900E+04  -0.999900E+04  -0.999900E+04  -0.999900E+04  -0.999900E+04
   0.149040E+02   0.149040E+02  -0.999900E+04  -0.999900E+04  -0.999900E+04  -0.999900E+04  -0.999900E+04  -0.999900E+04  -0.999900E+04  -0.999900E+04   0.973542E-01   0.613407E-01   0.417807E-01   0.283548E-01  -0.999900E+04  -0.999900E+04  -0.999900E+04  -0.999900E+04  -0.999900E+04  -0.999900E+04  -0.999900E+04  -0.999900E+04
   0.150040E+02   0.150040E+02  -0.999900E+04  -0.999900E+04  -0.999900E+04  -0.999900E+04  -0.999900E+04  -0.999900E+04  -0.999900E+04  -0.999900E+04   0.972719E-01   0.612342E-01   0.416882E-01   0.282829E-01  -0.999900E+04  -0.999900E+04  -0.999900E+04  -0.999900E+04  -0.999900E+04  -0.999900E+04  -0.999900E+04  -0.999900E+04
   0.151040E+02   0.151040E+02  -0.999900E+04  -0.999900E+04  -0.999900E+04  -0.999900E+04  -0.999900E+04  -0.999900E+04  -0.999900E+04  -0.999900E+04   0.971904E-01   0.611284E-01   0.415965E-01   0.282119E-01  -0.999900E+04  -0.999900E+04  -0.999900E+04  -0.999900E+04  -0.999900E+04  -0.999900E+04  -0.999900E+04  -0.999900E+04
   0.152040E+02   0.152040E+02  -0.999900E+04  -0.999900E+04  -0.999900E+04  -0.999900E+04  -0.999900E+04  -0.999900E+04  -0.999900E+04  -0.999900E+04   0.971098E-01   0.610235E-01   0.415056E-01   0.281419E-01  -0.999900E+04  -0.999900E+04  -0.999900E+04  -0.999900E+04  -0.999900E+04  -0.999900E+04  -0.999900E+04  -0.999900E+04
   0.153040E+02   0.153040E+02  -0.999900E+04  -0.999900E+04  -0.999900E+04  -0.999900E+04  -0.999900E+04  -0.999900E+04  -0.999900E+04  -0.999900E+04   0.970305E-01   0.609200E-01   0.414160E-01   0.280730E-01  -0.999900E+04  -0.999900E+04  -0.999900E+04  -0.999900E+04  -0.999900E+04  -0.999900E+04  -0.999900E+04  -0.999900E+04
   0.154040E+02   0.154040E+02  -0.999900E+04  -0.999900E+04  -0.999900E+04  -0.999900E+04  -0.999900E+04  -0.999900E+04  -0.999900E+04  -0.999900E+04   0.969524E-01   0.608178E-01   0.413277E-01   0.280053E-01  -0.999900E+04  -0.999900E+04  -0.999900E+04  -0.999900E+04  -0.999900E+04  -0.999900E+04  -0.999900E+04  -0.999900E+04
   0.155040E+02   0.155040E+02  -0.999900E+04  -0.999900E+04  -0.999900E+04  -0.999900E+04  -0.999900E+04  -0.999900E+04  -0.999900E+04  -0.999900E+04   0.968752E-01   0.607166E-01   0.412402E-01   0.279385E-01  -0.999900E+04  -0.999900E+04  -0.999900E+04  -0.999900E+04  -0.999900E+04  -0.999900E+04  -0.999900E+04  -0.999900E+04
   0.156040E+02   0.156040E+02  -0.999900E+04  -0.999900E+04  -0.999900E+04  -0.999900E+04  -0.999900E+04  -0.999900E+04  -0.999900E+04  -0.999900E+04   0.967990E-01   0.606163E-01   0.411538E-01   0.278728E-01  -0.999900E+04  -0.999900E+04  -0.999900E+04  -0.999900E+04  -0.999900E+04  -0.999900E+04  -0.999900E+04  -0.999900E+04
   0.156500E+02   0.156500E+02  -0.999900E+04  -0.999900E+04  -0.999900E+04  -0.999900E+04  -0.999900E+04  -0.999900E+04  -0.999900E+04  -0.999900E+04   0.967643E-01   0.605707E-01   0.411144E-01   0.278429E-01  -0.999900E+04  -0.999900E+04  -0.999900E+04  -0.999900E+04  -0.999900E+04  -0.999900E+04  -0.999900E+04  -0.999900E+04
   0.157040E+02   0.157040E+02  -0.999900E+04  -0.999900E+04  -0.999900E+04  -0.999900E+04  -0.999900E+04  -0.999900E+04  -0.999900E+04  -0.999900E+04   0.967239E-01   0.605174E-01   0.410685E-01   0.278081E-01  -0.999900E+04  -0.999900E+04  -0.999900E+04  -0.999900E+04  -0.999900E+04  -0.999900E+04  -0.999900E+04  -0.999900E+04
   0.158040E+02   0.158040E+02  -0.999900E+04  -0.999900E+04  -0.999900E+04  -0.999900E+04  -0.999900E+04  -0.999900E+04  -0.999900E+04  -0.999900E+04   0.966499E-01   0.604197E-01   0.409844E-01   0.277445E-01  -0.999900E+04  -0.999900E+04  -0.999900E+04  -0.999900E+04  -0.999900E+04  -0.999900E+04  -0.999900E+04  -0.999900E+04
   0.159040E+02   0.159040E+02  -0.999900E+04  -0.999900E+04  -0.999900E+04  -0.999900E+04  -0.999900E+04  -0.999900E+04  -0.999900E+04  -0.999900E+04   0.965773E-01   0.603235E-01   0.409017E-01   0.276822E-01  -0.999900E+04  -0.999900E+04  -0.999900E+04  -0.999900E+04  -0.999900E+04  -0.999900E+04  -0.999900E+04  -0.999900E+04
   0.160040E+02   0.160040E+02  -0.999900E+04  -0.999900E+04  -0.999900E+04  -0.999900E+04  -0.999900E+04  -0.999900E+04  -0.999900E+04  -0.999900E+04   0.965057E-01   0.602285E-01   0.408200E-01   0.276209E-01  -0.999900E+04  -0.999900E+04  -0.999900E+04  -0.999900E+04  -0.999900E+04  -0.999900E+04  -0.999900E+04  -0.999900E+04
   0.161040E+02   0.161040E+02  -0.999900E+04  -0.999900E+04  -0.999900E+04  -0.999900E+04  -0.999900E+04  -0.999900E+04  -0.999900E+04  -0.999900E+04   0.964351E-01   0.601345E-01   0.407393E-01   0.275605E-01  -0.999900E+04  -0.999900E+04  -0.999900E+04  -0.999900E+04  -0.999900E+04  -0.999900E+04  -0.999900E+04  -0.999900E+04
   0.162040E+02   0.162040E+02  -0.999900E+04  -0.999900E+04  -0.999900E+04  -0.999900E+04  -0.999900E+04  -0.999900E+04  -0.999900E+04  -0.999900E+04   0.963655E-01   0.600417E-01   0.406597E-01   0.275012E-01  -0.999900E+04  -0.999900E+04  -0.999900E+04  -0.999900E+04  -0.999900E+04  -0.999900E+04  -0.999900E+04  -0.999900E+04
   0.163040E+02   0.163040E+02  -0.999900E+04  -0.999900E+04  -0.999900E+04  -0.999900E+04  -0.999900E+04  -0.999900E+04  -0.999900E+04  -0.999900E+04   0.962973E-01   0.599505E-01   0.405816E-01   0.274432E-01  -0.999900E+04  -0.999900E+04  -0.999900E+04  -0.999900E+04  -0.999900E+04  -0.999900E+04  -0.999900E+04  -0.999900E+04
   0.164040E+02   0.164040E+02  -0.999900E+04  -0.999900E+04  -0.999900E+04  -0.999900E+04  -0.999900E+04  -0.999900E+04  -0.999900E+04  -0.999900E+04   0.962306E-01   0.598611E-01   0.405051E-01   0.273865E-01  -0.999900E+04  -0.999900E+04  -0.999900E+04  -0.999900E+04  -0.999900E+04  -0.999900E+04  -0.999900E+04  -0.999900E+04
   0.165040E+02   0.165040E+02  -0.999900E+04  -0.999900E+04  -0.999900E+04  -0.999900E+04  -0.999900E+04  -0.999900E+04  -0.999900E+04  -0.999900E+04   0.961649E-01   0.597729E-01   0.404296E-01   0.273308E-01  -0.999900E+04  -0.999900E+04  -0.999900E+04  -0.999900E+04  -0.999900E+04  -0.999900E+04  -0.999900E+04  -0.999900E+04
