a0_min         a1_min         a2_min         a3_min         a4_min         Y1_intercept   Y2_intercept   Y3_intercept   Y4_intercept   LogPost        LogPrior       LogHyper       LogLkh         Deviance       
   0.996550E+02   0.263927E+01  -0.948441E+01  -0.132281E+02  -0.104273E+02   0.465202E-03   0.116140E-04   0.460386E-03   0.779639E-03   0.186193E+03   0.000000E+00   0.000000E+00   0.186193E+03  -0.372386E+03
   0.996550E+02   0.263927E+01  -0.160822E+02  -0.128407E+02  -0.104273E+02   0.465202E-03   0.116140E-04   0.460386E-03   0.109695E-02   0.184184E+03   0.000000E+00   0.000000E+00   0.184184E+03  -0.368368E+03
   0.996550E+02   0.263927E+01  -0.143853E+02  -0.216794E+01  -0.143184E+02   0.557766E-03   0.116140E-04   0.460386E-03   0.109695E-02   0.186138E+03   0.000000E+00   0.000000E+00   0.186138E+03  -0.372276E+03
   0.996550E+02   0.831978E+00   0.264334E+01  -0.216794E+01  -0.700479E+01   0.557766E-03   0.116140E-04   0.460386E-03   0.109695E-02   0.186310E+03   0.000000E+00   0.000000E+00   0.186310E+03  -0.372620E+03
   0.996550E+02   0.529338E+01  -0.175304E+01   0.164170E+01  -0.393907E+01   0.557766E-03   0.116140E-04   0.460386E-03   0.109695E-02   0.188466E+03   0.000000E+00   0.000000E+00   0.188466E+03  -0.376932E+03
   0.996550E+02   0.529338E+01  -0.175304E+01   0.164170E+01  -0.393907E+01   0.632996E-04   0.116140E-04   0.460386E-03   0.109695E-02   0.189523E+03   0.000000E+00   0.000000E+00   0.189523E+03  -0.379046E+03
   0.100625E+03   0.529338E+01  -0.377707E+01  -0.402221E+01   0.350612E+00   0.632996E-04   0.116140E-04   0.460386E-03   0.102151E-02   0.189843E+03   0.000000E+00   0.000000E+00   0.189843E+03  -0.379686E+03
   0.100625E+03   0.529338E+01   0.398064E+00  -0.136669E+01   0.148193E+01   0.632996E-04   0.116140E-04   0.460386E-03   0.102151E-02   0.190814E+03   0.000000E+00   0.000000E+00   0.190814E+03  -0.381628E+03
   0.100625E+03  -0.865293E+00   0.398064E+00   0.221724E+00  -0.100662E+02   0.632996E-04   0.116140E-04   0.460386E-03   0.102151E-02   0.189397E+03   0.000000E+00   0.000000E+00   0.189397E+03  -0.378794E+03
   0.100625E+03   0.618298E+00  -0.774670E+01   0.316617E+01  -0.942624E+01   0.632996E-04   0.116140E-04   0.460386E-03   0.102151E-02   0.189937E+03   0.000000E+00   0.000000E+00   0.189937E+03  -0.379874E+03
   0.100625E+03   0.618298E+00  -0.774670E+01   0.800802E+01  -0.775826E+01   0.632996E-04   0.116140E-04   0.460386E-03   0.102151E-02   0.188618E+03   0.000000E+00   0.000000E+00   0.188618E+03  -0.377236E+03
   0.100625E+03   0.110455E+01   0.201370E+01   0.709447E+01   0.884114E+01   0.632996E-04   0.116140E-04   0.460386E-03   0.102151E-02   0.190506E+03   0.000000E+00   0.000000E+00   0.190506E+03  -0.381012E+03
   0.100625E+03   0.217994E+01   0.858013E+00  -0.460626E+01   0.729969E+01   0.632996E-04   0.161640E-03   0.460386E-03   0.102151E-02   0.191221E+03   0.000000E+00   0.000000E+00   0.191221E+03  -0.382442E+03
   0.100722E+03   0.217994E+01   0.858013E+00  -0.298326E+01   0.112030E+02   0.240021E-03   0.161640E-03   0.460386E-03   0.102151E-02   0.190918E+03   0.000000E+00   0.000000E+00   0.190918E+03  -0.381836E+03
   0.100722E+03   0.217994E+01   0.858013E+00  -0.729305E+01   0.112030E+02   0.240021E-03   0.312148E-03   0.460386E-03   0.102151E-02   0.189463E+03   0.000000E+00   0.000000E+00   0.189463E+03  -0.378926E+03
   0.100722E+03  -0.114816E+01   0.293007E+01  -0.811219E+01  -0.443377E+01   0.240021E-03   0.312148E-03   0.460386E-03   0.102151E-02   0.189450E+03   0.000000E+00   0.000000E+00   0.189450E+03  -0.378900E+03
   0.100722E+03   0.734069E+00   0.479130E+00  -0.315054E+01  -0.963412E+00   0.250942E-03   0.312148E-03   0.460386E-03   0.102151E-02   0.191084E+03   0.000000E+00   0.000000E+00   0.191084E+03  -0.382168E+03
   0.100722E+03   0.211998E+01   0.479130E+00  -0.572915E+01  -0.394337E+01   0.250942E-03   0.312148E-03   0.460386E-03   0.141327E-02   0.190239E+03   0.000000E+00   0.000000E+00   0.190239E+03  -0.380478E+03
   0.100722E+03   0.211998E+01  -0.841871E+01  -0.572915E+01  -0.785514E+01   0.301162E-03   0.312148E-03   0.460386E-03   0.141327E-02   0.189938E+03   0.000000E+00   0.000000E+00   0.189938E+03  -0.379876E+03
   0.100722E+03   0.543312E+01  -0.841871E+01  -0.572915E+01   0.325326E+01   0.301162E-03   0.312148E-03   0.642095E-03   0.191681E-02   0.185284E+03   0.000000E+00   0.000000E+00   0.185284E+03  -0.370568E+03
   0.100722E+03   0.543312E+01  -0.841871E+01   0.406144E+01   0.117028E+02   0.301162E-03   0.312148E-03   0.642095E-03   0.191681E-02   0.184923E+03   0.000000E+00   0.000000E+00   0.184923E+03  -0.369846E+03
   0.100722E+03   0.543312E+01  -0.841871E+01   0.124641E+01   0.276159E+01   0.301162E-03   0.312148E-03   0.642095E-03   0.191681E-02   0.186167E+03   0.000000E+00   0.000000E+00   0.186167E+03  -0.372334E+03
   0.100722E+03   0.543312E+01   0.380565E+01   0.539181E+01   0.440588E+01   0.301162E-03   0.570938E-03   0.642095E-03   0.191681E-02   0.186697E+03   0.000000E+00   0.000000E+00   0.186697E+03  -0.373394E+03
   0.100722E+03   0.982409E+01   0.380565E+01   0.148935E+02   0.893964E+01   0.301162E-03   0.570938E-03   0.642095E-03   0.132721E-02   0.186708E+03   0.000000E+00   0.000000E+00   0.186708E+03  -0.373416E+03
   0.100722E+03   0.248739E+01   0.673375E+01   0.990192E+01   0.893964E+01   0.301162E-03   0.570938E-03   0.642095E-03   0.132721E-02   0.187086E+03   0.000000E+00   0.000000E+00   0.187086E+03  -0.374172E+03
   0.101572E+03   0.248739E+01   0.907177E+01   0.990192E+01   0.171346E+02   0.136948E-03   0.570938E-03   0.642095E-03   0.132721E-02   0.187789E+03   0.000000E+00   0.000000E+00   0.187789E+03  -0.375578E+03
   0.101572E+03   0.901134E+01   0.357673E+01   0.134273E+02   0.980070E+01   0.109422E-03   0.570938E-03   0.642095E-03   0.132721E-02   0.187831E+03   0.000000E+00   0.000000E+00   0.187831E+03  -0.375662E+03
   0.101572E+03   0.978258E+01   0.851599E+01   0.149466E+02   0.221504E+02   0.109422E-03   0.854870E-04   0.642095E-03   0.132721E-02   0.188128E+03   0.000000E+00   0.000000E+00   0.188128E+03  -0.376256E+03
   0.103372E+03   0.978258E+01   0.132564E+02   0.186693E+02   0.169920E+02   0.109422E-03   0.854870E-04   0.642095E-03   0.132721E-02   0.191161E+03   0.000000E+00   0.000000E+00   0.191161E+03  -0.382322E+03
   0.103372E+03   0.978258E+01   0.132564E+02   0.266474E+02   0.115538E+01   0.109422E-03   0.854870E-04   0.642095E-03   0.132721E-02   0.187594E+03   0.000000E+00   0.000000E+00   0.187594E+03  -0.375188E+03
   0.103372E+03   0.981051E+01   0.132156E+02   0.145015E+02   0.115538E+01   0.109422E-03   0.854870E-04   0.642095E-03   0.132721E-02   0.188000E+03   0.000000E+00   0.000000E+00   0.188000E+03  -0.376000E+03
   0.103372E+03   0.981051E+01   0.132156E+02   0.145015E+02   0.257464E+02   0.109422E-03   0.589439E-04   0.642095E-03   0.135061E-02   0.190693E+03   0.000000E+00   0.000000E+00   0.190693E+03  -0.381386E+03
   0.103372E+03   0.981051E+01   0.132156E+02   0.169246E+02   0.257464E+02   0.109422E-03   0.589439E-04   0.642095E-03   0.154201E-02   0.190528E+03   0.000000E+00   0.000000E+00   0.190528E+03  -0.381056E+03
   0.103372E+03   0.843347E+01   0.168052E+02   0.112745E+02   0.257464E+02   0.109422E-03   0.554967E-04   0.642095E-03   0.154201E-02   0.190320E+03   0.000000E+00   0.000000E+00   0.190320E+03  -0.380640E+03
   0.103372E+03   0.843347E+01   0.899046E+01   0.747282E+01   0.269366E+02   0.109422E-03   0.554967E-04   0.642095E-03   0.114300E-02   0.188658E+03   0.000000E+00   0.000000E+00   0.188658E+03  -0.377316E+03
   0.102532E+03   0.811705E+01   0.136309E+02   0.195620E+02   0.252747E+02   0.109422E-03   0.554967E-04   0.642095E-03   0.114300E-02   0.189225E+03   0.000000E+00   0.000000E+00   0.189225E+03  -0.378450E+03
   0.102532E+03   0.811705E+01   0.136309E+02   0.174866E+02   0.213246E+02   0.109422E-03   0.554967E-04   0.642095E-03   0.114300E-02   0.190647E+03   0.000000E+00   0.000000E+00   0.190647E+03  -0.381294E+03
   0.102532E+03   0.811705E+01   0.130179E+02   0.142346E+02   0.191620E+02   0.109422E-03   0.554967E-04   0.642095E-03   0.976743E-03   0.191414E+03   0.000000E+00   0.000000E+00   0.191414E+03  -0.382828E+03
   0.102906E+03   0.601240E+01   0.896960E+01   0.111123E+02   0.137630E+02   0.109422E-03   0.554967E-04   0.642095E-03   0.976743E-03   0.190800E+03   0.000000E+00   0.000000E+00   0.190800E+03  -0.381600E+03
   0.102906E+03   0.601240E+01   0.796587E+01   0.163392E+01   0.169237E+02   0.109422E-03   0.554967E-04   0.642095E-03   0.976743E-03   0.189183E+03   0.000000E+00   0.000000E+00   0.189183E+03  -0.378366E+03
   0.101774E+03   0.601240E+01   0.825299E+01   0.114473E+02   0.911167E+01   0.109422E-03   0.554967E-04   0.519877E-03   0.976743E-03   0.192210E+03   0.000000E+00   0.000000E+00   0.192210E+03  -0.384420E+03
   0.101774E+03   0.585596E+01   0.836905E+01   0.397817E+01   0.123582E+02   0.109422E-03   0.554967E-04   0.519877E-03   0.976743E-03   0.191622E+03   0.000000E+00   0.000000E+00   0.191622E+03  -0.383244E+03
   0.101911E+03   0.353714E+01   0.836905E+01   0.441239E+01   0.178834E+02   0.109422E-03   0.554967E-04   0.519877E-03   0.976743E-03   0.191977E+03   0.000000E+00   0.000000E+00   0.191977E+03  -0.383954E+03
   0.102037E+03   0.119566E+00   0.836905E+01   0.441239E+01   0.261637E+02   0.109422E-03   0.554967E-04   0.519877E-03   0.976743E-03   0.188672E+03   0.000000E+00   0.000000E+00   0.188672E+03  -0.377344E+03
   0.102037E+03  -0.742645E+00   0.404986E+01   0.270739E+00  -0.769350E-01   0.109422E-03   0.554967E-04   0.519877E-03   0.976743E-03   0.189642E+03   0.000000E+00   0.000000E+00   0.189642E+03  -0.379284E+03
   0.102037E+03  -0.133168E+01   0.404986E+01   0.495256E+01   0.133523E+02   0.109422E-03   0.554967E-04   0.519877E-03   0.156762E-02   0.188624E+03   0.000000E+00   0.000000E+00   0.188624E+03  -0.377248E+03
   0.102037E+03   0.398992E+01   0.404986E+01   0.752615E+01   0.259410E+02   0.109422E-03   0.554967E-04   0.519877E-03   0.107917E-02   0.189891E+03   0.000000E+00   0.000000E+00   0.189891E+03  -0.379782E+03
   0.102037E+03  -0.912026E-01   0.404986E+01   0.752615E+01   0.250660E+02   0.109422E-03   0.554967E-04   0.519877E-03   0.107917E-02   0.187489E+03   0.000000E+00   0.000000E+00   0.187489E+03  -0.374978E+03
   0.102037E+03   0.445548E+01   0.404986E+01   0.812331E+01   0.111273E+02   0.109422E-03   0.554967E-04   0.543067E-04   0.107917E-02   0.193698E+03   0.000000E+00   0.000000E+00   0.193698E+03  -0.387396E+03
   0.102037E+03   0.445548E+01   0.783807E+01   0.206830E+02   0.903981E+01   0.109422E-03   0.554967E-04   0.543067E-04   0.107917E-02   0.191396E+03   0.000000E+00   0.000000E+00   0.191396E+03  -0.382792E+03
   0.102037E+03   0.445548E+01   0.556026E+01   0.979476E+01   0.202603E+02   0.109422E-03   0.554967E-04   0.543067E-04   0.927085E-03   0.193361E+03   0.000000E+00   0.000000E+00   0.193361E+03  -0.386722E+03
   0.102037E+03   0.445548E+01   0.412867E+01   0.116479E+02   0.760675E+01   0.109422E-03   0.714064E-04   0.591794E-04   0.927085E-03   0.193142E+03   0.000000E+00   0.000000E+00   0.193142E+03  -0.386284E+03
   0.102037E+03   0.445548E+01   0.750686E+01   0.116479E+02   0.187704E+02   0.109422E-03   0.714064E-04   0.591794E-04   0.927085E-03   0.193954E+03   0.000000E+00   0.000000E+00   0.193954E+03  -0.387908E+03
   0.101302E+03   0.445548E+01   0.750686E+01   0.116479E+02   0.187704E+02   0.109422E-03   0.163160E-03   0.591794E-04   0.388169E-02   0.185787E+03   0.000000E+00   0.000000E+00   0.185787E+03  -0.371574E+03
   0.101302E+03   0.445548E+01  -0.608637E+00   0.103716E+02   0.187704E+02   0.109422E-03   0.163160E-03   0.591794E-04   0.388169E-02   0.184733E+03   0.000000E+00   0.000000E+00   0.184733E+03  -0.369466E+03
   0.101302E+03   0.413436E+01  -0.240713E+01   0.118257E+02   0.164392E+02   0.109422E-03   0.820407E-04   0.591794E-04   0.388169E-02   0.184484E+03   0.000000E+00   0.000000E+00   0.184484E+03  -0.368968E+03
   0.101302E+03   0.160920E+01   0.823608E+01   0.870810E+01   0.162509E+01   0.109422E-03   0.820407E-04   0.591794E-04   0.962613E-03   0.192159E+03   0.000000E+00   0.000000E+00   0.192159E+03  -0.384318E+03
   0.101302E+03   0.160920E+01   0.207981E+01  -0.739497E+00   0.168678E+02   0.109422E-03   0.820407E-04   0.591794E-04   0.962613E-03   0.192777E+03   0.000000E+00   0.000000E+00   0.192777E+03  -0.385554E+03
   0.101302E+03   0.160920E+01   0.202297E+01  -0.739497E+00   0.394808E+01   0.109422E-03   0.820407E-04   0.153376E-03   0.962613E-03   0.193843E+03   0.000000E+00   0.000000E+00   0.193843E+03  -0.387686E+03
   0.101302E+03  -0.205020E+01   0.270462E+01   0.208310E+01   0.114762E+02   0.143287E-04   0.820407E-04   0.153376E-03   0.962613E-03   0.191447E+03   0.000000E+00   0.000000E+00   0.191447E+03  -0.382894E+03
   0.101302E+03  -0.205020E+01   0.321911E+01   0.208310E+01   0.114762E+02   0.143287E-04   0.820407E-04   0.153376E-03   0.962613E-03   0.191488E+03   0.000000E+00   0.000000E+00   0.191488E+03  -0.382976E+03
   0.101302E+03  -0.205020E+01   0.321911E+01  -0.104085E+02   0.122754E+02   0.143287E-04   0.820407E-04   0.153376E-03   0.962613E-03   0.192217E+03   0.000000E+00   0.000000E+00   0.192217E+03  -0.384434E+03
   0.101302E+03  -0.205020E+01   0.321911E+01  -0.104085E+02   0.122754E+02   0.143287E-04   0.857705E-04   0.153376E-03   0.962613E-03   0.192215E+03   0.000000E+00   0.000000E+00   0.192215E+03  -0.384430E+03
   0.101302E+03  -0.239632E+01   0.321911E+01  -0.118707E+02   0.314883E+01   0.143287E-04   0.857705E-04   0.153376E-03   0.962613E-03   0.192301E+03   0.000000E+00   0.000000E+00   0.192301E+03  -0.384602E+03
   0.101302E+03  -0.239632E+01  -0.319536E+00  -0.125591E+02   0.436244E+01   0.146926E-03   0.857705E-04   0.153376E-03   0.962613E-03   0.192367E+03   0.000000E+00   0.000000E+00   0.192367E+03  -0.384734E+03
   0.101302E+03  -0.239632E+01   0.713637E+01  -0.762281E+01   0.150639E+02   0.146926E-03   0.857705E-04   0.153376E-03   0.962613E-03   0.191567E+03   0.000000E+00   0.000000E+00   0.191567E+03  -0.383134E+03
   0.101302E+03  -0.160173E+01   0.713637E+01  -0.736278E+01  -0.273721E+01   0.146926E-03   0.857705E-04   0.153376E-03   0.962613E-03   0.190790E+03   0.000000E+00   0.000000E+00   0.190790E+03  -0.381580E+03
   0.101302E+03  -0.160173E+01   0.985073E+00  -0.736278E+01   0.138339E+02   0.146926E-03   0.857705E-04   0.153376E-03   0.119218E-02   0.192343E+03   0.000000E+00   0.000000E+00   0.192343E+03  -0.384686E+03
   0.101302E+03  -0.160173E+01   0.336179E+01  -0.147993E+02   0.502193E+01   0.146926E-03   0.857705E-04   0.153376E-03   0.119218E-02   0.191373E+03   0.000000E+00   0.000000E+00   0.191373E+03  -0.382746E+03
   0.101302E+03  -0.307897E+01  -0.364548E+01  -0.173725E+02   0.333639E+01   0.146926E-03   0.857705E-04   0.153376E-03   0.119218E-02   0.191219E+03   0.000000E+00   0.000000E+00   0.191219E+03  -0.382438E+03
   0.101302E+03  -0.307897E+01  -0.364548E+01  -0.133938E+02   0.380033E+01   0.146926E-03   0.857705E-04   0.153376E-03   0.119218E-02   0.191828E+03   0.000000E+00   0.000000E+00   0.191828E+03  -0.383656E+03
   0.101302E+03  -0.307897E+01  -0.364548E+01  -0.775867E+01  -0.419029E+00   0.146926E-03   0.857705E-04   0.153376E-03   0.119218E-02   0.191737E+03   0.000000E+00   0.000000E+00   0.191737E+03  -0.383474E+03
   0.101302E+03  -0.307897E+01  -0.364548E+01  -0.775867E+01  -0.797679E+01   0.215582E-03   0.857705E-04   0.153376E-03   0.178577E-02   0.190283E+03   0.000000E+00   0.000000E+00   0.190283E+03  -0.380566E+03
   0.101302E+03   0.339986E+01  -0.364548E+01  -0.775867E+01  -0.797679E+01   0.215582E-03   0.857705E-04   0.153376E-03   0.178577E-02   0.190295E+03   0.000000E+00   0.000000E+00   0.190295E+03  -0.380590E+03
   0.101302E+03   0.339986E+01  -0.364548E+01  -0.992301E+01  -0.797679E+01   0.215582E-03   0.857705E-04   0.153376E-03   0.178577E-02   0.189877E+03   0.000000E+00   0.000000E+00   0.189877E+03  -0.379754E+03
   0.101302E+03   0.390668E+01  -0.364548E+01   0.115088E+01  -0.551593E+01   0.215582E-03   0.857705E-04   0.153376E-03   0.224843E-02   0.189599E+03   0.000000E+00   0.000000E+00   0.189599E+03  -0.379198E+03
   0.101302E+03   0.390668E+01  -0.364548E+01   0.104468E+02  -0.551593E+01   0.215582E-03   0.857705E-04   0.153376E-03   0.161364E-02   0.190044E+03   0.000000E+00   0.000000E+00   0.190044E+03  -0.380088E+03
   0.101302E+03   0.608243E+01   0.450546E+01   0.104468E+02  -0.802578E+01   0.215582E-03   0.857705E-04   0.153376E-03   0.161364E-02   0.190207E+03   0.000000E+00   0.000000E+00   0.190207E+03  -0.380414E+03
   0.101302E+03   0.608243E+01   0.450546E+01   0.134306E+02   0.111472E+02   0.215582E-03   0.186731E-03   0.153376E-03   0.132644E-02   0.192822E+03   0.000000E+00   0.000000E+00   0.192822E+03  -0.385644E+03
   0.101302E+03   0.608243E+01   0.450546E+01   0.134306E+02   0.833168E+01   0.215582E-03   0.186731E-03   0.153376E-03   0.132644E-02   0.192953E+03   0.000000E+00   0.000000E+00   0.192953E+03  -0.385906E+03
   0.101812E+03   0.608243E+01   0.356987E+01   0.196983E+02  -0.111659E+01   0.215582E-03   0.186731E-03   0.153376E-03   0.132644E-02   0.190513E+03   0.000000E+00   0.000000E+00   0.190513E+03  -0.381026E+03
   0.101812E+03   0.608243E+01   0.606840E+01   0.214442E+02   0.565570E+01   0.215582E-03   0.186731E-03   0.153376E-03   0.132644E-02   0.191203E+03   0.000000E+00   0.000000E+00   0.191203E+03  -0.382406E+03
   0.101812E+03   0.608243E+01   0.606840E+01   0.140884E+02   0.565570E+01   0.215582E-03   0.186731E-03   0.153376E-03   0.132644E-02   0.193047E+03   0.000000E+00   0.000000E+00   0.193047E+03  -0.386094E+03
   0.101219E+03   0.530453E+01   0.606840E+01   0.109295E+02   0.325812E+01   0.215582E-03   0.186731E-03   0.243708E-03   0.132644E-02   0.192620E+03   0.000000E+00   0.000000E+00   0.192620E+03  -0.385240E+03
   0.101219E+03   0.530453E+01   0.783739E+01   0.515593E+01   0.957336E+01   0.215582E-03   0.186731E-03   0.243708E-03   0.132644E-02   0.192307E+03   0.000000E+00   0.000000E+00   0.192307E+03  -0.384614E+03
   0.101219E+03   0.530453E+01   0.103102E+02   0.515593E+01   0.760252E+01   0.215582E-03   0.186731E-03   0.243708E-03   0.132644E-02   0.191385E+03   0.000000E+00   0.000000E+00   0.191385E+03  -0.382770E+03
   0.101797E+03   0.208742E+01   0.691389E+01   0.799684E+01  -0.608372E+01   0.215582E-03   0.405586E-03   0.243708E-03   0.132644E-02   0.189795E+03   0.000000E+00   0.000000E+00   0.189795E+03  -0.379590E+03
   0.100855E+03   0.469543E+01   0.670407E+01   0.834580E+01   0.132239E+01   0.215582E-03   0.405586E-03   0.243708E-03   0.132644E-02   0.191178E+03   0.000000E+00   0.000000E+00   0.191178E+03  -0.382356E+03
   0.100855E+03  -0.196179E+01   0.500157E+01   0.462781E+01   0.662308E+01   0.215582E-03   0.405586E-03   0.804546E-03   0.132644E-02   0.184916E+03   0.000000E+00   0.000000E+00   0.184916E+03  -0.369832E+03
   0.100111E+03   0.386472E+01   0.942841E+00   0.880767E+01  -0.632812E+01   0.215582E-03   0.405586E-03   0.804546E-03   0.197194E-02   0.185081E+03   0.000000E+00   0.000000E+00   0.185081E+03  -0.370162E+03
   0.100111E+03   0.386472E+01   0.467016E+00  -0.659404E+01  -0.161655E+02   0.215582E-03   0.405586E-03   0.804546E-03   0.197194E-02   0.182911E+03   0.000000E+00   0.000000E+00   0.182911E+03  -0.365822E+03
   0.100253E+03   0.835799E+01   0.467016E+00  -0.156953E+01  -0.102170E+02   0.215582E-03   0.405586E-03   0.804546E-03   0.781138E-03   0.184047E+03   0.000000E+00   0.000000E+00   0.184047E+03  -0.368094E+03
   0.994644E+02  -0.156604E+01  -0.314875E+01  -0.156953E+01   0.127354E+02   0.785686E-03   0.661264E-03   0.804546E-03   0.781138E-03   0.182282E+03   0.000000E+00   0.000000E+00   0.182282E+03  -0.364564E+03
   0.100953E+03  -0.156604E+01  -0.377689E+01   0.780725E+01  -0.182858E+00   0.648294E-03   0.120158E-02   0.804546E-03   0.781138E-03   0.179715E+03   0.000000E+00   0.000000E+00   0.179715E+03  -0.359430E+03
   0.101798E+03   0.886583E+01   0.228301E+01  -0.109243E+01   0.365938E+01   0.643103E-03   0.120158E-02   0.804546E-03   0.990681E-03   0.179271E+03   0.000000E+00   0.000000E+00   0.179271E+03  -0.358542E+03
   0.101798E+03   0.205360E+01   0.105735E+01  -0.109243E+01  -0.238603E+02   0.643103E-03   0.168430E-02   0.804546E-03   0.990681E-03   0.178087E+03   0.000000E+00   0.000000E+00   0.178087E+03  -0.356174E+03
   0.101798E+03  -0.347720E+00  -0.379817E+01  -0.124253E+02  -0.213721E+02   0.713493E-03   0.168430E-02   0.804546E-03   0.990681E-03   0.178649E+03   0.000000E+00   0.000000E+00   0.178649E+03  -0.357298E+03
   0.101798E+03  -0.171582E+01  -0.132822E+01  -0.139279E+02  -0.549589E+01   0.713493E-03   0.168430E-02   0.804546E-03   0.118976E-02   0.179162E+03   0.000000E+00   0.000000E+00   0.179162E+03  -0.358324E+03
   0.101798E+03   0.175045E+00  -0.699079E+01  -0.237822E+02  -0.266903E+02   0.212703E-02   0.168690E-02   0.804546E-03   0.118976E-02   0.173853E+03   0.000000E+00   0.000000E+00   0.173853E+03  -0.347706E+03
   0.101798E+03   0.306490E+00  -0.699079E+01  -0.186790E+02  -0.708651E+01   0.212703E-02   0.168690E-02   0.804546E-03   0.118976E-02   0.173666E+03   0.000000E+00   0.000000E+00   0.173666E+03  -0.347332E+03
   0.101395E+03  -0.806894E+01  -0.734415E+00  -0.490970E+01   0.155862E+01   0.212703E-02   0.168690E-02   0.261027E-03   0.118976E-02   0.176472E+03   0.000000E+00   0.000000E+00   0.176472E+03  -0.352944E+03
   0.101395E+03  -0.806894E+01  -0.277482E+01  -0.153253E+02   0.343432E+01   0.212703E-02   0.243418E-03   0.261027E-03   0.118976E-02   0.180724E+03   0.000000E+00   0.000000E+00   0.180724E+03  -0.361448E+03
   0.101395E+03  -0.573090E+01   0.140534E+01  -0.153253E+02  -0.345339E-01   0.212703E-02   0.243418E-03   0.261027E-03   0.118976E-02   0.183573E+03   0.000000E+00   0.000000E+00   0.183573E+03  -0.367146E+03
   0.101395E+03  -0.573090E+01   0.140534E+01  -0.137653E+02   0.450435E+01   0.307451E-02   0.243418E-03   0.261027E-03   0.187377E-02   0.180030E+03   0.000000E+00   0.000000E+00   0.180030E+03  -0.360060E+03
   0.101395E+03   0.224113E+01   0.140534E+01   0.786333E+01  -0.823490E+00   0.213171E-02   0.243418E-03   0.261027E-03   0.187377E-02   0.184399E+03   0.000000E+00   0.000000E+00   0.184399E+03  -0.368798E+03
   0.100067E+03   0.354730E+01   0.140534E+01   0.259036E+01  -0.147995E+01   0.213171E-02   0.243418E-03   0.261027E-03   0.187377E-02   0.183160E+03   0.000000E+00   0.000000E+00   0.183160E+03  -0.366320E+03
   0.100067E+03   0.354730E+01  -0.428099E+01   0.280309E+01  -0.462642E+01   0.343200E-02   0.243418E-03   0.261027E-03   0.187377E-02   0.179925E+03   0.000000E+00   0.000000E+00   0.179925E+03  -0.359850E+03
   0.100067E+03   0.354730E+01  -0.911260E+01  -0.815573E+01   0.657532E+01   0.343200E-02   0.243418E-03   0.261027E-03   0.187377E-02   0.175191E+03   0.000000E+00   0.000000E+00   0.175191E+03  -0.350382E+03
   0.100067E+03   0.354730E+01  -0.413525E+01   0.300581E+01   0.243188E+01   0.343200E-02   0.243418E-03   0.261027E-03   0.187377E-02   0.179639E+03   0.000000E+00   0.000000E+00   0.179639E+03  -0.359278E+03
   0.100062E+03   0.354730E+01  -0.413525E+01   0.650126E+01   0.243188E+01   0.904476E-03   0.243418E-03   0.261027E-03   0.187377E-02   0.187414E+03   0.000000E+00   0.000000E+00   0.187414E+03  -0.374828E+03
   0.100062E+03   0.131541E+01  -0.605949E+01  -0.114022E+01   0.600523E+01   0.904476E-03   0.243418E-03   0.261027E-03   0.165671E-02   0.187628E+03   0.000000E+00   0.000000E+00   0.187628E+03  -0.375256E+03
   0.100062E+03   0.618735E+00  -0.605949E+01  -0.114022E+01  -0.275552E+01   0.904476E-03   0.243418E-03   0.261027E-03   0.165671E-02   0.188608E+03   0.000000E+00   0.000000E+00   0.188608E+03  -0.377216E+03
   0.100062E+03  -0.212785E+01  -0.309243E+01  -0.125025E+02  -0.275552E+01   0.904476E-03   0.243418E-03   0.261027E-03   0.165671E-02   0.186683E+03   0.000000E+00   0.000000E+00   0.186683E+03  -0.373366E+03
   0.100062E+03  -0.212785E+01  -0.939694E+01   0.305171E+01   0.120089E+01   0.904476E-03   0.243418E-03   0.261027E-03   0.165671E-02   0.184920E+03   0.000000E+00   0.000000E+00   0.184920E+03  -0.369840E+03
   0.997869E+02   0.831180E-01  -0.114573E+02   0.692062E+01   0.120089E+01   0.191120E-03   0.243418E-03   0.261027E-03   0.165671E-02   0.185813E+03   0.000000E+00   0.000000E+00   0.185813E+03  -0.371626E+03
   0.997229E+02   0.831180E-01  -0.484237E+00   0.649463E+01   0.120089E+01   0.191120E-03   0.243418E-03   0.261027E-03   0.732276E-03   0.189015E+03   0.000000E+00   0.000000E+00   0.189015E+03  -0.378030E+03
   0.997229E+02   0.335203E+01   0.116714E+01   0.649463E+01   0.120089E+01   0.191120E-03   0.243418E-03   0.261027E-03   0.732276E-03   0.190483E+03   0.000000E+00   0.000000E+00   0.190483E+03  -0.380966E+03
   0.997229E+02   0.335203E+01  -0.317010E+01  -0.142992E+01  -0.146648E+02   0.191120E-03   0.243418E-03   0.261027E-03   0.732276E-03   0.188932E+03   0.000000E+00   0.000000E+00   0.188932E+03  -0.377864E+03
   0.997229E+02   0.108593E+01  -0.968895E+01  -0.553540E+01  -0.393858E+01   0.191120E-03   0.104312E-03   0.270083E-03   0.132191E-02   0.190107E+03   0.000000E+00   0.000000E+00   0.190107E+03  -0.380214E+03
   0.997229E+02   0.108593E+01  -0.595727E+01  -0.553540E+01  -0.393858E+01   0.340377E-03   0.104312E-03   0.270083E-03   0.132191E-02   0.190528E+03   0.000000E+00   0.000000E+00   0.190528E+03  -0.381056E+03
   0.997229E+02   0.108593E+01  -0.439929E+01  -0.756577E+01   0.343006E+01   0.340377E-03   0.104312E-03   0.270083E-03   0.132191E-02   0.189295E+03   0.000000E+00   0.000000E+00   0.189295E+03  -0.378590E+03
   0.997229E+02   0.291161E+01  -0.222757E+01   0.410012E+01  -0.365755E+01   0.340377E-03   0.104312E-03   0.270083E-03   0.132191E-02   0.190686E+03   0.000000E+00   0.000000E+00   0.190686E+03  -0.381372E+03
   0.997229E+02   0.291161E+01  -0.252637E+01   0.100838E+02  -0.365755E+01   0.340377E-03   0.104312E-03   0.270083E-03   0.132191E-02   0.189387E+03   0.000000E+00   0.000000E+00   0.189387E+03  -0.378774E+03
   0.997229E+02   0.291161E+01  -0.252637E+01   0.100838E+02  -0.212741E+01   0.340377E-03   0.104312E-03   0.270083E-03   0.134980E-02   0.189404E+03   0.000000E+00   0.000000E+00   0.189404E+03  -0.378808E+03
   0.101417E+03   0.291161E+01  -0.252637E+01   0.100838E+02   0.120568E+02   0.775656E-03   0.104312E-03   0.270083E-03   0.802792E-03   0.188279E+03   0.000000E+00   0.000000E+00   0.188279E+03  -0.376558E+03
   0.100510E+03   0.494991E+01  -0.726833E+00   0.100838E+02  -0.765450E+01   0.850300E-03   0.104312E-03   0.270083E-03   0.802792E-03   0.188665E+03   0.000000E+00   0.000000E+00   0.188665E+03  -0.377330E+03
   0.100510E+03   0.209432E+01  -0.726833E+00   0.249339E+00  -0.225844E+01   0.108417E-02   0.104312E-03   0.270083E-03   0.210195E-02   0.187920E+03   0.000000E+00   0.000000E+00   0.187920E+03  -0.375840E+03
   0.101155E+03   0.209432E+01   0.288300E+01   0.249339E+00   0.629000E+01   0.108417E-02   0.104312E-03   0.270083E-03   0.210195E-02   0.188404E+03   0.000000E+00   0.000000E+00   0.188404E+03  -0.376808E+03
   0.101155E+03   0.209432E+01   0.293002E+01   0.554627E+01   0.488392E+01   0.138335E-02   0.104312E-03   0.270083E-03   0.210195E-02   0.187215E+03   0.000000E+00   0.000000E+00   0.187215E+03  -0.374430E+03
   0.101824E+03   0.209432E+01   0.100431E+02   0.870540E+01  -0.453810E+01   0.138335E-02   0.104312E-03   0.270083E-03   0.210195E-02   0.184230E+03   0.000000E+00   0.000000E+00   0.184230E+03  -0.368460E+03
   0.101824E+03   0.634474E+01   0.980720E+01   0.135178E+02  -0.272117E+01   0.138335E-02   0.104312E-03   0.643143E-03   0.922350E-03   0.185054E+03   0.000000E+00   0.000000E+00   0.185054E+03  -0.370108E+03
   0.101634E+03   0.627134E+01   0.980720E+01   0.551975E+01  -0.272117E+01   0.138335E-02   0.104312E-03   0.643143E-03   0.125795E-02   0.184677E+03   0.000000E+00   0.000000E+00   0.184677E+03  -0.369354E+03
   0.101634E+03   0.627134E+01   0.138063E+01   0.118948E+02  -0.136126E+01   0.138335E-02   0.104312E-03   0.643143E-03   0.125795E-02   0.185896E+03   0.000000E+00   0.000000E+00   0.185896E+03  -0.371792E+03
   0.102906E+03   0.627134E+01   0.181847E+01   0.822902E+01  -0.886574E+01   0.102806E-02   0.171174E-03   0.643143E-03   0.125795E-02   0.183354E+03   0.000000E+00   0.000000E+00   0.183354E+03  -0.366708E+03
   0.100520E+03   0.764390E+01   0.575212E+01   0.629053E+01   0.710237E+01   0.962049E-03   0.171174E-03   0.643143E-03   0.125795E-02   0.185857E+03   0.000000E+00   0.000000E+00   0.185857E+03  -0.371714E+03
   0.101967E+03   0.623176E+01   0.575212E+01   0.629053E+01   0.550274E+01   0.962049E-03   0.171174E-03   0.643143E-03   0.125795E-02   0.187947E+03   0.000000E+00   0.000000E+00   0.187947E+03  -0.375894E+03
   0.101251E+03   0.623176E+01  -0.712226E+01   0.152387E+02   0.408466E+01   0.962049E-03   0.171174E-03   0.643143E-03   0.125795E-02   0.184172E+03   0.000000E+00   0.000000E+00   0.184172E+03  -0.368344E+03
   0.101251E+03   0.623176E+01  -0.179185E+01   0.152387E+02   0.642742E+01   0.962049E-03   0.171174E-03   0.643143E-03   0.125795E-02   0.186670E+03   0.000000E+00   0.000000E+00   0.186670E+03  -0.373340E+03
   0.101251E+03   0.623176E+01  -0.223056E+01   0.152387E+02  -0.173757E+01   0.962049E-03   0.171174E-03   0.643143E-03   0.125795E-02   0.186308E+03   0.000000E+00   0.000000E+00   0.186308E+03  -0.372616E+03
   0.997689E+02   0.623176E+01   0.232724E+01   0.385922E+01  -0.173757E+01   0.962049E-03   0.258261E-03   0.643143E-03   0.125795E-02   0.185001E+03   0.000000E+00   0.000000E+00   0.185001E+03  -0.370002E+03
   0.997689E+02  -0.172240E+01  -0.101131E+02  -0.357946E+01  -0.864271E+01   0.611614E-03   0.432293E-04   0.643143E-03   0.125795E-02   0.185025E+03   0.000000E+00   0.000000E+00   0.185025E+03  -0.370050E+03
   0.101774E+03   0.757417E+01  -0.626512E+01  -0.821226E+01   0.243789E+01   0.611614E-03   0.432293E-04   0.820400E-03   0.125795E-02   0.181961E+03   0.000000E+00   0.000000E+00   0.181961E+03  -0.363922E+03
   0.101774E+03   0.757417E+01  -0.626512E+01   0.879889E+01   0.663825E+01   0.611614E-03   0.432293E-04   0.820400E-03   0.125795E-02   0.184411E+03   0.000000E+00   0.000000E+00   0.184411E+03  -0.368822E+03
   0.101774E+03   0.757417E+01   0.626024E+01   0.105658E+02   0.757557E+01   0.611614E-03   0.432293E-04   0.820400E-03   0.125795E-02   0.188736E+03   0.000000E+00   0.000000E+00   0.188736E+03  -0.377472E+03
   0.101774E+03   0.757417E+01   0.722452E+01   0.105658E+02   0.646795E+01   0.611614E-03   0.432293E-04   0.820400E-03   0.989111E-03   0.188717E+03   0.000000E+00   0.000000E+00   0.188717E+03  -0.377434E+03
   0.101774E+03   0.603571E+01   0.722452E+01   0.105658E+02   0.909138E+01   0.552618E-03   0.432293E-04   0.820400E-03   0.989111E-03   0.189245E+03   0.000000E+00   0.000000E+00   0.189245E+03  -0.378490E+03
   0.102021E+03   0.603571E+01   0.854952E+01   0.105658E+02   0.909138E+01   0.552618E-03   0.432293E-04   0.820400E-03   0.989111E-03   0.189202E+03   0.000000E+00   0.000000E+00   0.189202E+03  -0.378404E+03
   0.102229E+03   0.603571E+01   0.854952E+01   0.988516E+01   0.935577E+01   0.128408E-03   0.432293E-04   0.273673E-03   0.989111E-03   0.193483E+03   0.000000E+00   0.000000E+00   0.193483E+03  -0.386966E+03
   0.102229E+03   0.343327E+01   0.854952E+01   0.148640E+02   0.114779E+02   0.128408E-03   0.432293E-04   0.273673E-03   0.989111E-03   0.192270E+03   0.000000E+00   0.000000E+00   0.192270E+03  -0.384540E+03
   0.102229E+03   0.109602E+02   0.854952E+01   0.149451E+02   0.149325E+02   0.128408E-03   0.432293E-04   0.177095E-03   0.134817E-02   0.190907E+03   0.000000E+00   0.000000E+00   0.190907E+03  -0.381814E+03
   0.102229E+03   0.109602E+02   0.636910E+01   0.140146E+02   0.159017E+02   0.128408E-03   0.432293E-04   0.177095E-03   0.134817E-02   0.189547E+03   0.000000E+00   0.000000E+00   0.189547E+03  -0.379094E+03
   0.102229E+03   0.107194E+02   0.486308E+01   0.140146E+02   0.485720E+01   0.128408E-03   0.432293E-04   0.177095E-03   0.134817E-02   0.188832E+03   0.000000E+00   0.000000E+00   0.188832E+03  -0.377664E+03
   0.102229E+03   0.107194E+02   0.487304E+01   0.255403E+02   0.153347E+02   0.128408E-03   0.432293E-04   0.177095E-03   0.985539E-03   0.189740E+03   0.000000E+00   0.000000E+00   0.189740E+03  -0.379480E+03
   0.100808E+03   0.107194E+02   0.460201E-01   0.166422E+02   0.254654E+01   0.667278E-03   0.432293E-04   0.177095E-03   0.985539E-03   0.185195E+03   0.000000E+00   0.000000E+00   0.185195E+03  -0.370390E+03
   0.100808E+03   0.107194E+02   0.562594E+01   0.166422E+02   0.324087E+01   0.667278E-03   0.432293E-04   0.177095E-03   0.776948E-03   0.187173E+03   0.000000E+00   0.000000E+00   0.187173E+03  -0.374346E+03
   0.100808E+03   0.107194E+02   0.880171E+01   0.139240E+02   0.324087E+01   0.667278E-03   0.432293E-04   0.452931E-03   0.776948E-03   0.186577E+03   0.000000E+00   0.000000E+00   0.186577E+03  -0.373154E+03
   0.100808E+03   0.107194E+02   0.880171E+01   0.139240E+02   0.324087E+01   0.667278E-03   0.432293E-04   0.452931E-03   0.776948E-03   0.186577E+03   0.000000E+00   0.000000E+00   0.186577E+03  -0.373154E+03
   0.100808E+03   0.107194E+02   0.880171E+01   0.175298E+02  -0.144982E+01   0.667278E-03   0.597460E-03   0.610727E-03   0.776948E-03   0.184799E+03   0.000000E+00   0.000000E+00   0.184799E+03  -0.369598E+03
   0.103220E+03   0.982934E+01   0.880171E+01   0.246502E+02  -0.109475E+02   0.667278E-03   0.597460E-03   0.610727E-03   0.776948E-03   0.181295E+03   0.000000E+00   0.000000E+00   0.181295E+03  -0.362590E+03
   0.101921E+03   0.982934E+01   0.815827E+01   0.246502E+02  -0.800145E+01   0.667278E-03   0.597460E-03   0.610727E-03   0.776948E-03   0.183495E+03   0.000000E+00   0.000000E+00   0.183495E+03  -0.366990E+03
   0.101921E+03   0.110582E+02   0.129593E+02   0.204190E+02   0.684931E+01   0.667278E-03   0.597460E-03   0.610727E-03   0.776948E-03   0.186406E+03   0.000000E+00   0.000000E+00   0.186406E+03  -0.372812E+03
   0.101921E+03   0.110582E+02   0.850830E+01   0.214109E+02   0.684931E+01   0.667278E-03   0.597460E-03   0.610727E-03   0.776948E-03   0.186086E+03   0.000000E+00   0.000000E+00   0.186086E+03  -0.372172E+03
   0.101921E+03   0.105851E+02   0.850830E+01   0.263592E+02   0.684931E+01   0.667278E-03   0.597460E-03   0.421213E-03   0.776948E-03   0.186698E+03   0.000000E+00   0.000000E+00   0.186698E+03  -0.373396E+03
   0.101921E+03   0.105851E+02   0.961743E+01   0.273720E+02   0.162593E+02   0.667278E-03   0.597460E-03   0.421213E-03   0.776948E-03   0.186899E+03   0.000000E+00   0.000000E+00   0.186899E+03  -0.373798E+03
   0.101921E+03   0.105851E+02   0.118563E+02   0.207335E+02   0.162593E+02   0.667278E-03   0.220829E-04   0.421213E-03   0.776948E-03   0.189477E+03   0.000000E+00   0.000000E+00   0.189477E+03  -0.378954E+03
   0.101921E+03   0.990291E+01   0.118563E+02   0.153943E+02   0.108545E+02   0.667278E-03   0.220829E-04   0.421213E-03   0.776948E-03   0.189871E+03   0.000000E+00   0.000000E+00   0.189871E+03  -0.379742E+03
   0.101921E+03   0.990291E+01   0.118563E+02   0.144585E+02   0.138675E+02   0.667278E-03   0.220829E-04   0.421213E-03   0.776948E-03   0.189829E+03   0.000000E+00   0.000000E+00   0.189829E+03  -0.379658E+03
   0.101921E+03   0.824455E+01   0.141125E+02   0.127553E+02   0.138675E+02   0.667278E-03   0.220829E-04   0.421213E-03   0.776948E-03   0.189920E+03   0.000000E+00   0.000000E+00   0.189920E+03  -0.379840E+03
   0.101921E+03   0.824455E+01   0.141125E+02   0.169229E+02   0.138675E+02   0.119846E-02   0.220829E-04   0.107844E-02   0.776948E-03   0.183406E+03   0.000000E+00   0.000000E+00   0.183406E+03  -0.366812E+03
   0.102569E+03   0.973985E+01   0.102180E+02   0.123901E+02   0.137155E+02   0.119846E-02   0.220829E-04   0.107844E-02   0.110325E-02   0.184760E+03   0.000000E+00   0.000000E+00   0.184760E+03  -0.369520E+03
   0.102569E+03   0.402551E+01   0.812431E+01   0.123901E+02   0.162547E+02   0.119846E-02   0.220829E-04   0.136411E-02   0.110325E-02   0.182866E+03   0.000000E+00   0.000000E+00   0.182866E+03  -0.365732E+03
   0.101100E+03   0.402551E+01   0.136493E+02   0.726585E+01   0.162547E+02   0.119846E-02   0.220829E-04   0.138157E-02   0.110325E-02   0.179361E+03   0.000000E+00   0.000000E+00   0.179361E+03  -0.358722E+03
   0.101348E+03   0.402551E+01   0.136493E+02   0.726585E+01   0.162547E+02   0.119846E-02   0.220829E-04   0.801427E-03   0.110325E-02   0.183707E+03   0.000000E+00   0.000000E+00   0.183707E+03  -0.367414E+03
   0.101749E+03   0.444886E+01   0.963742E+01   0.901540E+01   0.585758E+01   0.119846E-02   0.220829E-04   0.236793E-03   0.110325E-02   0.190008E+03   0.000000E+00   0.000000E+00   0.190008E+03  -0.380016E+03
   0.101749E+03   0.444886E+01   0.572677E+01   0.901540E+01   0.128346E+02   0.544368E-03   0.220829E-04   0.236793E-03   0.110325E-02   0.192970E+03   0.000000E+00   0.000000E+00   0.192970E+03  -0.385940E+03
   0.101749E+03   0.444886E+01   0.475337E+01   0.668031E+01   0.128346E+02   0.544368E-03   0.220829E-04   0.236793E-03   0.139437E-02   0.192458E+03   0.000000E+00   0.000000E+00   0.192458E+03  -0.384916E+03
   0.101749E+03   0.444886E+01   0.851670E+01   0.133301E+02  -0.368407E+01   0.740034E-03   0.220829E-04   0.236793E-03   0.139437E-02   0.189317E+03   0.000000E+00   0.000000E+00   0.189317E+03  -0.378634E+03
   0.101749E+03   0.444886E+01   0.107024E+02   0.758071E+01   0.106498E+02   0.740034E-03   0.220829E-04   0.236793E-03   0.139437E-02   0.191470E+03   0.000000E+00   0.000000E+00   0.191470E+03  -0.382940E+03
   0.101749E+03   0.394683E+01   0.107024E+02   0.543882E+01   0.106498E+02   0.740034E-03   0.220829E-04   0.236793E-03   0.139437E-02   0.191392E+03   0.000000E+00   0.000000E+00   0.191392E+03  -0.382784E+03
   0.101749E+03   0.545394E+01   0.107024E+02   0.543882E+01   0.106498E+02   0.740034E-03   0.220829E-04   0.236793E-03   0.141236E-02   0.190927E+03   0.000000E+00   0.000000E+00   0.190927E+03  -0.381854E+03
   0.101749E+03   0.120243E+01   0.594207E+01  -0.477036E+01   0.106498E+02   0.338460E-03   0.230827E-04   0.236793E-03   0.141236E-02   0.192444E+03   0.000000E+00   0.000000E+00   0.192444E+03  -0.384888E+03
   0.101749E+03   0.120243E+01   0.594207E+01  -0.477036E+01   0.116270E+02   0.476894E-03   0.230827E-04   0.236793E-03   0.141236E-02   0.192000E+03   0.000000E+00   0.000000E+00   0.192000E+03  -0.384000E+03
   0.101749E+03   0.237198E+01   0.520371E+01   0.104687E+02   0.116270E+02   0.476894E-03   0.230827E-04   0.236793E-03   0.141236E-02   0.192002E+03   0.000000E+00   0.000000E+00   0.192002E+03  -0.384004E+03
   0.101749E+03   0.237198E+01   0.520371E+01   0.100478E+02   0.209288E+02   0.476894E-03   0.230827E-04   0.236793E-03   0.141236E-02   0.190558E+03   0.000000E+00   0.000000E+00   0.190558E+03  -0.381116E+03
   0.101682E+03   0.249843E+01   0.520371E+01  -0.301084E+01  -0.148212E+00   0.476894E-03   0.230827E-04   0.236793E-03   0.141236E-02   0.191495E+03   0.000000E+00   0.000000E+00   0.191495E+03  -0.382990E+03
   0.101682E+03   0.249843E+01   0.459812E+01  -0.301084E+01   0.403844E+01   0.476894E-03   0.230827E-04   0.236793E-03   0.141236E-02   0.191944E+03   0.000000E+00   0.000000E+00   0.191944E+03  -0.383888E+03
   0.101682E+03   0.249843E+01   0.404748E+01   0.111227E+02   0.618827E+01   0.476894E-03   0.230827E-04   0.236793E-03   0.141236E-02   0.191849E+03   0.000000E+00   0.000000E+00   0.191849E+03  -0.383698E+03
   0.101682E+03   0.319229E+01   0.404748E+01  -0.920466E+00   0.326472E+00   0.476894E-03   0.230827E-04   0.236793E-03   0.166090E-02   0.191285E+03   0.000000E+00   0.000000E+00   0.191285E+03  -0.382570E+03
   0.101682E+03   0.319229E+01   0.238915E+01  -0.920466E+00   0.132317E+02   0.476894E-03   0.230827E-04   0.236793E-03   0.166090E-02   0.191064E+03   0.000000E+00   0.000000E+00   0.191064E+03  -0.382128E+03
   0.101682E+03   0.258814E+01   0.238915E+01  -0.920466E+00   0.113269E+02   0.645399E-03   0.230827E-04   0.236793E-03   0.146470E-02   0.191359E+03   0.000000E+00   0.000000E+00   0.191359E+03  -0.382718E+03
   0.101682E+03   0.258814E+01   0.238915E+01  -0.289926E+01   0.720358E+01   0.645399E-03   0.230827E-04   0.236793E-03   0.146470E-02   0.191198E+03   0.000000E+00   0.000000E+00   0.191198E+03  -0.382396E+03
   0.101682E+03  -0.821617E+00  -0.213526E+01  -0.190344E+02   0.303496E+01   0.627462E-03   0.230827E-04   0.309477E-03   0.146470E-02   0.188794E+03   0.000000E+00   0.000000E+00   0.188794E+03  -0.377588E+03
   0.100524E+03  -0.420422E+00  -0.213526E+01   0.309288E+00  -0.953639E+01   0.542129E-03   0.230827E-04   0.309477E-03   0.949837E-03   0.190369E+03   0.000000E+00   0.000000E+00   0.190369E+03  -0.380738E+03
   0.100524E+03   0.499244E+01  -0.213526E+01   0.833395E+01  -0.673423E+01   0.542129E-03   0.230827E-04   0.309477E-03   0.109384E-02   0.190522E+03   0.000000E+00   0.000000E+00   0.190522E+03  -0.381044E+03
   0.100524E+03   0.579507E+01  -0.159352E+01   0.500388E+00   0.506406E+01   0.542129E-03   0.230827E-04   0.309477E-03   0.109384E-02   0.189533E+03   0.000000E+00   0.000000E+00   0.189533E+03  -0.379066E+03
   0.100524E+03   0.619950E+01   0.219609E+01   0.833536E+01   0.506406E+01   0.542129E-03   0.230827E-04   0.309477E-03   0.109384E-02   0.191040E+03   0.000000E+00   0.000000E+00   0.191040E+03  -0.382080E+03
   0.100653E+03   0.619950E+01   0.450501E+01   0.461763E+01   0.506406E+01   0.542129E-03   0.230827E-04   0.309477E-03   0.109384E-02   0.190644E+03   0.000000E+00   0.000000E+00   0.190644E+03  -0.381288E+03
   0.100653E+03   0.619950E+01   0.530161E+01   0.924961E+01   0.849135E+00   0.542129E-03   0.230827E-04   0.309477E-03   0.108943E-02   0.190800E+03   0.000000E+00   0.000000E+00   0.190800E+03  -0.381600E+03
   0.100653E+03   0.619950E+01  -0.122953E+01   0.142947E+01  -0.465340E+01   0.542129E-03   0.230827E-04   0.309477E-03   0.108943E-02   0.189808E+03   0.000000E+00   0.000000E+00   0.189808E+03  -0.379616E+03
   0.100653E+03   0.619950E+01  -0.345861E+01   0.203850E+01   0.321265E+01   0.542129E-03   0.230827E-04   0.309477E-03   0.108943E-02   0.189182E+03   0.000000E+00   0.000000E+00   0.189182E+03  -0.378364E+03
   0.100653E+03   0.619950E+01   0.147708E+01   0.486073E+00  -0.747856E+01   0.542129E-03   0.230827E-04   0.309477E-03   0.108943E-02   0.189163E+03   0.000000E+00   0.000000E+00   0.189163E+03  -0.378326E+03
   0.100653E+03   0.619950E+01   0.545909E+00   0.486073E+00   0.365574E+01   0.544385E-03   0.230827E-04   0.309477E-03   0.789767E-03   0.189005E+03   0.000000E+00   0.000000E+00   0.189005E+03  -0.378010E+03
   0.100653E+03   0.552512E+01   0.545909E+00   0.284804E+01  -0.105298E+02   0.544385E-03   0.230827E-04   0.309477E-03   0.789767E-03   0.189093E+03   0.000000E+00   0.000000E+00   0.189093E+03  -0.378186E+03
   0.100653E+03   0.132221E+01  -0.406709E+01  -0.392890E+01  -0.106055E+02   0.432128E-03   0.230827E-04   0.309477E-03   0.789767E-03   0.190949E+03   0.000000E+00   0.000000E+00   0.190949E+03  -0.381898E+03
   0.100653E+03   0.132221E+01  -0.406709E+01  -0.344281E+01  -0.106055E+02   0.432128E-03   0.230827E-04   0.309477E-03   0.789767E-03   0.190940E+03   0.000000E+00   0.000000E+00   0.190940E+03  -0.381880E+03
   0.100653E+03   0.132221E+01  -0.176303E+01  -0.389557E+01  -0.126373E+00   0.432128E-03   0.230827E-04   0.309477E-03   0.789767E-03   0.191646E+03   0.000000E+00   0.000000E+00   0.191646E+03  -0.383292E+03
   0.100889E+03   0.132221E+01  -0.497076E+01  -0.142240E+01  -0.126373E+00   0.432128E-03   0.230827E-04   0.309477E-03   0.789767E-03   0.190829E+03   0.000000E+00   0.000000E+00   0.190829E+03  -0.381658E+03
   0.100889E+03   0.357035E+01   0.426289E+01  -0.142240E+01   0.142157E+01   0.110641E-03   0.805786E-04   0.309477E-03   0.130417E-02   0.191997E+03   0.000000E+00   0.000000E+00   0.191997E+03  -0.383994E+03
   0.100889E+03  -0.131926E+01  -0.182839E+01  -0.552952E+01  -0.336028E+01   0.110641E-03   0.805786E-04   0.451540E-03   0.130417E-02   0.191117E+03   0.000000E+00   0.000000E+00   0.191117E+03  -0.382234E+03
   0.100889E+03  -0.131926E+01  -0.152951E+01  -0.989970E+01  -0.336028E+01   0.110641E-03   0.805786E-04   0.452152E-03   0.130417E-02   0.190993E+03   0.000000E+00   0.000000E+00   0.190993E+03  -0.381986E+03
   0.100889E+03  -0.131926E+01  -0.152951E+01  -0.121124E+02  -0.270003E+01   0.110641E-03   0.805786E-04   0.454663E-03   0.852467E-03   0.190475E+03   0.000000E+00   0.000000E+00   0.190475E+03  -0.380950E+03
   0.100889E+03  -0.131926E+01  -0.369506E+01  -0.117972E+02  -0.317893E+01   0.110641E-03   0.805786E-04   0.454663E-03   0.852467E-03   0.190543E+03   0.000000E+00   0.000000E+00   0.190543E+03  -0.381086E+03
   0.100425E+03  -0.131926E+01  -0.537703E+01   0.185816E+01  -0.317893E+01   0.110641E-03   0.162591E-03   0.454663E-03   0.852467E-03   0.189016E+03   0.000000E+00   0.000000E+00   0.189016E+03  -0.378032E+03
   0.100425E+03   0.199648E+01  -0.213895E+01   0.113013E+02  -0.317893E+01   0.110641E-03   0.162591E-03   0.454663E-03   0.852467E-03   0.189477E+03   0.000000E+00   0.000000E+00   0.189477E+03  -0.378954E+03
   0.100425E+03   0.199648E+01  -0.270821E+01   0.199450E+01  -0.341547E+01   0.110641E-03   0.162591E-03   0.454663E-03   0.852467E-03   0.191355E+03   0.000000E+00   0.000000E+00   0.191355E+03  -0.382710E+03
   0.100425E+03   0.453555E+01  -0.229088E+01   0.199450E+01   0.879332E+01   0.110641E-03   0.162591E-03   0.209620E-03   0.852467E-03   0.190884E+03   0.000000E+00   0.000000E+00   0.190884E+03  -0.381768E+03
   0.100425E+03   0.453555E+01  -0.229088E+01   0.451443E+01   0.879332E+01   0.252970E-03   0.162591E-03   0.209620E-03   0.160432E-02   0.190473E+03   0.000000E+00   0.000000E+00   0.190473E+03  -0.380946E+03
   0.100425E+03   0.422535E+01  -0.573847E+00   0.451443E+01   0.879332E+01   0.425234E-03   0.162591E-03   0.209620E-03   0.160432E-02   0.190582E+03   0.000000E+00   0.000000E+00   0.190582E+03  -0.381164E+03
   0.100425E+03   0.422535E+01   0.795882E+00   0.990952E+01   0.740832E+01   0.425234E-03   0.162591E-03   0.209620E-03   0.180949E-02   0.190127E+03   0.000000E+00   0.000000E+00   0.190127E+03  -0.380254E+03
   0.100425E+03   0.422535E+01   0.795882E+00   0.990952E+01   0.120271E+02   0.730570E-03   0.162591E-03   0.209620E-03   0.180949E-02   0.188173E+03   0.000000E+00   0.000000E+00   0.188173E+03  -0.376346E+03
   0.100425E+03   0.422535E+01  -0.134281E+01   0.670849E+01  -0.458088E+01   0.730570E-03   0.162591E-03   0.405542E-03   0.204851E-02   0.187961E+03   0.000000E+00   0.000000E+00   0.187961E+03  -0.375922E+03
   0.100425E+03   0.423273E+01  -0.134281E+01   0.670849E+01  -0.458088E+01   0.730570E-03   0.162591E-03   0.405542E-03   0.204851E-02   0.187961E+03   0.000000E+00   0.000000E+00   0.187961E+03  -0.375922E+03
   0.100425E+03   0.423273E+01  -0.134281E+01   0.841523E+00  -0.121735E+02   0.730570E-03   0.162591E-03   0.479907E-03   0.204851E-02   0.186681E+03   0.000000E+00   0.000000E+00   0.186681E+03  -0.373362E+03
   0.100425E+03   0.423273E+01  -0.134281E+01   0.260013E+01  -0.162153E+02   0.730570E-03   0.162591E-03   0.906725E-03   0.204851E-02   0.183407E+03   0.000000E+00   0.000000E+00   0.183407E+03  -0.366814E+03
   0.100425E+03   0.423273E+01  -0.497137E+01   0.408966E+01   0.113764E+02   0.730570E-03   0.162591E-03   0.906725E-03   0.125343E-02   0.185486E+03   0.000000E+00   0.000000E+00   0.185486E+03  -0.370972E+03
   0.100425E+03   0.423273E+01  -0.497137E+01   0.275643E+01  -0.127045E+01   0.730570E-03   0.162591E-03   0.906725E-03   0.125343E-02   0.186875E+03   0.000000E+00   0.000000E+00   0.186875E+03  -0.373750E+03
   0.100083E+03   0.423273E+01  -0.456943E+01   0.543409E+01  -0.127045E+01   0.298610E-03   0.360983E-03   0.646632E-04   0.125343E-02   0.190673E+03   0.000000E+00   0.000000E+00   0.190673E+03  -0.381346E+03
   0.101146E+03   0.374751E+01   0.881801E+01   0.149522E+01   0.134778E+02   0.298610E-03   0.360983E-03   0.646632E-04   0.110640E-02   0.191826E+03   0.000000E+00   0.000000E+00   0.191826E+03  -0.383652E+03
   0.101146E+03   0.374751E+01   0.133488E+02   0.149522E+01   0.122222E+02   0.298610E-03   0.360983E-03   0.770195E-04   0.110640E-02   0.189848E+03   0.000000E+00   0.000000E+00   0.189848E+03  -0.379696E+03
   0.101146E+03   0.374751E+01   0.834745E+01   0.526726E+01  -0.958941E+00   0.298610E-03   0.360983E-03   0.770195E-04   0.110640E-02   0.191549E+03   0.000000E+00   0.000000E+00   0.191549E+03  -0.383098E+03
   0.101146E+03   0.951740E-01   0.751818E+01  -0.469860E+01  -0.958941E+00   0.259802E-03   0.360983E-03   0.770195E-04   0.167560E-02   0.190101E+03   0.000000E+00   0.000000E+00   0.190101E+03  -0.380202E+03
   0.101730E+03   0.310867E+00   0.911017E-01  -0.276783E+01  -0.548790E+00   0.259802E-03   0.360983E-03   0.770195E-04   0.167560E-02   0.191036E+03   0.000000E+00   0.000000E+00   0.191036E+03  -0.382072E+03
   0.101730E+03  -0.199791E+01   0.104065E+02  -0.276783E+01   0.527863E+01   0.259802E-03   0.360983E-03   0.770195E-04   0.167560E-02   0.190228E+03   0.000000E+00   0.000000E+00   0.190228E+03  -0.380456E+03
   0.101730E+03  -0.199791E+01   0.104065E+02  -0.462736E+01   0.649402E+01   0.259802E-03   0.360983E-03   0.770195E-04   0.167560E-02   0.190425E+03   0.000000E+00   0.000000E+00   0.190425E+03  -0.380850E+03
   0.101730E+03   0.689100E+00   0.258678E+01  -0.365952E-01   0.744206E+01   0.259802E-03   0.468034E-03   0.770195E-04   0.213028E-02   0.190199E+03   0.000000E+00   0.000000E+00   0.190199E+03  -0.380398E+03
   0.101730E+03   0.689100E+00   0.380627E+01  -0.365952E-01   0.744206E+01   0.259802E-03   0.468034E-03   0.770195E-04   0.213028E-02   0.190380E+03   0.000000E+00   0.000000E+00   0.190380E+03  -0.380760E+03
   0.102107E+03   0.252261E+01  -0.448177E+00   0.840131E+01   0.221308E+02   0.259802E-03   0.468034E-03   0.770195E-04   0.213028E-02   0.187180E+03   0.000000E+00   0.000000E+00   0.187180E+03  -0.374360E+03
   0.102107E+03  -0.450710E+00   0.602993E+01   0.280152E+01  -0.229775E+02   0.259802E-03   0.468034E-03   0.770195E-04   0.213028E-02   0.182643E+03   0.000000E+00   0.000000E+00   0.182643E+03  -0.365286E+03
   0.102107E+03  -0.450710E+00  -0.633700E+01  -0.600075E+01  -0.178561E+02   0.509537E-03   0.468034E-03   0.539282E-04   0.213028E-02   0.186272E+03   0.000000E+00   0.000000E+00   0.186272E+03  -0.372544E+03
   0.101468E+03  -0.450710E+00  -0.633700E+01  -0.400011E+01  -0.237074E+02   0.509537E-03   0.239273E-03   0.539282E-04   0.213028E-02   0.187321E+03   0.000000E+00   0.000000E+00   0.187321E+03  -0.374642E+03
   0.101468E+03  -0.450710E+00  -0.189725E+01  -0.560577E+01   0.446253E+01   0.509537E-03   0.239273E-03   0.376266E-04   0.213028E-02   0.190207E+03   0.000000E+00   0.000000E+00   0.190207E+03  -0.380414E+03
   0.101468E+03   0.121227E+01   0.366235E+01  -0.492968E+00   0.299744E+01   0.509537E-03   0.239273E-03   0.376266E-04   0.229593E-02   0.190512E+03   0.000000E+00   0.000000E+00   0.190512E+03  -0.381024E+03
   0.101468E+03   0.121227E+01   0.318019E+01  -0.705543E+01   0.299744E+01   0.509537E-03   0.239273E-03   0.376266E-04   0.320933E-02   0.187423E+03   0.000000E+00   0.000000E+00   0.187423E+03  -0.374846E+03
   0.101468E+03  -0.488212E+01  -0.249918E+01   0.365195E+00   0.130212E+02   0.509537E-03   0.239273E-03   0.376266E-04   0.320933E-02   0.182137E+03   0.000000E+00   0.000000E+00   0.182137E+03  -0.364274E+03
   0.101468E+03  -0.488212E+01  -0.249918E+01   0.365195E+00   0.130212E+02   0.509537E-03   0.239273E-03   0.376266E-04   0.207944E-02   0.184704E+03   0.000000E+00   0.000000E+00   0.184704E+03  -0.369408E+03
   0.101468E+03  -0.488212E+01  -0.228761E+01  -0.195181E+02   0.946132E+01   0.560692E-03   0.239273E-03   0.517305E-03   0.207944E-02   0.185006E+03   0.000000E+00   0.000000E+00   0.185006E+03  -0.370012E+03
   0.101468E+03  -0.488212E+01  -0.235602E+00  -0.253255E+01   0.198403E+01   0.560692E-03   0.239273E-03   0.517305E-03   0.207944E-02   0.184565E+03   0.000000E+00   0.000000E+00   0.184565E+03  -0.369130E+03
   0.101468E+03  -0.488212E+01  -0.815599E+01   0.112643E+01   0.765910E+01   0.560692E-03   0.239273E-03   0.517305E-03   0.872660E-03   0.181573E+03   0.000000E+00   0.000000E+00   0.181573E+03  -0.363146E+03
   0.100024E+03  -0.488212E+01  -0.114259E+01   0.112643E+01   0.514237E+01   0.650103E-03   0.239273E-03   0.517305E-03   0.107704E-02   0.182417E+03   0.000000E+00   0.000000E+00   0.182417E+03  -0.364834E+03
   0.100024E+03   0.149238E+01   0.139136E+01   0.130991E+01   0.713319E+01   0.650103E-03   0.131638E-03   0.517305E-03   0.107704E-02   0.188542E+03   0.000000E+00   0.000000E+00   0.188542E+03  -0.377084E+03
   0.100024E+03   0.149238E+01   0.139136E+01   0.130991E+01   0.713319E+01   0.650103E-03   0.131638E-03   0.154248E-03   0.187040E-02   0.188727E+03   0.000000E+00   0.000000E+00   0.188727E+03  -0.377454E+03
   0.100024E+03   0.149238E+01   0.348219E+01   0.190956E+01   0.713319E+01   0.650103E-03   0.131638E-03   0.154248E-03   0.187040E-02   0.188119E+03   0.000000E+00   0.000000E+00   0.188119E+03  -0.376238E+03
   0.100799E+03   0.422004E+01   0.348219E+01   0.190956E+01   0.674932E+01   0.650103E-03   0.131638E-03   0.122691E-03   0.134044E-02   0.191397E+03   0.000000E+00   0.000000E+00   0.191397E+03  -0.382794E+03
   0.101109E+03   0.189185E+01   0.348219E+01  -0.337283E+01   0.964006E+01   0.650103E-03   0.131638E-03   0.122691E-03   0.134044E-02   0.191608E+03   0.000000E+00   0.000000E+00   0.191608E+03  -0.383216E+03
   0.101734E+03   0.189185E+01   0.414791E+01  -0.231814E+01   0.618203E+01   0.650103E-03   0.131638E-03   0.122691E-03   0.134044E-02   0.191998E+03   0.000000E+00   0.000000E+00   0.191998E+03  -0.383996E+03
   0.101734E+03  -0.227439E+01   0.414791E+01  -0.121283E+01  -0.915784E+01   0.368818E-03   0.131638E-03   0.122691E-03   0.134044E-02   0.189417E+03   0.000000E+00   0.000000E+00   0.189417E+03  -0.378834E+03
   0.101734E+03  -0.305228E+00   0.583421E+01  -0.372713E+01   0.332510E+01   0.368818E-03   0.131638E-03   0.122691E-03   0.134044E-02   0.192699E+03   0.000000E+00   0.000000E+00   0.192699E+03  -0.385398E+03
   0.101734E+03  -0.305228E+00   0.583421E+01  -0.539545E+01   0.113309E+02   0.368818E-03   0.131638E-03   0.122691E-03   0.200349E-02   0.191393E+03   0.000000E+00   0.000000E+00   0.191393E+03  -0.382786E+03
   0.101734E+03  -0.305228E+00   0.583421E+01  -0.322261E-01   0.933384E+01   0.368818E-03   0.131638E-03   0.122691E-03   0.206281E-02   0.191500E+03   0.000000E+00   0.000000E+00   0.191500E+03  -0.383000E+03
   0.101734E+03   0.674654E+01   0.578867E+01   0.130443E+02   0.933384E+01   0.368818E-03   0.131638E-03   0.122691E-03   0.206281E-02   0.191302E+03   0.000000E+00   0.000000E+00   0.191302E+03  -0.382604E+03
   0.101734E+03   0.674654E+01   0.328354E+01   0.864714E+01   0.742696E+01   0.368818E-03   0.131638E-03   0.108890E-03   0.206281E-02   0.190287E+03   0.000000E+00   0.000000E+00   0.190287E+03  -0.380574E+03
   0.101734E+03   0.218189E+01   0.328354E+01   0.870703E+01   0.597765E+01   0.394121E-03   0.131638E-03   0.391208E-03   0.206281E-02   0.189860E+03   0.000000E+00   0.000000E+00   0.189860E+03  -0.379720E+03
   0.101734E+03   0.218189E+01   0.901517E+01   0.128567E+02   0.597765E+01   0.186489E-04   0.131638E-03   0.391208E-03   0.839795E-03   0.190139E+03   0.000000E+00   0.000000E+00   0.190139E+03  -0.380278E+03
   0.101734E+03   0.218189E+01   0.107849E+02  -0.118607E+00   0.597765E+01   0.186489E-04   0.131638E-03   0.391208E-03   0.839795E-03   0.191227E+03   0.000000E+00   0.000000E+00   0.191227E+03  -0.382454E+03
   0.101734E+03   0.533001E+01   0.114859E+01   0.556022E+01   0.127581E+02   0.733656E-04   0.131638E-03   0.391208E-03   0.175346E-02   0.190721E+03   0.000000E+00   0.000000E+00   0.190721E+03  -0.381442E+03
   0.101734E+03   0.533001E+01   0.114859E+01   0.893913E+01   0.263563E+00   0.733656E-04   0.131638E-03   0.391208E-03   0.175346E-02   0.190705E+03   0.000000E+00   0.000000E+00   0.190705E+03  -0.381410E+03
   0.101734E+03   0.523230E+01   0.677112E+01   0.139554E+02   0.723138E+01   0.733656E-04   0.131638E-03   0.391208E-03   0.175346E-02   0.191373E+03   0.000000E+00   0.000000E+00   0.191373E+03  -0.382746E+03
   0.102926E+03   0.523230E+01   0.153190E+02   0.116774E+02   0.170793E+02   0.733656E-04   0.131638E-03   0.391208E-03   0.175346E-02   0.191510E+03   0.000000E+00   0.000000E+00   0.191510E+03  -0.383020E+03
   0.102926E+03   0.567270E+01   0.151809E+02   0.121020E+02   0.226660E+02   0.216245E-03   0.131638E-03   0.391208E-03   0.149666E-02   0.191972E+03   0.000000E+00   0.000000E+00   0.191972E+03  -0.383944E+03
   0.102926E+03   0.567270E+01   0.866356E+01   0.121020E+02   0.219272E+02   0.216245E-03   0.131638E-03   0.391208E-03   0.149666E-02   0.191879E+03   0.000000E+00   0.000000E+00   0.191879E+03  -0.383758E+03
   0.101929E+03   0.567270E+01   0.866356E+01   0.121020E+02   0.184299E+02   0.216245E-03   0.131638E-03   0.397164E-03   0.120380E-02   0.192357E+03   0.000000E+00   0.000000E+00   0.192357E+03  -0.384714E+03
   0.101929E+03   0.795891E+01   0.866356E+01   0.121020E+02   0.173723E+02   0.216245E-03   0.131638E-03   0.397164E-03   0.120380E-02   0.192080E+03   0.000000E+00   0.000000E+00   0.192080E+03  -0.384160E+03
   0.101929E+03   0.795891E+01   0.944620E+01   0.185914E+02   0.173723E+02   0.216245E-03   0.131638E-03   0.397164E-03   0.120380E-02   0.191621E+03   0.000000E+00   0.000000E+00   0.191621E+03  -0.383242E+03
   0.101929E+03   0.795573E+01   0.944620E+01   0.759087E+01   0.145255E+02   0.216245E-03   0.131638E-03   0.397164E-03   0.120380E-02   0.191459E+03   0.000000E+00   0.000000E+00   0.191459E+03  -0.382918E+03
   0.101929E+03   0.795573E+01   0.944620E+01   0.100470E+02   0.145255E+02   0.216245E-03   0.131638E-03   0.144841E-03   0.120380E-02   0.192798E+03   0.000000E+00   0.000000E+00   0.192798E+03  -0.385596E+03
   0.101929E+03   0.795573E+01   0.864656E+01   0.880007E+01   0.145255E+02   0.216245E-03   0.131638E-03   0.144841E-03   0.120380E-02   0.192357E+03   0.000000E+00   0.000000E+00   0.192357E+03  -0.384714E+03
   0.101929E+03   0.795573E+01   0.122117E+02   0.880007E+01   0.142710E+02   0.216245E-03   0.131638E-03   0.144841E-03   0.120380E-02   0.192211E+03   0.000000E+00   0.000000E+00   0.192211E+03  -0.384422E+03
   0.101929E+03   0.537683E+01   0.993113E+01   0.143496E+02   0.142710E+02   0.216245E-03   0.131638E-03   0.144841E-03   0.120380E-02   0.193634E+03   0.000000E+00   0.000000E+00   0.193634E+03  -0.387268E+03
   0.101929E+03   0.537683E+01   0.993113E+01   0.144429E+02   0.142710E+02   0.216245E-03   0.131638E-03   0.144841E-03   0.120380E-02   0.193613E+03   0.000000E+00   0.000000E+00   0.193613E+03  -0.387226E+03
   0.101929E+03   0.537683E+01   0.951569E+01   0.146749E+02   0.142710E+02   0.216245E-03   0.131638E-03   0.109844E-03   0.120380E-02   0.193725E+03   0.000000E+00   0.000000E+00   0.193725E+03  -0.387450E+03
   0.102837E+03   0.537683E+01   0.896577E+01   0.826950E+01   0.280466E+02   0.216245E-03   0.131638E-03   0.109844E-03   0.147367E-02   0.191739E+03   0.000000E+00   0.000000E+00   0.191739E+03  -0.383478E+03
   0.102837E+03   0.537683E+01   0.149937E+02   0.826950E+01   0.263234E+02   0.216245E-03   0.131638E-03   0.109844E-03   0.147367E-02   0.192768E+03   0.000000E+00   0.000000E+00   0.192768E+03  -0.385536E+03
   0.102837E+03   0.537683E+01   0.149937E+02   0.826950E+01   0.168718E+02   0.216245E-03   0.457044E-04   0.109844E-03   0.147367E-02   0.193637E+03   0.000000E+00   0.000000E+00   0.193637E+03  -0.387274E+03
   0.102837E+03   0.520041E+01   0.149937E+02   0.982929E+01   0.211601E+02   0.216245E-03   0.457044E-04   0.109844E-03   0.147367E-02   0.193760E+03   0.000000E+00   0.000000E+00   0.193760E+03  -0.387520E+03
   0.102837E+03   0.646133E+01   0.879924E+01   0.982929E+01   0.211601E+02   0.156655E-03   0.457044E-04   0.306695E-03   0.147367E-02   0.192475E+03   0.000000E+00   0.000000E+00   0.192475E+03  -0.384950E+03
   0.102837E+03   0.646133E+01   0.879924E+01   0.982929E+01   0.211601E+02   0.156655E-03   0.457044E-04   0.306695E-03   0.845700E-03   0.192262E+03   0.000000E+00   0.000000E+00   0.192262E+03  -0.384524E+03
   0.102837E+03   0.646133E+01   0.164286E+02   0.982929E+01   0.213773E+02   0.156655E-03   0.457044E-04   0.306695E-03   0.669796E-03   0.192238E+03   0.000000E+00   0.000000E+00   0.192238E+03  -0.384476E+03
   0.102837E+03   0.750020E+01   0.118183E+02   0.162970E+02   0.213773E+02   0.156655E-03   0.457044E-04   0.306695E-03   0.669796E-03   0.192223E+03   0.000000E+00   0.000000E+00   0.192223E+03  -0.384446E+03
   0.102793E+03   0.883107E+01   0.158510E+02   0.162970E+02   0.131905E+02   0.156655E-03   0.457044E-04   0.306695E-03   0.141110E-02   0.192450E+03   0.000000E+00   0.000000E+00   0.192450E+03  -0.384900E+03
   0.102677E+03   0.883107E+01   0.738082E+01   0.262290E+02   0.125667E+02   0.156655E-03   0.457044E-04   0.306695E-03   0.948597E-03   0.190833E+03   0.000000E+00   0.000000E+00   0.190833E+03  -0.381666E+03
   0.102780E+03   0.883107E+01   0.935272E+01   0.248551E+02   0.828208E+01   0.224884E-03   0.457044E-04   0.306695E-03   0.799941E-03   0.190707E+03   0.000000E+00   0.000000E+00   0.190707E+03  -0.381414E+03
   0.102780E+03   0.703179E+01   0.935272E+01   0.248551E+02   0.112182E+02   0.224884E-03   0.457044E-04   0.457211E-03   0.799941E-03   0.189322E+03   0.000000E+00   0.000000E+00   0.189322E+03  -0.378644E+03
   0.102780E+03   0.108683E+02   0.134336E+02   0.140840E+02   0.177078E+02   0.224884E-03   0.457044E-04   0.457211E-03   0.799941E-03   0.190905E+03   0.000000E+00   0.000000E+00   0.190905E+03  -0.381810E+03
   0.102780E+03   0.108683E+02   0.185373E+02   0.223362E+02   0.177078E+02   0.224884E-03   0.457044E-04   0.457211E-03   0.799941E-03   0.190448E+03   0.000000E+00   0.000000E+00   0.190448E+03  -0.380896E+03
   0.102780E+03   0.400315E+01   0.576994E+01   0.117283E+02   0.132370E+02   0.224884E-03   0.457044E-04   0.384472E-03   0.799941E-03   0.190208E+03   0.000000E+00   0.000000E+00   0.190208E+03  -0.380416E+03
   0.102780E+03   0.400315E+01   0.576994E+01   0.840401E+01   0.132370E+02   0.224884E-03   0.457044E-04   0.384472E-03   0.799941E-03   0.190331E+03   0.000000E+00   0.000000E+00   0.190331E+03  -0.380662E+03
   0.102780E+03   0.400315E+01   0.161296E+02   0.840401E+01   0.993641E+01   0.224884E-03   0.457044E-04   0.384472E-03   0.799941E-03   0.190811E+03   0.000000E+00   0.000000E+00   0.190811E+03  -0.381622E+03
   0.102780E+03   0.889133E+01   0.132250E+02   0.175522E+02   0.108048E+02   0.224884E-03   0.457044E-04   0.400309E-04   0.121734E-02   0.193643E+03   0.000000E+00   0.000000E+00   0.193643E+03  -0.387286E+03
   0.102780E+03   0.255686E+01   0.140698E+02   0.893668E+01   0.874972E+01   0.224884E-03   0.457044E-04   0.400309E-04   0.121734E-02   0.192585E+03   0.000000E+00   0.000000E+00   0.192585E+03  -0.385170E+03
   0.102780E+03   0.255686E+01   0.102142E+02   0.893668E+01   0.874972E+01   0.224884E-03   0.457044E-04   0.194826E-03   0.121734E-02   0.192496E+03   0.000000E+00   0.000000E+00   0.192496E+03  -0.384992E+03
   0.102780E+03   0.255686E+01   0.104120E+02   0.348086E+01   0.874972E+01   0.224884E-03   0.457044E-04   0.194826E-03   0.174623E-02   0.191874E+03   0.000000E+00   0.000000E+00   0.191874E+03  -0.383748E+03
   0.102271E+03   0.255686E+01   0.104120E+02   0.100347E+02   0.159745E+02   0.224884E-03   0.105990E-03   0.194826E-03   0.174623E-02   0.192115E+03   0.000000E+00   0.000000E+00   0.192115E+03  -0.384230E+03
   0.102310E+03   0.255686E+01   0.991542E+01  -0.536248E+00   0.197038E+02   0.224884E-03   0.969039E-04   0.194826E-03   0.174623E-02   0.191937E+03   0.000000E+00   0.000000E+00   0.191937E+03  -0.383874E+03
   0.102310E+03   0.255686E+01   0.812420E+01   0.232657E+01   0.209594E+02   0.224884E-03   0.969039E-04   0.194826E-03   0.890498E-03   0.193060E+03   0.000000E+00   0.000000E+00   0.193060E+03  -0.386120E+03
   0.102310E+03  -0.850192E+00   0.812420E+01   0.327120E+01   0.131452E+02   0.224884E-03   0.969039E-04   0.338322E-03   0.890498E-03   0.190973E+03   0.000000E+00   0.000000E+00   0.190973E+03  -0.381946E+03
   0.102310E+03  -0.241582E+01   0.538585E+01  -0.354006E+01  -0.601552E+00   0.357201E-03   0.969039E-04   0.338322E-03   0.890498E-03   0.188879E+03   0.000000E+00   0.000000E+00   0.188879E+03  -0.377758E+03
   0.102310E+03   0.403807E+01   0.112003E+02   0.135813E+02   0.107477E+02   0.357201E-03   0.969039E-04   0.338322E-03   0.890498E-03   0.191805E+03   0.000000E+00   0.000000E+00   0.191805E+03  -0.383610E+03
   0.102310E+03   0.403807E+01   0.112003E+02   0.135813E+02   0.230372E+02   0.357201E-03   0.969039E-04   0.525889E-03   0.954157E-03   0.189830E+03   0.000000E+00   0.000000E+00   0.189830E+03  -0.379660E+03
   0.102291E+03   0.520088E+01  -0.253913E+01   0.143050E+02   0.230372E+02   0.357201E-03   0.969039E-04   0.525889E-03   0.954157E-03   0.186395E+03   0.000000E+00   0.000000E+00   0.186395E+03  -0.372790E+03
   0.102291E+03   0.366895E+01   0.206059E+00   0.410520E+01   0.297091E+01   0.416353E-03   0.969039E-04   0.525889E-03   0.954157E-03   0.188541E+03   0.000000E+00   0.000000E+00   0.188541E+03  -0.377082E+03
   0.102291E+03   0.366895E+01   0.837120E+01  -0.453220E+01   0.177165E+02   0.416353E-03   0.921341E-04   0.525889E-03   0.954157E-03   0.189295E+03   0.000000E+00   0.000000E+00   0.189295E+03  -0.378590E+03
   0.102291E+03   0.366895E+01   0.950441E+01  -0.453220E+01   0.231213E+02   0.416353E-03   0.921341E-04   0.525889E-03   0.954157E-03   0.188464E+03   0.000000E+00   0.000000E+00   0.188464E+03  -0.376928E+03
   0.102291E+03  -0.246479E+01   0.964719E+01  -0.453220E+01   0.184868E+02   0.416353E-03   0.921341E-04   0.525889E-03   0.116123E-02   0.189466E+03   0.000000E+00   0.000000E+00   0.189466E+03  -0.378932E+03
   0.102291E+03  -0.246479E+01  -0.258592E+01  -0.127750E+02   0.210858E+02   0.416353E-03   0.921341E-04   0.525889E-03   0.137915E-02   0.187182E+03   0.000000E+00   0.000000E+00   0.187182E+03  -0.374364E+03
   0.102291E+03  -0.246479E+01   0.499369E+01  -0.127750E+02   0.210858E+02   0.416353E-03   0.921341E-04   0.525889E-03   0.137915E-02   0.188568E+03   0.000000E+00   0.000000E+00   0.188568E+03  -0.377136E+03
   0.102477E+03  -0.246479E+01   0.499369E+01  -0.160867E+02   0.210858E+02   0.416353E-03   0.186387E-03   0.525889E-03   0.137915E-02   0.187788E+03   0.000000E+00   0.000000E+00   0.187788E+03  -0.375576E+03
   0.102477E+03  -0.564842E+01   0.707887E+01  -0.146054E+02   0.189744E+02   0.416353E-03   0.143029E-03   0.525889E-03   0.137915E-02   0.187760E+03   0.000000E+00   0.000000E+00   0.187760E+03  -0.375520E+03
   0.102477E+03  -0.564842E+01   0.102999E+02  -0.238676E+02   0.602373E+01   0.727400E-03   0.143029E-03   0.525889E-03   0.137915E-02   0.184363E+03   0.000000E+00   0.000000E+00   0.184363E+03  -0.368726E+03
   0.102477E+03  -0.664139E+01   0.642560E+01  -0.258039E+02   0.122037E+00   0.222297E-03   0.143029E-03   0.525889E-03   0.137915E-02   0.185336E+03   0.000000E+00   0.000000E+00   0.185336E+03  -0.370672E+03
   0.102477E+03  -0.664139E+01   0.173370E+01  -0.176298E+02   0.377302E+01   0.222297E-03   0.143029E-03   0.525889E-03   0.120154E-02   0.187315E+03   0.000000E+00   0.000000E+00   0.187315E+03  -0.374630E+03
   0.102477E+03  -0.902990E+01   0.198926E+01  -0.176298E+02   0.202437E+02   0.222297E-03   0.143029E-03   0.525889E-03   0.120154E-02   0.184104E+03   0.000000E+00   0.000000E+00   0.184104E+03  -0.368208E+03
   0.103410E+03  -0.902990E+01   0.217655E+01  -0.176298E+02   0.204074E+02   0.222297E-03   0.143029E-03   0.525889E-03   0.120154E-02   0.184238E+03   0.000000E+00   0.000000E+00   0.184238E+03  -0.368476E+03
   0.103410E+03  -0.902990E+01  -0.425700E+01  -0.272350E+02   0.156682E+02   0.222297E-03   0.184717E-03   0.525889E-03   0.120154E-02   0.183242E+03   0.000000E+00   0.000000E+00   0.183242E+03  -0.366484E+03
   0.103410E+03  -0.902990E+01   0.118401E+02  -0.213596E+02   0.229394E+02   0.222297E-03   0.184717E-03   0.525889E-03   0.120154E-02   0.186197E+03   0.000000E+00   0.000000E+00   0.186197E+03  -0.372394E+03
   0.103410E+03  -0.547270E+01   0.210568E+01  -0.186091E+02   0.184565E+02   0.222297E-03   0.184717E-03   0.525889E-03   0.120154E-02   0.187064E+03   0.000000E+00   0.000000E+00   0.187064E+03  -0.374128E+03
   0.103410E+03  -0.547270E+01   0.564390E+01  -0.206288E+02   0.235127E+01   0.186806E-03   0.184717E-03   0.525889E-03   0.120154E-02   0.186958E+03   0.000000E+00   0.000000E+00   0.186958E+03  -0.373916E+03
   0.103410E+03  -0.407685E+01   0.564390E+01  -0.154830E+02   0.492919E+01   0.186806E-03   0.184717E-03   0.525889E-03   0.171828E-02   0.186837E+03   0.000000E+00   0.000000E+00   0.186837E+03  -0.373674E+03
   0.103410E+03  -0.286836E+01   0.759066E+01  -0.154830E+02  -0.833387E+01   0.186806E-03   0.184717E-03   0.525889E-03   0.116345E-02   0.185491E+03   0.000000E+00   0.000000E+00   0.185491E+03  -0.370982E+03
   0.100683E+03   0.258502E+00  -0.675978E+00  -0.149481E+02  -0.160519E+01   0.186806E-03   0.184717E-03   0.525889E-03   0.116345E-02   0.188993E+03   0.000000E+00   0.000000E+00   0.188993E+03  -0.377986E+03
   0.100683E+03   0.258502E+00  -0.121317E+02  -0.149481E+02  -0.160519E+01   0.186806E-03   0.184717E-03   0.525889E-03   0.116345E-02   0.188264E+03   0.000000E+00   0.000000E+00   0.188264E+03  -0.376528E+03
   0.100734E+03   0.187636E+01  -0.121317E+02  -0.149481E+02  -0.190618E+02   0.186806E-03   0.184717E-03   0.525889E-03   0.116345E-02   0.187694E+03   0.000000E+00   0.000000E+00   0.187694E+03  -0.375388E+03
   0.100734E+03   0.187636E+01  -0.917146E+01  -0.107863E+02  -0.190618E+02   0.186806E-03   0.329305E-04   0.525889E-03   0.116345E-02   0.189489E+03   0.000000E+00   0.000000E+00   0.189489E+03  -0.378978E+03
   0.102027E+03   0.187636E+01  -0.122753E+02  -0.107863E+02  -0.231750E+02   0.186806E-03   0.329305E-04   0.525889E-03   0.116345E-02   0.188783E+03   0.000000E+00   0.000000E+00   0.188783E+03  -0.377566E+03
   0.102027E+03   0.205814E+01  -0.123738E+02  -0.188313E+02  -0.121254E+02   0.111483E-03   0.434817E-03   0.319640E-03   0.116345E-02   0.188448E+03   0.000000E+00   0.000000E+00   0.188448E+03  -0.376896E+03
   0.102273E+03   0.155696E+01  -0.123738E+02  -0.188313E+02  -0.154766E+02   0.111483E-03   0.434817E-03   0.319640E-03   0.116345E-02   0.188714E+03   0.000000E+00   0.000000E+00   0.188714E+03  -0.377428E+03
   0.101772E+03  -0.334935E+00  -0.884759E+01  -0.196411E+02  -0.469565E+01   0.111483E-03   0.434817E-03   0.319640E-03   0.116345E-02   0.189221E+03   0.000000E+00   0.000000E+00   0.189221E+03  -0.378442E+03
   0.101772E+03  -0.253815E+01   0.263383E+01  -0.157762E+02  -0.650755E+01   0.111483E-03   0.434817E-03   0.319640E-03   0.116345E-02   0.189495E+03   0.000000E+00   0.000000E+00   0.189495E+03  -0.378990E+03
   0.101772E+03  -0.149513E+01   0.700340E+01  -0.106463E+02   0.568995E+01   0.111483E-03   0.452560E-03   0.177030E-03   0.116345E-02   0.191142E+03   0.000000E+00   0.000000E+00   0.191142E+03  -0.382284E+03
   0.101772E+03  -0.149513E+01   0.101689E+02   0.222346E+01   0.248863E+02   0.111483E-03   0.452560E-03   0.177030E-03   0.116345E-02   0.189560E+03   0.000000E+00   0.000000E+00   0.189560E+03  -0.379120E+03
   0.101772E+03   0.507873E+00   0.101689E+02  -0.347831E+01   0.159235E+02   0.111483E-03   0.452560E-03   0.511505E-05   0.116345E-02   0.192277E+03   0.000000E+00   0.000000E+00   0.192277E+03  -0.384554E+03
   0.102578E+03   0.507873E+00   0.101689E+02  -0.383819E+01   0.215348E+02   0.111483E-03   0.452560E-03   0.511505E-05   0.116345E-02   0.191995E+03   0.000000E+00   0.000000E+00   0.191995E+03  -0.383990E+03
   0.102578E+03   0.507873E+00   0.677914E+01  -0.383819E+01   0.247764E+02   0.111483E-03   0.452560E-03   0.511505E-05   0.116345E-02   0.190942E+03   0.000000E+00   0.000000E+00   0.190942E+03  -0.381884E+03
   0.104337E+03   0.335203E+01   0.677914E+01   0.332334E+01   0.206069E+02   0.111483E-03   0.452560E-03   0.511505E-05   0.116345E-02   0.183807E+03   0.000000E+00   0.000000E+00   0.183807E+03  -0.367614E+03
   0.102856E+03   0.463727E+01   0.889964E+01   0.139276E+01   0.149478E+02   0.111483E-03   0.452560E-03   0.511505E-05   0.117106E-02   0.190303E+03   0.000000E+00   0.000000E+00   0.190303E+03  -0.380606E+03
   0.102856E+03   0.463727E+01   0.197792E+02   0.110102E+02   0.149478E+02   0.111483E-03   0.452560E-03   0.511505E-05   0.117106E-02   0.191562E+03   0.000000E+00   0.000000E+00   0.191562E+03  -0.383124E+03
   0.103510E+03   0.463727E+01   0.197792E+02   0.736940E+01   0.149478E+02   0.111483E-03   0.340114E-03   0.511505E-05   0.117106E-02   0.192120E+03   0.000000E+00   0.000000E+00   0.192120E+03  -0.384240E+03
   0.103575E+03   0.463727E+01   0.197792E+02   0.622739E+01   0.149478E+02   0.111483E-03   0.340114E-03   0.511505E-05   0.944662E-03   0.191768E+03   0.000000E+00   0.000000E+00   0.191768E+03  -0.383536E+03
   0.103575E+03   0.463727E+01   0.217218E+02   0.622739E+01   0.154523E+02   0.111483E-03   0.340114E-03   0.511505E-05   0.944662E-03   0.191368E+03   0.000000E+00   0.000000E+00   0.191368E+03  -0.382736E+03
   0.103575E+03   0.463727E+01   0.217218E+02   0.254492E+01   0.206267E+02   0.111483E-03   0.340114E-03   0.511505E-05   0.774778E-03   0.190840E+03   0.000000E+00   0.000000E+00   0.190840E+03  -0.381680E+03
   0.103575E+03   0.463727E+01   0.217218E+02   0.197337E+02   0.191974E+02   0.168067E-04   0.340114E-03   0.511505E-05   0.882202E-03   0.189646E+03   0.000000E+00   0.000000E+00   0.189646E+03  -0.379292E+03
   0.103575E+03   0.463727E+01   0.110087E+02   0.740975E+01   0.191974E+02   0.168067E-04   0.340114E-03   0.511505E-05   0.882202E-03   0.190799E+03   0.000000E+00   0.000000E+00   0.190799E+03  -0.381598E+03
   0.103575E+03   0.468316E+01   0.189148E+02   0.436620E+01   0.191974E+02   0.168067E-04   0.340114E-03   0.511505E-05   0.146819E-02   0.191973E+03   0.000000E+00   0.000000E+00   0.191973E+03  -0.383946E+03
   0.103575E+03   0.468316E+01   0.189148E+02   0.436620E+01   0.191974E+02   0.168067E-04   0.340114E-03   0.511505E-05   0.146819E-02   0.191973E+03   0.000000E+00   0.000000E+00   0.191973E+03  -0.383946E+03
   0.103575E+03   0.318121E+01   0.206944E+02   0.436620E+01   0.191974E+02   0.226253E-03   0.340114E-03   0.511505E-05   0.146819E-02   0.191713E+03   0.000000E+00   0.000000E+00   0.191713E+03  -0.383426E+03
   0.103575E+03   0.450535E+01   0.182358E+02   0.883858E+01   0.187820E+02   0.226253E-03   0.340114E-03   0.511505E-05   0.146819E-02   0.192617E+03   0.000000E+00   0.000000E+00   0.192617E+03  -0.385234E+03
   0.103575E+03   0.450535E+01   0.170297E+02   0.883858E+01   0.187820E+02   0.226253E-03   0.340114E-03   0.511505E-05   0.146819E-02   0.192676E+03   0.000000E+00   0.000000E+00   0.192676E+03  -0.385352E+03
   0.103575E+03   0.561736E+01   0.170297E+02   0.883858E+01   0.178509E+02   0.824852E-03   0.340114E-03   0.936733E-04   0.111199E-02   0.190943E+03   0.000000E+00   0.000000E+00   0.190943E+03  -0.381886E+03
   0.103575E+03   0.622112E+01   0.179721E+02   0.189412E+02   0.186499E+02   0.824852E-03   0.340114E-03   0.936733E-04   0.111199E-02   0.190932E+03   0.000000E+00   0.000000E+00   0.190932E+03  -0.381864E+03
   0.103575E+03   0.853778E+01   0.181501E+02   0.165110E+02   0.186499E+02   0.824852E-03   0.339782E-03   0.936733E-04   0.111199E-02   0.191502E+03   0.000000E+00   0.000000E+00   0.191502E+03  -0.383004E+03
   0.103575E+03   0.853778E+01   0.181501E+02   0.165110E+02   0.266437E+02   0.824852E-03   0.339782E-03   0.936733E-04   0.111199E-02   0.191568E+03   0.000000E+00   0.000000E+00   0.191568E+03  -0.383136E+03
   0.103575E+03   0.853778E+01   0.181501E+02   0.111086E+02   0.199650E+02   0.824852E-03   0.339782E-03   0.936733E-04   0.221460E-02   0.188152E+03   0.000000E+00   0.000000E+00   0.188152E+03  -0.376304E+03
   0.103575E+03   0.648344E+01   0.181501E+02   0.149823E+02   0.199650E+02   0.824852E-03   0.339782E-03   0.157507E-03   0.138063E-02   0.191063E+03   0.000000E+00   0.000000E+00   0.191063E+03  -0.382126E+03
   0.103575E+03   0.790146E+01   0.181501E+02   0.149254E+02   0.164310E+02   0.824852E-03   0.339782E-03   0.157507E-03   0.138063E-02   0.190690E+03   0.000000E+00   0.000000E+00   0.190690E+03  -0.381380E+03
   0.103575E+03   0.790146E+01   0.181501E+02   0.149254E+02   0.895888E+01   0.824852E-03   0.339782E-03   0.124993E-04   0.174948E-02   0.188608E+03   0.000000E+00   0.000000E+00   0.188608E+03  -0.377216E+03
   0.103575E+03   0.790146E+01   0.181501E+02   0.149254E+02   0.202119E+02   0.824852E-03   0.101639E-03   0.124993E-04   0.105977E-02   0.192562E+03   0.000000E+00   0.000000E+00   0.192562E+03  -0.385124E+03
   0.103575E+03   0.790146E+01   0.181501E+02   0.176286E+02   0.143942E+02   0.824852E-03   0.101639E-03   0.124993E-04   0.105977E-02   0.191822E+03   0.000000E+00   0.000000E+00   0.191822E+03  -0.383644E+03
   0.103670E+03   0.790146E+01   0.188002E+02   0.176286E+02   0.137646E+02   0.824852E-03   0.101639E-03   0.124993E-04   0.853690E-03   0.191191E+03   0.000000E+00   0.000000E+00   0.191191E+03  -0.382382E+03
   0.103670E+03   0.824963E+01   0.208647E+02   0.142691E+02   0.175330E+02   0.824852E-03   0.101639E-03   0.124993E-04   0.199092E-02   0.189668E+03   0.000000E+00   0.000000E+00   0.189668E+03  -0.379336E+03
   0.103670E+03   0.824963E+01   0.208647E+02   0.106309E+02   0.257922E+02   0.106482E-02   0.101639E-03   0.124993E-04   0.199092E-02   0.188242E+03   0.000000E+00   0.000000E+00   0.188242E+03  -0.376484E+03
   0.102618E+03   0.234795E+01   0.981334E+01   0.978062E+01   0.155592E+02   0.106482E-02   0.101639E-03   0.124993E-04   0.249055E-02   0.188163E+03   0.000000E+00   0.000000E+00   0.188163E+03  -0.376326E+03
   0.102618E+03   0.207511E+01   0.981334E+01   0.978062E+01   0.155592E+02   0.106482E-02   0.101639E-03   0.124993E-04   0.249055E-02   0.188017E+03   0.000000E+00   0.000000E+00   0.188017E+03  -0.376034E+03
   0.102618E+03   0.207511E+01   0.981334E+01   0.978062E+01   0.243384E+02   0.106482E-02   0.101639E-03   0.124993E-04   0.401760E-03   0.184219E+03   0.000000E+00   0.000000E+00   0.184219E+03  -0.368438E+03
   0.102618E+03   0.345357E+01   0.941922E+01   0.139476E+02   0.124071E+02   0.140573E-02   0.101639E-03   0.124993E-04   0.401760E-03   0.182303E+03   0.000000E+00   0.000000E+00   0.182303E+03  -0.364606E+03
   0.102900E+03   0.859708E+01   0.167915E+02   0.139476E+02   0.178740E+02   0.115296E-02   0.134614E-03   0.124993E-04   0.271720E-02   0.186600E+03   0.000000E+00   0.000000E+00   0.186600E+03  -0.373200E+03
   0.102900E+03   0.366802E+01   0.701406E+01   0.500939E+01   0.178740E+02   0.559572E-03   0.134614E-03   0.124993E-04   0.146147E-02   0.191461E+03   0.000000E+00   0.000000E+00   0.191461E+03  -0.382922E+03
   0.102900E+03   0.463508E+01   0.635566E+01   0.767488E+01   0.178740E+02   0.559572E-03   0.198773E-03   0.124993E-04   0.146147E-02   0.190971E+03   0.000000E+00   0.000000E+00   0.190971E+03  -0.381942E+03
   0.102900E+03   0.463508E+01   0.635566E+01   0.767488E+01   0.178740E+02   0.559572E-03   0.198773E-03   0.124993E-04   0.146147E-02   0.190971E+03   0.000000E+00   0.000000E+00   0.190971E+03  -0.381942E+03
   0.102900E+03   0.226530E+01   0.729352E+01   0.671761E+01   0.178740E+02   0.559572E-03   0.198773E-03   0.124993E-04   0.146147E-02   0.191542E+03   0.000000E+00   0.000000E+00   0.191542E+03  -0.383084E+03
   0.102698E+03   0.226530E+01   0.729352E+01   0.312492E+01   0.130195E+02   0.559572E-03   0.198773E-03   0.124993E-04   0.880077E-03   0.191262E+03   0.000000E+00   0.000000E+00   0.191262E+03  -0.382524E+03
   0.101368E+03   0.226530E+01   0.620760E+01   0.312492E+01   0.130195E+02   0.559572E-03   0.198773E-03   0.124993E-04   0.880077E-03   0.192920E+03   0.000000E+00   0.000000E+00   0.192920E+03  -0.385840E+03
   0.101368E+03   0.226530E+01   0.654015E+01  -0.248556E+00   0.130195E+02   0.553388E-03   0.198773E-03   0.124993E-04   0.993833E-03   0.192627E+03   0.000000E+00   0.000000E+00   0.192627E+03  -0.385254E+03
   0.101368E+03   0.226530E+01   0.400980E+01  -0.163796E+01   0.130195E+02   0.553388E-03   0.119487E-03   0.124993E-04   0.993833E-03   0.192393E+03   0.000000E+00   0.000000E+00   0.192393E+03  -0.384786E+03
   0.101034E+03   0.226530E+01   0.163378E+01   0.575376E+01  -0.681876E+01   0.192657E-02   0.454359E-03   0.124993E-04   0.143763E-02   0.185414E+03   0.000000E+00   0.000000E+00   0.185414E+03  -0.370828E+03
   0.100199E+03   0.226530E+01   0.393888E+01   0.575376E+01   0.586022E+01   0.748377E-03   0.454359E-03   0.124993E-04   0.683735E-03   0.189899E+03   0.000000E+00   0.000000E+00   0.189899E+03  -0.379798E+03
   0.100199E+03   0.226530E+01   0.393888E+01   0.575376E+01   0.586022E+01   0.748377E-03   0.454359E-03   0.124993E-04   0.683735E-03   0.189899E+03   0.000000E+00   0.000000E+00   0.189899E+03  -0.379798E+03
   0.100199E+03   0.226530E+01   0.393888E+01   0.137520E+02   0.934557E+01   0.877232E-03   0.454359E-03   0.124993E-04   0.192889E-02   0.185360E+03   0.000000E+00   0.000000E+00   0.185360E+03  -0.370720E+03
   0.100199E+03   0.226530E+01   0.595557E+01   0.433497E+01   0.147330E+02   0.877232E-03   0.454359E-03   0.124993E-04   0.413268E-03   0.185899E+03   0.000000E+00   0.000000E+00   0.185899E+03  -0.371798E+03
   0.100199E+03   0.226530E+01   0.564664E+01   0.108007E+02  -0.121824E+01   0.877232E-03   0.454359E-03   0.124993E-04   0.413268E-03   0.185108E+03   0.000000E+00   0.000000E+00   0.185108E+03  -0.370216E+03
   0.100370E+03   0.226530E+01   0.564664E+01  -0.429976E+01   0.119055E+02   0.877232E-03   0.454359E-03   0.124993E-04   0.413268E-03   0.184395E+03   0.000000E+00   0.000000E+00   0.184395E+03  -0.368790E+03
   0.100370E+03  -0.410206E-01   0.564664E+01   0.223395E+01   0.165481E+02   0.877232E-03   0.454359E-03   0.124993E-04   0.413268E-03   0.185455E+03   0.000000E+00   0.000000E+00   0.185455E+03  -0.370910E+03
   0.100370E+03  -0.410206E-01   0.940145E+01   0.223395E+01   0.135163E+02   0.877232E-03   0.454359E-03   0.124993E-04   0.413268E-03   0.185516E+03   0.000000E+00   0.000000E+00   0.185516E+03  -0.371032E+03
   0.100370E+03  -0.410206E-01   0.940145E+01  -0.217520E+01   0.972554E+01   0.877232E-03   0.454359E-03   0.124993E-04   0.413268E-03   0.185438E+03   0.000000E+00   0.000000E+00   0.185438E+03  -0.370876E+03
   0.100370E+03  -0.513545E+00   0.807536E+01  -0.130582E+00   0.972554E+01   0.877232E-03   0.454359E-03   0.124993E-04   0.413268E-03   0.185856E+03   0.000000E+00   0.000000E+00   0.185856E+03  -0.371712E+03
   0.100370E+03  -0.513545E+00   0.194373E+01  -0.130582E+00   0.645201E+01   0.877232E-03   0.454359E-03   0.124993E-04   0.413268E-03   0.185915E+03   0.000000E+00   0.000000E+00   0.185915E+03  -0.371830E+03
   0.100370E+03   0.245751E+01   0.405756E+01  -0.178749E+01   0.645201E+01   0.877232E-03   0.454359E-03   0.124993E-04   0.413268E-03   0.185508E+03   0.000000E+00   0.000000E+00   0.185508E+03  -0.371016E+03
   0.100370E+03   0.245751E+01   0.405756E+01   0.120656E+02   0.150772E+02   0.877232E-03   0.454359E-03   0.124993E-04   0.413268E-03   0.184911E+03   0.000000E+00   0.000000E+00   0.184911E+03  -0.369822E+03
   0.100370E+03   0.245751E+01   0.418031E+01   0.380418E+01   0.170867E+02   0.433706E-03   0.454359E-03   0.124993E-04   0.413268E-03   0.186811E+03   0.000000E+00   0.000000E+00   0.186811E+03  -0.373622E+03
   0.100370E+03   0.109382E+01   0.418031E+01   0.994317E+00   0.175209E+02   0.433706E-03   0.454359E-03   0.124993E-04   0.413268E-03   0.186607E+03   0.000000E+00   0.000000E+00   0.186607E+03  -0.373214E+03
   0.100370E+03   0.109382E+01   0.418031E+01   0.445805E+01  -0.152877E+02   0.433706E-03   0.454359E-03   0.590050E-04   0.413268E-03   0.183204E+03   0.000000E+00   0.000000E+00   0.183204E+03  -0.366408E+03
   0.100370E+03   0.360742E+01   0.418031E+01   0.445805E+01   0.425565E+01   0.433706E-03   0.454359E-03   0.247869E-03   0.174619E-02   0.189409E+03   0.000000E+00   0.000000E+00   0.189409E+03  -0.378818E+03
   0.100370E+03  -0.395612E+00   0.214951E+01   0.568375E+01   0.425565E+01   0.433706E-03   0.454359E-03   0.247869E-03   0.107345E-02   0.189990E+03   0.000000E+00   0.000000E+00   0.189990E+03  -0.379980E+03
