Kmin_MR_a0     Kmin_TR_a0     Y1_intercept   Y2_intercept   Y3_intercept   Y4_intercept   Y5_intercept   LogPost        LogPrior       LogHyper       LogLkh         Deviance       
   0.307866E+02   0.329618E+02   0.269321E+00   0.181270E-01   0.539686E-02   0.113080E-02   0.874999E-02  -0.128902E+04   0.150802E+02   0.000000E+00  -0.130410E+04   0.260820E+04
   0.319138E+02   0.343814E+02   0.291050E+00   0.925847E-02   0.875086E-02   0.220961E-02   0.841927E-03  -0.128906E+04   0.163146E+02   0.000000E+00  -0.130537E+04   0.261075E+04
   0.310784E+02   0.347626E+02   0.236472E+00   0.175213E-01   0.495289E-02   0.224316E-01   0.891804E-02  -0.128957E+04   0.130383E+02   0.000000E+00  -0.130261E+04   0.260522E+04
   0.315800E+02   0.356723E+02   0.279482E+00   0.945171E-02   0.812642E-02   0.250753E-02   0.121500E-02  -0.128866E+04   0.162906E+02   0.000000E+00  -0.130495E+04   0.260990E+04
   0.316416E+02   0.338397E+02   0.275043E+00   0.165394E-01   0.792304E-02   0.849243E-02   0.212363E-01  -0.129036E+04   0.130016E+02   0.000000E+00  -0.130336E+04   0.260672E+04
   0.321479E+02   0.337628E+02   0.246017E+00   0.770664E-02   0.954021E-02   0.328205E-02   0.102957E-01  -0.128894E+04   0.153382E+02   0.000000E+00  -0.130428E+04   0.260856E+04
   0.318902E+02   0.337326E+02   0.257073E+00   0.892585E-02   0.642162E-02   0.328205E-02   0.512227E-02  -0.128686E+04   0.160455E+02   0.000000E+00  -0.130291E+04   0.260581E+04
   0.304269E+02   0.346366E+02   0.244409E+00   0.814634E-03   0.219447E-02   0.167019E-01   0.113474E-01  -0.128728E+04   0.153148E+02   0.000000E+00  -0.130259E+04   0.260519E+04
   0.307173E+02   0.344806E+02   0.259534E+00   0.700458E-02   0.141073E-01   0.608074E-02   0.513674E-02  -0.128729E+04   0.151877E+02   0.000000E+00  -0.130248E+04   0.260496E+04
   0.306932E+02   0.346285E+02   0.245239E+00   0.522943E-02   0.337197E-02   0.882371E-03   0.508005E-02  -0.128512E+04   0.169643E+02   0.000000E+00  -0.130208E+04   0.260417E+04
   0.308939E+02   0.340937E+02   0.253778E+00   0.123472E-02   0.190709E-01   0.247071E-02   0.496395E-02  -0.128617E+04   0.156467E+02   0.000000E+00  -0.130182E+04   0.260363E+04
   0.310882E+02   0.354685E+02   0.230168E+00   0.825745E-02   0.135083E-01   0.290613E-02   0.101827E-02  -0.128855E+04   0.158517E+02   0.000000E+00  -0.130440E+04   0.260880E+04
   0.310882E+02   0.330665E+02   0.242280E+00   0.638677E-02   0.100176E-01   0.280359E-01   0.204081E-02  -0.128862E+04   0.137726E+02   0.000000E+00  -0.130239E+04   0.260479E+04
   0.315171E+02   0.331649E+02   0.252303E+00   0.114418E-02   0.138927E-02   0.446258E-01   0.931137E-04  -0.128888E+04   0.136954E+02   0.000000E+00  -0.130258E+04   0.260515E+04
   0.308848E+02   0.340947E+02   0.283203E+00   0.218717E-02   0.171204E-01   0.592818E-01   0.122320E-02  -0.129438E+04   0.104394E+02   0.000000E+00  -0.130482E+04   0.260964E+04
   0.316787E+02   0.335131E+02   0.253363E+00   0.311854E-02   0.142952E-01   0.620728E-01   0.470337E-02  -0.129255E+04   0.100017E+02   0.000000E+00  -0.130255E+04   0.260510E+04
   0.310806E+02   0.331064E+02   0.218865E+00   0.706727E-02   0.660274E-02   0.795298E-01   0.494263E-02  -0.129671E+04   0.860644E+01   0.000000E+00  -0.130532E+04   0.261063E+04
   0.303743E+02   0.336570E+02   0.252557E+00   0.109490E-01   0.139237E-01   0.668389E-01   0.399639E-01  -0.129759E+04   0.525313E+01   0.000000E+00  -0.130284E+04   0.260569E+04
   0.303234E+02   0.333439E+02   0.256809E+00   0.960478E-02   0.282883E-03   0.137626E-01   0.104147E-01  -0.128851E+04   0.150142E+02   0.000000E+00  -0.130352E+04   0.260705E+04
   0.306685E+02   0.348961E+02   0.249537E+00   0.120104E-01   0.243165E-02   0.842054E-02   0.140717E-01  -0.128768E+04   0.147273E+02   0.000000E+00  -0.130241E+04   0.260481E+04
   0.309211E+02   0.339703E+02   0.252011E+00   0.235107E-01   0.973868E-02   0.101027E-01   0.606455E-02  -0.128829E+04   0.134790E+02   0.000000E+00  -0.130177E+04   0.260354E+04
   0.309708E+02   0.344874E+02   0.229226E+00   0.321460E-01   0.709453E-03   0.568684E-03   0.475704E-02  -0.128851E+04   0.146026E+02   0.000000E+00  -0.130311E+04   0.260623E+04
   0.323917E+02   0.353668E+02   0.269574E+00   0.343635E-01   0.187894E-01   0.349560E-02   0.154135E-02  -0.129283E+04   0.126017E+02   0.000000E+00  -0.130543E+04   0.261086E+04
   0.310923E+02   0.347306E+02   0.228944E+00   0.389761E-02   0.520949E-02   0.163286E-01   0.911471E-02  -0.128853E+04   0.149656E+02   0.000000E+00  -0.130350E+04   0.260699E+04
   0.303645E+02   0.340928E+02   0.226092E+00   0.244181E-02   0.604606E-03   0.337211E-01   0.651005E-02  -0.128939E+04   0.140929E+02   0.000000E+00  -0.130348E+04   0.260697E+04
   0.301990E+02   0.342124E+02   0.227337E+00   0.427542E-03   0.713334E-04   0.205905E-02   0.476333E-02  -0.128605E+04   0.176886E+02   0.000000E+00  -0.130374E+04   0.260748E+04
   0.307759E+02   0.344183E+02   0.256433E+00   0.100023E-03   0.366727E-03   0.898801E-03   0.323355E-02  -0.128422E+04   0.179608E+02   0.000000E+00  -0.130218E+04   0.260436E+04
   0.313160E+02   0.342344E+02   0.245308E+00   0.600662E-01   0.116760E-01   0.821211E-02   0.198732E-02  -0.129176E+04   0.102265E+02   0.000000E+00  -0.130199E+04   0.260397E+04
   0.308524E+02   0.339411E+02   0.241090E+00   0.611773E-02   0.113521E-01   0.727052E-03   0.104034E-01  -0.128628E+04   0.155607E+02   0.000000E+00  -0.130184E+04   0.260368E+04
   0.308524E+02   0.334212E+02   0.251469E+00   0.665017E-02   0.113521E-01   0.335467E-02   0.224833E-01  -0.128801E+04   0.140367E+02   0.000000E+00  -0.130205E+04   0.260409E+04
   0.308524E+02   0.345652E+02   0.242736E+00   0.262983E-03   0.657777E-02   0.167850E-02   0.639361E-02  -0.128505E+04   0.169294E+02   0.000000E+00  -0.130198E+04   0.260396E+04
   0.308524E+02   0.338759E+02   0.266213E+00   0.963748E-03   0.417036E-02   0.559590E-02   0.192213E-02  -0.128562E+04   0.171555E+02   0.000000E+00  -0.130278E+04   0.260555E+04
   0.308524E+02   0.340231E+02   0.256528E+00   0.963748E-03   0.583143E-02   0.118219E-01   0.266895E-02  -0.128570E+04   0.162921E+02   0.000000E+00  -0.130199E+04   0.260398E+04
   0.312340E+02   0.349549E+02   0.242490E+00   0.121103E-01   0.175613E-01   0.108685E-01   0.855884E-02  -0.128895E+04   0.135108E+02   0.000000E+00  -0.130246E+04   0.260492E+04
   0.307157E+02   0.354221E+02   0.259111E+00   0.100387E-01   0.235692E-01   0.611293E-02   0.160890E-02  -0.128909E+04   0.142877E+02   0.000000E+00  -0.130338E+04   0.260676E+04
   0.306311E+02   0.355211E+02   0.255864E+00   0.664076E-02   0.328599E-01   0.108778E-01   0.185014E-02  -0.129029E+04   0.131978E+02   0.000000E+00  -0.130349E+04   0.260698E+04
   0.313230E+02   0.341390E+02   0.242229E+00   0.846049E-03   0.292382E-01   0.424264E-02   0.730215E-02  -0.128782E+04   0.142578E+02   0.000000E+00  -0.130208E+04   0.260416E+04
   0.314754E+02   0.326460E+02   0.249016E+00   0.846049E-03   0.334337E-02   0.112623E-03   0.193385E-01  -0.128721E+04   0.160566E+02   0.000000E+00  -0.130327E+04   0.260653E+04
   0.307559E+02   0.341128E+02   0.221255E+00   0.548252E-03   0.102974E-02   0.953894E-02   0.616750E-02  -0.128744E+04   0.166922E+02   0.000000E+00  -0.130413E+04   0.260826E+04
   0.310599E+02   0.340744E+02   0.248911E+00   0.174983E-01   0.124164E-01   0.312578E-01   0.294418E-02  -0.128968E+04   0.120090E+02   0.000000E+00  -0.130169E+04   0.260338E+04
   0.311605E+02   0.322658E+02   0.232679E+00   0.582727E-02   0.207414E-02   0.415348E-01   0.101723E-01  -0.129189E+04   0.124598E+02   0.000000E+00  -0.130435E+04   0.260870E+04
   0.311605E+02   0.341497E+02   0.246457E+00   0.101117E-01   0.173236E-02   0.175005E-01   0.582618E-02  -0.128685E+04   0.149036E+02   0.000000E+00  -0.130175E+04   0.260351E+04
   0.308649E+02   0.345915E+02   0.267326E+00   0.423883E-03   0.500484E-02   0.665070E-02   0.245813E-01  -0.128814E+04   0.147546E+02   0.000000E+00  -0.130289E+04   0.260579E+04
   0.308649E+02   0.354296E+02   0.246687E+00   0.243580E-02   0.490607E-03   0.299870E-01   0.542141E-02  -0.128827E+04   0.145872E+02   0.000000E+00  -0.130286E+04   0.260571E+04
   0.321147E+02   0.337805E+02   0.248934E+00   0.212601E-01   0.188071E-01   0.239449E-01   0.302194E-01  -0.129485E+04   0.899753E+01   0.000000E+00  -0.130385E+04   0.260770E+04
   0.307943E+02   0.343420E+02   0.253480E+00   0.264338E-01   0.835139E-02   0.122829E-01   0.112092E-01  -0.128935E+04   0.125930E+02   0.000000E+00  -0.130194E+04   0.260389E+04
   0.313336E+02   0.332816E+02   0.254443E+00   0.203785E-01   0.702350E-02   0.262610E-02   0.967628E-02  -0.128777E+04   0.144502E+02   0.000000E+00  -0.130222E+04   0.260444E+04
   0.309517E+02   0.339734E+02   0.253209E+00   0.236610E-01   0.781603E-02   0.874526E-02   0.931746E-02  -0.128831E+04   0.134667E+02   0.000000E+00  -0.130178E+04   0.260355E+04
   0.308376E+02   0.347158E+02   0.246328E+00   0.108817E-01   0.110954E-01   0.880251E-03   0.967711E-02  -0.128689E+04   0.151672E+02   0.000000E+00  -0.130206E+04   0.260411E+04
   0.308376E+02   0.334279E+02   0.237483E+00   0.111277E-01   0.848642E-02   0.899423E-02   0.514040E-02  -0.128720E+04   0.150458E+02   0.000000E+00  -0.130225E+04   0.260449E+04
   0.315831E+02   0.318057E+02   0.250750E+00   0.135745E-01   0.226068E-02   0.178675E-03   0.167170E-02  -0.128858E+04   0.166521E+02   0.000000E+00  -0.130523E+04   0.261046E+04
   0.317683E+02   0.340795E+02   0.256732E+00   0.310052E-01   0.193131E-02   0.333482E-02   0.117158E-01  -0.128893E+04   0.136220E+02   0.000000E+00  -0.130255E+04   0.260510E+04
   0.316695E+02   0.344508E+02   0.261405E+00   0.295693E-01   0.102784E-01   0.209975E-01   0.590997E-02  -0.129076E+04   0.117452E+02   0.000000E+00  -0.130251E+04   0.260501E+04
   0.311383E+02   0.337133E+02   0.287154E+00   0.172898E-03   0.782844E-02   0.185284E-01   0.436203E-01  -0.129379E+04   0.114057E+02   0.000000E+00  -0.130520E+04   0.261039E+04
   0.307202E+02   0.360317E+02   0.271614E+00   0.172898E-03   0.102280E-01   0.297305E-02   0.335660E-01  -0.129183E+04   0.137267E+02   0.000000E+00  -0.130556E+04   0.261111E+04
   0.314966E+02   0.372675E+02   0.239234E+00   0.147677E-01   0.596776E-02   0.297305E-02   0.834812E-02  -0.129398E+04   0.152150E+02   0.000000E+00  -0.130920E+04   0.261839E+04
   0.310867E+02   0.338142E+02   0.252828E+00   0.513118E-01   0.873436E-03   0.152639E-01   0.233637E-01  -0.129246E+04   0.933940E+01   0.000000E+00  -0.130180E+04   0.260360E+04
   0.310867E+02   0.324140E+02   0.263335E+00   0.186958E-02   0.199429E-02   0.115984E-01   0.142686E-01  -0.128862E+04   0.154476E+02   0.000000E+00  -0.130407E+04   0.260814E+04
   0.316856E+02   0.338283E+02   0.272611E+00   0.849344E-02   0.122356E-01   0.929152E-02   0.138131E-01  -0.128919E+04   0.140373E+02   0.000000E+00  -0.130323E+04   0.260645E+04
   0.312833E+02   0.349379E+02   0.248179E+00   0.321321E-02   0.216952E-01   0.272824E-01   0.432757E-02  -0.128950E+04   0.127688E+02   0.000000E+00  -0.130227E+04   0.260454E+04
   0.311124E+02   0.358155E+02   0.256679E+00   0.312688E-03   0.101859E-01   0.455131E-01   0.135791E-01  -0.129212E+04   0.114616E+02   0.000000E+00  -0.130358E+04   0.260716E+04
   0.314130E+02   0.333618E+02   0.279484E+00   0.782244E-02   0.215858E-01   0.721515E-02   0.141994E-02  -0.128953E+04   0.146163E+02   0.000000E+00  -0.130415E+04   0.260829E+04
   0.303426E+02   0.331878E+02   0.254299E+00   0.163251E-01   0.480771E-02   0.120377E-01   0.647836E-02  -0.128898E+04   0.144558E+02   0.000000E+00  -0.130344E+04   0.260687E+04
   0.310158E+02   0.326207E+02   0.240361E+00   0.367254E-02   0.209903E-02   0.661741E-03   0.204646E-02  -0.128549E+04   0.175727E+02   0.000000E+00  -0.130306E+04   0.260613E+04
   0.310158E+02   0.332206E+02   0.280661E+00   0.208319E-01   0.492390E-03   0.459445E-02   0.537436E-02  -0.128957E+04   0.152914E+02   0.000000E+00  -0.130486E+04   0.260972E+04
   0.317133E+02   0.355634E+02   0.267397E+00   0.634992E-03   0.865418E-02   0.182582E-01   0.289723E-02  -0.128855E+04   0.153762E+02   0.000000E+00  -0.130393E+04   0.260785E+04
   0.309622E+02   0.348946E+02   0.230591E+00   0.634992E-03   0.139071E-01   0.453892E-02   0.488844E-02  -0.128726E+04   0.160237E+02   0.000000E+00  -0.130328E+04   0.260657E+04
   0.312631E+02   0.335922E+02   0.225078E+00   0.450720E-02   0.567510E-02   0.360885E-03   0.727835E-02  -0.128746E+04   0.166385E+02   0.000000E+00  -0.130410E+04   0.260820E+04
   0.307593E+02   0.343321E+02   0.239192E+00   0.450720E-02   0.146174E-02   0.159674E-01   0.571389E-02  -0.128640E+04   0.156557E+02   0.000000E+00  -0.130206E+04   0.260411E+04
   0.305194E+02   0.338241E+02   0.213201E+00   0.508881E-02   0.146174E-02   0.148935E-04   0.298127E-01  -0.129105E+04   0.147829E+02   0.000000E+00  -0.130583E+04   0.261167E+04
   0.317104E+02   0.352712E+02   0.251387E+00   0.646310E-02   0.633432E-02   0.461104E-02   0.709929E-02  -0.128737E+04   0.159699E+02   0.000000E+00  -0.130334E+04   0.260668E+04
   0.322202E+02   0.332466E+02   0.235554E+00   0.137313E-01   0.188544E-01   0.392855E-02   0.727414E-02  -0.129220E+04   0.140418E+02   0.000000E+00  -0.130624E+04   0.261248E+04
   0.315391E+02   0.324159E+02   0.247795E+00   0.171138E-02   0.166567E-01   0.109010E-02   0.238792E-01  -0.128970E+04   0.140869E+02   0.000000E+00  -0.130379E+04   0.260757E+04
   0.314415E+02   0.346657E+02   0.272534E+00   0.285600E-02   0.238249E-01   0.412962E-02   0.178774E-02  -0.128792E+04   0.151609E+02   0.000000E+00  -0.130308E+04   0.260616E+04
   0.312651E+02   0.338016E+02   0.276075E+00   0.273911E-02   0.211995E-02   0.267937E-01   0.112017E-02  -0.128835E+04   0.151434E+02   0.000000E+00  -0.130349E+04   0.260699E+04
   0.308591E+02   0.346600E+02   0.260313E+00   0.906594E-03   0.758712E-02   0.233476E-02   0.316405E-02  -0.128538E+04   0.170214E+02   0.000000E+00  -0.130240E+04   0.260480E+04
   0.307435E+02   0.328776E+02   0.240682E+00   0.362508E-02   0.231191E-02   0.510109E-02   0.794872E-02  -0.128615E+04   0.165220E+02   0.000000E+00  -0.130267E+04   0.260534E+04
   0.307435E+02   0.350534E+02   0.227910E+00   0.185790E-02   0.111551E-02   0.405814E-01   0.203614E-02  -0.128989E+04   0.138616E+02   0.000000E+00  -0.130375E+04   0.260750E+04
   0.322264E+02   0.333427E+02   0.284765E+00   0.166457E-02   0.155442E-01   0.800643E-02   0.422117E-01  -0.129397E+04   0.116780E+02   0.000000E+00  -0.130565E+04   0.261130E+04
   0.307553E+02   0.325542E+02   0.232689E+00   0.566476E-02   0.619886E-02   0.598285E-03   0.674524E-02  -0.128711E+04   0.165000E+02   0.000000E+00  -0.130361E+04   0.260722E+04
   0.319010E+02   0.356863E+02   0.290163E+00   0.947377E-03   0.105627E-01   0.598285E-03   0.247251E-01  -0.129170E+04   0.147373E+02   0.000000E+00  -0.130644E+04   0.261287E+04
   0.299649E+02   0.356863E+02   0.244780E+00   0.384162E-02   0.313380E-01   0.157097E-01   0.356717E-01  -0.129568E+04   0.976458E+01   0.000000E+00  -0.130544E+04   0.261089E+04
   0.304336E+02   0.339532E+02   0.249821E+00   0.226710E-01   0.566327E-02   0.318902E-01   0.206504E-01  -0.129211E+04   0.103332E+02   0.000000E+00  -0.130244E+04   0.260489E+04
   0.316259E+02   0.339655E+02   0.256010E+00   0.174615E-02   0.730422E-03   0.553346E-02   0.103403E-01  -0.128571E+04   0.165856E+02   0.000000E+00  -0.130230E+04   0.260459E+04
   0.309380E+02   0.354226E+02   0.257886E+00   0.174615E-02   0.228047E-01   0.553346E-02   0.173230E-01  -0.128934E+04   0.136799E+02   0.000000E+00  -0.130302E+04   0.260604E+04
   0.302507E+02   0.345027E+02   0.237186E+00   0.174615E-02   0.213711E-01   0.136221E-02   0.496844E-02  -0.128756E+04   0.154759E+02   0.000000E+00  -0.130304E+04   0.260607E+04
   0.305750E+02   0.343623E+02   0.231390E+00   0.171377E-02   0.147332E-01   0.136890E-02   0.213587E-01  -0.128823E+04   0.145032E+02   0.000000E+00  -0.130273E+04   0.260547E+04
   0.311399E+02   0.323484E+02   0.250744E+00   0.500344E-02   0.181260E-01   0.979657E-03   0.117222E-01  -0.128865E+04   0.148376E+02   0.000000E+00  -0.130349E+04   0.260698E+04
   0.325053E+02   0.331930E+02   0.256781E+00   0.264469E-02   0.137050E-01   0.983840E-02   0.336961E-02  -0.129016E+04   0.154649E+02   0.000000E+00  -0.130562E+04   0.261125E+04
   0.318264E+02   0.346062E+02   0.265522E+00   0.459624E-02   0.325623E-01   0.503996E-03   0.726084E-03  -0.128845E+04   0.145818E+02   0.000000E+00  -0.130303E+04   0.260606E+04
   0.312114E+02   0.334705E+02   0.258345E+00   0.190388E-02   0.790577E-02   0.167857E-01   0.321639E-02  -0.128672E+04   0.154395E+02   0.000000E+00  -0.130216E+04   0.260432E+04
   0.313743E+02   0.348224E+02   0.257499E+00   0.665096E-02   0.157413E-02   0.241101E-02   0.592355E-02  -0.128547E+04   0.167647E+02   0.000000E+00  -0.130223E+04   0.260447E+04
   0.302496E+02   0.346846E+02   0.251297E+00   0.744103E-02   0.423111E-02   0.843495E-02   0.146668E-02  -0.128700E+04   0.162633E+02   0.000000E+00  -0.130326E+04   0.260653E+04
   0.315139E+02   0.344061E+02   0.244209E+00   0.346795E-03   0.747653E-02   0.788786E-02   0.118266E-01  -0.128672E+04   0.156669E+02   0.000000E+00  -0.130239E+04   0.260477E+04
   0.299690E+02   0.335983E+02   0.259910E+00   0.158752E-01   0.484446E-02   0.118736E-01   0.394634E-01  -0.129385E+04   0.112150E+02   0.000000E+00  -0.130507E+04   0.261013E+04
   0.316129E+02   0.353499E+02   0.280642E+00   0.487406E-01   0.314490E-01   0.107882E-01   0.190962E-01  -0.129717E+04   0.741328E+01   0.000000E+00  -0.130458E+04   0.260917E+04
   0.322189E+02   0.347869E+02   0.298539E+00   0.120285E-01   0.198798E-01   0.199019E-01   0.470532E-02  -0.129421E+04   0.127691E+02   0.000000E+00  -0.130698E+04   0.261396E+04
   0.304245E+02   0.344020E+02   0.235378E+00   0.104042E-01   0.239041E-01   0.295192E-01   0.200511E-01  -0.129262E+04   0.100328E+02   0.000000E+00  -0.130265E+04   0.260531E+04
   0.314842E+02   0.342372E+02   0.267511E+00   0.432614E-03   0.370960E-02   0.534385E-02   0.567882E-01  -0.129073E+04   0.117933E+02   0.000000E+00  -0.130252E+04   0.260505E+04
   0.313429E+02   0.334758E+02   0.249745E+00   0.819410E-02   0.957958E-04   0.939518E-02   0.258712E-02  -0.128564E+04   0.163935E+02   0.000000E+00  -0.130203E+04   0.260407E+04
   0.299137E+02   0.344427E+02   0.237963E+00   0.270463E-01   0.114090E-01   0.100253E-01   0.687595E-02  -0.129124E+04   0.128850E+02   0.000000E+00  -0.130413E+04   0.260825E+04
   0.298441E+02   0.347663E+02   0.236673E+00   0.139910E-01   0.527270E-02   0.672469E-02   0.272095E-02  -0.128916E+04   0.155497E+02   0.000000E+00  -0.130471E+04   0.260942E+04
   0.300042E+02   0.354588E+02   0.233308E+00   0.372246E-02   0.106643E-02   0.149389E-01   0.408883E-02  -0.128911E+04   0.160390E+02   0.000000E+00  -0.130515E+04   0.261030E+04
   0.307471E+02   0.344065E+02   0.242885E+00   0.427809E-02   0.641219E-02   0.104642E-01   0.167177E-02  -0.128585E+04   0.161381E+02   0.000000E+00  -0.130199E+04   0.260398E+04
   0.310821E+02   0.335592E+02   0.217023E+00   0.411809E-02   0.298004E-03   0.152841E-01   0.244062E-02  -0.128931E+04   0.162066E+02   0.000000E+00  -0.130552E+04   0.261103E+04
   0.319139E+02   0.332088E+02   0.244259E+00   0.116566E-02   0.288124E-03   0.758032E-02   0.258373E-02  -0.128654E+04   0.172589E+02   0.000000E+00  -0.130380E+04   0.260760E+04
   0.313893E+02   0.330810E+02   0.234744E+00   0.775750E-02   0.304617E-01   0.297276E-02   0.258373E-02  -0.128928E+04   0.140431E+02   0.000000E+00  -0.130332E+04   0.260665E+04
   0.301460E+02   0.337295E+02   0.251117E+00   0.253948E-01   0.330182E-01   0.316711E-02   0.387451E-02  -0.129164E+04   0.118752E+02   0.000000E+00  -0.130352E+04   0.260703E+04
   0.310030E+02   0.364560E+02   0.270956E+00   0.774648E-02   0.375170E-02   0.398222E-02   0.193494E-02  -0.128935E+04   0.166791E+02   0.000000E+00  -0.130603E+04   0.261206E+04
   0.318875E+02   0.321435E+02   0.263073E+00   0.759800E-03   0.125905E-01   0.113784E-02   0.193494E-02  -0.128852E+04   0.167784E+02   0.000000E+00  -0.130530E+04   0.261060E+04
   0.308187E+02   0.337194E+02   0.258211E+00   0.759800E-03   0.243042E-02   0.223669E-02   0.787562E-02  -0.128516E+04   0.170904E+02   0.000000E+00  -0.130225E+04   0.260450E+04
   0.316746E+02   0.344041E+02   0.233739E+00   0.187815E-02   0.273249E-01   0.126679E-01   0.100007E-01  -0.129070E+04   0.132335E+02   0.000000E+00  -0.130393E+04   0.260787E+04
   0.316746E+02   0.345657E+02   0.259502E+00   0.178538E-02   0.585368E-02   0.395345E-02   0.254535E-02  -0.128548E+04   0.170069E+02   0.000000E+00  -0.130249E+04   0.260497E+04
   0.317004E+02   0.337504E+02   0.274329E+00   0.987214E-02   0.180142E-03   0.930994E-03   0.863812E-02  -0.128694E+04   0.164585E+02   0.000000E+00  -0.130340E+04   0.260680E+04
   0.313256E+02   0.333423E+02   0.249164E+00   0.295128E-02   0.109170E-03   0.140889E-01   0.585478E-02  -0.128606E+04   0.161203E+02   0.000000E+00  -0.130218E+04   0.260436E+04
   0.312780E+02   0.329582E+02   0.268284E+00   0.300840E-01   0.443117E-02   0.715446E-02   0.570963E-02  -0.128978E+04   0.136828E+02   0.000000E+00  -0.130346E+04   0.260693E+04
   0.309233E+02   0.335553E+02   0.223332E+00   0.134927E-01   0.104622E-01   0.165316E-01   0.168290E-01  -0.129114E+04   0.126891E+02   0.000000E+00  -0.130383E+04   0.260766E+04
   0.309233E+02   0.348808E+02   0.240707E+00   0.265086E-02   0.133884E-02   0.176568E-02   0.391180E-02  -0.128485E+04   0.174540E+02   0.000000E+00  -0.130230E+04   0.260461E+04
   0.302836E+02   0.346124E+02   0.259288E+00   0.333897E-02   0.244514E-03   0.103801E-01   0.230292E-01  -0.128890E+04   0.147214E+02   0.000000E+00  -0.130362E+04   0.260724E+04
   0.305313E+02   0.337788E+02   0.231261E+00   0.107885E-02   0.101052E-02   0.153712E-01   0.678039E-02  -0.128672E+04   0.159966E+02   0.000000E+00  -0.130272E+04   0.260543E+04
   0.314142E+02   0.350693E+02   0.264028E+00   0.503145E-02   0.742513E-02   0.229611E-01   0.528902E-02  -0.128841E+04   0.143500E+02   0.000000E+00  -0.130276E+04   0.260552E+04
   0.304522E+02   0.338589E+02   0.244308E+00   0.876602E-02   0.196738E-01   0.543318E-03   0.116420E-01  -0.128795E+04   0.143582E+02   0.000000E+00  -0.130231E+04   0.260462E+04
   0.306568E+02   0.338672E+02   0.258945E+00   0.548868E-02   0.981970E-02   0.822975E-02   0.826870E-02  -0.128729E+04   0.152400E+02   0.000000E+00  -0.130253E+04   0.260506E+04
   0.316558E+02   0.338672E+02   0.255070E+00   0.139534E-02   0.322304E-03   0.121517E-02   0.121607E-01  -0.128546E+04   0.169113E+02   0.000000E+00  -0.130237E+04   0.260474E+04
   0.313693E+02   0.329293E+02   0.257328E+00   0.207687E-01   0.152261E-01   0.160653E-01   0.298210E-02  -0.128987E+04   0.129165E+02   0.000000E+00  -0.130279E+04   0.260557E+04
   0.313686E+02   0.336951E+02   0.242658E+00   0.442878E-02   0.844374E-05   0.169915E-02   0.891334E-02  -0.128529E+04   0.169157E+02   0.000000E+00  -0.130221E+04   0.260441E+04
   0.308102E+02   0.320240E+02   0.263593E+00   0.425200E-03   0.510336E-02   0.818313E-03   0.125862E-01  -0.128877E+04   0.165274E+02   0.000000E+00  -0.130530E+04   0.261059E+04
   0.307633E+02   0.347079E+02   0.257689E+00   0.481441E-02   0.147769E-01   0.818313E-03   0.597832E-02  -0.128660E+04   0.157819E+02   0.000000E+00  -0.130238E+04   0.260476E+04
   0.306027E+02   0.334072E+02   0.264236E+00   0.120330E-01   0.147032E-01   0.818313E-03   0.427480E-03  -0.128775E+04   0.156225E+02   0.000000E+00  -0.130337E+04   0.260674E+04
   0.305139E+02   0.337227E+02   0.241878E+00   0.741824E-03   0.262965E-02   0.109990E-01   0.310464E-01  -0.128833E+04   0.138790E+02   0.000000E+00  -0.130221E+04   0.260442E+04
   0.310531E+02   0.341677E+02   0.240065E+00   0.941312E-02   0.438572E-02   0.245505E-01   0.469347E-02  -0.128782E+04   0.141164E+02   0.000000E+00  -0.130194E+04   0.260387E+04
   0.304386E+02   0.341677E+02   0.231797E+00   0.364343E-02   0.483223E-03   0.116938E-01   0.143426E-01  -0.128743E+04   0.154044E+02   0.000000E+00  -0.130283E+04   0.260567E+04
   0.313193E+02   0.338883E+02   0.242763E+00   0.721830E-02   0.463076E-03   0.285977E-01   0.599214E-02  -0.128788E+04   0.141936E+02   0.000000E+00  -0.130207E+04   0.260415E+04
   0.305303E+02   0.339819E+02   0.242600E+00   0.412204E-03   0.262247E-02   0.259166E-02   0.209204E-01  -0.128638E+04   0.157660E+02   0.000000E+00  -0.130215E+04   0.260429E+04
   0.311579E+02   0.340120E+02   0.267846E+00   0.780536E-02   0.540993E-01   0.323674E-01   0.195946E-01  -0.129556E+04   0.703401E+01   0.000000E+00  -0.130259E+04   0.260519E+04
   0.314681E+02   0.348640E+02   0.276377E+00   0.212283E-01   0.396820E-01   0.764302E-02   0.188459E-01  -0.129392E+04   0.968076E+01   0.000000E+00  -0.130360E+04   0.260720E+04
   0.305042E+02   0.338291E+02   0.271295E+00   0.433812E-01   0.267395E-01   0.750362E-02   0.738770E-02  -0.129426E+04   0.991948E+01   0.000000E+00  -0.130418E+04   0.260836E+04
   0.311438E+02   0.349522E+02   0.253438E+00   0.132143E-01   0.159162E-01   0.427032E-02   0.754238E-02  -0.128784E+04   0.143264E+02   0.000000E+00  -0.130217E+04   0.260433E+04
   0.305366E+02   0.354224E+02   0.248848E+00   0.420736E-03   0.161655E-02   0.592463E-01   0.387884E-02  -0.129141E+04   0.119044E+02   0.000000E+00  -0.130331E+04   0.260663E+04
   0.314801E+02   0.322338E+02   0.244141E+00   0.110701E-03   0.315891E-02   0.403648E-02   0.387884E-02  -0.128684E+04   0.173022E+02   0.000000E+00  -0.130414E+04   0.260828E+04
   0.311874E+02   0.344029E+02   0.268813E+00   0.429123E-02   0.499681E-02   0.403648E-02   0.277113E-01  -0.128836E+04   0.143171E+02   0.000000E+00  -0.130268E+04   0.260535E+04
   0.306361E+02   0.340749E+02   0.251660E+00   0.138682E-01   0.926645E-02   0.358348E-02   0.473822E-01  -0.129110E+04   0.110106E+02   0.000000E+00  -0.130211E+04   0.260422E+04
   0.308516E+02   0.330231E+02   0.240658E+00   0.154453E-01   0.657709E-01   0.340196E-02   0.144943E-01  -0.129392E+04   0.850943E+01   0.000000E+00  -0.130243E+04   0.260486E+04
   0.318295E+02   0.344604E+02   0.272204E+00   0.444183E-02   0.191893E-02   0.304992E-03   0.749268E-03  -0.128564E+04   0.176792E+02   0.000000E+00  -0.130332E+04   0.260664E+04
   0.305173E+02   0.342132E+02   0.251166E+00   0.444183E-02   0.187950E-02   0.899645E-02   0.141347E-01  -0.128686E+04   0.154754E+02   0.000000E+00  -0.130234E+04   0.260467E+04
   0.301431E+02   0.346855E+02   0.242936E+00   0.145527E-02   0.260517E-02   0.457447E-02   0.133495E-01  -0.128717E+04   0.162222E+02   0.000000E+00  -0.130339E+04   0.260678E+04
   0.309397E+02   0.332988E+02   0.268375E+00   0.505631E-02   0.275969E-03   0.227546E-01   0.244043E-01  -0.129012E+04   0.131716E+02   0.000000E+00  -0.130329E+04   0.260658E+04
   0.315721E+02   0.344846E+02   0.251287E+00   0.173865E-02   0.745387E-02   0.328920E-02   0.408361E-02  -0.128550E+04   0.167641E+02   0.000000E+00  -0.130226E+04   0.260453E+04
   0.315721E+02   0.340354E+02   0.258435E+00   0.561324E-02   0.620920E-02   0.148306E-01   0.103820E-01  -0.128748E+04   0.147172E+02   0.000000E+00  -0.130220E+04   0.260439E+04
   0.313558E+02   0.337799E+02   0.235076E+00   0.796326E-02   0.396186E-02   0.488484E-02   0.296101E-02  -0.128637E+04   0.164436E+02   0.000000E+00  -0.130281E+04   0.260563E+04
   0.313428E+02   0.338156E+02   0.250318E+00   0.732337E-02   0.235021E-02   0.229078E-01   0.584594E-03  -0.128676E+04   0.151041E+02   0.000000E+00  -0.130186E+04   0.260373E+04
   0.297232E+02   0.337967E+02   0.230681E+00   0.436151E-02   0.989923E-02   0.239761E-01   0.118624E-01  -0.129174E+04   0.134108E+02   0.000000E+00  -0.130515E+04   0.261030E+04
   0.317085E+02   0.341624E+02   0.258028E+00   0.328771E-01   0.285055E-01   0.975109E-02   0.178979E-01  -0.129292E+04   0.951752E+01   0.000000E+00  -0.130244E+04   0.260488E+04
   0.314718E+02   0.345359E+02   0.244604E+00   0.372447E-02   0.690166E-02   0.250255E-02   0.404311E-01  -0.128930E+04   0.130647E+02   0.000000E+00  -0.130236E+04   0.260473E+04
   0.310258E+02   0.328685E+02   0.239385E+00   0.604915E-02   0.976820E-02   0.353872E-02   0.158011E-02  -0.128641E+04   0.163271E+02   0.000000E+00  -0.130274E+04   0.260547E+04
   0.310384E+02   0.347445E+02   0.230604E+00   0.254102E-02   0.180200E-02   0.448646E-02   0.351528E-01  -0.128920E+04   0.140225E+02   0.000000E+00  -0.130322E+04   0.260644E+04
   0.316414E+02   0.348030E+02   0.260888E+00   0.115780E-01   0.902900E-02   0.258720E-01   0.108672E-01  -0.128995E+04   0.126861E+02   0.000000E+00  -0.130264E+04   0.260527E+04
   0.310732E+02   0.335686E+02   0.248633E+00   0.690661E-03   0.199690E-01   0.605991E-02   0.279438E-02  -0.128634E+04   0.154693E+02   0.000000E+00  -0.130181E+04   0.260362E+04
   0.312411E+02   0.347816E+02   0.240373E+00   0.379877E-03   0.221032E-01   0.111337E-01   0.626336E-02  -0.128803E+04   0.144327E+02   0.000000E+00  -0.130246E+04   0.260493E+04
   0.316042E+02   0.341080E+02   0.252488E+00   0.848866E-02   0.460542E-02   0.906293E-02   0.102484E-01  -0.128701E+04   0.151801E+02   0.000000E+00  -0.130219E+04   0.260438E+04
   0.316820E+02   0.327047E+02   0.270719E+00   0.578887E-02   0.190378E-02   0.103193E-01   0.368964E-03  -0.128767E+04   0.165826E+02   0.000000E+00  -0.130425E+04   0.260851E+04
   0.321958E+02   0.331027E+02   0.252451E+00   0.270404E-01   0.683774E-02   0.918272E-02   0.365539E-02  -0.129080E+04   0.137491E+02   0.000000E+00  -0.130455E+04   0.260910E+04
   0.304489E+02   0.341612E+02   0.256352E+00   0.164466E-01   0.184693E-01   0.395579E-03   0.481196E-03  -0.128793E+04   0.148414E+02   0.000000E+00  -0.130277E+04   0.260554E+04
   0.303982E+02   0.354533E+02   0.235403E+00   0.856518E-03   0.489870E-01   0.282058E-02   0.105444E-01  -0.129185E+04   0.120998E+02   0.000000E+00  -0.130395E+04   0.260790E+04
   0.308175E+02   0.340549E+02   0.249244E+00   0.166520E-01   0.273062E-01   0.895399E-02   0.263204E-01  -0.129131E+04   0.104974E+02   0.000000E+00  -0.130181E+04   0.260361E+04
   0.308175E+02   0.349497E+02   0.243145E+00   0.873715E-02   0.386009E-02   0.502036E-02   0.657897E-02  -0.128635E+04   0.160010E+02   0.000000E+00  -0.130235E+04   0.260470E+04
   0.307669E+02   0.344731E+02   0.234344E+00   0.153802E-01   0.431714E-02   0.502036E-02   0.315870E-01  -0.128968E+04   0.127902E+02   0.000000E+00  -0.130247E+04   0.260494E+04
   0.304445E+02   0.347801E+02   0.237678E+00   0.556989E-02   0.246107E-01   0.850476E-02   0.162323E-01  -0.128985E+04   0.129289E+02   0.000000E+00  -0.130278E+04   0.260556E+04
   0.308285E+02   0.350657E+02   0.237996E+00   0.455014E-02   0.942565E-02   0.220205E-02   0.153086E-01  -0.128747E+04   0.152720E+02   0.000000E+00  -0.130274E+04   0.260548E+04
   0.310425E+02   0.352508E+02   0.264652E+00   0.451874E-03   0.314561E-02   0.296580E-02   0.442687E-02  -0.128574E+04   0.173217E+02   0.000000E+00  -0.130306E+04   0.260612E+04
   0.308013E+02   0.336689E+02   0.228839E+00   0.295138E-02   0.118124E-02   0.785273E-02   0.126362E-02  -0.128578E+04   0.170958E+02   0.000000E+00  -0.130288E+04   0.260575E+04
   0.308003E+02   0.333818E+02   0.243687E+00   0.154673E-01   0.154400E-01   0.289529E-02   0.110544E-02  -0.128713E+04   0.149299E+02   0.000000E+00  -0.130206E+04   0.260412E+04
   0.311591E+02   0.329745E+02   0.250938E+00   0.151567E-01   0.162697E-03   0.103660E-01   0.535956E-02  -0.128712E+04   0.153162E+02   0.000000E+00  -0.130244E+04   0.260487E+04
   0.313101E+02   0.339129E+02   0.271010E+00   0.188906E-02   0.162697E-03   0.356854E-01   0.943290E-02  -0.128914E+04   0.137037E+02   0.000000E+00  -0.130284E+04   0.260569E+04
   0.314520E+02   0.348537E+02   0.264636E+00   0.314129E-02   0.118129E-01   0.163846E-01   0.265074E-01  -0.128998E+04   0.126361E+02   0.000000E+00  -0.130262E+04   0.260523E+04
   0.311769E+02   0.348537E+02   0.276035E+00   0.711772E-03   0.690617E-03   0.187658E-01   0.852919E-02  -0.128811E+04   0.155509E+02   0.000000E+00  -0.130366E+04   0.260732E+04
   0.315249E+02   0.340005E+02   0.265054E+00   0.218511E-02   0.621467E-02   0.244724E-02   0.298134E-02  -0.128537E+04   0.170378E+02   0.000000E+00  -0.130241E+04   0.260482E+04
   0.305449E+02   0.328076E+02   0.231074E+00   0.139615E-01   0.500928E-03   0.246671E-03   0.754539E-02  -0.128724E+04   0.161952E+02   0.000000E+00  -0.130344E+04   0.260687E+04
   0.315012E+02   0.349298E+02   0.243356E+00   0.515694E-02   0.717590E-02   0.927315E-02   0.237915E-02  -0.128683E+04   0.160222E+02   0.000000E+00  -0.130285E+04   0.260570E+04
   0.308673E+02   0.342763E+02   0.235866E+00   0.594316E-02   0.175948E-01   0.103733E-01   0.762691E-02  -0.128797E+04   0.142669E+02   0.000000E+00  -0.130224E+04   0.260447E+04
   0.308673E+02   0.346580E+02   0.230896E+00   0.397957E-02   0.574455E-01   0.793452E-02   0.922992E-02  -0.129242E+04   0.105617E+02   0.000000E+00  -0.130298E+04   0.260596E+04
   0.322830E+02   0.338978E+02   0.271800E+00   0.192368E-01   0.811354E-02   0.545560E-02   0.184590E-01  -0.129103E+04   0.132942E+02   0.000000E+00  -0.130432E+04   0.260865E+04
   0.305975E+02   0.327719E+02   0.236019E+00   0.209052E-01   0.181322E-01   0.148495E-02   0.186233E-01  -0.129065E+04   0.125061E+02   0.000000E+00  -0.130316E+04   0.260631E+04
   0.315730E+02   0.339145E+02   0.282273E+00   0.360755E-02   0.204930E-01   0.148495E-02   0.478960E-02  -0.128871E+04   0.153832E+02   0.000000E+00  -0.130409E+04   0.260819E+04
   0.306292E+02   0.326829E+02   0.247779E+00   0.763663E-02   0.694302E-02   0.873294E-03   0.117659E-02  -0.128639E+04   0.167577E+02   0.000000E+00  -0.130315E+04   0.260630E+04
   0.311861E+02   0.342253E+02   0.242103E+00   0.110500E-01   0.505917E-03   0.232203E-01   0.548727E-02  -0.128760E+04   0.143943E+02   0.000000E+00  -0.130199E+04   0.260399E+04
   0.308513E+02   0.340039E+02   0.247662E+00   0.709274E-02   0.602612E-03   0.235482E-02   0.740450E-02  -0.128507E+04   0.166752E+02   0.000000E+00  -0.130175E+04   0.260349E+04
   0.305335E+02   0.323042E+02   0.226548E+00   0.466459E-02   0.233415E-01   0.263396E-01   0.344183E-02  -0.129207E+04   0.126419E+02   0.000000E+00  -0.130471E+04   0.260942E+04
   0.305335E+02   0.347259E+02   0.223867E+00   0.157316E-01   0.212340E-02   0.452174E-01   0.903004E-02  -0.129284E+04   0.112104E+02   0.000000E+00  -0.130405E+04   0.260810E+04
   0.320611E+02   0.332968E+02   0.255218E+00   0.184283E-02   0.529705E-02   0.552726E-02   0.941868E-03  -0.128667E+04   0.170598E+02   0.000000E+00  -0.130373E+04   0.260746E+04
   0.310166E+02   0.339574E+02   0.240521E+00   0.375788E-02   0.262533E-02   0.193899E-02   0.396943E-01  -0.128830E+04   0.136190E+02   0.000000E+00  -0.130192E+04   0.260384E+04
   0.311811E+02   0.334349E+02   0.273732E+00   0.992796E-02   0.268274E-02   0.193899E-02   0.303794E-01  -0.128956E+04   0.139278E+02   0.000000E+00  -0.130349E+04   0.260698E+04
   0.311276E+02   0.341600E+02   0.250339E+00   0.169689E-02   0.504835E-02   0.193899E-02   0.122480E-01  -0.128540E+04   0.163275E+02   0.000000E+00  -0.130173E+04   0.260345E+04
   0.306054E+02   0.341434E+02   0.229846E+00   0.636867E-02   0.271736E-03   0.628978E-02   0.106364E-01  -0.128678E+04   0.160640E+02   0.000000E+00  -0.130284E+04   0.260569E+04
   0.308491E+02   0.327699E+02   0.262222E+00   0.924463E-02   0.177541E-02   0.128111E-01   0.710756E-02  -0.128821E+04   0.153268E+02   0.000000E+00  -0.130354E+04   0.260707E+04
   0.321210E+02   0.339389E+02   0.279123E+00   0.102128E-01   0.290123E-02   0.643877E-03   0.220651E-01  -0.128958E+04   0.148384E+02   0.000000E+00  -0.130442E+04   0.260884E+04
   0.320096E+02   0.347204E+02   0.236327E+00   0.644325E-02   0.203563E-01   0.154549E-02   0.891548E-02  -0.129048E+04   0.146946E+02   0.000000E+00  -0.130517E+04   0.261035E+04
   0.311255E+02   0.333274E+02   0.236370E+00   0.675766E-02   0.194963E-02   0.700128E-02   0.207674E-02  -0.128590E+04   0.166421E+02   0.000000E+00  -0.130254E+04   0.260508E+04
   0.305321E+02   0.347205E+02   0.245741E+00   0.317736E-01   0.904428E-02   0.755015E-02   0.172148E-02  -0.128900E+04   0.134117E+02   0.000000E+00  -0.130241E+04   0.260482E+04
   0.313946E+02   0.341758E+02   0.258599E+00   0.769751E-02   0.210162E-01   0.798343E-02   0.172148E-02  -0.128741E+04   0.145788E+02   0.000000E+00  -0.130199E+04   0.260398E+04
   0.318265E+02   0.336646E+02   0.254440E+00   0.162105E-01   0.211345E-01   0.111201E-01   0.142894E-02  -0.128939E+04   0.134313E+02   0.000000E+00  -0.130282E+04   0.260564E+04
   0.309387E+02   0.347562E+02   0.225096E+00   0.953936E-02   0.784804E-02   0.279915E-02   0.549422E-02  -0.128815E+04   0.158526E+02   0.000000E+00  -0.130400E+04   0.260801E+04
   0.311846E+02   0.350527E+02   0.249861E+00   0.260609E-03   0.989206E-02   0.245908E-01   0.244696E-01  -0.128978E+04   0.124994E+02   0.000000E+00  -0.130228E+04   0.260456E+04
   0.311981E+02   0.324816E+02   0.262013E+00   0.123417E-02   0.122708E-01   0.763696E-03   0.235903E-01  -0.128914E+04   0.146348E+02   0.000000E+00  -0.130377E+04   0.260755E+04
   0.315058E+02   0.337344E+02   0.274524E+00   0.462796E-01   0.420264E-02   0.295950E-02   0.275883E-01  -0.129301E+04   0.103177E+02   0.000000E+00  -0.130333E+04   0.260666E+04
   0.312626E+02   0.346907E+02   0.272252E+00   0.147100E-01   0.508681E-02   0.124501E-04   0.136267E-01  -0.128799E+04   0.150771E+02   0.000000E+00  -0.130307E+04   0.260613E+04
   0.300323E+02   0.322814E+02   0.230124E+00   0.237899E-01   0.627284E-02   0.121816E-01   0.204106E-01  -0.129340E+04   0.121552E+02   0.000000E+00  -0.130556E+04   0.261111E+04
   0.318169E+02   0.334101E+02   0.249601E+00   0.662106E-02   0.138171E-01   0.129709E-01   0.162568E-01  -0.128961E+04   0.134541E+02   0.000000E+00  -0.130306E+04   0.260613E+04
   0.312068E+02   0.329043E+02   0.255117E+00   0.968903E-02   0.309527E-01   0.221962E-03   0.509762E-02  -0.128885E+04   0.138245E+02   0.000000E+00  -0.130267E+04   0.260535E+04
   0.317355E+02   0.358994E+02   0.275957E+00   0.170448E-02   0.294162E-01   0.269782E-01   0.122566E-01  -0.129381E+04   0.113851E+02   0.000000E+00  -0.130520E+04   0.261039E+04
   0.312790E+02   0.335226E+02   0.266665E+00   0.254043E-02   0.253180E-01   0.717661E-02   0.207385E-01  -0.128984E+04   0.128433E+02   0.000000E+00  -0.130268E+04   0.260537E+04
   0.316131E+02   0.313864E+02   0.232108E+00   0.166811E-01   0.227051E-01   0.717661E-02   0.400115E-02  -0.129432E+04   0.133643E+02   0.000000E+00  -0.130768E+04   0.261537E+04
   0.305312E+02   0.335628E+02   0.234452E+00   0.121071E-01   0.219307E-01   0.162943E-01   0.320409E-02  -0.128948E+04   0.130671E+02   0.000000E+00  -0.130255E+04   0.260509E+04
   0.310545E+02   0.335628E+02   0.238109E+00   0.116345E-02   0.200735E-01   0.130489E-01   0.431183E-02  -0.128756E+04   0.145609E+02   0.000000E+00  -0.130212E+04   0.260424E+04
   0.310545E+02   0.339291E+02   0.268583E+00   0.138041E-01   0.169380E-01   0.606389E-02   0.157790E-02  -0.128814E+04   0.145823E+02   0.000000E+00  -0.130272E+04   0.260544E+04
   0.313638E+02   0.339777E+02   0.284612E+00   0.591047E-03   0.245416E-02   0.945159E-02   0.828834E-03  -0.128734E+04   0.170881E+02   0.000000E+00  -0.130443E+04   0.260886E+04
   0.318119E+02   0.353741E+02   0.254084E+00   0.938968E-03   0.128798E-01   0.399869E-02   0.828834E-03  -0.128710E+04   0.165561E+02   0.000000E+00  -0.130366E+04   0.260731E+04
   0.309244E+02   0.359027E+02   0.225336E+00   0.296984E-02   0.236422E-01   0.131165E-01   0.193349E-01  -0.129340E+04   0.125143E+02   0.000000E+00  -0.130591E+04   0.261183E+04
   0.310567E+02   0.345668E+02   0.237651E+00   0.318063E-01   0.838724E-02   0.248397E-01   0.523570E-02  -0.129095E+04   0.113938E+02   0.000000E+00  -0.130234E+04   0.260469E+04
   0.306397E+02   0.331499E+02   0.232768E+00   0.767108E-02   0.492133E-02   0.448923E-02   0.650156E-02  -0.128679E+04   0.160624E+02   0.000000E+00  -0.130285E+04   0.260570E+04
   0.306397E+02   0.339578E+02   0.234903E+00   0.178837E-01   0.882554E-04   0.355783E-02   0.414891E-02  -0.128646E+04   0.158528E+02   0.000000E+00  -0.130231E+04   0.260463E+04
   0.317430E+02   0.329006E+02   0.254600E+00   0.632690E-03   0.882554E-04   0.419348E-02   0.930431E-03  -0.128546E+04   0.178362E+02   0.000000E+00  -0.130330E+04   0.260659E+04
   0.313808E+02   0.328320E+02   0.261084E+00   0.212855E-01   0.114912E-02   0.176853E-01   0.346417E-02  -0.128904E+04   0.140623E+02   0.000000E+00  -0.130310E+04   0.260620E+04
   0.311461E+02   0.350761E+02   0.254816E+00   0.158048E-01   0.194758E-01   0.566909E-01   0.717999E-02  -0.129389E+04   0.850553E+01   0.000000E+00  -0.130240E+04   0.260479E+04
   0.306154E+02   0.343396E+02   0.261333E+00   0.207579E-01   0.104132E-01   0.285603E-03   0.729102E-02  -0.128824E+04   0.145459E+02   0.000000E+00  -0.130279E+04   0.260557E+04
   0.305319E+02   0.337777E+02   0.256860E+00   0.134894E-01   0.133610E-01   0.584596E-01   0.819196E-02  -0.129359E+04   0.907048E+01   0.000000E+00  -0.130266E+04   0.260532E+04
   0.323252E+02   0.335591E+02   0.281475E+00   0.915833E-02   0.542279E-02   0.153940E-01   0.132517E-01  -0.129128E+04   0.140980E+02   0.000000E+00  -0.130538E+04   0.261076E+04
   0.305179E+02   0.346544E+02   0.246615E+00   0.127945E-02   0.542279E-02   0.395882E-01   0.320497E-01  -0.129182E+04   0.105867E+02   0.000000E+00  -0.130241E+04   0.260481E+04
   0.324220E+02   0.324080E+02   0.263881E+00   0.127945E-02   0.623752E-02   0.466568E-01   0.440884E-01  -0.129776E+04   0.859446E+01   0.000000E+00  -0.130635E+04   0.261271E+04
   0.310528E+02   0.336122E+02   0.252669E+00   0.127945E-02   0.199849E-01   0.374857E-02   0.599744E-01  -0.129192E+04   0.992195E+01   0.000000E+00  -0.130184E+04   0.260368E+04
   0.310528E+02   0.341101E+02   0.239483E+00   0.638857E-02   0.261464E-02   0.134977E-01   0.343285E-01  -0.128922E+04   0.127377E+02   0.000000E+00  -0.130196E+04   0.260392E+04
   0.303889E+02   0.352505E+02   0.252158E+00   0.151054E-01   0.846457E-02   0.685359E-02   0.386553E-02  -0.128849E+04   0.149918E+02   0.000000E+00  -0.130348E+04   0.260696E+04
   0.307343E+02   0.343166E+02   0.256995E+00   0.551792E-02   0.255900E-02   0.737000E-02   0.842235E-02  -0.128616E+04   0.160338E+02   0.000000E+00  -0.130219E+04   0.260439E+04
   0.313343E+02   0.335273E+02   0.253873E+00   0.196478E-01   0.249012E-02   0.180213E-01   0.262660E-02  -0.128786E+04   0.141421E+02   0.000000E+00  -0.130200E+04   0.260400E+04
   0.310350E+02   0.341566E+02   0.267371E+00   0.252634E-02   0.626621E-02   0.121392E-01   0.671161E-02  -0.128693E+04   0.156563E+02   0.000000E+00  -0.130259E+04   0.260517E+04
   0.310350E+02   0.328655E+02   0.236050E+00   0.115460E-01   0.237282E-01   0.108073E-01   0.391798E-02  -0.128947E+04   0.134207E+02   0.000000E+00  -0.130289E+04   0.260578E+04
   0.307900E+02   0.343910E+02   0.228257E+00   0.690789E-02   0.420357E-03   0.116392E-01   0.505414E-02  -0.128706E+04   0.160185E+02   0.000000E+00  -0.130308E+04   0.260616E+04
   0.307900E+02   0.331458E+02   0.235366E+00   0.301969E-01   0.507055E-02   0.916662E-02   0.158500E-01  -0.129020E+04   0.123923E+02   0.000000E+00  -0.130259E+04   0.260518E+04
   0.320579E+02   0.320119E+02   0.265204E+00   0.931209E-03   0.466966E-02   0.266961E-01   0.123205E-01  -0.129217E+04   0.139589E+02   0.000000E+00  -0.130613E+04   0.261226E+04
   0.308770E+02   0.348338E+02   0.250010E+00   0.194886E-02   0.562374E-03   0.507582E-02   0.549135E-02  -0.128501E+04   0.171128E+02   0.000000E+00  -0.130212E+04   0.260425E+04
   0.317718E+02   0.354483E+02   0.254458E+00   0.112872E-02   0.562374E-03   0.112747E-02   0.144918E-01  -0.128698E+04   0.166896E+02   0.000000E+00  -0.130367E+04   0.260734E+04
   0.306878E+02   0.332212E+02   0.261746E+00   0.412257E-02   0.929091E-02   0.338641E-02   0.118331E-01  -0.128759E+04   0.155574E+02   0.000000E+00  -0.130315E+04   0.260629E+04
   0.309425E+02   0.348296E+02   0.239957E+00   0.604299E-02   0.305361E-02   0.102253E-02   0.101186E-02  -0.128500E+04   0.173076E+02   0.000000E+00  -0.130231E+04   0.260462E+04
   0.317821E+02   0.325635E+02   0.263782E+00   0.110043E-01   0.824699E-02   0.312996E-02   0.119540E-01  -0.128920E+04   0.149872E+02   0.000000E+00  -0.130419E+04   0.260837E+04
   0.315929E+02   0.331895E+02   0.247942E+00   0.213176E-01   0.383173E-02   0.897309E-02   0.255229E-02  -0.128796E+04   0.147532E+02   0.000000E+00  -0.130271E+04   0.260543E+04
   0.311321E+02   0.349243E+02   0.239271E+00   0.632039E-03   0.101335E-02   0.869179E-03   0.238874E-03  -0.128441E+04   0.181453E+02   0.000000E+00  -0.130256E+04   0.260511E+04
   0.312276E+02   0.331372E+02   0.252768E+00   0.106892E-01   0.209111E-04   0.381132E-01   0.226340E-01  -0.129104E+04   0.112749E+02   0.000000E+00  -0.130231E+04   0.260463E+04
   0.309964E+02   0.347886E+02   0.272124E+00   0.179046E-02   0.209111E-04   0.138411E-02   0.431416E-02  -0.128570E+04   0.176697E+02   0.000000E+00  -0.130337E+04   0.260674E+04
   0.311959E+02   0.334335E+02   0.274044E+00   0.137423E-01   0.209111E-04   0.358766E-01   0.164817E-02  -0.129026E+04   0.132919E+02   0.000000E+00  -0.130355E+04   0.260710E+04
   0.303919E+02   0.336702E+02   0.247336E+00   0.379590E-02   0.778253E-02   0.399885E-02   0.700150E-02  -0.128640E+04   0.161628E+02   0.000000E+00  -0.130256E+04   0.260513E+04
   0.317815E+02   0.344304E+02   0.247005E+00   0.714301E-02   0.181422E-02   0.263001E-02   0.285835E-02  -0.128594E+04   0.169761E+02   0.000000E+00  -0.130292E+04   0.260583E+04
   0.314598E+02   0.348118E+02   0.272069E+00   0.137731E-01   0.208344E-01   0.521572E-02   0.174774E-02  -0.128888E+04   0.142636E+02   0.000000E+00  -0.130314E+04   0.260629E+04
   0.307220E+02   0.347832E+02   0.240010E+00   0.137731E-01   0.155020E-01   0.595861E-02   0.224654E-01  -0.128968E+04   0.126508E+02   0.000000E+00  -0.130233E+04   0.260466E+04
   0.309788E+02   0.333287E+02   0.251692E+00   0.304131E-01   0.819663E-03   0.201385E-02   0.882631E-02  -0.128787E+04   0.142134E+02   0.000000E+00  -0.130208E+04   0.260417E+04
   0.304433E+02   0.339503E+02   0.230276E+00   0.906918E-02   0.661333E-02   0.655054E-02   0.184228E-01  -0.128854E+04   0.143551E+02   0.000000E+00  -0.130290E+04   0.260579E+04
   0.303671E+02   0.344723E+02   0.238336E+00   0.239923E-02   0.276890E-01   0.428164E-02   0.513186E-02  -0.128824E+04   0.144705E+02   0.000000E+00  -0.130271E+04   0.260542E+04
   0.313877E+02   0.346771E+02   0.236377E+00   0.745523E-04   0.338307E-02   0.962892E-02   0.103535E-02  -0.128603E+04   0.170085E+02   0.000000E+00  -0.130304E+04   0.260608E+04
   0.315383E+02   0.349188E+02   0.238491E+00   0.324319E-01   0.116708E-01   0.441477E-02   0.118913E-01  -0.129102E+04   0.123798E+02   0.000000E+00  -0.130340E+04   0.260680E+04
   0.306456E+02   0.348068E+02   0.251098E+00   0.129851E-01   0.356243E-01   0.125815E-01   0.184043E-01  -0.129194E+04   0.104612E+02   0.000000E+00  -0.130240E+04   0.260480E+04
   0.304623E+02   0.343320E+02   0.261789E+00   0.947347E-02   0.265539E-02   0.318640E-02   0.119591E-01  -0.128748E+04   0.156932E+02   0.000000E+00  -0.130317E+04   0.260635E+04
   0.314918E+02   0.337520E+02   0.252952E+00   0.964890E-02   0.113055E-01   0.274673E-03   0.622815E-03  -0.128584E+04   0.162355E+02   0.000000E+00  -0.130208E+04   0.260415E+04
   0.312321E+02   0.345238E+02   0.252952E+00   0.200785E-02   0.479862E-02   0.478240E-02   0.500408E-02  -0.128511E+04   0.167614E+02   0.000000E+00  -0.130187E+04   0.260374E+04
   0.314119E+02   0.343012E+02   0.267652E+00   0.231142E-02   0.922312E-02   0.932576E-02   0.280211E-03  -0.128622E+04   0.163066E+02   0.000000E+00  -0.130253E+04   0.260505E+04
   0.311448E+02   0.320480E+02   0.231230E+00   0.433818E-02   0.389785E-02   0.758745E-02   0.745626E-02  -0.128882E+04   0.160927E+02   0.000000E+00  -0.130491E+04   0.260983E+04
   0.313502E+02   0.340049E+02   0.247150E+00   0.323184E-02   0.216159E-01   0.226991E-01   0.606119E-02  -0.128885E+04   0.130599E+02   0.000000E+00  -0.130191E+04   0.260382E+04
   0.308034E+02   0.348584E+02   0.251718E+00   0.187823E-01   0.822445E-02   0.993037E-02   0.126051E-02  -0.128760E+04   0.146009E+02   0.000000E+00  -0.130220E+04   0.260440E+04
   0.310377E+02   0.339453E+02   0.244126E+00   0.366092E-01   0.350466E-02   0.140374E-02   0.187596E-01  -0.128939E+04   0.123930E+02   0.000000E+00  -0.130178E+04   0.260357E+04
   0.314343E+02   0.344565E+02   0.280037E+00   0.899982E-02   0.227941E-01   0.104622E-01   0.301674E-01  -0.129260E+04   0.111783E+02   0.000000E+00  -0.130378E+04   0.260756E+04
   0.309218E+02   0.335594E+02   0.237696E+00   0.177593E-01   0.703384E-02   0.111912E-01   0.705349E-02  -0.128800E+04   0.141169E+02   0.000000E+00  -0.130212E+04   0.260423E+04
   0.318840E+02   0.345320E+02   0.255906E+00   0.684217E-02   0.145621E-01   0.799755E-02   0.129738E-01  -0.128873E+04   0.141831E+02   0.000000E+00  -0.130291E+04   0.260583E+04
   0.320809E+02   0.338117E+02   0.258733E+00   0.628602E-02   0.105340E-02   0.134945E-01   0.291984E-02  -0.128738E+04   0.160453E+02   0.000000E+00  -0.130343E+04   0.260685E+04
   0.303321E+02   0.342779E+02   0.233961E+00   0.134788E-01   0.949382E-02   0.600411E-02   0.102357E-01  -0.128839E+04   0.144994E+02   0.000000E+00  -0.130289E+04   0.260578E+04
   0.306241E+02   0.337643E+02   0.236828E+00   0.130775E-01   0.814683E-02   0.911343E-02   0.679009E-02  -0.128749E+04   0.147079E+02   0.000000E+00  -0.130220E+04   0.260440E+04
   0.308163E+02   0.324649E+02   0.254284E+00   0.154332E-01   0.890642E-02   0.642888E-02   0.102483E-01  -0.128925E+04   0.143190E+02   0.000000E+00  -0.130357E+04   0.260714E+04
   0.313188E+02   0.336971E+02   0.278308E+00   0.496994E-02   0.212339E-01   0.139062E-02   0.577753E-02  -0.128869E+04   0.150835E+02   0.000000E+00  -0.130377E+04   0.260755E+04
   0.308984E+02   0.330324E+02   0.249192E+00   0.174027E-01   0.540417E-02   0.139062E-02   0.174229E-01  -0.128812E+04   0.142586E+02   0.000000E+00  -0.130238E+04   0.260476E+04
   0.302182E+02   0.335484E+02   0.254042E+00   0.247286E-01   0.117124E-02   0.208051E-02   0.201962E-02  -0.128811E+04   0.154207E+02   0.000000E+00  -0.130353E+04   0.260706E+04
   0.303167E+02   0.345953E+02   0.239203E+00   0.120822E-01   0.103902E-02   0.104386E-01   0.206651E-01  -0.128890E+04   0.139982E+02   0.000000E+00  -0.130290E+04   0.260580E+04
   0.307522E+02   0.314499E+02   0.223995E+00   0.292520E-02   0.220539E-03   0.691397E-02   0.226777E-01  -0.129191E+04   0.151469E+02   0.000000E+00  -0.130706E+04   0.261411E+04
   0.305240E+02   0.318853E+02   0.242753E+00   0.135334E-01   0.220539E-03   0.191856E-01   0.118581E-01  -0.129097E+04   0.139409E+02   0.000000E+00  -0.130491E+04   0.260982E+04
   0.301630E+02   0.327948E+02   0.236514E+00   0.120186E-01   0.220539E-03   0.312363E-02   0.126429E-03  -0.128712E+04   0.168718E+02   0.000000E+00  -0.130399E+04   0.260798E+04
   0.311712E+02   0.335263E+02   0.240467E+00   0.271757E-02   0.312627E-01   0.264315E-02   0.583182E-02  -0.128795E+04   0.141752E+02   0.000000E+00  -0.130213E+04   0.260425E+04
   0.314087E+02   0.331410E+02   0.268141E+00   0.209173E-02   0.332391E-02   0.203310E-01   0.365012E-02  -0.128773E+04   0.154810E+02   0.000000E+00  -0.130321E+04   0.260642E+04
   0.315418E+02   0.333143E+02   0.262351E+00   0.457855E-03   0.253022E-02   0.734917E-02   0.513267E-02  -0.128581E+04   0.168737E+02   0.000000E+00  -0.130268E+04   0.260537E+04
   0.311428E+02   0.361144E+02   0.266843E+00   0.213343E-01   0.909415E-03   0.100142E-01   0.513267E-02  -0.129003E+04   0.146816E+02   0.000000E+00  -0.130471E+04   0.260942E+04
   0.314963E+02   0.342633E+02   0.243017E+00   0.144092E-01   0.196010E-01   0.122209E-01   0.588411E-03  -0.128869E+04   0.137387E+02   0.000000E+00  -0.130243E+04   0.260486E+04
   0.312888E+02   0.352418E+02   0.266094E+00   0.777630E-03   0.135615E-01   0.262137E-03   0.600347E-02  -0.128673E+04   0.163602E+02   0.000000E+00  -0.130309E+04   0.260618E+04
   0.307530E+02   0.339554E+02   0.236691E+00   0.103096E-01   0.363031E-02   0.102690E-01   0.558197E-02  -0.128666E+04   0.154416E+02   0.000000E+00  -0.130210E+04   0.260420E+04
   0.321119E+02   0.347853E+02   0.257123E+00   0.188545E-02   0.363031E-02   0.434686E-02   0.526379E-02  -0.128688E+04   0.169080E+02   0.000000E+00  -0.130379E+04   0.260758E+04
   0.319636E+02   0.354304E+02   0.270669E+00   0.311991E-01   0.238953E-03   0.109155E-01   0.199675E-03  -0.129016E+04   0.141654E+02   0.000000E+00  -0.130433E+04   0.260865E+04
   0.323737E+02   0.358268E+02   0.235099E+00   0.201914E-01   0.328393E-03   0.223891E-01   0.426782E-02  -0.129541E+04   0.137030E+02   0.000000E+00  -0.130911E+04   0.261823E+04
   0.315591E+02   0.337142E+02   0.260830E+00   0.574691E-02   0.346617E-02   0.119479E-02   0.204627E-02  -0.128519E+04   0.171753E+02   0.000000E+00  -0.130237E+04   0.260473E+04
   0.304352E+02   0.347528E+02   0.249571E+00   0.178819E-02   0.432874E-02   0.144188E-02   0.588000E-02  -0.128567E+04   0.170768E+02   0.000000E+00  -0.130275E+04   0.260549E+04
   0.311341E+02   0.351037E+02   0.257480E+00   0.161244E-02   0.343419E-02   0.966289E-02   0.147439E-01  -0.128696E+04   0.154753E+02   0.000000E+00  -0.130244E+04   0.260487E+04
   0.311593E+02   0.346029E+02   0.248250E+00   0.694605E-02   0.228349E-01   0.258349E-02   0.244345E-02  -0.128697E+04   0.149399E+02   0.000000E+00  -0.130191E+04   0.260382E+04
   0.306910E+02   0.332226E+02   0.237202E+00   0.223476E-01   0.112026E-01   0.116799E-01   0.872255E-03  -0.128865E+04   0.138104E+02   0.000000E+00  -0.130246E+04   0.260492E+04
   0.309388E+02   0.323342E+02   0.216869E+00   0.407258E-02   0.153948E-02   0.841946E-02   0.372383E-02  -0.128987E+04   0.166451E+02   0.000000E+00  -0.130652E+04   0.261303E+04
   0.310289E+02   0.336737E+02   0.244393E+00   0.139753E-01   0.529558E-02   0.168307E-02   0.749845E-03  -0.128557E+04   0.162503E+02   0.000000E+00  -0.130182E+04   0.260364E+04
   0.313319E+02   0.334920E+02   0.253510E+00   0.327593E-02   0.130778E-01   0.219670E-02   0.120022E-01  -0.128667E+04   0.153654E+02   0.000000E+00  -0.130204E+04   0.260407E+04
   0.321113E+02   0.347595E+02   0.266064E+00   0.200568E-01   0.673543E-02   0.656889E-02   0.366444E-02  -0.128907E+04   0.147181E+02   0.000000E+00  -0.130379E+04   0.260758E+04
   0.307421E+02   0.348571E+02   0.239571E+00   0.295002E-02   0.117008E-01   0.738568E-02   0.166934E-01  -0.128786E+04   0.145477E+02   0.000000E+00  -0.130241E+04   0.260482E+04
   0.318078E+02   0.335497E+02   0.243030E+00   0.111557E-01   0.406003E-01   0.355479E-03   0.260141E-02  -0.129039E+04   0.129494E+02   0.000000E+00  -0.130334E+04   0.260668E+04
   0.311176E+02   0.355254E+02   0.257585E+00   0.634135E-02   0.147377E-01   0.355479E-03   0.115160E-01  -0.128797E+04   0.151256E+02   0.000000E+00  -0.130310E+04   0.260619E+04
   0.310478E+02   0.348671E+02   0.230316E+00   0.248570E-01   0.175692E-01   0.115891E-01   0.910851E-02  -0.129131E+04   0.121083E+02   0.000000E+00  -0.130342E+04   0.260684E+04
   0.311181E+02   0.330447E+02   0.256662E+00   0.474126E-02   0.155928E-02   0.834608E-03   0.925612E-02  -0.128575E+04   0.167816E+02   0.000000E+00  -0.130253E+04   0.260506E+04
   0.309710E+02   0.356438E+02   0.243326E+00   0.504364E-02   0.608589E-02   0.235634E-01   0.360538E-02  -0.128875E+04   0.145908E+02   0.000000E+00  -0.130334E+04   0.260668E+04
   0.312241E+02   0.341986E+02   0.265103E+00   0.422307E-03   0.407859E-02   0.400031E-02   0.958702E-02  -0.128568E+04   0.166119E+02   0.000000E+00  -0.130229E+04   0.260458E+04
   0.311063E+02   0.342717E+02   0.233821E+00   0.374702E-02   0.147590E-01   0.496925E-02   0.186867E-01  -0.128838E+04   0.142045E+02   0.000000E+00  -0.130258E+04   0.260517E+04
   0.306209E+02   0.340971E+02   0.241877E+00   0.821561E-02   0.106757E-02   0.358416E-03   0.779831E-02  -0.128535E+04   0.166767E+02   0.000000E+00  -0.130203E+04   0.260405E+04
   0.310294E+02   0.334557E+02   0.249918E+00   0.302501E-01   0.429805E-02   0.789495E-02   0.126598E-01  -0.128901E+04   0.129104E+02   0.000000E+00  -0.130192E+04   0.260384E+04
   0.314592E+02   0.338683E+02   0.249760E+00   0.667620E-02   0.603687E-02   0.138597E-01   0.219041E-01  -0.128846E+04   0.135730E+02   0.000000E+00  -0.130203E+04   0.260407E+04
   0.312288E+02   0.343983E+02   0.258366E+00   0.160868E-02   0.179780E-03   0.195635E-01   0.321444E-02  -0.128601E+04   0.159640E+02   0.000000E+00  -0.130197E+04   0.260395E+04
   0.305470E+02   0.341858E+02   0.246797E+00   0.160868E-02   0.142809E-01   0.395266E-01   0.901028E-03  -0.128938E+04   0.127890E+02   0.000000E+00  -0.130217E+04   0.260434E+04
   0.304626E+02   0.320613E+02   0.242058E+00   0.646134E-02   0.220774E-01   0.955768E-02   0.281059E-02  -0.129026E+04   0.143300E+02   0.000000E+00  -0.130459E+04   0.260918E+04
   0.311242E+02   0.356168E+02   0.257410E+00   0.220122E-01   0.719845E-02   0.242767E-02   0.350234E-02  -0.128830E+04   0.149066E+02   0.000000E+00  -0.130321E+04   0.260641E+04
   0.303235E+02   0.346400E+02   0.275186E+00   0.184884E-01   0.525242E-02   0.102333E-02   0.194779E-01  -0.129137E+04   0.139965E+02   0.000000E+00  -0.130537E+04   0.261073E+04
   0.302959E+02   0.354129E+02   0.254695E+00   0.901946E-02   0.141790E-02   0.116709E-01   0.238683E-01  -0.129031E+04   0.138230E+02   0.000000E+00  -0.130413E+04   0.260827E+04
   0.311650E+02   0.333917E+02   0.251955E+00   0.614678E-03   0.618696E-02   0.301263E-02   0.126606E-01  -0.128580E+04   0.161732E+02   0.000000E+00  -0.130197E+04   0.260395E+04
   0.317418E+02   0.350441E+02   0.272110E+00   0.207804E-02   0.110038E-02   0.210604E-01   0.590120E-02  -0.128816E+04   0.154067E+02   0.000000E+00  -0.130357E+04   0.260713E+04
   0.317418E+02   0.339319E+02   0.265930E+00   0.397700E-02   0.420052E-02   0.173309E-01   0.407855E-02  -0.128730E+04   0.154620E+02   0.000000E+00  -0.130276E+04   0.260552E+04
   0.312857E+02   0.342102E+02   0.243461E+00   0.155460E-01   0.337298E-02   0.270407E-01   0.469811E-02  -0.128868E+04   0.133549E+02   0.000000E+00  -0.130203E+04   0.260407E+04
   0.304966E+02   0.341806E+02   0.249963E+00   0.104066E-01   0.135049E-01   0.970988E-03   0.528039E-02  -0.128693E+04   0.154044E+02   0.000000E+00  -0.130233E+04   0.260467E+04
   0.304396E+02   0.347280E+02   0.240129E+00   0.213015E-03   0.665995E-02   0.299007E-01   0.191808E-02  -0.128813E+04   0.145515E+02   0.000000E+00  -0.130268E+04   0.260536E+04
   0.316683E+02   0.330639E+02   0.244220E+00   0.206899E-01   0.106897E-01   0.165511E-01   0.894395E-03  -0.128969E+04   0.135382E+02   0.000000E+00  -0.130323E+04   0.260646E+04
   0.299906E+02   0.336465E+02   0.261353E+00   0.244586E-01   0.306177E-02   0.195111E-01   0.632768E-02  -0.129200E+04   0.130848E+02   0.000000E+00  -0.130508E+04   0.261017E+04
   0.321410E+02   0.363266E+02   0.265055E+00   0.896125E-02   0.637474E-02   0.703500E-02   0.180169E-02  -0.129048E+04   0.160034E+02   0.000000E+00  -0.130648E+04   0.261297E+04
   0.307934E+02   0.336217E+02   0.262268E+00   0.360547E-02   0.940030E-02   0.578393E-02   0.554209E-02  -0.128663E+04   0.159875E+02   0.000000E+00  -0.130262E+04   0.260524E+04
   0.309401E+02   0.340290E+02   0.221946E+00   0.175892E-02   0.621832E-02   0.389537E-02   0.301345E-02  -0.128719E+04   0.169321E+02   0.000000E+00  -0.130412E+04   0.260824E+04
   0.309401E+02   0.340783E+02   0.267702E+00   0.859726E-02   0.121304E-01   0.188124E-02   0.728366E-02  -0.128732E+04   0.154314E+02   0.000000E+00  -0.130275E+04   0.260550E+04
   0.306435E+02   0.343490E+02   0.229966E+00   0.833138E-02   0.551372E-02   0.317691E-02   0.819675E-02  -0.128694E+04   0.158988E+02   0.000000E+00  -0.130284E+04   0.260568E+04
   0.316944E+02   0.341279E+02   0.272302E+00   0.833138E-02   0.377889E-02   0.183803E-02   0.561764E-03  -0.128611E+04   0.169697E+02   0.000000E+00  -0.130308E+04   0.260616E+04
   0.309826E+02   0.350167E+02   0.279243E+00   0.416663E-01   0.124441E-01   0.280771E-02   0.742280E-02  -0.129242E+04   0.119866E+02   0.000000E+00  -0.130441E+04   0.260881E+04
   0.300252E+02   0.340792E+02   0.244914E+00   0.244642E-01   0.143777E-01   0.976465E-02   0.812713E-02  -0.129090E+04   0.127473E+02   0.000000E+00  -0.130365E+04   0.260729E+04
   0.309265E+02   0.337623E+02   0.243560E+00   0.904610E-02   0.140300E-03   0.172916E-02   0.198314E-01  -0.128648E+04   0.153460E+02   0.000000E+00  -0.130183E+04   0.260365E+04
   0.312121E+02   0.347787E+02   0.234738E+00   0.825269E-02   0.107432E-02   0.149781E-01   0.620007E-02  -0.128758E+04   0.153702E+02   0.000000E+00  -0.130295E+04   0.260590E+04
   0.317295E+02   0.341170E+02   0.252101E+00   0.273843E-02   0.192997E-01   0.779016E-02   0.950380E-02  -0.128802E+04   0.144875E+02   0.000000E+00  -0.130251E+04   0.260501E+04
   0.305452E+02   0.330652E+02   0.242592E+00   0.493825E-02   0.334611E-02   0.356747E-01   0.928221E-02  -0.128962E+04   0.130966E+02   0.000000E+00  -0.130272E+04   0.260543E+04
   0.296279E+02   0.342818E+02   0.232867E+00   0.987353E-02   0.123675E-03   0.147205E-01   0.391657E-02  -0.129005E+04   0.155573E+02   0.000000E+00  -0.130561E+04   0.261121E+04
   0.317080E+02   0.354818E+02   0.273925E+00   0.134485E-02   0.537323E-03   0.701953E-02   0.219201E-01  -0.128891E+04   0.153385E+02   0.000000E+00  -0.130425E+04   0.260850E+04
   0.314990E+02   0.344388E+02   0.274246E+00   0.397128E-02   0.101618E-01   0.177006E-01   0.307725E-02  -0.128825E+04   0.149296E+02   0.000000E+00  -0.130318E+04   0.260636E+04
   0.314990E+02   0.351642E+02   0.257516E+00   0.135714E-01   0.135833E-02   0.579913E-02   0.729724E-02  -0.128714E+04   0.156181E+02   0.000000E+00  -0.130276E+04   0.260552E+04
   0.316994E+02   0.344836E+02   0.241999E+00   0.664297E-02   0.753733E-02   0.514989E-02   0.360080E-02  -0.128697E+04   0.161276E+02   0.000000E+00  -0.130310E+04   0.260620E+04
   0.314213E+02   0.345439E+02   0.245069E+00   0.911084E-02   0.716645E-03   0.824797E-02   0.416640E-03  -0.128568E+04   0.165715E+02   0.000000E+00  -0.130225E+04   0.260450E+04
   0.324432E+02   0.336827E+02   0.261350E+00   0.256456E-02   0.132129E-01   0.107044E-01   0.820806E-02  -0.128983E+04   0.149517E+02   0.000000E+00  -0.130478E+04   0.260956E+04
   0.312940E+02   0.339589E+02   0.248181E+00   0.200332E-01   0.123861E-01   0.462183E-02   0.236937E-02  -0.128732E+04   0.144796E+02   0.000000E+00  -0.130180E+04   0.260360E+04
   0.312753E+02   0.337622E+02   0.248181E+00   0.408169E-02   0.176564E-01   0.841159E-02   0.528229E-02  -0.128701E+04   0.148775E+02   0.000000E+00  -0.130189E+04   0.260377E+04
   0.299432E+02   0.349168E+02   0.221725E+00   0.771954E-02   0.397362E-02   0.120495E-01   0.180630E-01  -0.129153E+04   0.142401E+02   0.000000E+00  -0.130577E+04   0.261154E+04
   0.312092E+02   0.349526E+02   0.247006E+00   0.188535E-02   0.302920E-02   0.150815E-01   0.865091E-03  -0.128594E+04   0.163346E+02   0.000000E+00  -0.130227E+04   0.260455E+04
   0.304450E+02   0.349517E+02   0.220213E+00   0.179417E-01   0.767693E-02   0.842277E-02   0.778159E-02  -0.129079E+04   0.142384E+02   0.000000E+00  -0.130503E+04   0.261006E+04
   0.314172E+02   0.343657E+02   0.238576E+00   0.221908E-01   0.236585E-02   0.375090E-03   0.641106E-02  -0.128737E+04   0.152864E+02   0.000000E+00  -0.130266E+04   0.260531E+04
   0.316677E+02   0.355618E+02   0.257143E+00   0.142304E-01   0.955525E-02   0.375090E-03   0.282650E-01  -0.129046E+04   0.131781E+02   0.000000E+00  -0.130364E+04   0.260728E+04
   0.323547E+02   0.339293E+02   0.246427E+00   0.894752E-03   0.124070E-01   0.320006E-02   0.448125E-02  -0.128879E+04   0.163224E+02   0.000000E+00  -0.130511E+04   0.261022E+04
   0.311531E+02   0.349684E+02   0.226708E+00   0.639054E-02   0.759166E-02   0.207570E-01   0.322436E-01  -0.129253E+04   0.117224E+02   0.000000E+00  -0.130425E+04   0.260850E+04
   0.313310E+02   0.333511E+02   0.243983E+00   0.480948E-01   0.366933E-01   0.440840E-02   0.510905E-01  -0.129787E+04   0.439198E+01   0.000000E+00  -0.130226E+04   0.260452E+04
   0.313310E+02   0.347587E+02   0.259109E+00   0.197656E-01   0.129182E-01   0.662982E-02   0.284947E-01  -0.129059E+04   0.116398E+02   0.000000E+00  -0.130223E+04   0.260446E+04
   0.310423E+02   0.334407E+02   0.253702E+00   0.385840E-02   0.185896E-01   0.662982E-02   0.598008E-02  -0.128708E+04   0.149149E+02   0.000000E+00  -0.130199E+04   0.260399E+04
   0.310423E+02   0.342658E+02   0.251706E+00   0.300565E-01   0.817304E-02   0.503722E-02   0.128223E-01  -0.128892E+04   0.128118E+02   0.000000E+00  -0.130173E+04   0.260346E+04
   0.311837E+02   0.339795E+02   0.234567E+00   0.170943E-04   0.102587E-01   0.608529E-02   0.623330E-02  -0.128632E+04   0.161612E+02   0.000000E+00  -0.130248E+04   0.260496E+04
   0.313498E+02   0.326836E+02   0.249223E+00   0.401942E-02   0.147920E-01   0.592038E-02   0.623330E-02  -0.128766E+04   0.153242E+02   0.000000E+00  -0.130298E+04   0.260597E+04
   0.309172E+02   0.342449E+02   0.259889E+00   0.772250E-02   0.241801E-01   0.857867E-02   0.305809E-02  -0.128809E+04   0.140667E+02   0.000000E+00  -0.130216E+04   0.260431E+04
   0.307596E+02   0.352979E+02   0.251790E+00   0.959091E-02   0.721203E-02   0.140165E-01   0.918944E-03  -0.128756E+04   0.152468E+02   0.000000E+00  -0.130281E+04   0.260561E+04
   0.320706E+02   0.340257E+02   0.248036E+00   0.254288E-02   0.721203E-02   0.125001E-01   0.278271E-02  -0.128783E+04   0.159169E+02   0.000000E+00  -0.130375E+04   0.260749E+04
   0.327412E+02   0.332251E+02   0.264199E+00   0.556757E-02   0.721203E-02   0.229713E-01   0.198744E-01  -0.129365E+04   0.128582E+02   0.000000E+00  -0.130651E+04   0.261302E+04
   0.311004E+02   0.341346E+02   0.245226E+00   0.430762E-02   0.398212E-02   0.375210E-01   0.458398E-02  -0.128837E+04   0.133812E+02   0.000000E+00  -0.130175E+04   0.260350E+04
   0.302993E+02   0.339586E+02   0.238779E+00   0.114068E-01   0.398212E-02   0.177428E-01   0.133239E-01  -0.128894E+04   0.137751E+02   0.000000E+00  -0.130272E+04   0.260543E+04
   0.302993E+02   0.332730E+02   0.237773E+00   0.377435E-02   0.141749E-02   0.107107E-01   0.915513E-02  -0.128714E+04   0.159149E+02   0.000000E+00  -0.130305E+04   0.260611E+04
   0.326364E+02   0.354838E+02   0.257459E+00   0.305312E-02   0.222658E-02   0.370599E-01   0.208432E-01  -0.129485E+04   0.121024E+02   0.000000E+00  -0.130695E+04   0.261390E+04
   0.314996E+02   0.353327E+02   0.246730E+00   0.657673E-02   0.787835E-02   0.723506E-02   0.125854E-01  -0.128819E+04   0.149931E+02   0.000000E+00  -0.130318E+04   0.260637E+04
   0.315750E+02   0.329648E+02   0.286908E+00   0.315168E-02   0.146074E-01   0.503612E-02   0.146389E-01  -0.129103E+04   0.146773E+02   0.000000E+00  -0.130571E+04   0.261141E+04
   0.321850E+02   0.340688E+02   0.272317E+00   0.202315E-01   0.597277E-02   0.196260E-01   0.179144E-01  -0.129205E+04   0.120462E+02   0.000000E+00  -0.130410E+04   0.260819E+04
   0.311169E+02   0.340688E+02   0.254670E+00   0.880053E-02   0.236057E-02   0.673221E-02   0.832116E-02  -0.128600E+04   0.157992E+02   0.000000E+00  -0.130180E+04   0.260360E+04
   0.310621E+02   0.348427E+02   0.236773E+00   0.176440E-02   0.306978E-03   0.272362E-03   0.124926E-01  -0.128568E+04   0.169370E+02   0.000000E+00  -0.130262E+04   0.260523E+04
   0.313283E+02   0.352678E+02   0.256031E+00   0.518750E-02   0.575143E-02   0.510160E-03   0.322952E-01  -0.128867E+04   0.140463E+02   0.000000E+00  -0.130272E+04   0.260543E+04
   0.303452E+02   0.345551E+02   0.235296E+00   0.172628E-02   0.100278E-01   0.166155E-02   0.223120E-01  -0.128813E+04   0.148479E+02   0.000000E+00  -0.130298E+04   0.260596E+04
   0.316157E+02   0.337063E+02   0.252585E+00   0.172628E-02   0.471600E-02   0.497289E-02   0.427785E-02  -0.128550E+04   0.168514E+02   0.000000E+00  -0.130235E+04   0.260470E+04
   0.309581E+02   0.333328E+02   0.283769E+00   0.135686E-02   0.145550E-03   0.230935E-02   0.981866E-03  -0.128736E+04   0.179413E+02   0.000000E+00  -0.130530E+04   0.261060E+04
   0.298590E+02   0.345113E+02   0.226063E+00   0.144966E-01   0.366537E-03   0.219425E-01   0.711430E-02  -0.129110E+04   0.140287E+02   0.000000E+00  -0.130513E+04   0.261026E+04
   0.309203E+02   0.343798E+02   0.254413E+00   0.532021E-03   0.755567E-02   0.206099E-02   0.701411E-02  -0.128519E+04   0.167044E+02   0.000000E+00  -0.130189E+04   0.260379E+04
   0.322076E+02   0.344271E+02   0.261987E+00   0.884446E-02   0.536322E-02   0.206099E-02   0.101366E-01  -0.128810E+04   0.157802E+02   0.000000E+00  -0.130388E+04   0.260776E+04
   0.309995E+02   0.323004E+02   0.246851E+00   0.591285E-03   0.640530E-02   0.649225E-02   0.280496E-02  -0.128674E+04   0.167913E+02   0.000000E+00  -0.130353E+04   0.260706E+04
   0.299002E+02   0.328091E+02   0.223134E+00   0.813533E-02   0.569595E-03   0.147884E-02   0.350495E-02  -0.128871E+04   0.170518E+02   0.000000E+00  -0.130576E+04   0.261152E+04
   0.306274E+02   0.337463E+02   0.264328E+00   0.939913E-02   0.690493E-02   0.147884E-02   0.303246E-01  -0.128950E+04   0.136099E+02   0.000000E+00  -0.130311E+04   0.260622E+04
   0.309905E+02   0.343335E+02   0.264834E+00   0.197772E-02   0.151749E-01   0.105015E-02   0.124834E-01  -0.128709E+04   0.153521E+02   0.000000E+00  -0.130244E+04   0.260488E+04
   0.311950E+02   0.354396E+02   0.258036E+00   0.797183E-02   0.151544E-02   0.346819E-02   0.381965E-02  -0.128617E+04   0.167432E+02   0.000000E+00  -0.130291E+04   0.260583E+04
   0.314740E+02   0.344094E+02   0.240536E+00   0.232114E-01   0.153494E-01   0.505847E-02   0.285106E-02  -0.128879E+04   0.137736E+02   0.000000E+00  -0.130256E+04   0.260513E+04
   0.306769E+02   0.348419E+02   0.265951E+00   0.307645E-02   0.417754E-02   0.129933E-01   0.689406E-02  -0.128761E+04   0.157065E+02   0.000000E+00  -0.130332E+04   0.260663E+04
   0.306215E+02   0.329688E+02   0.248563E+00   0.205492E-02   0.417754E-02   0.153111E-01   0.794398E-03  -0.128656E+04   0.161869E+02   0.000000E+00  -0.130275E+04   0.260549E+04
   0.299534E+02   0.336226E+02   0.237434E+00   0.126007E-02   0.555310E-02   0.281105E-01   0.149730E-01  -0.129051E+04   0.134310E+02   0.000000E+00  -0.130394E+04   0.260788E+04
   0.309028E+02   0.341335E+02   0.246254E+00   0.228588E-02   0.127544E-01   0.221423E-03   0.249665E-01  -0.128731E+04   0.143979E+02   0.000000E+00  -0.130171E+04   0.260342E+04
   0.306936E+02   0.336843E+02   0.241741E+00   0.932902E-02   0.151819E-03   0.221423E-03   0.839212E-02  -0.128537E+04   0.166112E+02   0.000000E+00  -0.130198E+04   0.260396E+04
   0.313594E+02   0.329465E+02   0.237376E+00   0.386064E-02   0.124682E-01   0.191447E-02   0.273364E-01  -0.128929E+04   0.138627E+02   0.000000E+00  -0.130315E+04   0.260631E+04
   0.305445E+02   0.329213E+02   0.261564E+00   0.174037E-02   0.570406E-02   0.390688E-02   0.109753E-02  -0.128664E+04   0.171758E+02   0.000000E+00  -0.130382E+04   0.260763E+04
   0.301223E+02   0.345986E+02   0.254948E+00   0.213424E-01   0.291729E-01   0.198586E-02   0.155125E-01  -0.129226E+04   0.116193E+02   0.000000E+00  -0.130388E+04   0.260776E+04
   0.307139E+02   0.347037E+02   0.229170E+00   0.523355E-02   0.328236E-01   0.168391E-02   0.129318E-02  -0.128885E+04   0.143173E+02   0.000000E+00  -0.130317E+04   0.260633E+04
   0.308710E+02   0.357903E+02   0.238076E+00   0.813838E-02   0.163638E-01   0.740073E-04   0.178131E-02  -0.128818E+04   0.157849E+02   0.000000E+00  -0.130396E+04   0.260793E+04
   0.309399E+02   0.343328E+02   0.237029E+00   0.326246E-01   0.148426E-01   0.171932E-01   0.232367E-01  -0.129253E+04   0.963097E+01   0.000000E+00  -0.130216E+04   0.260432E+04
   0.309399E+02   0.344684E+02   0.227429E+00   0.878361E-02   0.676133E-02   0.106182E-02   0.156226E-01  -0.128814E+04   0.151977E+02   0.000000E+00  -0.130334E+04   0.260668E+04
   0.316013E+02   0.342023E+02   0.239549E+00   0.244617E-02   0.716084E-02   0.499654E-02   0.117930E-01  -0.128713E+04   0.157810E+02   0.000000E+00  -0.130291E+04   0.260582E+04
   0.309001E+02   0.329771E+02   0.249300E+00   0.114915E-02   0.357977E-02   0.433610E-02   0.192929E-01  -0.128686E+04   0.155849E+02   0.000000E+00  -0.130244E+04   0.260489E+04
   0.314101E+02   0.323784E+02   0.253412E+00   0.114915E-02   0.126366E-01   0.207453E-01   0.446483E-02  -0.128914E+04   0.145211E+02   0.000000E+00  -0.130366E+04   0.260732E+04
   0.304725E+02   0.337574E+02   0.239853E+00   0.787756E-03   0.133012E-01   0.368066E-02   0.130278E-02  -0.128581E+04   0.165134E+02   0.000000E+00  -0.130232E+04   0.260465E+04
   0.319641E+02   0.333178E+02   0.276085E+00   0.456428E-02   0.168177E-02   0.977454E-02   0.947148E-02  -0.128838E+04   0.158715E+02   0.000000E+00  -0.130425E+04   0.260850E+04
   0.318099E+02   0.345778E+02   0.259626E+00   0.156604E-01   0.170964E-03   0.105113E-01   0.947148E-02  -0.128796E+04   0.148393E+02   0.000000E+00  -0.130280E+04   0.260560E+04
   0.310807E+02   0.347854E+02   0.262658E+00   0.282781E-01   0.170964E-03   0.269356E-01   0.118160E-01  -0.129074E+04   0.117006E+02   0.000000E+00  -0.130244E+04   0.260488E+04
   0.314901E+02   0.346596E+02   0.245216E+00   0.964581E-02   0.200981E-02   0.517140E-03   0.199763E-01  -0.128726E+04   0.152058E+02   0.000000E+00  -0.130247E+04   0.260493E+04
   0.311384E+02   0.339294E+02   0.250240E+00   0.106998E-01   0.141583E-02   0.179987E-01   0.188542E-01  -0.128821E+04   0.135238E+02   0.000000E+00  -0.130173E+04   0.260347E+04
   0.300214E+02   0.331634E+02   0.231548E+00   0.174800E-02   0.397794E-02   0.221753E-02   0.984941E-02  -0.128757E+04   0.166414E+02   0.000000E+00  -0.130421E+04   0.260842E+04
   0.312813E+02   0.326853E+02   0.254499E+00   0.475646E-02   0.134927E-01   0.151172E-02   0.241006E-01  -0.128897E+04   0.140345E+02   0.000000E+00  -0.130300E+04   0.260601E+04
   0.301446E+02   0.329404E+02   0.240392E+00   0.993606E-02   0.174727E-01   0.151172E-02   0.259151E-02  -0.128855E+04   0.152695E+02   0.000000E+00  -0.130382E+04   0.260764E+04
   0.308356E+02   0.335693E+02   0.252103E+00   0.668363E-02   0.174727E-01   0.183398E-01   0.297792E-02  -0.128816E+04   0.138733E+02   0.000000E+00  -0.130203E+04   0.260407E+04
   0.319162E+02   0.349687E+02   0.264704E+00   0.134860E-01   0.558437E-02   0.117010E-01   0.127923E-01  -0.128941E+04   0.140643E+02   0.000000E+00  -0.130347E+04   0.260695E+04
   0.300861E+02   0.358625E+02   0.240305E+00   0.118860E-03   0.833038E-02   0.439388E-02   0.921389E-02  -0.128919E+04   0.162150E+02   0.000000E+00  -0.130540E+04   0.261081E+04
   0.316851E+02   0.345437E+02   0.260561E+00   0.118860E-03   0.392830E-02   0.530321E-03   0.132239E-01  -0.128594E+04   0.166405E+02   0.000000E+00  -0.130258E+04   0.260516E+04
   0.312613E+02   0.354034E+02   0.250884E+00   0.114661E-01   0.163158E-01   0.530321E-03   0.113469E-01  -0.128838E+04   0.144548E+02   0.000000E+00  -0.130283E+04   0.260567E+04
   0.321111E+02   0.327263E+02   0.276867E+00   0.310940E-02   0.834294E-02   0.130452E-01   0.109940E-01  -0.129061E+04   0.148715E+02   0.000000E+00  -0.130548E+04   0.261096E+04
   0.304937E+02   0.345572E+02   0.265235E+00   0.267069E-01   0.296253E-01   0.112889E-01   0.323368E-03  -0.129187E+04   0.116262E+02   0.000000E+00  -0.130350E+04   0.260699E+04
   0.311254E+02   0.348646E+02   0.241050E+00   0.102772E-01   0.338065E-02   0.502797E-03   0.786543E-02  -0.128620E+04   0.162181E+02   0.000000E+00  -0.130242E+04   0.260484E+04
   0.314530E+02   0.351221E+02   0.228410E+00   0.273811E-01   0.203270E-01   0.162801E-03   0.756750E-03  -0.129134E+04   0.135579E+02   0.000000E+00  -0.130490E+04   0.260980E+04
   0.304819E+02   0.325289E+02   0.244822E+00   0.365853E-02   0.440010E-02   0.851886E-02   0.149102E-02  -0.128699E+04   0.166138E+02   0.000000E+00  -0.130360E+04   0.260721E+04
   0.302682E+02   0.346220E+02   0.244822E+00   0.365853E-02   0.574253E-02   0.326315E-01   0.191160E-01  -0.129068E+04   0.123058E+02   0.000000E+00  -0.130299E+04   0.260597E+04
   0.315397E+02   0.347896E+02   0.241071E+00   0.261294E-02   0.917813E-02   0.143905E-02   0.129213E-01  -0.128719E+04   0.158055E+02   0.000000E+00  -0.130300E+04   0.260599E+04
   0.309617E+02   0.352877E+02   0.256844E+00   0.129229E-01   0.167462E-02   0.233276E-01   0.786244E-03  -0.128819E+04   0.145495E+02   0.000000E+00  -0.130274E+04   0.260548E+04
   0.316498E+02   0.330932E+02   0.280293E+00   0.116314E-01   0.190004E-01   0.105414E-01   0.248864E-01  -0.129281E+04   0.118147E+02   0.000000E+00  -0.130462E+04   0.260925E+04
   0.300668E+02   0.329042E+02   0.223135E+00   0.606431E-02   0.128647E-01   0.202417E-01   0.170500E-01  -0.129231E+04   0.127986E+02   0.000000E+00  -0.130511E+04   0.261022E+04
   0.311061E+02   0.340791E+02   0.250117E+00   0.631256E-02   0.128647E-01   0.869078E-02   0.281220E-02  -0.128637E+04   0.153527E+02   0.000000E+00  -0.130172E+04   0.260345E+04
   0.312183E+02   0.350033E+02   0.244457E+00   0.495033E-03   0.726091E-02   0.264133E-01   0.210539E-02  -0.128765E+04   0.147932E+02   0.000000E+00  -0.130244E+04   0.260489E+04
   0.299511E+02   0.348965E+02   0.248185E+00   0.812377E-02   0.931351E-03   0.103336E-01   0.182670E-01  -0.128981E+04   0.146551E+02   0.000000E+00  -0.130447E+04   0.260893E+04
   0.301663E+02   0.329145E+02   0.220842E+00   0.107130E-01   0.993654E-03   0.324604E-01   0.128199E-01  -0.129244E+04   0.127220E+02   0.000000E+00  -0.130516E+04   0.261032E+04
   0.305717E+02   0.336854E+02   0.243167E+00   0.244741E-02   0.617356E-02   0.126364E-01   0.632756E-02  -0.128648E+04   0.156622E+02   0.000000E+00  -0.130214E+04   0.260428E+04
   0.305717E+02   0.335690E+02   0.240856E+00   0.577948E-02   0.108684E-01   0.166987E-01   0.250715E-01  -0.128964E+04   0.125789E+02   0.000000E+00  -0.130222E+04   0.260444E+04
   0.298490E+02   0.341818E+02   0.262848E+00   0.122463E-01   0.790348E-02   0.406362E-01   0.152370E-03  -0.129349E+04   0.123268E+02   0.000000E+00  -0.130582E+04   0.261163E+04
   0.300269E+02   0.344133E+02   0.227252E+00   0.370031E-02   0.114583E-01   0.418991E-02   0.657987E-02  -0.128852E+04   0.158278E+02   0.000000E+00  -0.130435E+04   0.260870E+04
   0.314957E+02   0.337342E+02   0.254922E+00   0.916190E-02   0.521678E-02   0.662524E-02   0.163884E-02  -0.128598E+04   0.161564E+02   0.000000E+00  -0.130214E+04   0.260427E+04
   0.314957E+02   0.349901E+02   0.253762E+00   0.570070E-02   0.541084E-02   0.585156E-02   0.489688E-02  -0.128633E+04   0.162347E+02   0.000000E+00  -0.130256E+04   0.260513E+04
   0.318945E+02   0.343379E+02   0.264770E+00   0.157875E-01   0.166914E-01   0.866724E-02   0.124737E-01  -0.128991E+04   0.130587E+02   0.000000E+00  -0.130297E+04   0.260594E+04
   0.305313E+02   0.343379E+02   0.252343E+00   0.118420E-01   0.427905E-01   0.374167E-01   0.965542E-02  -0.129411E+04   0.825022E+01   0.000000E+00  -0.130236E+04   0.260472E+04
   0.309605E+02   0.338857E+02   0.259207E+00   0.216487E-01   0.681161E-03   0.307469E-02   0.203482E-02  -0.128641E+04   0.156767E+02   0.000000E+00  -0.130209E+04   0.260417E+04
   0.311185E+02   0.340743E+02   0.260005E+00   0.389686E-02   0.254084E-02   0.373160E-01   0.647756E-03  -0.128804E+04   0.139805E+02   0.000000E+00  -0.130202E+04   0.260404E+04
   0.313743E+02   0.344784E+02   0.255570E+00   0.116059E-01   0.475780E-02   0.141779E-01   0.833154E-02  -0.128743E+04   0.145334E+02   0.000000E+00  -0.130196E+04   0.260393E+04
   0.309931E+02   0.349594E+02   0.250408E+00   0.459889E-02   0.177001E-01   0.157260E-01   0.111340E-01  -0.128866E+04   0.135048E+02   0.000000E+00  -0.130216E+04   0.260433E+04
   0.312460E+02   0.346663E+02   0.254920E+00   0.549152E-02   0.178272E-01   0.112202E-01   0.594976E-02  -0.128767E+04   0.143718E+02   0.000000E+00  -0.130204E+04   0.260408E+04
   0.310341E+02   0.349875E+02   0.250744E+00   0.242643E-02   0.142923E-02   0.147399E-02   0.262116E-01  -0.128692E+04   0.152666E+02   0.000000E+00  -0.130219E+04   0.260437E+04
   0.314214E+02   0.313221E+02   0.233621E+00   0.240744E-02   0.265994E-02   0.147399E-02   0.127405E-01  -0.129069E+04   0.164925E+02   0.000000E+00  -0.130718E+04   0.261436E+04
   0.311532E+02   0.338700E+02   0.228016E+00   0.132911E-01   0.194591E-02   0.253397E-02   0.514029E-02  -0.128717E+04   0.161296E+02   0.000000E+00  -0.130330E+04   0.260660E+04
   0.303460E+02   0.338878E+02   0.241162E+00   0.226244E-01   0.194591E-02   0.148081E-01   0.158178E-01  -0.128969E+04   0.129011E+02   0.000000E+00  -0.130259E+04   0.260518E+04
   0.308995E+02   0.347670E+02   0.238680E+00   0.790394E-02   0.834376E-02   0.640158E-02   0.523684E-02  -0.128672E+04   0.156321E+02   0.000000E+00  -0.130235E+04   0.260470E+04
   0.308995E+02   0.342241E+02   0.235940E+00   0.401928E-02   0.138295E-01   0.809814E-02   0.332965E-01  -0.128970E+04   0.124963E+02   0.000000E+00  -0.130220E+04   0.260439E+04
   0.314058E+02   0.342086E+02   0.258688E+00   0.111491E-01   0.713189E-02   0.327532E-02   0.153542E-01  -0.128733E+04   0.147296E+02   0.000000E+00  -0.130206E+04   0.260412E+04
   0.310004E+02   0.330571E+02   0.247699E+00   0.127126E-01   0.445544E-02   0.693830E-02   0.994311E-02  -0.128727E+04   0.150157E+02   0.000000E+00  -0.130229E+04   0.260457E+04
   0.308105E+02   0.348772E+02   0.237554E+00   0.501642E-02   0.193804E-02   0.108111E-01   0.880574E-02  -0.128677E+04   0.157636E+02   0.000000E+00  -0.130253E+04   0.260507E+04
   0.310697E+02   0.336660E+02   0.257362E+00   0.162083E-01   0.666390E-02   0.177587E-01   0.191145E-02  -0.128785E+04   0.141664E+02   0.000000E+00  -0.130202E+04   0.260403E+04
   0.308147E+02   0.326129E+02   0.225586E+00   0.918387E-03   0.225389E-02   0.987870E-02   0.204022E-01  -0.128916E+04   0.150754E+02   0.000000E+00  -0.130424E+04   0.260847E+04
   0.311527E+02   0.325361E+02   0.285413E+00   0.473502E-02   0.127909E-01   0.113268E-02   0.441664E-02  -0.129039E+04   0.161132E+02   0.000000E+00  -0.130650E+04   0.261301E+04
   0.312126E+02   0.344260E+02   0.254122E+00   0.276836E-02   0.101358E-02   0.159491E-02   0.113096E-01  -0.128508E+04   0.167520E+02   0.000000E+00  -0.130183E+04   0.260366E+04
   0.312126E+02   0.344260E+02   0.237449E+00   0.219265E-02   0.104804E-01   0.543905E-02   0.620718E-01  -0.129198E+04   0.104023E+02   0.000000E+00  -0.130238E+04   0.260476E+04
   0.311020E+02   0.327480E+02   0.249766E+00   0.941427E-02   0.806841E-03   0.782416E-02   0.751297E-01  -0.129361E+04   0.910318E+01   0.000000E+00  -0.130271E+04   0.260543E+04
   0.315625E+02   0.350506E+02   0.244980E+00   0.370788E-02   0.626855E-02   0.805223E-02   0.766612E-01  -0.129405E+04   0.895169E+01   0.000000E+00  -0.130300E+04   0.260600E+04
   0.314209E+02   0.329782E+02   0.251460E+00   0.159256E-01   0.490721E-02   0.145822E-01   0.329031E-01  -0.129105E+04   0.115889E+02   0.000000E+00  -0.130264E+04   0.260528E+04
   0.313178E+02   0.348216E+02   0.242705E+00   0.975089E-02   0.390734E-01   0.662946E-03   0.425034E-02  -0.128943E+04   0.130469E+02   0.000000E+00  -0.130248E+04   0.260495E+04
   0.321178E+02   0.352266E+02   0.263375E+00   0.129721E-01   0.111680E-01   0.128745E-01   0.226614E-02  -0.128978E+04   0.144926E+02   0.000000E+00  -0.130427E+04   0.260855E+04
   0.309450E+02   0.323113E+02   0.232795E+00   0.589263E-02   0.140664E-02   0.321131E-01   0.114837E-02  -0.128971E+04   0.143646E+02   0.000000E+00  -0.130407E+04   0.260815E+04
   0.312483E+02   0.353402E+02   0.263645E+00   0.903178E-02   0.381153E-01   0.242659E-02   0.276033E-01  -0.129236E+04   0.107030E+02   0.000000E+00  -0.130306E+04   0.260613E+04
   0.315026E+02   0.348398E+02   0.257241E+00   0.475721E-02   0.633726E-02   0.277424E-01   0.104595E-01  -0.128890E+04   0.134910E+02   0.000000E+00  -0.130239E+04   0.260478E+04
   0.308277E+02   0.348668E+02   0.249120E+00   0.175401E-01   0.524509E-02   0.387916E-02   0.198539E-02  -0.128663E+04   0.155557E+02   0.000000E+00  -0.130219E+04   0.260437E+04
   0.309726E+02   0.350745E+02   0.249120E+00   0.121391E-01   0.322256E-02   0.230510E-02   0.553664E-02  -0.128619E+04   0.161003E+02   0.000000E+00  -0.130229E+04   0.260458E+04
   0.313434E+02   0.343462E+02   0.244536E+00   0.203015E-02   0.114548E-02   0.179101E-02   0.731559E-02  -0.128485E+04   0.171925E+02   0.000000E+00  -0.130204E+04   0.260408E+04
   0.305139E+02   0.350521E+02   0.262977E+00   0.157241E-01   0.114548E-02   0.117716E-01   0.979992E-02  -0.128901E+04   0.145766E+02   0.000000E+00  -0.130359E+04   0.260717E+04
   0.320873E+02   0.337636E+02   0.272158E+00   0.103699E-01   0.697158E-03   0.418028E-03   0.241128E-01  -0.128905E+04   0.148609E+02   0.000000E+00  -0.130391E+04   0.260782E+04
   0.317280E+02   0.353464E+02   0.254120E+00   0.169535E-01   0.869382E-02   0.884208E-03   0.214163E-01  -0.128982E+04   0.136259E+02   0.000000E+00  -0.130345E+04   0.260689E+04
   0.312508E+02   0.333996E+02   0.273835E+00   0.766079E-02   0.981813E-04   0.394684E-03   0.416246E-02  -0.128631E+04   0.171891E+02   0.000000E+00  -0.130350E+04   0.260700E+04
   0.318177E+02   0.342940E+02   0.266130E+00   0.139709E-01   0.463871E-02   0.100415E-02   0.798736E-02  -0.128725E+04   0.156606E+02   0.000000E+00  -0.130291E+04   0.260582E+04
   0.316093E+02   0.343189E+02   0.260604E+00   0.152698E-01   0.138270E-01   0.816558E-02   0.494464E-02  -0.128815E+04   0.142000E+02   0.000000E+00  -0.130235E+04   0.260470E+04
   0.305928E+02   0.346067E+02   0.248788E+00   0.147414E-01   0.569704E-03   0.691817E-02   0.342268E-02  -0.128639E+04   0.158555E+02   0.000000E+00  -0.130225E+04   0.260449E+04
   0.317038E+02   0.340537E+02   0.267074E+00   0.209898E-01   0.450451E-02   0.374703E-02   0.142774E-02  -0.128737E+04   0.153538E+02   0.000000E+00  -0.130272E+04   0.260545E+04
   0.310569E+02   0.355740E+02   0.245836E+00   0.134872E-01   0.515554E-02   0.129021E-01   0.504193E-02  -0.128840E+04   0.147620E+02   0.000000E+00  -0.130316E+04   0.260632E+04
   0.307721E+02   0.324081E+02   0.230941E+00   0.114578E-02   0.347924E-03   0.223726E-02   0.625086E-02  -0.128655E+04   0.174225E+02   0.000000E+00  -0.130397E+04   0.260794E+04
   0.326625E+02   0.334972E+02   0.302844E+00   0.226074E-01   0.130672E-01   0.205349E-03   0.960350E-02  -0.129488E+04   0.138723E+02   0.000000E+00  -0.130875E+04   0.261750E+04
   0.316307E+02   0.353737E+02   0.276306E+00   0.427500E-02   0.985856E-02   0.672341E-02   0.118256E-02  -0.128798E+04   0.162167E+02   0.000000E+00  -0.130420E+04   0.260839E+04
   0.316204E+02   0.336411E+02   0.246691E+00   0.181962E-01   0.577703E-02   0.448352E-02   0.817372E-03  -0.128701E+04   0.154933E+02   0.000000E+00  -0.130250E+04   0.260501E+04
   0.316204E+02   0.327795E+02   0.241369E+00   0.168346E-01   0.443162E-02   0.442932E-02   0.130885E-02  -0.128792E+04   0.157202E+02   0.000000E+00  -0.130364E+04   0.260728E+04
   0.322143E+02   0.342685E+02   0.244991E+00   0.158462E-01   0.202028E-03   0.174475E-02   0.177861E-01  -0.128977E+04   0.148628E+02   0.000000E+00  -0.130463E+04   0.260927E+04
   0.311127E+02   0.336160E+02   0.244277E+00   0.994989E-02   0.538351E-02   0.687035E-02   0.138444E-01  -0.128705E+04   0.148159E+02   0.000000E+00  -0.130187E+04   0.260373E+04
   0.307418E+02   0.353542E+02   0.249239E+00   0.883464E-02   0.117581E-01   0.150142E-01   0.134927E-01  -0.128934E+04   0.135107E+02   0.000000E+00  -0.130285E+04   0.260570E+04
   0.315387E+02   0.335211E+02   0.249239E+00   0.175130E-02   0.903269E-02   0.296748E-02   0.638388E-02  -0.128592E+04   0.164071E+02   0.000000E+00  -0.130233E+04   0.260465E+04
   0.315007E+02   0.342136E+02   0.257184E+00   0.175059E-02   0.225457E-01   0.101883E-01   0.102372E-02  -0.128721E+04   0.148698E+02   0.000000E+00  -0.130208E+04   0.260416E+04
   0.313724E+02   0.339318E+02   0.258247E+00   0.562585E-04   0.147944E-01   0.997396E-02   0.107847E-01  -0.128712E+04   0.148597E+02   0.000000E+00  -0.130198E+04   0.260396E+04
   0.305163E+02   0.347628E+02   0.246833E+00   0.121844E-01   0.254887E-02   0.160114E-01   0.113029E-01  -0.128830E+04   0.142159E+02   0.000000E+00  -0.130252E+04   0.260503E+04
   0.309819E+02   0.345680E+02   0.257576E+00   0.124774E-01   0.107903E-01   0.127636E-01   0.579709E-03  -0.128730E+04   0.147596E+02   0.000000E+00  -0.130206E+04   0.260412E+04
   0.312554E+02   0.316248E+02   0.243888E+00   0.957238E-02   0.107903E-01   0.106223E-01   0.579709E-03  -0.129012E+04   0.152642E+02   0.000000E+00  -0.130538E+04   0.261077E+04
   0.307497E+02   0.360155E+02   0.243888E+00   0.722543E-03   0.193747E-02   0.303065E-01   0.148807E-02  -0.128925E+04   0.149752E+02   0.000000E+00  -0.130423E+04   0.260845E+04
   0.309779E+02   0.342935E+02   0.268858E+00   0.552251E-02   0.446117E-02   0.443431E-02   0.131822E-02  -0.128599E+04   0.168471E+02   0.000000E+00  -0.130284E+04   0.260567E+04
   0.312979E+02   0.347005E+02   0.250799E+00   0.110382E-02   0.459528E-02   0.326390E-01   0.248735E-03  -0.128750E+04   0.145620E+02   0.000000E+00  -0.130206E+04   0.260412E+04
   0.315892E+02   0.334277E+02   0.255488E+00   0.110382E-02   0.222956E-02   0.168629E-01   0.248735E-03  -0.128608E+04   0.163762E+02   0.000000E+00  -0.130246E+04   0.260491E+04
   0.310303E+02   0.361536E+02   0.240047E+00   0.105689E-02   0.222956E-02   0.736732E-02   0.715618E-02  -0.128809E+04   0.166397E+02   0.000000E+00  -0.130473E+04   0.260946E+04
   0.310645E+02   0.349122E+02   0.259367E+00   0.409846E-02   0.222956E-02   0.189486E-02   0.297309E-02  -0.128503E+04   0.173011E+02   0.000000E+00  -0.130233E+04   0.260466E+04
   0.301834E+02   0.342218E+02   0.260037E+00   0.891700E-02   0.437901E-02   0.728319E-02   0.659572E-03  -0.128764E+04   0.162968E+02   0.000000E+00  -0.130394E+04   0.260787E+04
   0.314356E+02   0.339260E+02   0.247458E+00   0.552695E-02   0.179779E-01   0.247977E-01   0.120136E-01  -0.128969E+04   0.123891E+02   0.000000E+00  -0.130208E+04   0.260416E+04
   0.312314E+02   0.339077E+02   0.244676E+00   0.105838E-01   0.805391E-02   0.262220E-01   0.944559E-02  -0.128887E+04   0.129902E+02   0.000000E+00  -0.130186E+04   0.260372E+04
   0.299193E+02   0.340179E+02   0.235593E+00   0.276474E-01   0.400573E-02   0.272331E-02   0.712619E-02  -0.128980E+04   0.142704E+02   0.000000E+00  -0.130407E+04   0.260814E+04
   0.307058E+02   0.344435E+02   0.240093E+00   0.851682E-02   0.275269E-02   0.881331E-02   0.123569E-01  -0.128695E+04   0.151767E+02   0.000000E+00  -0.130213E+04   0.260425E+04
