* This file is generated by PAMHYR, please don't modify
K  1           0.000     0.254    101.00     90.00
K  1           0.254     0.507    101.01     90.00
K  1           0.507     0.761    101.02     90.00
K  1           0.761     1.014    101.03     90.00
K  1           1.014     1.268    101.04     90.00
K  1           1.268     1.521    101.05     90.00
K  1           1.521     1.775    101.06     90.00
K  1           1.775     2.028    101.06     90.00
K  1           2.028     2.282    101.07     90.00
K  1           2.282     2.535    101.07     90.00
K  1           2.535     2.789    101.07     90.00
K  1           2.789     3.042    101.07     90.00
K  1           3.042     3.296    101.07     90.00
K  1           3.296     3.549    101.07     90.00
K  1           3.549     3.803    101.07     90.00
K  1           3.803     4.056    101.07     90.00
K  1           4.056     4.310    101.07     90.00
K  1           4.310     4.563    101.06     90.00
K  1           4.563     4.817    101.06     90.00
K  1           4.817     5.070    101.05     90.00
K  1           5.070     5.324    101.04     90.00
K  1           5.324     5.577    101.04     90.00
K  1           5.577     5.831    101.03     90.00
K  1           5.831     6.085    101.02     90.00
K  1           6.085     6.338    101.00     90.00
K  1           6.338     6.592    100.99     90.00
K  1           6.592     6.845    100.98     90.00
K  1           6.845     7.099    100.96     90.00
K  1           7.099     7.352    100.95     90.00
K  1           7.352     7.606    100.93     90.00
K  1           7.606     7.859    100.92     90.00
K  1           7.859     8.113    100.90     90.00
K  1           8.113     8.366    100.88     90.00
K  1           8.366     8.620    100.86     90.00
K  1           8.620     8.873    100.84     90.00
K  1           8.873     9.127    100.81     90.00
K  1           9.127     9.380    100.79     90.00
K  1           9.380     9.634    100.77     90.00
K  1           9.634     9.887    100.74     90.00
K  1           9.887    10.141    100.71     90.00
K  1          10.141    10.394    100.69     90.00
K  1          10.394    10.648    100.66     90.00
K  1          10.648    10.901    100.63     90.00
K  1          10.901    11.155    100.60     90.00
K  1          11.155    11.408    100.57     90.00
K  1          11.408    11.662    100.53     90.00
K  1          11.662    11.915    100.50     90.00
K  1          11.915    12.169    100.47     90.00
K  1          12.169    12.423    100.43     90.00
K  1          12.423    12.676    100.39     90.00
K  1          12.676    12.930    100.36     90.00
K  1          12.930    13.183    100.32     90.00
K  1          13.183    13.437    100.28     90.00
K  1          13.437    13.690    100.24     90.00
K  1          13.690    13.944    100.19     90.00
K  1          13.944    14.197    100.15     90.00
K  1          14.197    14.451    100.11     90.00
K  1          14.451    14.704    100.06     90.00
K  1          14.704    14.958    100.02     90.00
K  1          14.958    15.211     99.97     90.00
K  1          15.211    15.465     99.92     90.00
K  1          15.465    15.718     99.88     90.00
K  1          15.718    15.972     99.83     90.00
K  1          15.972    16.225     99.78     90.00
K  1          16.225    16.479     99.72     90.00
K  1          16.479    16.732     99.67     90.00
K  1          16.732    16.986     99.62     90.00
K  1          16.986    17.239     99.56     90.00
K  1          17.239    17.493     99.51     90.00
K  1          17.493    17.746     99.45     90.00
K  1          17.746    18.000     99.39     90.00
K  2           0.000     0.202     76.70     70.00
K  2           0.202     0.404     76.70     70.00
K  2           0.404     0.606     76.69     70.00
K  2           0.606     0.808     76.69     70.00
K  2           0.808     1.010     76.68     70.00
K  2           1.010     1.212     76.68     70.00
K  2           1.212     1.414     76.67     70.00
K  2           1.414     1.616     76.66     70.00
K  2           1.616     1.818     76.65     70.00
K  2           1.818     2.020     76.64     70.00
K  2           2.020     2.222     76.63     70.00
K  2           2.222     2.424     76.62     70.00
K  2           2.424     2.626     76.60     70.00
K  2           2.626     2.828     76.59     70.00
K  2           2.828     3.030     76.57     70.00
K  2           3.030     3.232     76.56     70.00
K  2           3.232     3.434     76.54     70.00
K  2           3.434     3.636     76.52     70.00
K  2           3.636     3.838     76.50     70.00
K  2           3.838     4.040     76.48     70.00
K  2           4.040     4.242     76.46     70.00
K  2           4.242     4.444     76.44     70.00
K  2           4.444     4.646     76.41     70.00
K  2           4.646     4.848     76.39     70.00
K  2           4.848     5.051     76.36     70.00
K  2           5.051     5.253     76.34     70.00
K  2           5.253     5.455     76.31     70.00
K  2           5.455     5.657     76.28     70.00
K  2           5.657     5.859     76.25     70.00
K  2           5.859     6.061     76.22     70.00
K  2           6.061     6.263     76.19     70.00
K  2           6.263     6.465     76.16     70.00
K  2           6.465     6.667     76.12     70.00
K  2           6.667     6.869     76.09     70.00
K  2           6.869     7.071     76.05     70.00
K  2           7.071     7.273     76.02     70.00
K  2           7.273     7.475     75.98     70.00
K  2           7.475     7.677     75.94     70.00
K  2           7.677     7.879     75.90     70.00
K  2           7.879     8.081     75.86     70.00
K  2           8.081     8.283     75.82     70.00
K  2           8.283     8.485     75.78     70.00
K  2           8.485     8.687     75.73     70.00
K  2           8.687     8.889     75.69     70.00
K  2           8.889     9.091     75.64     70.00
K  2           9.091     9.293     75.60     70.00
K  2           9.293     9.495     75.55     70.00
K  2           9.495     9.697     75.50     70.00
K  2           9.697     9.899     75.45     70.00
K  2           9.899    10.101     75.40     70.00
K  2          10.101    10.303     75.35     70.00
K  2          10.303    10.505     75.30     70.00
K  2          10.505    10.707     75.24     70.00
K  2          10.707    10.909     75.19     70.00
K  2          10.909    11.111     75.13     70.00
K  2          11.111    11.313     75.08     70.00
K  2          11.313    11.515     75.02     70.00
K  2          11.515    11.717     74.96     70.00
K  2          11.717    11.919     74.90     70.00
K  2          11.919    12.121     74.84     70.00
K  2          12.121    12.323     74.78     70.00
K  2          12.323    12.525     74.72     70.00
K  2          12.525    12.727     74.65     70.00
K  2          12.727    12.929     74.59     70.00
K  2          12.929    13.131     74.52     70.00
K  2          13.131    13.333     74.46     70.00
K  2          13.333    13.535     74.39     70.00
K  2          13.535    13.737     74.32     70.00
K  2          13.737    13.939     74.25     70.00
K  2          13.939    14.141     74.18     70.00
K  2          14.141    14.343     74.11     70.00
K  2          14.343    14.545     74.04     70.00
K  2          14.545    14.747     73.96     70.00
K  2          14.747    14.949     73.89     70.00
K  2          14.949    15.152     73.81     70.00
K  2          15.152    15.354     73.74     70.00
K  2          15.354    15.556     73.66     70.00
K  2          15.556    15.758     73.58     70.00
K  2          15.758    15.960     73.50     70.00
K  2          15.960    16.162     73.42     70.00
K  2          16.162    16.364     73.34     70.00
K  2          16.364    16.566     73.26     70.00
K  2          16.566    16.768     73.17     70.00
K  2          16.768    16.970     73.09     70.00
K  2          16.970    17.172     73.00     70.00
K  2          17.172    17.374     72.92     70.00
K  2          17.374    17.576     72.83     70.00
K  2          17.576    17.778     72.74     70.00
K  2          17.778    17.980     72.65     70.00
K  2          17.980    18.182     72.56     70.00
K  2          18.182    18.384     72.47     70.00
K  2          18.384    18.586     72.38     70.00
K  2          18.586    18.788     72.28     70.00
K  2          18.788    18.990     72.19     70.00
K  2          18.990    19.192     72.09     70.00
K  2          19.192    19.394     72.00     70.00
K  2          19.394    19.596     71.90     70.00
K  2          19.596    19.798     71.80     70.00
K  2          19.798    20.000     71.70     70.00
K  3          18.000    18.250     99.33     90.00
K  3          18.250    18.500     99.28     90.00
K  3          18.500    18.750     99.22     90.00
K  3          18.750    19.000     99.15     90.00
K  3          19.000    19.250     99.09     90.00
K  3          19.250    19.500     99.03     90.00
K  3          19.500    19.750     98.97     90.00
K  3          19.750    20.000     98.90     90.00
K  3          20.000    20.250     98.84     90.00
K  3          20.250    20.500     98.77     90.00
K  3          20.500    20.750     98.70     90.00
K  3          20.750    21.000     98.63     90.00
K  3          21.000    21.250     98.56     90.00
K  3          21.250    21.500     98.49     90.00
K  3          21.500    21.750     98.42     90.00
K  3          21.750    22.000     98.35     90.00
K  3          22.000    22.250     98.27     90.00
K  3          22.250    22.500     98.20     90.00
K  3          22.500    22.750     98.12     90.00
K  3          22.750    23.000     98.05     90.00
K  3          23.000    23.250     97.97     90.00
K  3          23.250    23.500     97.89     90.00
K  3          23.500    23.750     97.81     90.00
K  3          23.750    24.000     97.73     90.00
K  3          24.000    24.250     97.65     90.00
K  3          24.250    24.500     97.57     90.00
K  3          24.500    24.750     97.48     90.00
K  3          24.750    25.000     97.40     90.00
