a0_min         a1_min         Y1_intercept   Y2_intercept   Y3_intercept   Y4_intercept   Y5_intercept   Y6_intercept   Y7_intercept   Y8_intercept   LogPost        
   0.100922E+03  -0.449408E+01   0.235079E-03   0.127753E-03   0.601564E-03   0.109246E-02   0.402624E-03   0.562564E-03   0.966867E-03   0.718233E-03   0.142794E+03
   0.100922E+03  -0.449408E+01   0.269006E-03   0.127753E-03   0.601564E-03   0.109246E-02   0.402624E-03   0.562564E-03   0.966867E-03   0.718233E-03   0.142741E+03
   0.100922E+03  -0.326711E-01   0.269006E-03   0.127753E-03   0.601564E-03   0.109246E-02   0.662172E-03   0.562564E-03   0.966867E-03   0.718233E-03   0.144738E+03
   0.100922E+03  -0.326711E-01   0.269006E-03   0.127753E-03   0.601564E-03   0.161290E-02   0.245594E-02   0.562564E-03   0.966867E-03   0.718233E-03   0.141113E+03
   0.100922E+03  -0.743123E+00   0.269006E-03   0.127753E-03   0.601564E-03   0.161290E-02   0.624484E-02   0.562564E-03   0.873727E-03   0.718233E-03   0.138504E+03
   0.100922E+03   0.343201E+01   0.269006E-03   0.127753E-03   0.601564E-03   0.161290E-02   0.749353E-02   0.562564E-03   0.873727E-03   0.910012E-03   0.137197E+03
   0.100922E+03   0.343201E+01   0.175433E-02   0.127753E-03   0.601564E-03   0.161290E-02   0.466608E-02   0.562564E-03   0.371899E-03   0.169383E-02   0.135550E+03
   0.100791E+03   0.637646E+01   0.199232E-02   0.127753E-03   0.537321E-02   0.971973E-03   0.447000E-02   0.188977E-02   0.371899E-03   0.151087E-02   0.128117E+03
   0.100410E+03   0.714333E+01   0.199232E-02   0.127753E-03   0.364279E-02   0.971973E-03   0.190029E-02   0.188977E-02   0.650466E-03   0.151087E-02   0.130419E+03
   0.100410E+03  -0.328101E+00   0.854655E-03   0.127753E-03   0.342551E-03   0.971973E-03   0.179449E-02   0.188977E-02   0.650466E-03   0.151087E-02   0.138724E+03
   0.100410E+03  -0.106804E+01   0.854655E-03   0.127753E-03   0.342551E-03   0.971973E-03   0.179449E-02   0.227635E-02   0.650466E-03   0.109383E-02   0.138788E+03
   0.100803E+03  -0.106804E+01   0.635404E-03   0.127753E-03   0.396578E-03   0.107366E-02   0.179449E-02   0.268250E-02   0.650466E-03   0.109383E-02   0.138726E+03
   0.100803E+03  -0.106804E+01   0.635404E-03   0.127753E-03   0.396578E-03   0.687512E-03   0.179449E-02   0.246934E-02   0.650466E-03   0.124434E-02   0.139387E+03
   0.100803E+03  -0.106804E+01   0.635404E-03   0.127753E-03   0.396578E-03   0.687512E-03   0.179449E-02   0.191520E-02   0.650466E-03   0.125526E-02   0.140050E+03
   0.100803E+03   0.395952E+01   0.635404E-03   0.127753E-03   0.396578E-03   0.181862E-02   0.209303E-02   0.191520E-02   0.650466E-03   0.125526E-02   0.137750E+03
   0.100803E+03   0.395952E+01   0.635404E-03   0.127753E-03   0.396578E-03   0.202191E-03   0.788935E-03   0.277053E-02   0.240189E-03   0.164703E-02   0.141809E+03
   0.101913E+03   0.727265E+01   0.635404E-03   0.127753E-03   0.396578E-03   0.759830E-04   0.788935E-03   0.277053E-02   0.101073E-02   0.164703E-02   0.139918E+03
   0.101913E+03   0.727265E+01   0.635404E-03   0.314219E-04   0.396578E-03   0.759830E-04   0.788935E-03   0.211044E-02   0.101073E-02   0.215057E-02   0.140000E+03
   0.101913E+03   0.727265E+01   0.635404E-03   0.314219E-04   0.396578E-03   0.759830E-04   0.788935E-03   0.986343E-03   0.101073E-02   0.215057E-02   0.141343E+03
   0.101913E+03   0.727265E+01   0.635404E-03   0.314219E-04   0.260655E-03   0.759830E-04   0.788935E-03   0.986343E-03   0.101073E-02   0.101688E-02   0.143133E+03
   0.101913E+03   0.727265E+01   0.635404E-03   0.314219E-04   0.260655E-03   0.759830E-04   0.788935E-03   0.127389E-02   0.282824E-03   0.230251E-03   0.143991E+03
   0.101913E+03   0.411191E+01   0.635404E-03   0.314219E-04   0.190507E-02   0.759830E-04   0.788935E-03   0.127389E-02   0.282824E-03   0.230251E-03   0.143264E+03
   0.101913E+03   0.411191E+01   0.635404E-03   0.314219E-04   0.190507E-02   0.759830E-04   0.788935E-03   0.127389E-02   0.282824E-03   0.230251E-03   0.143264E+03
   0.101913E+03   0.411191E+01   0.635404E-03   0.314219E-04   0.477457E-04   0.276979E-03   0.788935E-03   0.127389E-02   0.282824E-03   0.230251E-03   0.146041E+03
   0.100670E+03   0.583713E+01   0.561403E-03   0.314219E-04   0.477457E-04   0.276979E-03   0.788935E-03   0.127389E-02   0.282824E-03   0.230251E-03   0.145502E+03
   0.101622E+03  -0.197915E+01   0.449192E-03   0.314219E-04   0.477457E-04   0.276979E-03   0.303484E-03   0.317009E-03   0.282824E-03   0.513322E-03   0.148023E+03
   0.101622E+03  -0.197915E+01   0.449192E-03   0.314219E-04   0.477457E-04   0.276979E-03   0.303484E-03   0.317009E-03   0.282824E-03   0.513322E-03   0.148023E+03
   0.101622E+03   0.390484E+01   0.430836E-03   0.314219E-04   0.477457E-04   0.276979E-03   0.303484E-03   0.317009E-03   0.282824E-03   0.513322E-03   0.148911E+03
   0.101622E+03   0.339656E+00   0.430836E-03   0.314219E-04   0.477457E-04   0.276979E-03   0.303484E-03   0.317009E-03   0.250055E-03   0.513322E-03   0.149283E+03
   0.101674E+03   0.339656E+00   0.430836E-03   0.122154E-03   0.477457E-04   0.276979E-03   0.303484E-03   0.317009E-03   0.250055E-03   0.513322E-03   0.149144E+03
   0.101674E+03   0.339656E+00   0.430836E-03   0.122154E-03   0.948734E-03   0.276979E-03   0.303484E-03   0.529676E-03   0.250055E-03   0.513322E-03   0.147650E+03
   0.101674E+03   0.339656E+00   0.241366E-03   0.122154E-03   0.948734E-03   0.175660E-02   0.303484E-03   0.529676E-03   0.250055E-03   0.160966E-03   0.145954E+03
   0.101674E+03   0.339656E+00   0.241366E-03   0.122154E-03   0.110776E-02   0.175660E-02   0.634040E-03   0.529676E-03   0.250055E-03   0.160966E-03   0.144981E+03
   0.101346E+03  -0.747852E+00   0.241366E-03   0.122154E-03   0.110776E-02   0.175660E-02   0.634040E-03   0.529676E-03   0.250055E-03   0.160966E-03   0.144839E+03
   0.101346E+03   0.383248E+01   0.241366E-03   0.122154E-03   0.141817E-02   0.175660E-02   0.634040E-03   0.529676E-03   0.447976E-04   0.160966E-03   0.144070E+03
   0.101346E+03   0.175058E+01   0.241366E-03   0.122154E-03   0.303505E-03   0.178736E-03   0.634040E-03   0.529676E-03   0.447976E-04   0.160966E-03   0.149713E+03
   0.101762E+03   0.175058E+01   0.760386E-03   0.122154E-03   0.303505E-03   0.178736E-03   0.634040E-03   0.529676E-03   0.447976E-04   0.160966E-03   0.148090E+03
   0.100696E+03   0.175058E+01   0.760386E-03   0.122154E-03   0.303505E-03   0.178736E-03   0.634040E-03   0.529676E-03   0.447976E-04   0.160966E-03   0.148472E+03
   0.100644E+03   0.175058E+01   0.760386E-03   0.439369E-04   0.303505E-03   0.178736E-03   0.634040E-03   0.529676E-03   0.447976E-04   0.160966E-03   0.148458E+03
   0.100644E+03   0.175058E+01   0.760386E-03   0.439369E-04   0.303505E-03   0.178736E-03   0.646638E-02   0.353847E-03   0.447976E-04   0.160966E-03   0.143107E+03
   0.100644E+03   0.109978E+00   0.760386E-03   0.128159E-03   0.303505E-03   0.178736E-03   0.646638E-02   0.312912E-03   0.447976E-04   0.160966E-03   0.142876E+03
   0.100644E+03  -0.123348E+01   0.435324E-03   0.128159E-03   0.293686E-03   0.178736E-03   0.471711E-02   0.312912E-03   0.447976E-04   0.160966E-03   0.143911E+03
   0.100644E+03   0.341217E+01   0.186948E-03   0.128159E-03   0.293686E-03   0.441030E-02   0.372001E-02   0.312912E-03   0.447976E-04   0.160966E-03   0.140089E+03
   0.100644E+03   0.341217E+01   0.150635E-03   0.128159E-03   0.286222E-04   0.441030E-02   0.372001E-02   0.416057E-02   0.447976E-04   0.160966E-03   0.135635E+03
   0.101432E+03   0.882999E+00   0.150635E-03   0.128159E-03   0.286222E-04   0.562590E-04   0.320516E-02   0.359082E-03   0.447976E-04   0.160966E-03   0.146538E+03
   0.101432E+03   0.882999E+00   0.150635E-03   0.128159E-03   0.615254E-03   0.562590E-04   0.548046E-03   0.359082E-03   0.447976E-04   0.160966E-03   0.149698E+03
   0.101432E+03   0.507246E+00   0.150635E-03   0.128159E-03   0.615254E-03   0.172559E-03   0.208117E-03   0.359082E-03   0.447976E-04   0.160966E-03   0.150218E+03
   0.102096E+03   0.507246E+00   0.150635E-03   0.128159E-03   0.822149E-03   0.172559E-03   0.208117E-03   0.359082E-03   0.447976E-04   0.809106E-03   0.147745E+03
   0.102096E+03   0.507246E+00   0.150635E-03   0.128159E-03   0.822149E-03   0.194383E-03   0.208117E-03   0.190096E-03   0.447976E-04   0.809106E-03   0.147800E+03
   0.102096E+03   0.507246E+00   0.150635E-03   0.128159E-03   0.822149E-03   0.194383E-03   0.213531E-03   0.190096E-03   0.447976E-04   0.809106E-03   0.147793E+03
   0.102096E+03   0.187971E+01   0.150635E-03   0.128159E-03   0.822149E-03   0.194383E-03   0.213531E-03   0.190096E-03   0.447976E-04   0.809106E-03   0.147737E+03
   0.102096E+03   0.187971E+01   0.150635E-03   0.128159E-03   0.822149E-03   0.320245E-03   0.213531E-03   0.347299E-02   0.447976E-04   0.809106E-03   0.143767E+03
   0.100758E+03   0.187971E+01   0.150635E-03   0.128159E-03   0.722002E-03   0.320245E-03   0.213531E-03   0.144002E-02   0.447976E-04   0.809106E-03   0.146479E+03
   0.100758E+03   0.187971E+01   0.150635E-03   0.128159E-03   0.111400E-03   0.320245E-03   0.213531E-03   0.144002E-02   0.447976E-04   0.809106E-03   0.147664E+03
   0.100758E+03   0.187971E+01   0.150635E-03   0.128159E-03   0.111400E-03   0.320245E-03   0.213531E-03   0.816744E-03   0.447976E-04   0.809106E-03   0.148815E+03
   0.100758E+03   0.187971E+01   0.150635E-03   0.128159E-03   0.111400E-03   0.320245E-03   0.318193E-03   0.816744E-03   0.447976E-04   0.267466E-02   0.145837E+03
   0.100758E+03   0.182287E+01   0.150635E-03   0.290730E-04   0.111400E-03   0.320245E-03   0.318193E-03   0.735036E-04   0.447976E-04   0.119261E-02   0.149005E+03
   0.101371E+03   0.168764E+01   0.150635E-03   0.888303E-04   0.111400E-03   0.113757E-03   0.318193E-03   0.735036E-04   0.447976E-04   0.119261E-02   0.149218E+03
   0.101371E+03   0.168764E+01   0.128968E-03   0.888303E-04   0.111400E-03   0.113757E-03   0.318193E-03   0.735036E-04   0.447976E-04   0.227690E-02   0.147623E+03
   0.101371E+03   0.168764E+01   0.128968E-03   0.888303E-04   0.111400E-03   0.113757E-03   0.318193E-03   0.735036E-04   0.447976E-04   0.227690E-02   0.147623E+03
   0.101371E+03   0.168764E+01   0.128968E-03   0.934349E-04   0.111400E-03   0.113757E-03   0.318193E-03   0.735036E-04   0.447976E-04   0.127506E-02   0.149088E+03
   0.101371E+03   0.168764E+01   0.128968E-03   0.934349E-04   0.111400E-03   0.113757E-03   0.318193E-03   0.735036E-04   0.447976E-04   0.134490E-02   0.148965E+03
   0.101371E+03   0.381640E+01   0.128968E-03   0.934349E-04   0.111400E-03   0.113757E-03   0.318193E-03   0.735036E-04   0.447976E-04   0.134490E-02   0.148316E+03
   0.101371E+03   0.381640E+01   0.128968E-03   0.934349E-04   0.111400E-03   0.113757E-03   0.318193E-03   0.735036E-04   0.151173E-03   0.134490E-02   0.148277E+03
   0.101371E+03   0.269699E+01   0.128968E-03   0.934349E-04   0.111400E-03   0.113757E-03   0.318193E-03   0.735036E-04   0.151173E-03   0.134490E-02   0.148736E+03
   0.101371E+03   0.269699E+01   0.128968E-03   0.934349E-04   0.111400E-03   0.113757E-03   0.318193E-03   0.735036E-04   0.151173E-03   0.138646E-02   0.148665E+03
   0.101371E+03   0.269699E+01   0.128968E-03   0.934349E-04   0.111400E-03   0.113757E-03   0.318193E-03   0.735036E-04   0.151173E-03   0.138646E-02   0.148665E+03
   0.101371E+03   0.269699E+01   0.128968E-03   0.934349E-04   0.111400E-03   0.113757E-03   0.318193E-03   0.735036E-04   0.151173E-03   0.152763E-02   0.148432E+03
   0.101371E+03   0.269699E+01   0.128968E-03   0.934349E-04   0.111400E-03   0.196099E-03   0.318193E-03   0.735036E-04   0.151173E-03   0.152763E-02   0.148370E+03
   0.101371E+03   0.269699E+01   0.128968E-03   0.934349E-04   0.111400E-03   0.196099E-03   0.318193E-03   0.735036E-04   0.235933E-03   0.152763E-02   0.148290E+03
   0.100968E+03   0.416266E+01   0.128968E-03   0.102965E-02   0.111400E-03   0.196099E-03   0.318193E-03   0.757135E-03   0.235933E-03   0.152763E-02   0.145518E+03
   0.100968E+03   0.416266E+01   0.128968E-03   0.102965E-02   0.111400E-03   0.196099E-03   0.318193E-03   0.757135E-03   0.235933E-03   0.118347E-02   0.146102E+03
   0.100968E+03   0.590773E+01   0.128968E-03   0.102965E-02   0.339468E-03   0.196099E-03   0.760280E-03   0.757135E-03   0.235933E-03   0.118347E-02   0.143874E+03
   0.100968E+03   0.590773E+01   0.128968E-03   0.102965E-02   0.339468E-03   0.196099E-03   0.760280E-03   0.757135E-03   0.235933E-03   0.118347E-02   0.143874E+03
   0.100968E+03  -0.217524E+01   0.128968E-03   0.176667E-02   0.339468E-03   0.196099E-03   0.760280E-03   0.757135E-03   0.235933E-03   0.118347E-02   0.142538E+03
   0.100968E+03  -0.288438E+01   0.128968E-03   0.146834E-02   0.339468E-03   0.196099E-03   0.760280E-03   0.757135E-03   0.235933E-03   0.214881E-03   0.143934E+03
   0.100968E+03   0.275838E+01   0.128968E-03   0.146834E-02   0.339468E-03   0.196099E-03   0.760280E-03   0.757135E-03   0.235933E-03   0.214881E-03   0.146155E+03
   0.996428E+02   0.275838E+01   0.128968E-03   0.146834E-02   0.339468E-03   0.196099E-03   0.760280E-03   0.431523E-03   0.235933E-03   0.214881E-03   0.144381E+03
   0.996428E+02  -0.257203E+01   0.128968E-03   0.146834E-02   0.339468E-03   0.989658E-03   0.760280E-03   0.431523E-03   0.235933E-03   0.214881E-03   0.140902E+03
   0.996428E+02   0.378865E+01   0.128968E-03   0.146834E-02   0.339468E-03   0.989658E-03   0.760280E-03   0.431523E-03   0.235933E-03   0.214881E-03   0.143195E+03
   0.998658E+02   0.378865E+01   0.128968E-03   0.146834E-02   0.339468E-03   0.989658E-03   0.974286E-03   0.431523E-03   0.235933E-03   0.214881E-03   0.143336E+03
   0.998658E+02   0.378865E+01   0.128968E-03   0.146834E-02   0.339468E-03   0.989658E-03   0.107076E-03   0.431523E-03   0.235933E-03   0.214881E-03   0.144698E+03
   0.998658E+02   0.401984E+01   0.436045E-03   0.148675E-02   0.339468E-03   0.103996E-02   0.107076E-03   0.431523E-03   0.235933E-03   0.214881E-03   0.144579E+03
   0.998658E+02   0.628286E+00   0.436045E-03   0.184385E-02   0.339468E-03   0.835061E-03   0.107076E-03   0.431523E-03   0.235933E-03   0.214881E-03   0.143849E+03
   0.998658E+02   0.619810E+01   0.436045E-03   0.184385E-02   0.339468E-03   0.188665E-03   0.107076E-03   0.431523E-03   0.235933E-03   0.214881E-03   0.144229E+03
   0.998658E+02   0.527207E+01   0.436045E-03   0.639621E-03   0.339468E-03   0.188665E-03   0.107076E-03   0.431523E-03   0.749580E-03   0.214881E-03   0.145547E+03
   0.102473E+03   0.527207E+01   0.112844E-02   0.639621E-03   0.339468E-03   0.188665E-03   0.107076E-03   0.431523E-03   0.749580E-03   0.214881E-03   0.143181E+03
   0.999961E+02   0.432191E+01   0.112844E-02   0.753874E-03   0.105669E-02   0.188665E-03   0.107076E-03   0.431523E-03   0.749580E-03   0.321042E-03   0.143619E+03
   0.999961E+02   0.432191E+01   0.112844E-02   0.841145E-03   0.105669E-02   0.188665E-03   0.107076E-03   0.431523E-03   0.749580E-03   0.321042E-03   0.143476E+03
   0.100627E+03   0.432191E+01   0.112844E-02   0.537351E-03   0.105669E-02   0.188665E-03   0.107076E-03   0.431523E-03   0.749580E-03   0.321042E-03   0.144770E+03
   0.100627E+03   0.595466E+00   0.112844E-02   0.537351E-03   0.801883E-03   0.188665E-03   0.107076E-03   0.431523E-03   0.749580E-03   0.321042E-03   0.145271E+03
   0.100627E+03   0.218535E+00   0.179549E-02   0.537351E-03   0.132352E-02   0.188665E-03   0.107076E-03   0.431523E-03   0.749580E-03   0.321042E-03   0.142969E+03
   0.100627E+03   0.218535E+00   0.179549E-02   0.113330E-02   0.132352E-02   0.188665E-03   0.107076E-03   0.431523E-03   0.122803E-02   0.321042E-03   0.140791E+03
   0.101981E+03   0.218535E+00   0.179549E-02   0.113330E-02   0.141042E-02   0.188665E-03   0.117476E-02   0.431523E-03   0.122803E-02   0.321042E-03   0.138955E+03
   0.101981E+03   0.218535E+00   0.261876E-02   0.113330E-02   0.141042E-02   0.434448E-03   0.191986E-03   0.431523E-03   0.612388E-03   0.321042E-03   0.140900E+03
   0.101981E+03   0.218535E+00   0.261876E-02   0.113330E-02   0.144918E-02   0.434448E-03   0.191986E-03   0.431523E-03   0.612388E-03   0.321042E-03   0.140841E+03
   0.101981E+03   0.218535E+00   0.226739E-02   0.400421E-03   0.141363E-02   0.434448E-03   0.191986E-03   0.431523E-03   0.612388E-03   0.321042E-03   0.142769E+03
   0.101981E+03  -0.115661E+01   0.200065E-02   0.148003E-02   0.134543E-02   0.434448E-03   0.191986E-03   0.431523E-03   0.612388E-03   0.321042E-03   0.140980E+03
   0.101981E+03  -0.115661E+01   0.200065E-02   0.761293E-03   0.134543E-02   0.434448E-03   0.191986E-03   0.431523E-03   0.612388E-03   0.321042E-03   0.142266E+03
   0.101981E+03  -0.115661E+01   0.291990E-02   0.761293E-03   0.855767E-03   0.434448E-03   0.663582E-04   0.431523E-03   0.612388E-03   0.321042E-03   0.142143E+03
   0.101981E+03  -0.155004E+01   0.324646E-02   0.502336E-03   0.855767E-03   0.427728E-04   0.750363E-03   0.431523E-03   0.612388E-03   0.321042E-03   0.141403E+03
   0.101981E+03  -0.155004E+01   0.240469E-03   0.658199E-04   0.855767E-03   0.427728E-04   0.750363E-03   0.431523E-03   0.612388E-03   0.321042E-03   0.146169E+03
   0.101981E+03  -0.155004E+01   0.240469E-03   0.658199E-04   0.855767E-03   0.427728E-04   0.860431E-04   0.960524E-03   0.612388E-03   0.321042E-03   0.146353E+03
   0.100047E+03   0.173995E+01   0.240469E-03   0.658199E-04   0.855767E-03   0.427728E-04   0.860431E-04   0.960524E-03   0.360101E-03   0.321042E-03   0.146138E+03
   0.100047E+03   0.254136E+01   0.240469E-03   0.658199E-04   0.895114E-03   0.427728E-04   0.415810E-03   0.960524E-03   0.360101E-03   0.321042E-03   0.145673E+03
   0.100047E+03   0.254136E+01   0.238219E-03   0.658199E-04   0.895114E-03   0.427728E-04   0.415810E-03   0.141034E-02   0.360101E-03   0.321042E-03   0.144846E+03
   0.100047E+03   0.254136E+01   0.238219E-03   0.658199E-04   0.895114E-03   0.402357E-04   0.415810E-03   0.562653E-03   0.360101E-03   0.321042E-03   0.146485E+03
   0.100047E+03   0.254136E+01   0.238219E-03   0.658199E-04   0.895114E-03   0.402357E-04   0.240340E-03   0.562653E-03   0.862534E-04   0.321042E-03   0.147022E+03
   0.100047E+03   0.254136E+01   0.888251E-03   0.658199E-04   0.895114E-03   0.402357E-04   0.240340E-03   0.562653E-03   0.862534E-04   0.321042E-03   0.146096E+03
   0.100047E+03   0.522024E+01   0.275023E-03   0.658199E-04   0.895114E-03   0.402357E-04   0.240340E-03   0.515705E-03   0.862534E-04   0.321042E-03   0.145702E+03
   0.100047E+03   0.533315E+01   0.746279E-03   0.658199E-04   0.895114E-03   0.402357E-04   0.240340E-03   0.515705E-03   0.862534E-04   0.321042E-03   0.145474E+03
   0.100047E+03   0.533315E+01   0.746279E-03   0.124259E-02   0.895114E-03   0.402357E-04   0.102553E-03   0.515705E-03   0.862534E-04   0.321042E-03   0.144558E+03
   0.100047E+03   0.533315E+01   0.746279E-03   0.264053E-03   0.895114E-03   0.402357E-04   0.102553E-03   0.480167E-03   0.862534E-04   0.321042E-03   0.145748E+03
   0.100047E+03   0.533315E+01   0.746279E-03   0.264053E-03   0.272104E-03   0.402357E-04   0.102553E-03   0.131067E-02   0.862534E-04   0.321042E-03   0.145575E+03
   0.100047E+03  -0.473745E+00   0.746279E-03   0.264053E-03   0.272104E-03   0.402357E-04   0.102553E-03   0.131067E-02   0.862534E-04   0.131745E-02   0.143310E+03
   0.100047E+03  -0.473745E+00   0.746279E-03   0.264053E-03   0.272104E-03   0.402357E-04   0.223414E-04   0.131067E-02   0.532693E-03   0.131745E-02   0.142948E+03
   0.100047E+03   0.400082E+01   0.746279E-03   0.264053E-03   0.272104E-03   0.402357E-04   0.223414E-04   0.131067E-02   0.532693E-03   0.131745E-02   0.143575E+03
   0.100047E+03   0.400082E+01   0.746279E-03   0.264053E-03   0.272104E-03   0.402357E-04   0.223414E-04   0.131067E-02   0.532693E-03   0.131745E-02   0.143575E+03
   0.100047E+03   0.400082E+01   0.647929E-03   0.264053E-03   0.272104E-03   0.402357E-04   0.223414E-04   0.106358E-02   0.532693E-03   0.131745E-02   0.144163E+03
   0.100047E+03   0.400082E+01   0.647929E-03   0.264053E-03   0.272104E-03   0.402357E-04   0.223414E-04   0.106358E-02   0.532693E-03   0.131745E-02   0.144163E+03
   0.100047E+03   0.400082E+01   0.647929E-03   0.264053E-03   0.272104E-03   0.402357E-04   0.223414E-04   0.106358E-02   0.532693E-03   0.220620E-05   0.146343E+03
   0.101771E+03   0.400082E+01   0.647929E-03   0.264053E-03   0.377713E-04   0.402357E-04   0.269561E-03   0.106358E-02   0.532693E-03   0.220620E-05   0.147366E+03
   0.101976E+03   0.365324E+01   0.128584E-02   0.264053E-03   0.377713E-04   0.402357E-04   0.269561E-03   0.106358E-02   0.532693E-03   0.220620E-05   0.145760E+03
   0.101976E+03   0.114079E+01   0.128584E-02   0.264053E-03   0.377713E-04   0.410267E-03   0.269561E-03   0.106358E-02   0.532693E-03   0.220620E-05   0.145583E+03
   0.101976E+03   0.114079E+01   0.128584E-02   0.264053E-03   0.421481E-03   0.408466E-02   0.269561E-03   0.106358E-02   0.532693E-03   0.220620E-05   0.140592E+03
   0.101976E+03   0.114079E+01   0.128584E-02   0.264053E-03   0.421481E-03   0.253801E-02   0.269561E-03   0.107840E-03   0.378505E-03   0.178061E-03   0.143293E+03
   0.101111E+03  -0.979708E+00   0.128584E-02   0.264053E-03   0.421481E-03   0.111307E-02   0.269561E-03   0.107840E-03   0.378505E-03   0.178061E-03   0.145681E+03
   0.101396E+03  -0.979708E+00   0.131279E-02   0.264053E-03   0.421481E-03   0.812013E-03   0.269561E-03   0.123119E-04   0.378505E-03   0.178061E-03   0.146233E+03
   0.101141E+03  -0.979708E+00   0.143427E-02   0.264053E-03   0.421481E-03   0.812013E-03   0.242805E-03   0.123119E-04   0.378505E-03   0.178061E-03   0.146053E+03
   0.101141E+03   0.187613E+01   0.143427E-02   0.264053E-03   0.175686E-02   0.812013E-03   0.581368E-03   0.123119E-04   0.378505E-03   0.178061E-03   0.143467E+03
   0.101141E+03   0.187613E+01   0.229299E-03   0.264053E-03   0.115508E-03   0.812013E-03   0.100092E-02   0.866029E-04   0.378505E-03   0.178061E-03   0.147995E+03
   0.101141E+03  -0.139719E+01   0.229299E-03   0.264053E-03   0.115508E-03   0.812013E-03   0.100092E-02   0.511108E-05   0.378505E-03   0.178061E-03   0.147323E+03
   0.101141E+03   0.206608E+01   0.229299E-03   0.264053E-03   0.115508E-03   0.812013E-03   0.141414E-02   0.120151E-02   0.378505E-03   0.178061E-03   0.145580E+03
   0.101141E+03   0.206608E+01   0.229299E-03   0.264053E-03   0.115508E-03   0.812013E-03   0.323206E-03   0.809237E-03   0.378505E-03   0.178061E-03   0.148500E+03
   0.101141E+03   0.206608E+01   0.229299E-03   0.264053E-03   0.115508E-03   0.812013E-03   0.323206E-03   0.809237E-03   0.378505E-03   0.178061E-03   0.148500E+03
   0.101141E+03   0.206608E+01   0.138407E-04   0.264053E-03   0.287716E-03   0.812013E-03   0.323206E-03   0.809237E-03   0.378505E-03   0.178061E-03   0.148473E+03
   0.101141E+03   0.502826E+01   0.138407E-04   0.264053E-03   0.287716E-03   0.812013E-03   0.323206E-03   0.809237E-03   0.378505E-03   0.141458E-03   0.147226E+03
   0.101141E+03  -0.451317E+00   0.138407E-04   0.264053E-03   0.287716E-03   0.812013E-03   0.323206E-03   0.809237E-03   0.378505E-03   0.141458E-03   0.148006E+03
   0.101141E+03  -0.451317E+00   0.138407E-04   0.264053E-03   0.287716E-03   0.812013E-03   0.323206E-03   0.102807E-02   0.378505E-03   0.141458E-03   0.147568E+03
   0.101141E+03   0.569198E+01   0.138407E-04   0.264053E-03   0.287716E-03   0.812013E-03   0.323206E-03   0.102807E-02   0.378505E-03   0.141458E-03   0.146322E+03
   0.101141E+03   0.560923E+01   0.138407E-04   0.264053E-03   0.287716E-03   0.812013E-03   0.323206E-03   0.102807E-02   0.378505E-03   0.683913E-02   0.140266E+03
   0.101321E+03   0.560923E+01   0.138407E-04   0.264053E-03   0.287716E-03   0.812013E-03   0.323206E-03   0.759231E-03   0.378505E-03   0.169377E-02   0.144663E+03
   0.101085E+03  -0.427585E+00   0.138407E-04   0.264053E-03   0.287716E-03   0.575694E-04   0.323206E-03   0.759231E-03   0.378505E-03   0.169377E-02   0.146474E+03
   0.101085E+03  -0.427585E+00   0.138407E-04   0.264053E-03   0.287716E-03   0.575694E-04   0.323206E-03   0.759231E-03   0.631023E-03   0.169377E-02   0.146030E+03
   0.101085E+03   0.293070E+01   0.138407E-04   0.264053E-03   0.287716E-03   0.575694E-04   0.323206E-03   0.842600E-04   0.631023E-03   0.671801E-03   0.148943E+03
   0.101085E+03   0.293070E+01   0.138407E-04   0.264053E-03   0.287716E-03   0.575694E-04   0.323206E-03   0.842600E-04   0.631023E-03   0.671801E-03   0.148943E+03
   0.101085E+03   0.293070E+01   0.138407E-04   0.264053E-03   0.287716E-03   0.575694E-04   0.323206E-03   0.842600E-04   0.631023E-03   0.671801E-03   0.148943E+03
   0.101085E+03   0.293070E+01   0.138407E-04   0.264053E-03   0.347168E-03   0.575694E-04   0.323206E-03   0.842600E-04   0.230186E-03   0.671801E-03   0.149545E+03
   0.101085E+03   0.268985E+01   0.145603E-03   0.264053E-03   0.347168E-03   0.575694E-04   0.323206E-03   0.842600E-04   0.230186E-03   0.315123E-03   0.150224E+03
   0.100279E+03   0.343038E+01   0.145603E-03   0.268538E-03   0.283488E-03   0.575694E-04   0.323206E-03   0.842600E-04   0.230186E-03   0.315123E-03   0.149066E+03
   0.100279E+03   0.343038E+01   0.145603E-03   0.268538E-03   0.283488E-03   0.237004E-03   0.323206E-03   0.842600E-04   0.230186E-03   0.315123E-03   0.148967E+03
   0.100279E+03   0.401517E+01   0.145603E-03   0.623584E-03   0.283488E-03   0.237004E-03   0.323206E-03   0.842600E-04   0.230186E-03   0.315123E-03   0.148173E+03
   0.100279E+03   0.401517E+01   0.145603E-03   0.623584E-03   0.283488E-03   0.643227E-03   0.323206E-03   0.842600E-04   0.230186E-03   0.315123E-03   0.147593E+03
   0.100279E+03   0.274178E+01   0.145603E-03   0.623584E-03   0.283488E-03   0.153340E-02   0.323206E-03   0.842600E-04   0.230186E-03   0.315123E-03   0.146621E+03
   0.100279E+03   0.274178E+01   0.145603E-03   0.623584E-03   0.283488E-03   0.157964E-02   0.518016E-03   0.842600E-04   0.230186E-03   0.315123E-03   0.146222E+03
   0.995578E+02   0.274178E+01   0.145603E-03   0.623584E-03   0.283488E-03   0.126404E-02   0.518016E-03   0.842600E-04   0.143614E-02   0.315123E-03   0.142819E+03
   0.995578E+02   0.274178E+01   0.145603E-03   0.623584E-03   0.283488E-03   0.126404E-02   0.518016E-03   0.842600E-04   0.143614E-02   0.315123E-03   0.142819E+03
   0.995578E+02   0.201016E+01   0.974757E-03   0.623584E-03   0.477644E-04   0.126404E-02   0.104543E-02   0.842600E-04   0.143614E-02   0.315123E-03   0.141651E+03
   0.995578E+02   0.311366E+01   0.974757E-03   0.988800E-03   0.786109E-04   0.126404E-02   0.104543E-02   0.842600E-04   0.143614E-02   0.315123E-03   0.140959E+03
   0.100360E+03   0.264057E+01   0.974757E-03   0.112141E-02   0.786109E-04   0.126404E-02   0.104543E-02   0.842600E-04   0.120217E-02   0.315123E-03   0.141956E+03
   0.100360E+03   0.264057E+01   0.974757E-03   0.149432E-02   0.786109E-04   0.126404E-02   0.104543E-02   0.842600E-04   0.120217E-02   0.315123E-03   0.141306E+03
   0.100511E+03   0.264057E+01   0.188150E-02   0.117080E-02   0.786109E-04   0.191271E-03   0.104543E-02   0.842600E-04   0.120217E-02   0.315123E-03   0.142153E+03
   0.999584E+02   0.222781E+01   0.828678E-04   0.849267E-03   0.786109E-04   0.191271E-03   0.104543E-02   0.842600E-04   0.393570E-03   0.315123E-03   0.146379E+03
   0.100129E+03   0.435701E+01   0.828678E-04   0.421765E-04   0.118064E-02   0.191271E-03   0.104543E-02   0.842600E-04   0.393570E-03   0.315123E-03   0.144432E+03
   0.101956E+03   0.446828E+00   0.828678E-04   0.421765E-04   0.118064E-02   0.191271E-03   0.104543E-02   0.842600E-04   0.393570E-03   0.315123E-03   0.146462E+03
   0.101956E+03   0.446828E+00   0.828678E-04   0.421765E-04   0.183642E-02   0.191271E-03   0.185682E-02   0.842600E-04   0.393570E-03   0.315123E-03   0.144117E+03
   0.102114E+03   0.446828E+00   0.828678E-04   0.142791E-06   0.183642E-02   0.191271E-03   0.185682E-02   0.410560E-03   0.717629E-03   0.860159E-03   0.141943E+03
   0.102114E+03   0.446828E+00   0.828678E-04   0.142791E-06   0.208833E-02   0.583135E-03   0.181357E-03   0.410560E-03   0.717629E-03   0.662453E-03   0.144646E+03
   0.102114E+03   0.146239E+01   0.828678E-04   0.240981E-04   0.208833E-02   0.583135E-03   0.181357E-03   0.410560E-03   0.717629E-03   0.662453E-03   0.144729E+03
   0.100790E+03   0.146239E+01   0.828678E-04   0.240981E-04   0.129252E-02   0.583135E-03   0.181357E-03   0.410560E-03   0.717629E-03   0.662453E-03   0.146283E+03
   0.100790E+03   0.146239E+01   0.828678E-04   0.240981E-04   0.129252E-02   0.596086E-03   0.181357E-03   0.582018E-03   0.322804E-03   0.124219E-02   0.145551E+03
   0.100790E+03   0.146239E+01   0.828678E-04   0.240981E-04   0.129252E-02   0.596086E-03   0.181357E-03   0.187794E-03   0.105801E-02   0.124219E-02   0.144671E+03
   0.101128E+03  -0.463421E+01   0.373988E-03   0.240981E-04   0.409801E-02   0.596086E-03   0.181357E-03   0.187794E-03   0.105801E-02   0.124219E-02   0.138913E+03
   0.101612E+03  -0.463421E+01   0.373988E-03   0.240981E-04   0.717184E-02   0.596086E-03   0.155309E-02   0.187794E-03   0.105801E-02   0.124219E-02   0.135255E+03
   0.101612E+03  -0.463421E+01   0.373988E-03   0.799306E-03   0.383069E-02   0.596086E-03   0.155309E-02   0.187794E-03   0.105801E-02   0.124219E-02   0.135987E+03
   0.101612E+03  -0.283864E+01   0.373988E-03   0.308054E-03   0.515684E-02   0.596086E-03   0.100207E-02   0.187794E-03   0.126226E-02   0.124219E-02   0.137522E+03
   0.101305E+03  -0.205422E+01   0.373988E-03   0.308054E-03   0.444107E-02   0.596086E-03   0.100207E-02   0.187794E-03   0.136501E-02   0.124330E-02   0.138243E+03
   0.101305E+03  -0.205422E+01   0.303008E-06   0.308054E-03   0.444107E-02   0.596086E-03   0.100207E-02   0.312758E-03   0.102005E-02   0.124330E-02   0.139119E+03
   0.101305E+03  -0.884672E+00   0.303008E-06   0.308054E-03   0.233024E-02   0.596086E-03   0.115588E-02   0.312758E-03   0.102005E-02   0.124330E-02   0.141013E+03
   0.101305E+03   0.296923E+01   0.303008E-06   0.308054E-03   0.816460E-03   0.596086E-03   0.116076E-03   0.312758E-03   0.102005E-02   0.141433E-02   0.145046E+03
   0.101305E+03   0.738540E+00   0.303008E-06   0.308054E-03   0.816460E-03   0.596086E-03   0.825338E-04   0.363973E-03   0.131189E-03   0.141433E-02   0.146805E+03
   0.101305E+03   0.738540E+00   0.303008E-06   0.308054E-03   0.816460E-03   0.287809E-03   0.825338E-04   0.118710E-03   0.131189E-03   0.141433E-02   0.147517E+03
   0.102194E+03  -0.840861E+00   0.303008E-06   0.308054E-03   0.816460E-03   0.287809E-03   0.825338E-04   0.118710E-03   0.131189E-03   0.188652E-02   0.145250E+03
   0.102194E+03  -0.840861E+00   0.647436E-03   0.308054E-03   0.816460E-03   0.287809E-03   0.825338E-04   0.564071E-03   0.131189E-03   0.258999E-02   0.143144E+03
   0.101232E+03  -0.840861E+00   0.647436E-03   0.308054E-03   0.816460E-03   0.536344E-03   0.825338E-04   0.564071E-03   0.104932E-02   0.198553E-02   0.142606E+03
   0.101232E+03  -0.518478E+00   0.647436E-03   0.148426E-02   0.816460E-03   0.340148E-03   0.825338E-04   0.319389E-03   0.104932E-02   0.283341E-02   0.140037E+03
   0.101232E+03   0.360910E+00   0.647436E-03   0.148426E-02   0.816460E-03   0.340148E-03   0.825338E-04   0.319389E-03   0.104932E-02   0.217771E-02   0.140940E+03
   0.101232E+03   0.360910E+00   0.647436E-03   0.148426E-02   0.816460E-03   0.340148E-03   0.825338E-04   0.319389E-03   0.104932E-02   0.181308E-03   0.144346E+03
   0.101232E+03   0.295492E+01   0.625291E-03   0.148426E-02   0.916164E-03   0.340148E-03   0.825338E-04   0.319389E-03   0.616975E-03   0.181308E-03   0.145018E+03
   0.101232E+03   0.295492E+01   0.625291E-03   0.193899E-02   0.229159E-03   0.340148E-03   0.825338E-04   0.463394E-03   0.616975E-03   0.181308E-03   0.145600E+03
   0.100502E+03   0.295492E+01   0.625291E-03   0.193899E-02   0.229159E-03   0.340148E-03   0.825338E-04   0.463394E-03   0.616975E-03   0.473866E-03   0.144996E+03
   0.100502E+03   0.295492E+01   0.625291E-03   0.596632E-03   0.229159E-03   0.340148E-03   0.825338E-04   0.463394E-03   0.616975E-03   0.473866E-03   0.147360E+03
   0.100502E+03   0.327797E+01   0.625291E-03   0.596632E-03   0.229159E-03   0.411753E-03   0.825338E-04   0.463394E-03   0.616975E-03   0.473866E-03   0.147225E+03
   0.100502E+03   0.929702E+00   0.625291E-03   0.596632E-03   0.224748E-03   0.411753E-03   0.825338E-04   0.463394E-03   0.413196E-03   0.473866E-03   0.147431E+03
   0.100502E+03   0.929702E+00   0.625291E-03   0.596632E-03   0.224748E-03   0.411753E-03   0.825338E-04   0.463394E-03   0.413196E-03   0.473866E-03   0.147431E+03
   0.100502E+03   0.363387E+01   0.625291E-03   0.596632E-03   0.224748E-03   0.411753E-03   0.825338E-04   0.687628E-03   0.413196E-03   0.473866E-03   0.147193E+03
   0.100502E+03   0.363387E+01   0.625291E-03   0.645968E-03   0.224748E-03   0.411753E-03   0.825338E-04   0.687628E-03   0.118457E-02   0.661340E-03   0.145166E+03
   0.100502E+03   0.694884E+00   0.625291E-03   0.268843E-03   0.224748E-03   0.411753E-03   0.825338E-04   0.690722E-03   0.118457E-02   0.157689E-02   0.144062E+03
   0.100502E+03   0.694884E+00   0.625291E-03   0.268843E-03   0.224748E-03   0.411753E-03   0.825338E-04   0.690722E-03   0.118457E-02   0.157689E-02   0.144062E+03
   0.100502E+03   0.844574E+00   0.625291E-03   0.268843E-03   0.224748E-03   0.411753E-03   0.825338E-04   0.690722E-03   0.340075E-02   0.157689E-02   0.141404E+03
   0.100502E+03   0.844574E+00   0.625291E-03   0.268843E-03   0.224748E-03   0.411753E-03   0.825338E-04   0.690722E-03   0.298260E-02   0.157689E-02   0.141774E+03
   0.100502E+03   0.424207E+00   0.137037E-03   0.102145E-03   0.224748E-03   0.411753E-03   0.825338E-04   0.332350E-03   0.298260E-02   0.157689E-02   0.143506E+03
   0.100502E+03   0.418069E+01   0.956555E-03   0.102145E-03   0.224748E-03   0.411753E-03   0.825338E-04   0.332350E-03   0.660304E-03   0.187897E-02   0.144561E+03
   0.100502E+03   0.418069E+01   0.956555E-03   0.102145E-03   0.224748E-03   0.411753E-03   0.146418E-03   0.332350E-03   0.660304E-03   0.187897E-02   0.144511E+03
   0.102167E+03   0.418069E+01   0.147631E-03   0.102145E-03   0.224748E-03   0.895445E-04   0.321805E-03   0.332350E-03   0.660304E-03   0.187897E-02   0.145285E+03
   0.101339E+03   0.418069E+01   0.147631E-03   0.102145E-03   0.242691E-03   0.895445E-04   0.321805E-03   0.333283E-03   0.660304E-03   0.116873E-02   0.147560E+03
   0.101339E+03   0.757631E+00   0.147631E-03   0.102145E-03   0.242691E-03   0.255579E-03   0.321805E-03   0.333283E-03   0.663748E-03   0.717029E-03   0.148832E+03
   0.101339E+03   0.757631E+00   0.467477E-03   0.102145E-03   0.242691E-03   0.255579E-03   0.124655E-03   0.333283E-03   0.431955E-03   0.227906E-02   0.146380E+03
   0.101339E+03   0.757631E+00   0.467477E-03   0.102145E-03   0.242691E-03   0.368079E-03   0.124655E-03   0.333283E-03   0.431955E-03   0.144382E-02   0.147405E+03
   0.101339E+03   0.399571E+01   0.467477E-03   0.102145E-03   0.242691E-03   0.368079E-03   0.124655E-03   0.333283E-03   0.431955E-03   0.960882E-04   0.149228E+03
   0.100878E+03   0.399571E+01   0.467477E-03   0.102145E-03   0.242691E-03   0.368079E-03   0.124655E-03   0.333283E-03   0.715567E-03   0.102158E-02   0.147237E+03
   0.101216E+03   0.411977E+01   0.467477E-03   0.102145E-03   0.242691E-03   0.368079E-03   0.124655E-03   0.333283E-03   0.715567E-03   0.101747E-03   0.148684E+03
   0.102044E+03   0.411977E+01   0.467477E-03   0.102145E-03   0.242691E-03   0.563317E-03   0.124655E-03   0.333283E-03   0.146742E-02   0.101747E-03   0.145739E+03
   0.102044E+03   0.753464E+00   0.467477E-03   0.102145E-03   0.242691E-03   0.799618E-03   0.124655E-03   0.333283E-03   0.146742E-02   0.101747E-03   0.145910E+03
   0.102044E+03   0.212319E+01   0.467477E-03   0.102145E-03   0.242691E-03   0.799618E-03   0.124655E-03   0.561254E-03   0.202318E-03   0.101747E-03   0.148019E+03
   0.100591E+03   0.152806E+01   0.151282E-02   0.520987E-03   0.242691E-03   0.799618E-03   0.124655E-03   0.561254E-03   0.202318E-03   0.101747E-03   0.146058E+03
   0.100591E+03   0.268795E+01   0.187704E-02   0.121078E-02   0.541307E-03   0.106519E-02   0.124655E-03   0.561254E-03   0.202318E-03   0.101747E-03   0.143118E+03
   0.100591E+03   0.268795E+01   0.187704E-02   0.522331E-03   0.541307E-03   0.106519E-02   0.124655E-03   0.561254E-03   0.205007E-03   0.101747E-03   0.144512E+03
   0.100591E+03   0.268795E+01   0.638504E-04   0.522331E-03   0.541307E-03   0.106519E-02   0.216465E-03   0.561254E-03   0.205007E-03   0.101747E-03   0.147386E+03
   0.100591E+03   0.268795E+01   0.638504E-04   0.522331E-03   0.541307E-03   0.106519E-02   0.743401E-03   0.561254E-03   0.205007E-03   0.101747E-03   0.146402E+03
   0.100591E+03   0.268795E+01   0.557426E-03   0.522331E-03   0.541307E-03   0.188073E-02   0.743401E-03   0.561254E-03   0.205007E-03   0.101747E-03   0.144501E+03
   0.999828E+02   0.173629E+01   0.115642E-03   0.522331E-03   0.541307E-03   0.222827E-02   0.205705E-02   0.561254E-03   0.205007E-03   0.101747E-03   0.141844E+03
   0.101047E+03   0.173629E+01   0.115642E-03   0.522331E-03   0.541307E-03   0.222827E-02   0.101747E-02   0.561254E-03   0.339762E-04   0.633194E-03   0.143768E+03
   0.100654E+03   0.173629E+01   0.115642E-03   0.522331E-03   0.541307E-03   0.222827E-02   0.101747E-02   0.561254E-03   0.339762E-04   0.633194E-03   0.143615E+03
   0.100654E+03   0.626706E+01   0.115642E-03   0.522331E-03   0.225561E-03   0.541729E-02   0.101747E-02   0.580087E-03   0.339762E-04   0.633194E-03   0.139240E+03
   0.100654E+03   0.626706E+01   0.136556E-02   0.522331E-03   0.225561E-03   0.192323E-02   0.101747E-02   0.580087E-03   0.339762E-04   0.633194E-03   0.140942E+03
   0.100654E+03  -0.292196E+01   0.136556E-02   0.522331E-03   0.225561E-03   0.187000E-02   0.101747E-02   0.580087E-03   0.603172E-03   0.633194E-03   0.139915E+03
   0.100654E+03   0.385977E+01   0.136556E-02   0.625473E-03   0.225561E-03   0.187000E-02   0.101747E-02   0.580087E-03   0.603172E-03   0.633194E-03   0.141148E+03
   0.100654E+03  -0.712833E+00   0.563719E-03   0.625473E-03   0.225561E-03   0.652050E-03   0.101747E-02   0.580087E-03   0.603172E-03   0.633194E-03   0.144451E+03
   0.100654E+03  -0.712833E+00   0.563719E-03   0.625473E-03   0.225561E-03   0.652050E-03   0.192790E-03   0.580087E-03   0.161550E-02   0.633194E-03   0.144035E+03
   0.100654E+03  -0.712833E+00   0.563719E-03   0.281141E-03   0.225561E-03   0.652050E-03   0.192790E-03   0.580087E-03   0.161550E-02   0.633194E-03   0.144807E+03
   0.100654E+03  -0.712833E+00   0.563719E-03   0.281141E-03   0.225561E-03   0.652050E-03   0.192790E-03   0.416112E-03   0.652549E-03   0.633194E-03   0.146717E+03
   0.100654E+03  -0.712833E+00   0.563719E-03   0.281141E-03   0.123229E-02   0.652050E-03   0.192790E-03   0.416112E-03   0.652549E-03   0.633194E-03   0.144673E+03
   0.100654E+03  -0.712833E+00   0.563719E-03   0.281141E-03   0.123229E-02   0.652050E-03   0.192790E-03   0.758683E-03   0.652549E-03   0.633194E-03   0.143992E+03
   0.100654E+03  -0.712833E+00   0.349433E-03   0.281141E-03   0.288215E-03   0.652050E-03   0.351817E-03   0.758683E-03   0.338453E-03   0.633194E-03   0.146743E+03
   0.100654E+03  -0.712833E+00   0.349433E-03   0.281141E-03   0.288215E-03   0.652050E-03   0.351817E-03   0.758683E-03   0.338453E-03   0.633194E-03   0.146743E+03
   0.100654E+03  -0.712833E+00   0.349433E-03   0.281141E-03   0.118158E-03   0.350657E-03   0.351817E-03   0.758683E-03   0.338453E-03   0.610832E-03   0.147467E+03
   0.100654E+03  -0.258366E+00   0.349433E-03   0.281141E-03   0.118158E-03   0.350657E-03   0.497381E-03   0.758683E-03   0.338453E-03   0.610832E-03   0.147472E+03
   0.102684E+03   0.375392E+01   0.349433E-03   0.281141E-03   0.118158E-03   0.350657E-03   0.104404E-03   0.130689E-02   0.338453E-03   0.610832E-03   0.144980E+03
   0.102684E+03   0.729921E+01   0.349433E-03   0.281141E-03   0.118158E-03   0.350657E-03   0.811750E-04   0.130689E-02   0.338453E-03   0.610832E-03   0.143544E+03
   0.102684E+03   0.729921E+01   0.349433E-03   0.281141E-03   0.961800E-03   0.350657E-03   0.811750E-04   0.130689E-02   0.338453E-03   0.673987E-03   0.142263E+03
   0.100147E+03   0.507226E+01   0.349433E-03   0.281141E-03   0.644424E-03   0.350657E-03   0.811750E-04   0.130689E-02   0.338453E-03   0.673987E-03   0.144393E+03
   0.100203E+03   0.507226E+01   0.349433E-03   0.281141E-03   0.644424E-03   0.313891E-03   0.890025E-05   0.255613E-03   0.338453E-03   0.673987E-03   0.146314E+03
   0.100203E+03  -0.206168E+01   0.349433E-03   0.281141E-03   0.644424E-03   0.313891E-03   0.890025E-05   0.255613E-03   0.448837E-03   0.673987E-03   0.145436E+03
   0.100203E+03  -0.150096E+01   0.349433E-03   0.281141E-03   0.404701E-03   0.313891E-03   0.890025E-05   0.255613E-03   0.150626E-02   0.152847E-02   0.143505E+03
   0.100203E+03   0.153551E+01   0.349433E-03   0.281141E-03   0.404701E-03   0.381445E-03   0.414417E-03   0.255613E-03   0.875355E-03   0.232182E-02   0.143806E+03
   0.100203E+03   0.153551E+01   0.349433E-03   0.281141E-03   0.404701E-03   0.381445E-03   0.114219E-03   0.255613E-03   0.875355E-03   0.232182E-02   0.144110E+03
   0.100203E+03   0.129716E+01   0.349433E-03   0.281141E-03   0.404701E-03   0.381445E-03   0.114219E-03   0.255613E-03   0.875355E-03   0.232182E-02   0.144106E+03
   0.100203E+03  -0.290371E+00   0.349433E-03   0.281141E-03   0.356603E-03   0.381445E-03   0.114219E-03   0.353891E-03   0.875355E-03   0.117586E-03   0.147200E+03
   0.100203E+03   0.562592E+01   0.349433E-03   0.281141E-03   0.356603E-03   0.767229E-03   0.114219E-03   0.353891E-03   0.875355E-03   0.435301E-03   0.145064E+03
   0.100203E+03   0.467320E+01   0.349433E-03   0.553615E-03   0.356603E-03   0.767229E-03   0.114219E-03   0.353891E-03   0.519066E-03   0.435301E-03   0.146256E+03
   0.100203E+03   0.467320E+01   0.349433E-03   0.553615E-03   0.356603E-03   0.767229E-03   0.667409E-03   0.353891E-03   0.519066E-03   0.435301E-03   0.145314E+03
   0.100203E+03   0.231950E+01   0.349433E-03   0.553615E-03   0.356603E-03   0.767229E-03   0.667409E-03   0.353891E-03   0.519066E-03   0.435301E-03   0.146149E+03
   0.100203E+03   0.231950E+01   0.349433E-03   0.553615E-03   0.107898E-02   0.767229E-03   0.667409E-03   0.353891E-03   0.519066E-03   0.435301E-03   0.144540E+03
   0.100203E+03   0.231950E+01   0.349433E-03   0.553615E-03   0.102822E-02   0.767229E-03   0.652471E-03   0.353891E-03   0.519066E-03   0.435301E-03   0.144671E+03
   0.100203E+03   0.226756E+01   0.349433E-03   0.553615E-03   0.102822E-02   0.767229E-03   0.195066E-04   0.353891E-03   0.519066E-03   0.372448E-05   0.145939E+03
   0.100203E+03   0.309609E+01   0.349433E-03   0.553615E-03   0.921845E-03   0.767229E-03   0.126480E-02   0.461607E-03   0.191049E-03   0.372448E-05   0.144431E+03
   0.100567E+03   0.309609E+01   0.398831E-03   0.553615E-03   0.921845E-03   0.767229E-03   0.126480E-02   0.461607E-03   0.191049E-03   0.125377E-02   0.142693E+03
   0.100567E+03   0.182436E+01   0.398831E-03   0.553615E-03   0.921845E-03   0.767229E-03   0.126480E-02   0.779966E-03   0.191049E-03   0.125377E-02   0.142261E+03
   0.100567E+03   0.182436E+01   0.398831E-03   0.553615E-03   0.921845E-03   0.767229E-03   0.134245E-02   0.779966E-03   0.191049E-03   0.125377E-02   0.142129E+03
   0.100567E+03   0.182436E+01   0.123992E-03   0.553615E-03   0.137301E-02   0.767229E-03   0.120317E-02   0.779966E-03   0.301034E-03   0.125377E-02   0.141716E+03
   0.100567E+03   0.251719E+01   0.118720E-02   0.553615E-03   0.137301E-02   0.767229E-03   0.271239E-04   0.448251E-03   0.301034E-03   0.943409E-04   0.144461E+03
   0.100567E+03   0.251719E+01   0.118720E-02   0.100359E-02   0.137301E-02   0.767229E-03   0.271239E-04   0.448251E-03   0.301034E-03   0.943409E-04   0.143522E+03
   0.100567E+03   0.251719E+01   0.118720E-02   0.100359E-02   0.556516E-03   0.945592E-03   0.271239E-04   0.576155E-03   0.301034E-03   0.270735E-03   0.144505E+03
   0.100567E+03   0.251719E+01   0.118720E-02   0.100359E-02   0.556516E-03   0.945592E-03   0.271239E-04   0.576155E-03   0.133827E-03   0.270735E-03   0.144700E+03
   0.100567E+03   0.251719E+01   0.205209E-02   0.903215E-03   0.556516E-03   0.136674E-02   0.271239E-04   0.576155E-03   0.133519E-02   0.270735E-03   0.140633E+03
   0.100567E+03   0.251719E+01   0.205209E-02   0.903215E-03   0.556516E-03   0.229266E-02   0.271239E-04   0.576155E-03   0.133519E-02   0.270735E-03   0.139358E+03
   0.100567E+03   0.388337E+00   0.205209E-02   0.903215E-03   0.556516E-03   0.229266E-02   0.271239E-04   0.576155E-03   0.135012E-02   0.270735E-03   0.138961E+03
   0.100567E+03   0.388337E+00   0.588847E-03   0.903215E-03   0.555358E-03   0.229266E-02   0.968100E-04   0.576155E-03   0.135012E-02   0.270735E-03   0.141589E+03
   0.101263E+03   0.388337E+00   0.588847E-03   0.903215E-03   0.555358E-03   0.229266E-02   0.968100E-04   0.576155E-03   0.135012E-02   0.270735E-03   0.141859E+03
   0.101263E+03   0.388337E+00   0.588847E-03   0.903215E-03   0.555358E-03   0.229266E-02   0.968100E-04   0.284686E-03   0.974478E-03   0.270735E-03   0.142991E+03
   0.101263E+03   0.388337E+00   0.588847E-03   0.903215E-03   0.555358E-03   0.229266E-02   0.968100E-04   0.284686E-03   0.916884E-03   0.270735E-03   0.143104E+03
   0.101263E+03   0.388337E+00   0.588847E-03   0.903215E-03   0.349380E-03   0.229266E-02   0.968100E-04   0.284686E-03   0.916884E-03   0.270735E-03   0.143479E+03
   0.101263E+03   0.331949E+01   0.588847E-03   0.903215E-03   0.279356E-03   0.649915E-02   0.968100E-04   0.284686E-03   0.916884E-03   0.270735E-03   0.140451E+03
   0.101263E+03   0.331949E+01   0.588847E-03   0.751785E-03   0.279356E-03   0.657680E-02   0.968100E-04   0.100912E-03   0.916884E-03   0.222729E-03   0.140790E+03
   0.101263E+03   0.619812E+00   0.388400E-03   0.751785E-03   0.279356E-03   0.762689E-02   0.968100E-04   0.100912E-03   0.916884E-03   0.492597E-03   0.140684E+03
   0.101263E+03   0.619812E+00   0.127263E-03   0.751785E-03   0.279356E-03   0.719356E-02   0.968100E-04   0.100912E-03   0.916884E-03   0.492597E-03   0.141310E+03
   0.101152E+03   0.619812E+00   0.127263E-03   0.751785E-03   0.240041E-03   0.825474E-02   0.774128E-04   0.100912E-03   0.916884E-03   0.492597E-03   0.141023E+03
   0.101152E+03   0.619812E+00   0.629578E-04   0.751785E-03   0.240041E-03   0.597687E-02   0.459242E-04   0.100912E-03   0.916884E-03   0.492597E-03   0.142042E+03
   0.101152E+03   0.619812E+00   0.522563E-03   0.751785E-03   0.240041E-03   0.355433E-02   0.459242E-04   0.100912E-03   0.916884E-03   0.762625E-03   0.142187E+03
   0.101152E+03   0.619812E+00   0.522563E-03   0.751785E-03   0.240041E-03   0.355433E-02   0.459242E-04   0.100912E-03   0.916884E-03   0.134653E-03   0.143285E+03
   0.101152E+03   0.619812E+00   0.522563E-03   0.751785E-03   0.169953E-02   0.260662E-02   0.459242E-04   0.100912E-03   0.740980E-03   0.134653E-03   0.141842E+03
   0.101152E+03   0.619812E+00   0.522563E-03   0.751785E-03   0.169953E-02   0.260662E-02   0.459242E-04   0.146732E-02   0.183190E-03   0.134653E-03   0.140572E+03
   0.101152E+03   0.619812E+00   0.155002E-02   0.114321E-02   0.200752E-02   0.260662E-02   0.436616E-03   0.146732E-02   0.158228E-03   0.134653E-03   0.136750E+03
   0.999918E+02   0.619812E+00   0.155002E-02   0.114321E-02   0.309887E-02   0.135923E-03   0.436616E-03   0.140291E-02   0.158228E-03   0.134653E-03   0.137643E+03
   0.999918E+02   0.775766E+01   0.155002E-02   0.114321E-02   0.806989E-03   0.199903E-03   0.436616E-03   0.102234E-02   0.158228E-03   0.134653E-03   0.141217E+03
   0.999918E+02   0.633189E+01   0.155002E-02   0.114321E-02   0.806989E-03   0.350663E-04   0.436616E-03   0.102234E-02   0.158228E-03   0.134653E-03   0.142077E+03
   0.999918E+02   0.633189E+01   0.155002E-02   0.114321E-02   0.129173E-04   0.350663E-04   0.436616E-03   0.102234E-02   0.158228E-03   0.134653E-03   0.143379E+03
   0.999918E+02   0.633189E+01   0.451597E-03   0.125378E-02   0.129173E-04   0.350663E-04   0.436616E-03   0.102234E-02   0.974020E-04   0.134653E-03   0.144279E+03
   0.999918E+02   0.452116E+01   0.990115E-03   0.125378E-02   0.129173E-04   0.350663E-04   0.436616E-03   0.308561E-03   0.974020E-04   0.134653E-03   0.145950E+03
   0.100519E+03   0.452116E+01   0.990115E-03   0.674209E-03   0.129173E-04   0.350663E-04   0.436616E-03   0.308561E-03   0.974020E-04   0.134653E-03   0.147533E+03
   0.100519E+03   0.452116E+01   0.990115E-03   0.674209E-03   0.129173E-04   0.350663E-04   0.436616E-03   0.308561E-03   0.974020E-04   0.134653E-03   0.147533E+03
   0.100519E+03   0.452116E+01   0.112131E-02   0.705269E-04   0.129173E-04   0.350663E-04   0.436616E-03   0.617382E-03   0.974020E-04   0.134653E-03   0.147577E+03
   0.100519E+03   0.324512E+01   0.112131E-02   0.705269E-04   0.129173E-04   0.350663E-04   0.436616E-03   0.104549E-02   0.974020E-04   0.134653E-03   0.147235E+03
   0.100519E+03   0.324512E+01   0.112131E-02   0.705269E-04   0.129173E-04   0.270998E-03   0.436616E-03   0.104549E-02   0.974020E-04   0.134653E-03   0.147081E+03
   0.100519E+03   0.609209E+01   0.112131E-02   0.705269E-04   0.129173E-04   0.270998E-03   0.912616E-03   0.142004E-03   0.974020E-04   0.134653E-03   0.145474E+03
   0.100519E+03   0.609209E+01   0.112131E-02   0.705269E-04   0.104801E-03   0.270998E-03   0.912616E-03   0.142004E-03   0.155564E-02   0.134653E-03   0.143051E+03
   0.100519E+03   0.291634E+00   0.979677E-04   0.566790E-04   0.104801E-03   0.270998E-03   0.912616E-03   0.163955E-03   0.155564E-02   0.134653E-03   0.147125E+03
   0.100519E+03   0.265760E+01   0.382133E-03   0.566790E-04   0.104801E-03   0.270998E-03   0.142459E-03   0.163955E-03   0.155564E-02   0.134653E-03   0.147831E+03
   0.100519E+03   0.265760E+01   0.284507E-03   0.519946E-04   0.301641E-03   0.270998E-03   0.142459E-03   0.163955E-03   0.313767E-03   0.134653E-03   0.150028E+03
   0.100519E+03   0.265760E+01   0.284507E-03   0.233499E-03   0.301641E-03   0.270998E-03   0.142459E-03   0.163955E-03   0.657288E-03   0.134653E-03   0.149240E+03
   0.100519E+03   0.265760E+01   0.464143E-03   0.233499E-03   0.301641E-03   0.270998E-03   0.142459E-03   0.163955E-03   0.657288E-03   0.134653E-03   0.148972E+03
   0.100519E+03   0.265760E+01   0.464143E-03   0.233499E-03   0.301641E-03   0.270998E-03   0.199752E-03   0.163955E-03   0.646751E-03   0.134653E-03   0.148937E+03
   0.995964E+02   0.265760E+01   0.464143E-03   0.233499E-03   0.168868E-02   0.270998E-03   0.199752E-03   0.163955E-03   0.646751E-03   0.134653E-03   0.143707E+03
   0.102468E+03   0.265760E+01   0.464143E-03   0.233499E-03   0.168868E-02   0.270998E-03   0.589490E-03   0.163955E-03   0.646751E-03   0.134653E-03   0.143892E+03
   0.102468E+03  -0.448075E+01   0.464143E-03   0.233499E-03   0.168141E-02   0.270998E-03   0.589490E-03   0.163955E-03   0.646751E-03   0.134653E-03   0.142441E+03
   0.102468E+03   0.301453E+01   0.464143E-03   0.233499E-03   0.168141E-02   0.270998E-03   0.589490E-03   0.163955E-03   0.302527E-03   0.134653E-03   0.144250E+03
   0.102468E+03   0.160853E+01   0.464143E-03   0.128210E-03   0.168141E-02   0.575722E-03   0.589490E-03   0.163955E-03   0.302527E-03   0.134653E-03   0.144547E+03
   0.102468E+03   0.160853E+01   0.464143E-03   0.128210E-03   0.141658E-03   0.575722E-03   0.589490E-03   0.163955E-03   0.302527E-03   0.134653E-03   0.146328E+03
   0.102468E+03   0.160853E+01   0.464143E-03   0.128210E-03   0.141658E-03   0.575722E-03   0.589490E-03   0.163955E-03   0.302527E-03   0.134653E-03   0.146328E+03
   0.102468E+03   0.160853E+01   0.109363E-02   0.220964E-03   0.141658E-03   0.575722E-03   0.589490E-03   0.926080E-03   0.302527E-03   0.134653E-03   0.144448E+03
   0.101513E+03   0.142723E+01   0.109363E-02   0.220964E-03   0.141658E-03   0.575722E-03   0.589490E-03   0.926080E-03   0.302527E-03   0.536267E-03   0.145731E+03
   0.101513E+03   0.142723E+01   0.109363E-02   0.220964E-03   0.141658E-03   0.575722E-03   0.589490E-03   0.564142E-03   0.302527E-03   0.536267E-03   0.146388E+03
   0.100713E+03   0.845507E+00   0.546160E-03   0.220964E-03   0.932257E-03   0.575722E-03   0.589490E-03   0.564142E-03   0.302527E-03   0.536267E-03   0.146014E+03
   0.100713E+03   0.351359E+01   0.546160E-03   0.220964E-03   0.754646E-03   0.103504E-02   0.589490E-03   0.109944E-03   0.302527E-03   0.536267E-03   0.145727E+03
   0.100713E+03   0.351359E+01   0.338554E-03   0.220964E-03   0.754646E-03   0.161109E-02   0.589490E-03   0.274534E-03   0.130959E-02   0.536267E-03   0.143073E+03
   0.100713E+03   0.361522E+01   0.338554E-03   0.360096E-03   0.754646E-03   0.161109E-02   0.589490E-03   0.274534E-03   0.238318E-02   0.536267E-03   0.141315E+03
   0.100713E+03   0.672584E+00   0.338554E-03   0.360096E-03   0.754646E-03   0.455733E-03   0.589490E-03   0.274534E-03   0.238318E-02   0.536267E-03   0.143910E+03
   0.100713E+03   0.672584E+00   0.338554E-03   0.360096E-03   0.256028E-03   0.455733E-03   0.589490E-03   0.274534E-03   0.111139E-02   0.536267E-03   0.146800E+03
   0.100713E+03   0.672584E+00   0.338554E-03   0.360096E-03   0.256028E-03   0.455733E-03   0.589490E-03   0.274534E-03   0.319893E-03   0.536267E-03   0.148275E+03
   0.100713E+03   0.672584E+00   0.338554E-03   0.360096E-03   0.256028E-03   0.455733E-03   0.589490E-03   0.274534E-03   0.319893E-03   0.536267E-03   0.148275E+03
   0.100964E+03   0.672584E+00   0.338554E-03   0.360096E-03   0.772772E-03   0.455733E-03   0.985935E-03   0.984127E-03   0.319893E-03   0.536267E-03   0.145275E+03
   0.100964E+03   0.672584E+00   0.338554E-03   0.360096E-03   0.772772E-03   0.455733E-03   0.434064E-03   0.644980E-03   0.319893E-03   0.536267E-03   0.147055E+03
   0.100964E+03   0.672584E+00   0.240866E-03   0.360096E-03   0.772772E-03   0.455733E-03   0.434064E-03   0.644980E-03   0.319893E-03   0.536267E-03   0.147238E+03
   0.100964E+03   0.282665E+01   0.240866E-03   0.360096E-03   0.413777E-03   0.455733E-03   0.109037E-02   0.644980E-03   0.319893E-03   0.536267E-03   0.146637E+03
   0.100964E+03  -0.277820E+00   0.240866E-03   0.385849E-03   0.413777E-03   0.455733E-03   0.109037E-02   0.644980E-03   0.187783E-04   0.536267E-03   0.146644E+03
   0.100964E+03  -0.277820E+00   0.240866E-03   0.385849E-03   0.413777E-03   0.781817E-04   0.109037E-02   0.897547E-03   0.187783E-04   0.564420E-03   0.146475E+03
   0.100964E+03   0.394593E+01   0.240866E-03   0.385849E-03   0.413777E-03   0.781817E-04   0.109037E-02   0.627828E-03   0.187783E-04   0.564420E-03   0.146872E+03
   0.100964E+03   0.394593E+01   0.137543E-03   0.385849E-03   0.130857E-03   0.781817E-04   0.826747E-04   0.694088E-03   0.187783E-04   0.564420E-03   0.149295E+03
   0.101221E+03   0.394593E+01   0.137543E-03   0.385849E-03   0.130857E-03   0.781817E-04   0.205682E-03   0.511406E-03   0.187783E-04   0.564420E-03   0.149484E+03
   0.100734E+03   0.394593E+01   0.137543E-03   0.385849E-03   0.130857E-03   0.781817E-04   0.205682E-03   0.511406E-03   0.187783E-04   0.564420E-03   0.149239E+03
   0.100734E+03  -0.855739E+00   0.137543E-03   0.385849E-03   0.130857E-03   0.418998E-02   0.936183E-03   0.768485E-04   0.187783E-04   0.218199E-03   0.143872E+03
   0.100734E+03   0.547231E+01   0.137543E-03   0.385849E-03   0.130857E-03   0.422003E-02   0.760122E-03   0.768485E-04   0.187783E-04   0.218199E-03   0.142368E+03
   0.100734E+03   0.547231E+01   0.137543E-03   0.385849E-03   0.130857E-03   0.326605E-02   0.760122E-03   0.768485E-04   0.187783E-04   0.218199E-03   0.143104E+03
   0.100734E+03   0.760104E+00   0.137543E-03   0.385849E-03   0.130857E-03   0.300403E-02   0.185509E-03   0.768485E-04   0.187783E-04   0.218199E-03   0.146664E+03
   0.100734E+03   0.144406E+01   0.137543E-03   0.255560E-03   0.130857E-03   0.201409E-02   0.185509E-03   0.768485E-04   0.187783E-04   0.218199E-03   0.148059E+03
   0.100734E+03   0.133119E+01   0.101587E-03   0.255560E-03   0.130857E-03   0.201409E-02   0.185509E-03   0.768485E-04   0.187783E-04   0.218199E-03   0.148086E+03
   0.100734E+03   0.133119E+01   0.652217E-03   0.255560E-03   0.130857E-03   0.201409E-02   0.185509E-03   0.768485E-04   0.187783E-04   0.503125E-03   0.146620E+03
   0.100734E+03   0.345168E+01   0.652217E-03   0.255560E-03   0.130857E-03   0.201409E-02   0.185509E-03   0.768485E-04   0.263864E-04   0.503125E-03   0.146318E+03
   0.100734E+03   0.345168E+01   0.652217E-03   0.255560E-03   0.130857E-03   0.101443E-02   0.185509E-03   0.768485E-04   0.389836E-03   0.503125E-03   0.147512E+03
   0.100734E+03   0.442749E+00   0.109403E-02   0.415067E-03   0.130857E-03   0.824006E-03   0.185509E-03   0.768485E-04   0.426228E-03   0.503125E-03   0.146633E+03
   0.100734E+03   0.442749E+00   0.750013E-03   0.415067E-03   0.130857E-03   0.824006E-03   0.185509E-03   0.768485E-04   0.199829E-03   0.503125E-03   0.147681E+03
   0.100734E+03   0.238531E+01   0.750013E-03   0.324825E-03   0.130857E-03   0.824006E-03   0.185509E-03   0.768485E-04   0.199829E-03   0.503125E-03   0.148092E+03
   0.100412E+03   0.238531E+01   0.750013E-03   0.324825E-03   0.130857E-03   0.635245E-03   0.185509E-03   0.768485E-04   0.199829E-03   0.136676E-02   0.146436E+03
   0.100412E+03   0.202900E+01   0.750013E-03   0.324825E-03   0.238281E-03   0.635245E-03   0.212644E-03   0.768485E-04   0.804802E-03   0.136676E-02   0.145170E+03
   0.100412E+03   0.202900E+01   0.370242E-03   0.324825E-03   0.238281E-03   0.635245E-03   0.212644E-03   0.768485E-04   0.804802E-03   0.533457E-03   0.147552E+03
   0.100412E+03   0.202900E+01   0.370242E-03   0.324825E-03   0.861947E-03   0.635245E-03   0.212644E-03   0.648646E-03   0.627901E-03   0.533457E-03   0.145766E+03
   0.100412E+03  -0.180850E+00   0.366191E-04   0.324825E-03   0.861947E-03   0.635245E-03   0.207547E-02   0.648646E-03   0.627901E-03   0.533457E-03   0.143066E+03
   0.100412E+03  -0.180850E+00   0.366191E-04   0.324825E-03   0.861947E-03   0.635245E-03   0.149140E-02   0.648646E-03   0.947130E-03   0.533457E-03   0.143296E+03
   0.100412E+03  -0.180850E+00   0.366191E-04   0.324825E-03   0.861947E-03   0.540282E-03   0.631525E-03   0.648646E-03   0.947130E-03   0.533457E-03   0.144868E+03
   0.100412E+03  -0.180850E+00   0.366191E-04   0.324825E-03   0.861947E-03   0.155402E-02   0.631525E-03   0.648646E-03   0.590930E-03   0.533457E-03   0.143828E+03
   0.100412E+03  -0.180850E+00   0.366191E-04   0.324825E-03   0.341777E-03   0.148107E-02   0.631525E-03   0.783623E-03   0.590930E-03   0.533457E-03   0.144817E+03
   0.101932E+03   0.600905E+00   0.366191E-04   0.324825E-03   0.418056E-03   0.148107E-02   0.631020E-03   0.783623E-03   0.590930E-03   0.533457E-03   0.144523E+03
   0.101932E+03   0.600905E+00   0.366191E-04   0.324825E-03   0.418056E-03   0.148107E-02   0.631020E-03   0.783623E-03   0.590930E-03   0.533457E-03   0.144523E+03
   0.101932E+03   0.600905E+00   0.366191E-04   0.324825E-03   0.418056E-03   0.148107E-02   0.631020E-03   0.520722E-03   0.590930E-03   0.533457E-03   0.144969E+03
   0.100463E+03   0.600905E+00   0.366191E-04   0.324825E-03   0.418056E-03   0.101177E-01   0.631020E-03   0.520722E-03   0.590930E-03   0.533457E-03   0.140058E+03
   0.100463E+03   0.600905E+00   0.366191E-04   0.324825E-03   0.418056E-03   0.595182E-02   0.631020E-03   0.520722E-03   0.590930E-03   0.533457E-03   0.141630E+03
   0.100463E+03   0.600905E+00   0.366191E-04   0.310936E-03   0.418056E-03   0.593652E-03   0.631020E-03   0.520722E-03   0.590930E-03   0.533457E-03   0.146936E+03
   0.100463E+03   0.600905E+00   0.366191E-04   0.310936E-03   0.418056E-03   0.145543E-03   0.631020E-03   0.299707E-03   0.590930E-03   0.356652E-04   0.148496E+03
   0.100463E+03   0.600905E+00   0.366191E-04   0.310936E-03   0.962228E-03   0.145543E-03   0.289332E-03   0.299707E-03   0.590930E-03   0.582731E-03   0.147059E+03
   0.100890E+03   0.600905E+00   0.366191E-04   0.310936E-03   0.311788E-03   0.145543E-03   0.103862E-03   0.299707E-03   0.643325E-03   0.582731E-03   0.149170E+03
   0.101836E+03   0.503278E+00   0.366191E-04   0.310936E-03   0.311788E-03   0.342411E-02   0.103862E-03   0.299707E-03   0.770234E-03   0.582731E-03   0.143759E+03
   0.101836E+03   0.263043E+01   0.366191E-04   0.310936E-03   0.311788E-03   0.189990E-02   0.103862E-03   0.171072E-02   0.770234E-03   0.582731E-03   0.143413E+03
   0.101836E+03   0.263043E+01   0.402374E-03   0.310936E-03   0.311788E-03   0.189990E-02   0.103862E-03   0.143567E-02   0.770234E-03   0.582731E-03   0.143289E+03
   0.101836E+03   0.287701E+01   0.402374E-03   0.310936E-03   0.311788E-03   0.245504E-02   0.103862E-03   0.901382E-03   0.770234E-03   0.190236E-02   0.141169E+03
   0.101836E+03   0.287701E+01   0.133030E-02   0.310936E-03   0.100052E-02   0.245504E-02   0.103862E-03   0.901382E-03   0.770234E-03   0.190236E-02   0.137995E+03
   0.101836E+03   0.732613E+01   0.133030E-02   0.310936E-03   0.100052E-02   0.301331E-02   0.103862E-03   0.901382E-03   0.372387E-03   0.190236E-02   0.136551E+03
   0.101840E+03   0.732613E+01   0.148705E-02   0.310936E-03   0.100052E-02   0.128203E-03   0.103862E-03   0.901382E-03   0.517696E-03   0.114792E-02   0.141595E+03
   0.101840E+03   0.524578E+01   0.148705E-02   0.310936E-03   0.114344E-02   0.128203E-03   0.103862E-03   0.105646E-04   0.517696E-03   0.114792E-02   0.142234E+03
   0.101840E+03  -0.323281E+01   0.174138E-02   0.647032E-03   0.114344E-02   0.485928E-03   0.826517E-03   0.119218E-03   0.517696E-03   0.289557E-02   0.137845E+03
   0.101840E+03  -0.161332E+01   0.351021E-03   0.647032E-03   0.704940E-03   0.485928E-03   0.132159E-03   0.488627E-03   0.517696E-03   0.251750E-02   0.142727E+03
   0.101840E+03  -0.161332E+01   0.351021E-03   0.695443E-04   0.704940E-03   0.485928E-03   0.132159E-03   0.488627E-03   0.517696E-03   0.260904E-02   0.143542E+03
   0.101638E+03   0.258351E+01   0.351021E-03   0.128344E-03   0.704940E-03   0.485928E-03   0.132159E-03   0.488627E-03   0.517696E-03   0.213811E-02   0.145097E+03
   0.101638E+03   0.555592E+00   0.351021E-03   0.128344E-03   0.258375E-02   0.485928E-03   0.132159E-03   0.488627E-03   0.517696E-03   0.213811E-02   0.142253E+03
   0.101638E+03   0.555592E+00   0.472232E-03   0.128344E-03   0.999686E-03   0.485928E-03   0.132159E-03   0.488627E-03   0.517696E-03   0.361159E-03   0.147333E+03
   0.101638E+03   0.555592E+00   0.472232E-03   0.128344E-03   0.102872E-04   0.251195E-03   0.113148E-04   0.488627E-03   0.517696E-03   0.361159E-03   0.149100E+03
   0.101638E+03   0.555592E+00   0.472232E-03   0.128344E-03   0.102872E-04   0.257669E-02   0.521712E-03   0.488627E-03   0.517696E-03   0.211178E-03   0.144895E+03
   0.100803E+03   0.286070E+01   0.472232E-03   0.128344E-03   0.102872E-04   0.581411E-03   0.521712E-03   0.488627E-03   0.517696E-03   0.211178E-03   0.148403E+03
   0.100803E+03   0.286070E+01   0.472232E-03   0.128344E-03   0.102872E-04   0.581411E-03   0.521712E-03   0.488627E-03   0.517696E-03   0.211178E-03   0.148403E+03
   0.100803E+03   0.286070E+01   0.472232E-03   0.273507E-03   0.102872E-04   0.799627E-03   0.521712E-03   0.488627E-03   0.176285E-02   0.211178E-03   0.145512E+03
   0.100310E+03   0.121468E+01   0.472232E-03   0.273507E-03   0.102872E-04   0.799627E-03   0.121053E-03   0.488627E-03   0.176285E-02   0.211178E-03   0.145681E+03
   0.100310E+03   0.121468E+01   0.854564E-05   0.273507E-03   0.102872E-04   0.799627E-03   0.121053E-03   0.488627E-03   0.133288E-02   0.211178E-03   0.146869E+03
   0.997525E+02   0.121468E+01   0.854564E-05   0.273507E-03   0.102872E-04   0.799627E-03   0.121053E-03   0.488627E-03   0.133288E-02   0.211178E-03   0.145231E+03
   0.997525E+02   0.170259E+01   0.854564E-05   0.273507E-03   0.218492E-02   0.799627E-03   0.121053E-03   0.245684E-02   0.133288E-02   0.211178E-03   0.138226E+03
   0.997525E+02   0.170259E+01   0.854564E-05   0.273507E-03   0.218492E-02   0.799627E-03   0.121053E-03   0.245684E-02   0.133288E-02   0.211178E-03   0.138226E+03
   0.102087E+03   0.249509E+00   0.854564E-05   0.273507E-03   0.218492E-02   0.799627E-03   0.121053E-03   0.246234E-02   0.426753E-03   0.211178E-03   0.142253E+03
   0.102087E+03   0.305190E+01   0.854564E-05   0.273507E-03   0.218492E-02   0.799627E-03   0.121053E-03   0.246234E-02   0.426753E-03   0.211178E-03   0.142321E+03
   0.102087E+03   0.305190E+01   0.854564E-05   0.131891E-03   0.174326E-03   0.799627E-03   0.121053E-03   0.246234E-02   0.426753E-03   0.211178E-03   0.145497E+03
   0.102087E+03   0.305190E+01   0.854564E-05   0.131891E-03   0.174326E-03   0.545493E-03   0.121053E-03   0.225542E-02   0.426753E-03   0.211178E-03   0.146236E+03
   0.102087E+03   0.305190E+01   0.854564E-05   0.131891E-03   0.174326E-03   0.545493E-03   0.121053E-03   0.225542E-02   0.426753E-03   0.910761E-03   0.145130E+03
   0.102087E+03   0.263420E+01   0.421995E-03   0.131891E-03   0.174326E-03   0.545493E-03   0.121053E-03   0.397860E-02   0.426753E-03   0.852594E-03   0.143086E+03
   0.101390E+03   0.295598E+01   0.421995E-03   0.131891E-03   0.174326E-03   0.545493E-03   0.121053E-03   0.397860E-02   0.426753E-03   0.852594E-03   0.143900E+03
   0.100179E+03   0.295598E+01   0.421995E-03   0.131891E-03   0.390683E-03   0.545493E-03   0.121053E-03   0.663944E-03   0.426753E-03   0.852594E-03   0.146264E+03
   0.100179E+03  -0.747616E+00   0.421995E-03   0.131891E-03   0.390683E-03   0.545493E-03   0.121053E-03   0.663944E-03   0.426753E-03   0.852594E-03   0.145664E+03
   0.100179E+03  -0.747616E+00   0.421995E-03   0.131891E-03   0.390683E-03   0.545493E-03   0.121053E-03   0.553504E-03   0.111440E-02   0.852594E-03   0.144842E+03
   0.100179E+03   0.139414E+01   0.421995E-03   0.131891E-03   0.180607E-03   0.545493E-03   0.133732E-02   0.149145E-02   0.102784E-02   0.852594E-03   0.142164E+03
   0.100179E+03  -0.927034E+00   0.421995E-03   0.131891E-03   0.180607E-03   0.545493E-03   0.133732E-02   0.149145E-02   0.263677E-03   0.184230E-02   0.141470E+03
   0.100179E+03   0.309648E+01   0.421995E-03   0.131891E-03   0.215517E-03   0.260179E-03   0.160076E-03   0.232285E-02   0.347388E-03   0.439287E-03   0.145198E+03
   0.100179E+03   0.309648E+01   0.421995E-03   0.131891E-03   0.215517E-03   0.260179E-03   0.160076E-03   0.391356E-02   0.364307E-03   0.439287E-03   0.143696E+03
   0.100179E+03   0.210949E+00   0.421995E-03   0.131891E-03   0.215517E-03   0.260179E-03   0.160076E-03   0.120701E-02   0.364307E-03   0.439287E-03   0.146516E+03
   0.100179E+03   0.210949E+00   0.421995E-03   0.146154E-03   0.215517E-03   0.260179E-03   0.106395E-02   0.120701E-02   0.364307E-03   0.439287E-03   0.145288E+03
