X1_obs         X1_true        Y1_obs         Y2_obs         Y3_obs         Y4_obs         Y1_unbiased    Y2_unbiased    Y3_unbiased    Y4_unbiased    Y1_sim         Y2_sim         Y3_sim         Y4_sim         Y1_res         Y2_res         Y3_res         Y4_res         Y1_stdres      Y2_stdres      Y3_stdres      Y4_stdres      
   0.000000E+00   0.000000E+00  -0.999900E+04  -0.999900E+04  -0.999900E+04  -0.999900E+04  -0.999900E+04  -0.999900E+04  -0.999900E+04  -0.999900E+04   0.112218E+00   0.783286E-01   0.574451E-01   0.426055E-01  -0.999900E+04  -0.999900E+04  -0.999900E+04  -0.999900E+04  -0.999900E+04  -0.999900E+04  -0.999900E+04  -0.999900E+04
   0.600000E-01   0.600000E-01   0.112546E+00   0.782550E-01   0.572459E-01   0.435692E-01   0.112546E+00   0.782550E-01   0.572459E-01   0.435692E-01   0.112159E+00   0.782642E-01   0.573828E-01   0.425443E-01   0.387501E-03  -0.915660E-05  -0.136979E-03   0.102486E-02   0.420596E+00  -0.165194E-01  -0.298524E+00   0.832254E+00
   0.504000E+00   0.504000E+00  -0.999900E+04  -0.999900E+04  -0.999900E+04  -0.999900E+04  -0.999900E+04  -0.999900E+04  -0.999900E+04  -0.999900E+04   0.111715E+00   0.777873E-01   0.569223E-01   0.420919E-01  -0.999900E+04  -0.999900E+04  -0.999900E+04  -0.999900E+04  -0.999900E+04  -0.999900E+04  -0.999900E+04  -0.999900E+04
   0.604000E+00   0.604000E+00  -0.999900E+04  -0.999900E+04  -0.999900E+04  -0.999900E+04  -0.999900E+04  -0.999900E+04  -0.999900E+04  -0.999900E+04   0.111615E+00   0.776798E-01   0.568185E-01   0.419901E-01  -0.999900E+04  -0.999900E+04  -0.999900E+04  -0.999900E+04  -0.999900E+04  -0.999900E+04  -0.999900E+04  -0.999900E+04
   0.650000E+00   0.650000E+00   0.111933E+00   0.776414E-01   0.566323E-01   0.429556E-01   0.111933E+00   0.776414E-01   0.566323E-01   0.429556E-01   0.111569E+00   0.776304E-01   0.567708E-01   0.419432E-01   0.363201E-03   0.110534E-04  -0.138569E-03   0.101233E-02   0.394221E+00   0.199414E-01  -0.301989E+00   0.822079E+00
   0.704000E+00   0.704000E+00  -0.999900E+04  -0.999900E+04  -0.999900E+04  -0.999900E+04  -0.999900E+04  -0.999900E+04  -0.999900E+04  -0.999900E+04   0.111515E+00   0.775723E-01   0.567148E-01   0.418883E-01  -0.999900E+04  -0.999900E+04  -0.999900E+04  -0.999900E+04  -0.999900E+04  -0.999900E+04  -0.999900E+04  -0.999900E+04
   0.804000E+00   0.804000E+00  -0.999900E+04  -0.999900E+04  -0.999900E+04  -0.999900E+04  -0.999900E+04  -0.999900E+04  -0.999900E+04  -0.999900E+04   0.111416E+00   0.774647E-01   0.566111E-01   0.417866E-01  -0.999900E+04  -0.999900E+04  -0.999900E+04  -0.999900E+04  -0.999900E+04  -0.999900E+04  -0.999900E+04  -0.999900E+04
   0.904000E+00   0.904000E+00  -0.999900E+04  -0.999900E+04  -0.999900E+04  -0.999900E+04  -0.999900E+04  -0.999900E+04  -0.999900E+04  -0.999900E+04   0.111316E+00   0.773571E-01   0.565074E-01   0.416849E-01  -0.999900E+04  -0.999900E+04  -0.999900E+04  -0.999900E+04  -0.999900E+04  -0.999900E+04  -0.999900E+04  -0.999900E+04
   0.100400E+01   0.100400E+01  -0.999900E+04  -0.999900E+04  -0.999900E+04  -0.999900E+04  -0.999900E+04  -0.999900E+04  -0.999900E+04  -0.999900E+04   0.111216E+00   0.772495E-01   0.564037E-01   0.415833E-01  -0.999900E+04  -0.999900E+04  -0.999900E+04  -0.999900E+04  -0.999900E+04  -0.999900E+04  -0.999900E+04  -0.999900E+04
   0.110400E+01   0.110400E+01  -0.999900E+04  -0.999900E+04  -0.999900E+04  -0.999900E+04  -0.999900E+04  -0.999900E+04  -0.999900E+04  -0.999900E+04   0.111117E+00   0.771419E-01   0.563000E-01   0.414817E-01  -0.999900E+04  -0.999900E+04  -0.999900E+04  -0.999900E+04  -0.999900E+04  -0.999900E+04  -0.999900E+04  -0.999900E+04
   0.120400E+01   0.120400E+01  -0.999900E+04  -0.999900E+04  -0.999900E+04  -0.999900E+04  -0.999900E+04  -0.999900E+04  -0.999900E+04  -0.999900E+04   0.111017E+00   0.770342E-01   0.561963E-01   0.413802E-01  -0.999900E+04  -0.999900E+04  -0.999900E+04  -0.999900E+04  -0.999900E+04  -0.999900E+04  -0.999900E+04  -0.999900E+04
   0.130400E+01   0.130400E+01  -0.999900E+04  -0.999900E+04  -0.999900E+04  -0.999900E+04  -0.999900E+04  -0.999900E+04  -0.999900E+04  -0.999900E+04   0.110917E+00   0.769264E-01   0.560926E-01   0.412787E-01  -0.999900E+04  -0.999900E+04  -0.999900E+04  -0.999900E+04  -0.999900E+04  -0.999900E+04  -0.999900E+04  -0.999900E+04
   0.140400E+01   0.140400E+01  -0.999900E+04  -0.999900E+04  -0.999900E+04  -0.999900E+04  -0.999900E+04  -0.999900E+04  -0.999900E+04  -0.999900E+04   0.110817E+00   0.768187E-01   0.559889E-01   0.411773E-01  -0.999900E+04  -0.999900E+04  -0.999900E+04  -0.999900E+04  -0.999900E+04  -0.999900E+04  -0.999900E+04  -0.999900E+04
   0.150400E+01   0.150400E+01  -0.999900E+04  -0.999900E+04  -0.999900E+04  -0.999900E+04  -0.999900E+04  -0.999900E+04  -0.999900E+04  -0.999900E+04   0.110718E+00   0.767109E-01   0.558852E-01   0.410759E-01  -0.999900E+04  -0.999900E+04  -0.999900E+04  -0.999900E+04  -0.999900E+04  -0.999900E+04  -0.999900E+04  -0.999900E+04
   0.160400E+01   0.160400E+01  -0.999900E+04  -0.999900E+04  -0.999900E+04  -0.999900E+04  -0.999900E+04  -0.999900E+04  -0.999900E+04  -0.999900E+04   0.110618E+00   0.766030E-01   0.557815E-01   0.409745E-01  -0.999900E+04  -0.999900E+04  -0.999900E+04  -0.999900E+04  -0.999900E+04  -0.999900E+04  -0.999900E+04  -0.999900E+04
   0.165000E+01   0.165000E+01   0.111046E+00   0.766031E-01   0.560822E-01   0.422574E-01   0.111046E+00   0.766031E-01   0.560822E-01   0.422574E-01   0.110573E+00   0.765534E-01   0.557338E-01   0.409279E-01   0.473337E-03   0.497082E-04   0.348364E-03   0.132944E-02   0.513764E+00   0.896785E-01   0.759202E+00   0.107960E+01
   0.170400E+01   0.170400E+01  -0.999900E+04  -0.999900E+04  -0.999900E+04  -0.999900E+04  -0.999900E+04  -0.999900E+04  -0.999900E+04  -0.999900E+04   0.110519E+00   0.764951E-01   0.556778E-01   0.408732E-01  -0.999900E+04  -0.999900E+04  -0.999900E+04  -0.999900E+04  -0.999900E+04  -0.999900E+04  -0.999900E+04  -0.999900E+04
   0.180400E+01   0.180400E+01  -0.999900E+04  -0.999900E+04  -0.999900E+04  -0.999900E+04  -0.999900E+04  -0.999900E+04  -0.999900E+04  -0.999900E+04   0.110419E+00   0.763872E-01   0.555742E-01   0.407720E-01  -0.999900E+04  -0.999900E+04  -0.999900E+04  -0.999900E+04  -0.999900E+04  -0.999900E+04  -0.999900E+04  -0.999900E+04
   0.190400E+01   0.190400E+01  -0.999900E+04  -0.999900E+04  -0.999900E+04  -0.999900E+04  -0.999900E+04  -0.999900E+04  -0.999900E+04  -0.999900E+04   0.110320E+00   0.762793E-01   0.554705E-01   0.406708E-01  -0.999900E+04  -0.999900E+04  -0.999900E+04  -0.999900E+04  -0.999900E+04  -0.999900E+04  -0.999900E+04  -0.999900E+04
   0.200400E+01   0.200400E+01  -0.999900E+04  -0.999900E+04  -0.999900E+04  -0.999900E+04  -0.999900E+04  -0.999900E+04  -0.999900E+04  -0.999900E+04   0.110220E+00   0.761713E-01   0.553668E-01   0.405697E-01  -0.999900E+04  -0.999900E+04  -0.999900E+04  -0.999900E+04  -0.999900E+04  -0.999900E+04  -0.999900E+04  -0.999900E+04
   0.210400E+01   0.210400E+01  -0.999900E+04  -0.999900E+04  -0.999900E+04  -0.999900E+04  -0.999900E+04  -0.999900E+04  -0.999900E+04  -0.999900E+04   0.110121E+00   0.760632E-01   0.552631E-01   0.404686E-01  -0.999900E+04  -0.999900E+04  -0.999900E+04  -0.999900E+04  -0.999900E+04  -0.999900E+04  -0.999900E+04  -0.999900E+04
   0.220400E+01   0.220400E+01  -0.999900E+04  -0.999900E+04  -0.999900E+04  -0.999900E+04  -0.999900E+04  -0.999900E+04  -0.999900E+04  -0.999900E+04   0.110021E+00   0.759552E-01   0.551595E-01   0.403676E-01  -0.999900E+04  -0.999900E+04  -0.999900E+04  -0.999900E+04  -0.999900E+04  -0.999900E+04  -0.999900E+04  -0.999900E+04
   0.230400E+01   0.230400E+01  -0.999900E+04  -0.999900E+04  -0.999900E+04  -0.999900E+04  -0.999900E+04  -0.999900E+04  -0.999900E+04  -0.999900E+04   0.109922E+00   0.758471E-01   0.550558E-01   0.402666E-01  -0.999900E+04  -0.999900E+04  -0.999900E+04  -0.999900E+04  -0.999900E+04  -0.999900E+04  -0.999900E+04  -0.999900E+04
   0.240400E+01   0.240400E+01  -0.999900E+04  -0.999900E+04  -0.999900E+04  -0.999900E+04  -0.999900E+04  -0.999900E+04  -0.999900E+04  -0.999900E+04   0.109823E+00   0.757389E-01   0.549522E-01   0.401657E-01  -0.999900E+04  -0.999900E+04  -0.999900E+04  -0.999900E+04  -0.999900E+04  -0.999900E+04  -0.999900E+04  -0.999900E+04
   0.250400E+01   0.250400E+01  -0.999900E+04  -0.999900E+04  -0.999900E+04  -0.999900E+04  -0.999900E+04  -0.999900E+04  -0.999900E+04  -0.999900E+04   0.109723E+00   0.756307E-01   0.548485E-01   0.400649E-01  -0.999900E+04  -0.999900E+04  -0.999900E+04  -0.999900E+04  -0.999900E+04  -0.999900E+04  -0.999900E+04  -0.999900E+04
   0.260400E+01   0.260400E+01  -0.999900E+04  -0.999900E+04  -0.999900E+04  -0.999900E+04  -0.999900E+04  -0.999900E+04  -0.999900E+04  -0.999900E+04   0.109624E+00   0.755225E-01   0.547449E-01   0.399641E-01  -0.999900E+04  -0.999900E+04  -0.999900E+04  -0.999900E+04  -0.999900E+04  -0.999900E+04  -0.999900E+04  -0.999900E+04
   0.270400E+01   0.270400E+01  -0.999900E+04  -0.999900E+04  -0.999900E+04  -0.999900E+04  -0.999900E+04  -0.999900E+04  -0.999900E+04  -0.999900E+04   0.109525E+00   0.754142E-01   0.546413E-01   0.398633E-01  -0.999900E+04  -0.999900E+04  -0.999900E+04  -0.999900E+04  -0.999900E+04  -0.999900E+04  -0.999900E+04  -0.999900E+04
   0.280400E+01   0.280400E+01  -0.999900E+04  -0.999900E+04  -0.999900E+04  -0.999900E+04  -0.999900E+04  -0.999900E+04  -0.999900E+04  -0.999900E+04   0.109426E+00   0.753059E-01   0.545376E-01   0.397627E-01  -0.999900E+04  -0.999900E+04  -0.999900E+04  -0.999900E+04  -0.999900E+04  -0.999900E+04  -0.999900E+04  -0.999900E+04
   0.290400E+01   0.290400E+01  -0.999900E+04  -0.999900E+04  -0.999900E+04  -0.999900E+04  -0.999900E+04  -0.999900E+04  -0.999900E+04  -0.999900E+04   0.109326E+00   0.751976E-01   0.544340E-01   0.396621E-01  -0.999900E+04  -0.999900E+04  -0.999900E+04  -0.999900E+04  -0.999900E+04  -0.999900E+04  -0.999900E+04  -0.999900E+04
   0.300400E+01   0.300400E+01  -0.999900E+04  -0.999900E+04  -0.999900E+04  -0.999900E+04  -0.999900E+04  -0.999900E+04  -0.999900E+04  -0.999900E+04   0.109227E+00   0.750892E-01   0.543304E-01   0.395615E-01  -0.999900E+04  -0.999900E+04  -0.999900E+04  -0.999900E+04  -0.999900E+04  -0.999900E+04  -0.999900E+04  -0.999900E+04
   0.310400E+01   0.310400E+01  -0.999900E+04  -0.999900E+04  -0.999900E+04  -0.999900E+04  -0.999900E+04  -0.999900E+04  -0.999900E+04  -0.999900E+04   0.109128E+00   0.749807E-01   0.542268E-01   0.394611E-01  -0.999900E+04  -0.999900E+04  -0.999900E+04  -0.999900E+04  -0.999900E+04  -0.999900E+04  -0.999900E+04  -0.999900E+04
   0.320400E+01   0.320400E+01  -0.999900E+04  -0.999900E+04  -0.999900E+04  -0.999900E+04  -0.999900E+04  -0.999900E+04  -0.999900E+04  -0.999900E+04   0.109029E+00   0.748722E-01   0.541232E-01   0.393606E-01  -0.999900E+04  -0.999900E+04  -0.999900E+04  -0.999900E+04  -0.999900E+04  -0.999900E+04  -0.999900E+04  -0.999900E+04
   0.330400E+01   0.330400E+01  -0.999900E+04  -0.999900E+04  -0.999900E+04  -0.999900E+04  -0.999900E+04  -0.999900E+04  -0.999900E+04  -0.999900E+04   0.108930E+00   0.747637E-01   0.540195E-01   0.392603E-01  -0.999900E+04  -0.999900E+04  -0.999900E+04  -0.999900E+04  -0.999900E+04  -0.999900E+04  -0.999900E+04  -0.999900E+04
   0.340400E+01   0.340400E+01  -0.999900E+04  -0.999900E+04  -0.999900E+04  -0.999900E+04  -0.999900E+04  -0.999900E+04  -0.999900E+04  -0.999900E+04   0.108831E+00   0.746552E-01   0.539159E-01   0.391600E-01  -0.999900E+04  -0.999900E+04  -0.999900E+04  -0.999900E+04  -0.999900E+04  -0.999900E+04  -0.999900E+04  -0.999900E+04
   0.350400E+01   0.350400E+01  -0.999900E+04  -0.999900E+04  -0.999900E+04  -0.999900E+04  -0.999900E+04  -0.999900E+04  -0.999900E+04  -0.999900E+04   0.108732E+00   0.745465E-01   0.538124E-01   0.390598E-01  -0.999900E+04  -0.999900E+04  -0.999900E+04  -0.999900E+04  -0.999900E+04  -0.999900E+04  -0.999900E+04  -0.999900E+04
   0.360400E+01   0.360400E+01  -0.999900E+04  -0.999900E+04  -0.999900E+04  -0.999900E+04  -0.999900E+04  -0.999900E+04  -0.999900E+04  -0.999900E+04   0.108633E+00   0.744379E-01   0.537088E-01   0.389597E-01  -0.999900E+04  -0.999900E+04  -0.999900E+04  -0.999900E+04  -0.999900E+04  -0.999900E+04  -0.999900E+04  -0.999900E+04
   0.365000E+01   0.365000E+01   0.108083E+00   0.738700E-01   0.539269E-01   0.402545E-01   0.108083E+00   0.738700E-01   0.539269E-01   0.402545E-01   0.108587E+00   0.743879E-01   0.536611E-01   0.389137E-01  -0.503640E-03  -0.517845E-03   0.265743E-03   0.134089E-02  -0.546655E+00  -0.934244E+00   0.579142E+00   0.108890E+01
   0.370400E+01   0.370400E+01  -0.999900E+04  -0.999900E+04  -0.999900E+04  -0.999900E+04  -0.999900E+04  -0.999900E+04  -0.999900E+04  -0.999900E+04   0.108534E+00   0.743292E-01   0.536052E-01   0.388596E-01  -0.999900E+04  -0.999900E+04  -0.999900E+04  -0.999900E+04  -0.999900E+04  -0.999900E+04  -0.999900E+04  -0.999900E+04
   0.380400E+01   0.380400E+01  -0.999900E+04  -0.999900E+04  -0.999900E+04  -0.999900E+04  -0.999900E+04  -0.999900E+04  -0.999900E+04  -0.999900E+04   0.108435E+00   0.742204E-01   0.535016E-01   0.387596E-01  -0.999900E+04  -0.999900E+04  -0.999900E+04  -0.999900E+04  -0.999900E+04  -0.999900E+04  -0.999900E+04  -0.999900E+04
   0.390400E+01   0.390400E+01  -0.999900E+04  -0.999900E+04  -0.999900E+04  -0.999900E+04  -0.999900E+04  -0.999900E+04  -0.999900E+04  -0.999900E+04   0.108336E+00   0.741116E-01   0.533980E-01   0.386597E-01  -0.999900E+04  -0.999900E+04  -0.999900E+04  -0.999900E+04  -0.999900E+04  -0.999900E+04  -0.999900E+04  -0.999900E+04
   0.400400E+01   0.400400E+01  -0.999900E+04  -0.999900E+04  -0.999900E+04  -0.999900E+04  -0.999900E+04  -0.999900E+04  -0.999900E+04  -0.999900E+04   0.108237E+00   0.740028E-01   0.532945E-01   0.385599E-01  -0.999900E+04  -0.999900E+04  -0.999900E+04  -0.999900E+04  -0.999900E+04  -0.999900E+04  -0.999900E+04  -0.999900E+04
   0.410400E+01   0.410400E+01  -0.999900E+04  -0.999900E+04  -0.999900E+04  -0.999900E+04  -0.999900E+04  -0.999900E+04  -0.999900E+04  -0.999900E+04   0.108138E+00   0.738939E-01   0.531909E-01   0.384601E-01  -0.999900E+04  -0.999900E+04  -0.999900E+04  -0.999900E+04  -0.999900E+04  -0.999900E+04  -0.999900E+04  -0.999900E+04
   0.420400E+01   0.420400E+01  -0.999900E+04  -0.999900E+04  -0.999900E+04  -0.999900E+04  -0.999900E+04  -0.999900E+04  -0.999900E+04  -0.999900E+04   0.108039E+00   0.737849E-01   0.530873E-01   0.383604E-01  -0.999900E+04  -0.999900E+04  -0.999900E+04  -0.999900E+04  -0.999900E+04  -0.999900E+04  -0.999900E+04  -0.999900E+04
   0.430400E+01   0.430400E+01  -0.999900E+04  -0.999900E+04  -0.999900E+04  -0.999900E+04  -0.999900E+04  -0.999900E+04  -0.999900E+04  -0.999900E+04   0.107940E+00   0.736760E-01   0.529838E-01   0.382608E-01  -0.999900E+04  -0.999900E+04  -0.999900E+04  -0.999900E+04  -0.999900E+04  -0.999900E+04  -0.999900E+04  -0.999900E+04
   0.440400E+01   0.440400E+01  -0.999900E+04  -0.999900E+04  -0.999900E+04  -0.999900E+04  -0.999900E+04  -0.999900E+04  -0.999900E+04  -0.999900E+04   0.107842E+00   0.735669E-01   0.528802E-01   0.381613E-01  -0.999900E+04  -0.999900E+04  -0.999900E+04  -0.999900E+04  -0.999900E+04  -0.999900E+04  -0.999900E+04  -0.999900E+04
   0.450400E+01   0.450400E+01  -0.999900E+04  -0.999900E+04  -0.999900E+04  -0.999900E+04  -0.999900E+04  -0.999900E+04  -0.999900E+04  -0.999900E+04   0.107743E+00   0.734578E-01   0.527767E-01   0.380619E-01  -0.999900E+04  -0.999900E+04  -0.999900E+04  -0.999900E+04  -0.999900E+04  -0.999900E+04  -0.999900E+04  -0.999900E+04
   0.460400E+01   0.460400E+01  -0.999900E+04  -0.999900E+04  -0.999900E+04  -0.999900E+04  -0.999900E+04  -0.999900E+04  -0.999900E+04  -0.999900E+04   0.107644E+00   0.733487E-01   0.526732E-01   0.379625E-01  -0.999900E+04  -0.999900E+04  -0.999900E+04  -0.999900E+04  -0.999900E+04  -0.999900E+04  -0.999900E+04  -0.999900E+04
   0.470400E+01   0.470400E+01  -0.999900E+04  -0.999900E+04  -0.999900E+04  -0.999900E+04  -0.999900E+04  -0.999900E+04  -0.999900E+04  -0.999900E+04   0.107545E+00   0.732395E-01   0.525696E-01   0.378633E-01  -0.999900E+04  -0.999900E+04  -0.999900E+04  -0.999900E+04  -0.999900E+04  -0.999900E+04  -0.999900E+04  -0.999900E+04
   0.480400E+01   0.480400E+01  -0.999900E+04  -0.999900E+04  -0.999900E+04  -0.999900E+04  -0.999900E+04  -0.999900E+04  -0.999900E+04  -0.999900E+04   0.107447E+00   0.731303E-01   0.524661E-01   0.377641E-01  -0.999900E+04  -0.999900E+04  -0.999900E+04  -0.999900E+04  -0.999900E+04  -0.999900E+04  -0.999900E+04  -0.999900E+04
   0.490400E+01   0.490400E+01  -0.999900E+04  -0.999900E+04  -0.999900E+04  -0.999900E+04  -0.999900E+04  -0.999900E+04  -0.999900E+04  -0.999900E+04   0.107348E+00   0.730210E-01   0.523626E-01   0.376650E-01  -0.999900E+04  -0.999900E+04  -0.999900E+04  -0.999900E+04  -0.999900E+04  -0.999900E+04  -0.999900E+04  -0.999900E+04
   0.500400E+01   0.500400E+01  -0.999900E+04  -0.999900E+04  -0.999900E+04  -0.999900E+04  -0.999900E+04  -0.999900E+04  -0.999900E+04  -0.999900E+04   0.107249E+00   0.729116E-01   0.522591E-01   0.375660E-01  -0.999900E+04  -0.999900E+04  -0.999900E+04  -0.999900E+04  -0.999900E+04  -0.999900E+04  -0.999900E+04  -0.999900E+04
   0.510400E+01   0.510400E+01  -0.999900E+04  -0.999900E+04  -0.999900E+04  -0.999900E+04  -0.999900E+04  -0.999900E+04  -0.999900E+04  -0.999900E+04   0.107151E+00   0.728022E-01   0.521556E-01   0.374671E-01  -0.999900E+04  -0.999900E+04  -0.999900E+04  -0.999900E+04  -0.999900E+04  -0.999900E+04  -0.999900E+04  -0.999900E+04
   0.520400E+01   0.520400E+01  -0.999900E+04  -0.999900E+04  -0.999900E+04  -0.999900E+04  -0.999900E+04  -0.999900E+04  -0.999900E+04  -0.999900E+04   0.107052E+00   0.726928E-01   0.520521E-01   0.373683E-01  -0.999900E+04  -0.999900E+04  -0.999900E+04  -0.999900E+04  -0.999900E+04  -0.999900E+04  -0.999900E+04  -0.999900E+04
   0.530400E+01   0.530400E+01  -0.999900E+04  -0.999900E+04  -0.999900E+04  -0.999900E+04  -0.999900E+04  -0.999900E+04  -0.999900E+04  -0.999900E+04   0.106954E+00   0.725833E-01   0.519486E-01   0.372695E-01  -0.999900E+04  -0.999900E+04  -0.999900E+04  -0.999900E+04  -0.999900E+04  -0.999900E+04  -0.999900E+04  -0.999900E+04
   0.540400E+01   0.540400E+01  -0.999900E+04  -0.999900E+04  -0.999900E+04  -0.999900E+04  -0.999900E+04  -0.999900E+04  -0.999900E+04  -0.999900E+04   0.106855E+00   0.724737E-01   0.518451E-01   0.371709E-01  -0.999900E+04  -0.999900E+04  -0.999900E+04  -0.999900E+04  -0.999900E+04  -0.999900E+04  -0.999900E+04  -0.999900E+04
   0.550400E+01   0.550400E+01  -0.999900E+04  -0.999900E+04  -0.999900E+04  -0.999900E+04  -0.999900E+04  -0.999900E+04  -0.999900E+04  -0.999900E+04   0.106757E+00   0.723641E-01   0.517416E-01   0.370724E-01  -0.999900E+04  -0.999900E+04  -0.999900E+04  -0.999900E+04  -0.999900E+04  -0.999900E+04  -0.999900E+04  -0.999900E+04
   0.560400E+01   0.560400E+01  -0.999900E+04  -0.999900E+04  -0.999900E+04  -0.999900E+04  -0.999900E+04  -0.999900E+04  -0.999900E+04  -0.999900E+04   0.106659E+00   0.722545E-01   0.516382E-01   0.369739E-01  -0.999900E+04  -0.999900E+04  -0.999900E+04  -0.999900E+04  -0.999900E+04  -0.999900E+04  -0.999900E+04  -0.999900E+04
   0.565000E+01   0.565000E+01   0.106061E+00   0.716777E-01   0.515902E-01   0.379333E-01   0.106061E+00   0.716777E-01   0.515902E-01   0.379333E-01   0.106613E+00   0.722040E-01   0.515906E-01   0.369287E-01  -0.552164E-03  -0.526321E-03  -0.342953E-06   0.100458E-02  -0.599323E+00  -0.949534E+00  -0.747409E-03   0.815790E+00
   0.570400E+01   0.570400E+01  -0.999900E+04  -0.999900E+04  -0.999900E+04  -0.999900E+04  -0.999900E+04  -0.999900E+04  -0.999900E+04  -0.999900E+04   0.106560E+00   0.721447E-01   0.515347E-01   0.368756E-01  -0.999900E+04  -0.999900E+04  -0.999900E+04  -0.999900E+04  -0.999900E+04  -0.999900E+04  -0.999900E+04  -0.999900E+04
   0.580400E+01   0.580400E+01  -0.999900E+04  -0.999900E+04  -0.999900E+04  -0.999900E+04  -0.999900E+04  -0.999900E+04  -0.999900E+04  -0.999900E+04   0.106462E+00   0.720350E-01   0.514312E-01   0.367774E-01  -0.999900E+04  -0.999900E+04  -0.999900E+04  -0.999900E+04  -0.999900E+04  -0.999900E+04  -0.999900E+04  -0.999900E+04
   0.590400E+01   0.590400E+01  -0.999900E+04  -0.999900E+04  -0.999900E+04  -0.999900E+04  -0.999900E+04  -0.999900E+04  -0.999900E+04  -0.999900E+04   0.106363E+00   0.719251E-01   0.513278E-01   0.366793E-01  -0.999900E+04  -0.999900E+04  -0.999900E+04  -0.999900E+04  -0.999900E+04  -0.999900E+04  -0.999900E+04  -0.999900E+04
   0.600400E+01   0.600400E+01  -0.999900E+04  -0.999900E+04  -0.999900E+04  -0.999900E+04  -0.999900E+04  -0.999900E+04  -0.999900E+04  -0.999900E+04   0.106265E+00   0.718152E-01   0.512244E-01   0.365813E-01  -0.999900E+04  -0.999900E+04  -0.999900E+04  -0.999900E+04  -0.999900E+04  -0.999900E+04  -0.999900E+04  -0.999900E+04
   0.610400E+01   0.610400E+01  -0.999900E+04  -0.999900E+04  -0.999900E+04  -0.999900E+04  -0.999900E+04  -0.999900E+04  -0.999900E+04  -0.999900E+04   0.106167E+00   0.717053E-01   0.511209E-01   0.364834E-01  -0.999900E+04  -0.999900E+04  -0.999900E+04  -0.999900E+04  -0.999900E+04  -0.999900E+04  -0.999900E+04  -0.999900E+04
   0.620400E+01   0.620400E+01  -0.999900E+04  -0.999900E+04  -0.999900E+04  -0.999900E+04  -0.999900E+04  -0.999900E+04  -0.999900E+04  -0.999900E+04   0.106069E+00   0.715953E-01   0.510175E-01   0.363856E-01  -0.999900E+04  -0.999900E+04  -0.999900E+04  -0.999900E+04  -0.999900E+04  -0.999900E+04  -0.999900E+04  -0.999900E+04
   0.630400E+01   0.630400E+01  -0.999900E+04  -0.999900E+04  -0.999900E+04  -0.999900E+04  -0.999900E+04  -0.999900E+04  -0.999900E+04  -0.999900E+04   0.105970E+00   0.714852E-01   0.509141E-01   0.362879E-01  -0.999900E+04  -0.999900E+04  -0.999900E+04  -0.999900E+04  -0.999900E+04  -0.999900E+04  -0.999900E+04  -0.999900E+04
   0.640400E+01   0.640400E+01  -0.999900E+04  -0.999900E+04  -0.999900E+04  -0.999900E+04  -0.999900E+04  -0.999900E+04  -0.999900E+04  -0.999900E+04   0.105872E+00   0.713751E-01   0.508107E-01   0.361903E-01  -0.999900E+04  -0.999900E+04  -0.999900E+04  -0.999900E+04  -0.999900E+04  -0.999900E+04  -0.999900E+04  -0.999900E+04
   0.650400E+01   0.650400E+01  -0.999900E+04  -0.999900E+04  -0.999900E+04  -0.999900E+04  -0.999900E+04  -0.999900E+04  -0.999900E+04  -0.999900E+04   0.105774E+00   0.712649E-01   0.507073E-01   0.360929E-01  -0.999900E+04  -0.999900E+04  -0.999900E+04  -0.999900E+04  -0.999900E+04  -0.999900E+04  -0.999900E+04  -0.999900E+04
   0.660400E+01   0.660400E+01  -0.999900E+04  -0.999900E+04  -0.999900E+04  -0.999900E+04  -0.999900E+04  -0.999900E+04  -0.999900E+04  -0.999900E+04   0.105676E+00   0.711546E-01   0.506039E-01   0.359955E-01  -0.999900E+04  -0.999900E+04  -0.999900E+04  -0.999900E+04  -0.999900E+04  -0.999900E+04  -0.999900E+04  -0.999900E+04
   0.670400E+01   0.670400E+01  -0.999900E+04  -0.999900E+04  -0.999900E+04  -0.999900E+04  -0.999900E+04  -0.999900E+04  -0.999900E+04  -0.999900E+04   0.105578E+00   0.710443E-01   0.505005E-01   0.358983E-01  -0.999900E+04  -0.999900E+04  -0.999900E+04  -0.999900E+04  -0.999900E+04  -0.999900E+04  -0.999900E+04  -0.999900E+04
   0.680400E+01   0.680400E+01  -0.999900E+04  -0.999900E+04  -0.999900E+04  -0.999900E+04  -0.999900E+04  -0.999900E+04  -0.999900E+04  -0.999900E+04   0.105480E+00   0.709339E-01   0.503971E-01   0.358012E-01  -0.999900E+04  -0.999900E+04  -0.999900E+04  -0.999900E+04  -0.999900E+04  -0.999900E+04  -0.999900E+04  -0.999900E+04
   0.690400E+01   0.690400E+01  -0.999900E+04  -0.999900E+04  -0.999900E+04  -0.999900E+04  -0.999900E+04  -0.999900E+04  -0.999900E+04  -0.999900E+04   0.105382E+00   0.708235E-01   0.502937E-01   0.357042E-01  -0.999900E+04  -0.999900E+04  -0.999900E+04  -0.999900E+04  -0.999900E+04  -0.999900E+04  -0.999900E+04  -0.999900E+04
   0.700400E+01   0.700400E+01  -0.999900E+04  -0.999900E+04  -0.999900E+04  -0.999900E+04  -0.999900E+04  -0.999900E+04  -0.999900E+04  -0.999900E+04   0.105284E+00   0.707129E-01   0.501904E-01   0.356074E-01  -0.999900E+04  -0.999900E+04  -0.999900E+04  -0.999900E+04  -0.999900E+04  -0.999900E+04  -0.999900E+04  -0.999900E+04
   0.710400E+01   0.710400E+01  -0.999900E+04  -0.999900E+04  -0.999900E+04  -0.999900E+04  -0.999900E+04  -0.999900E+04  -0.999900E+04  -0.999900E+04   0.105186E+00   0.706024E-01   0.500870E-01   0.355107E-01  -0.999900E+04  -0.999900E+04  -0.999900E+04  -0.999900E+04  -0.999900E+04  -0.999900E+04  -0.999900E+04  -0.999900E+04
   0.720400E+01   0.720400E+01  -0.999900E+04  -0.999900E+04  -0.999900E+04  -0.999900E+04  -0.999900E+04  -0.999900E+04  -0.999900E+04  -0.999900E+04   0.105088E+00   0.704917E-01   0.499837E-01   0.354141E-01  -0.999900E+04  -0.999900E+04  -0.999900E+04  -0.999900E+04  -0.999900E+04  -0.999900E+04  -0.999900E+04  -0.999900E+04
   0.730400E+01   0.730400E+01  -0.999900E+04  -0.999900E+04  -0.999900E+04  -0.999900E+04  -0.999900E+04  -0.999900E+04  -0.999900E+04  -0.999900E+04   0.104991E+00   0.703810E-01   0.498803E-01   0.353176E-01  -0.999900E+04  -0.999900E+04  -0.999900E+04  -0.999900E+04  -0.999900E+04  -0.999900E+04  -0.999900E+04  -0.999900E+04
   0.740400E+01   0.740400E+01  -0.999900E+04  -0.999900E+04  -0.999900E+04  -0.999900E+04  -0.999900E+04  -0.999900E+04  -0.999900E+04  -0.999900E+04   0.104893E+00   0.702703E-01   0.497770E-01   0.352213E-01  -0.999900E+04  -0.999900E+04  -0.999900E+04  -0.999900E+04  -0.999900E+04  -0.999900E+04  -0.999900E+04  -0.999900E+04
   0.750400E+01   0.750400E+01  -0.999900E+04  -0.999900E+04  -0.999900E+04  -0.999900E+04  -0.999900E+04  -0.999900E+04  -0.999900E+04  -0.999900E+04   0.104795E+00   0.701594E-01   0.496737E-01   0.351251E-01  -0.999900E+04  -0.999900E+04  -0.999900E+04  -0.999900E+04  -0.999900E+04  -0.999900E+04  -0.999900E+04  -0.999900E+04
   0.760400E+01   0.760400E+01  -0.999900E+04  -0.999900E+04  -0.999900E+04  -0.999900E+04  -0.999900E+04  -0.999900E+04  -0.999900E+04  -0.999900E+04   0.104697E+00   0.700485E-01   0.495704E-01   0.350290E-01  -0.999900E+04  -0.999900E+04  -0.999900E+04  -0.999900E+04  -0.999900E+04  -0.999900E+04  -0.999900E+04  -0.999900E+04
   0.765000E+01   0.765000E+01   0.104516E+00   0.698072E-01   0.499854E-01   0.363895E-01   0.104516E+00   0.698072E-01   0.499854E-01   0.363895E-01   0.104652E+00   0.699975E-01   0.495228E-01   0.349849E-01  -0.136375E-03  -0.190265E-03   0.462537E-03   0.140455E-02  -0.148022E+00  -0.343256E+00   0.100802E+01   0.114059E+01
   0.770400E+01   0.770400E+01  -0.999900E+04  -0.999900E+04  -0.999900E+04  -0.999900E+04  -0.999900E+04  -0.999900E+04  -0.999900E+04  -0.999900E+04   0.104600E+00   0.699375E-01   0.494670E-01   0.349331E-01  -0.999900E+04  -0.999900E+04  -0.999900E+04  -0.999900E+04  -0.999900E+04  -0.999900E+04  -0.999900E+04  -0.999900E+04
   0.780400E+01   0.780400E+01  -0.999900E+04  -0.999900E+04  -0.999900E+04  -0.999900E+04  -0.999900E+04  -0.999900E+04  -0.999900E+04  -0.999900E+04   0.104502E+00   0.698265E-01   0.493638E-01   0.348374E-01  -0.999900E+04  -0.999900E+04  -0.999900E+04  -0.999900E+04  -0.999900E+04  -0.999900E+04  -0.999900E+04  -0.999900E+04
   0.790400E+01   0.790400E+01  -0.999900E+04  -0.999900E+04  -0.999900E+04  -0.999900E+04  -0.999900E+04  -0.999900E+04  -0.999900E+04  -0.999900E+04   0.104404E+00   0.697153E-01   0.492605E-01   0.347417E-01  -0.999900E+04  -0.999900E+04  -0.999900E+04  -0.999900E+04  -0.999900E+04  -0.999900E+04  -0.999900E+04  -0.999900E+04
   0.800400E+01   0.800400E+01  -0.999900E+04  -0.999900E+04  -0.999900E+04  -0.999900E+04  -0.999900E+04  -0.999900E+04  -0.999900E+04  -0.999900E+04   0.104307E+00   0.696042E-01   0.491572E-01   0.346462E-01  -0.999900E+04  -0.999900E+04  -0.999900E+04  -0.999900E+04  -0.999900E+04  -0.999900E+04  -0.999900E+04  -0.999900E+04
   0.810400E+01   0.810400E+01  -0.999900E+04  -0.999900E+04  -0.999900E+04  -0.999900E+04  -0.999900E+04  -0.999900E+04  -0.999900E+04  -0.999900E+04   0.104209E+00   0.694929E-01   0.490539E-01   0.345509E-01  -0.999900E+04  -0.999900E+04  -0.999900E+04  -0.999900E+04  -0.999900E+04  -0.999900E+04  -0.999900E+04  -0.999900E+04
   0.820400E+01   0.820400E+01  -0.999900E+04  -0.999900E+04  -0.999900E+04  -0.999900E+04  -0.999900E+04  -0.999900E+04  -0.999900E+04  -0.999900E+04   0.104112E+00   0.693815E-01   0.489507E-01   0.344557E-01  -0.999900E+04  -0.999900E+04  -0.999900E+04  -0.999900E+04  -0.999900E+04  -0.999900E+04  -0.999900E+04  -0.999900E+04
   0.830400E+01   0.830400E+01  -0.999900E+04  -0.999900E+04  -0.999900E+04  -0.999900E+04  -0.999900E+04  -0.999900E+04  -0.999900E+04  -0.999900E+04   0.104014E+00   0.692701E-01   0.488474E-01   0.343607E-01  -0.999900E+04  -0.999900E+04  -0.999900E+04  -0.999900E+04  -0.999900E+04  -0.999900E+04  -0.999900E+04  -0.999900E+04
   0.840400E+01   0.840400E+01  -0.999900E+04  -0.999900E+04  -0.999900E+04  -0.999900E+04  -0.999900E+04  -0.999900E+04  -0.999900E+04  -0.999900E+04   0.103917E+00   0.691586E-01   0.487442E-01   0.342658E-01  -0.999900E+04  -0.999900E+04  -0.999900E+04  -0.999900E+04  -0.999900E+04  -0.999900E+04  -0.999900E+04  -0.999900E+04
   0.850400E+01   0.850400E+01  -0.999900E+04  -0.999900E+04  -0.999900E+04  -0.999900E+04  -0.999900E+04  -0.999900E+04  -0.999900E+04  -0.999900E+04   0.103819E+00   0.690471E-01   0.486410E-01   0.341711E-01  -0.999900E+04  -0.999900E+04  -0.999900E+04  -0.999900E+04  -0.999900E+04  -0.999900E+04  -0.999900E+04  -0.999900E+04
   0.860400E+01   0.860400E+01  -0.999900E+04  -0.999900E+04  -0.999900E+04  -0.999900E+04  -0.999900E+04  -0.999900E+04  -0.999900E+04  -0.999900E+04   0.103722E+00   0.689354E-01   0.485377E-01   0.340765E-01  -0.999900E+04  -0.999900E+04  -0.999900E+04  -0.999900E+04  -0.999900E+04  -0.999900E+04  -0.999900E+04  -0.999900E+04
   0.870400E+01   0.870400E+01  -0.999900E+04  -0.999900E+04  -0.999900E+04  -0.999900E+04  -0.999900E+04  -0.999900E+04  -0.999900E+04  -0.999900E+04   0.103625E+00   0.688237E-01   0.484345E-01   0.339821E-01  -0.999900E+04  -0.999900E+04  -0.999900E+04  -0.999900E+04  -0.999900E+04  -0.999900E+04  -0.999900E+04  -0.999900E+04
   0.880400E+01   0.880400E+01  -0.999900E+04  -0.999900E+04  -0.999900E+04  -0.999900E+04  -0.999900E+04  -0.999900E+04  -0.999900E+04  -0.999900E+04   0.103527E+00   0.687119E-01   0.483313E-01   0.338879E-01  -0.999900E+04  -0.999900E+04  -0.999900E+04  -0.999900E+04  -0.999900E+04  -0.999900E+04  -0.999900E+04  -0.999900E+04
   0.890400E+01   0.890400E+01  -0.999900E+04  -0.999900E+04  -0.999900E+04  -0.999900E+04  -0.999900E+04  -0.999900E+04  -0.999900E+04  -0.999900E+04   0.103430E+00   0.686000E-01   0.482281E-01   0.337938E-01  -0.999900E+04  -0.999900E+04  -0.999900E+04  -0.999900E+04  -0.999900E+04  -0.999900E+04  -0.999900E+04  -0.999900E+04
   0.900400E+01   0.900400E+01  -0.999900E+04  -0.999900E+04  -0.999900E+04  -0.999900E+04  -0.999900E+04  -0.999900E+04  -0.999900E+04  -0.999900E+04   0.103333E+00   0.684881E-01   0.481250E-01   0.336999E-01  -0.999900E+04  -0.999900E+04  -0.999900E+04  -0.999900E+04  -0.999900E+04  -0.999900E+04  -0.999900E+04  -0.999900E+04
   0.910400E+01   0.910400E+01  -0.999900E+04  -0.999900E+04  -0.999900E+04  -0.999900E+04  -0.999900E+04  -0.999900E+04  -0.999900E+04  -0.999900E+04   0.103236E+00   0.683760E-01   0.480218E-01   0.336062E-01  -0.999900E+04  -0.999900E+04  -0.999900E+04  -0.999900E+04  -0.999900E+04  -0.999900E+04  -0.999900E+04  -0.999900E+04
   0.920400E+01   0.920400E+01  -0.999900E+04  -0.999900E+04  -0.999900E+04  -0.999900E+04  -0.999900E+04  -0.999900E+04  -0.999900E+04  -0.999900E+04   0.103139E+00   0.682639E-01   0.479187E-01   0.335126E-01  -0.999900E+04  -0.999900E+04  -0.999900E+04  -0.999900E+04  -0.999900E+04  -0.999900E+04  -0.999900E+04  -0.999900E+04
   0.930400E+01   0.930400E+01  -0.999900E+04  -0.999900E+04  -0.999900E+04  -0.999900E+04  -0.999900E+04  -0.999900E+04  -0.999900E+04  -0.999900E+04   0.103042E+00   0.681517E-01   0.478155E-01   0.334192E-01  -0.999900E+04  -0.999900E+04  -0.999900E+04  -0.999900E+04  -0.999900E+04  -0.999900E+04  -0.999900E+04  -0.999900E+04
   0.940400E+01   0.940400E+01  -0.999900E+04  -0.999900E+04  -0.999900E+04  -0.999900E+04  -0.999900E+04  -0.999900E+04  -0.999900E+04  -0.999900E+04   0.102944E+00   0.680394E-01   0.477124E-01   0.333261E-01  -0.999900E+04  -0.999900E+04  -0.999900E+04  -0.999900E+04  -0.999900E+04  -0.999900E+04  -0.999900E+04  -0.999900E+04
   0.950400E+01   0.950400E+01  -0.999900E+04  -0.999900E+04  -0.999900E+04  -0.999900E+04  -0.999900E+04  -0.999900E+04  -0.999900E+04  -0.999900E+04   0.102847E+00   0.679270E-01   0.476093E-01   0.332330E-01  -0.999900E+04  -0.999900E+04  -0.999900E+04  -0.999900E+04  -0.999900E+04  -0.999900E+04  -0.999900E+04  -0.999900E+04
   0.960400E+01   0.960400E+01  -0.999900E+04  -0.999900E+04  -0.999900E+04  -0.999900E+04  -0.999900E+04  -0.999900E+04  -0.999900E+04  -0.999900E+04   0.102750E+00   0.678146E-01   0.475061E-01   0.331402E-01  -0.999900E+04  -0.999900E+04  -0.999900E+04  -0.999900E+04  -0.999900E+04  -0.999900E+04  -0.999900E+04  -0.999900E+04
   0.965000E+01   0.965000E+01   0.102142E+00   0.672428E-01   0.476209E-01   0.339301E-01   0.102142E+00   0.672428E-01   0.476209E-01   0.339301E-01   0.102706E+00   0.677628E-01   0.474587E-01   0.330976E-01  -0.563863E-03  -0.519975E-03   0.162156E-03   0.832529E-03  -0.612021E+00  -0.938086E+00   0.353393E+00   0.676070E+00
   0.970400E+01   0.970400E+01  -0.999900E+04  -0.999900E+04  -0.999900E+04  -0.999900E+04  -0.999900E+04  -0.999900E+04  -0.999900E+04  -0.999900E+04   0.102654E+00   0.677020E-01   0.474031E-01   0.330475E-01  -0.999900E+04  -0.999900E+04  -0.999900E+04  -0.999900E+04  -0.999900E+04  -0.999900E+04  -0.999900E+04  -0.999900E+04
   0.980400E+01   0.980400E+01  -0.999900E+04  -0.999900E+04  -0.999900E+04  -0.999900E+04  -0.999900E+04  -0.999900E+04  -0.999900E+04  -0.999900E+04   0.102557E+00   0.675894E-01   0.473000E-01   0.329551E-01  -0.999900E+04  -0.999900E+04  -0.999900E+04  -0.999900E+04  -0.999900E+04  -0.999900E+04  -0.999900E+04  -0.999900E+04
   0.990400E+01   0.990400E+01  -0.999900E+04  -0.999900E+04  -0.999900E+04  -0.999900E+04  -0.999900E+04  -0.999900E+04  -0.999900E+04  -0.999900E+04   0.102460E+00   0.674766E-01   0.471969E-01   0.328628E-01  -0.999900E+04  -0.999900E+04  -0.999900E+04  -0.999900E+04  -0.999900E+04  -0.999900E+04  -0.999900E+04  -0.999900E+04
   0.100040E+02   0.100040E+02  -0.999900E+04  -0.999900E+04  -0.999900E+04  -0.999900E+04  -0.999900E+04  -0.999900E+04  -0.999900E+04  -0.999900E+04   0.102363E+00   0.673638E-01   0.470938E-01   0.327707E-01  -0.999900E+04  -0.999900E+04  -0.999900E+04  -0.999900E+04  -0.999900E+04  -0.999900E+04  -0.999900E+04  -0.999900E+04
   0.101040E+02   0.101040E+02  -0.999900E+04  -0.999900E+04  -0.999900E+04  -0.999900E+04  -0.999900E+04  -0.999900E+04  -0.999900E+04  -0.999900E+04   0.102266E+00   0.672509E-01   0.469908E-01   0.326789E-01  -0.999900E+04  -0.999900E+04  -0.999900E+04  -0.999900E+04  -0.999900E+04  -0.999900E+04  -0.999900E+04  -0.999900E+04
   0.102040E+02   0.102040E+02  -0.999900E+04  -0.999900E+04  -0.999900E+04  -0.999900E+04  -0.999900E+04  -0.999900E+04  -0.999900E+04  -0.999900E+04   0.102169E+00   0.671379E-01   0.468877E-01   0.325872E-01  -0.999900E+04  -0.999900E+04  -0.999900E+04  -0.999900E+04  -0.999900E+04  -0.999900E+04  -0.999900E+04  -0.999900E+04
   0.103040E+02   0.103040E+02  -0.999900E+04  -0.999900E+04  -0.999900E+04  -0.999900E+04  -0.999900E+04  -0.999900E+04  -0.999900E+04  -0.999900E+04   0.102073E+00   0.670248E-01   0.467847E-01   0.324957E-01  -0.999900E+04  -0.999900E+04  -0.999900E+04  -0.999900E+04  -0.999900E+04  -0.999900E+04  -0.999900E+04  -0.999900E+04
   0.104040E+02   0.104040E+02  -0.999900E+04  -0.999900E+04  -0.999900E+04  -0.999900E+04  -0.999900E+04  -0.999900E+04  -0.999900E+04  -0.999900E+04   0.101976E+00   0.669116E-01   0.466817E-01   0.324044E-01  -0.999900E+04  -0.999900E+04  -0.999900E+04  -0.999900E+04  -0.999900E+04  -0.999900E+04  -0.999900E+04  -0.999900E+04
   0.105040E+02   0.105040E+02  -0.999900E+04  -0.999900E+04  -0.999900E+04  -0.999900E+04  -0.999900E+04  -0.999900E+04  -0.999900E+04  -0.999900E+04   0.101879E+00   0.667983E-01   0.465787E-01   0.323134E-01  -0.999900E+04  -0.999900E+04  -0.999900E+04  -0.999900E+04  -0.999900E+04  -0.999900E+04  -0.999900E+04  -0.999900E+04
   0.106040E+02   0.106040E+02  -0.999900E+04  -0.999900E+04  -0.999900E+04  -0.999900E+04  -0.999900E+04  -0.999900E+04  -0.999900E+04  -0.999900E+04   0.101783E+00   0.666850E-01   0.464757E-01   0.322225E-01  -0.999900E+04  -0.999900E+04  -0.999900E+04  -0.999900E+04  -0.999900E+04  -0.999900E+04  -0.999900E+04  -0.999900E+04
   0.107040E+02   0.107040E+02  -0.999900E+04  -0.999900E+04  -0.999900E+04  -0.999900E+04  -0.999900E+04  -0.999900E+04  -0.999900E+04  -0.999900E+04   0.101686E+00   0.665715E-01   0.463727E-01   0.321319E-01  -0.999900E+04  -0.999900E+04  -0.999900E+04  -0.999900E+04  -0.999900E+04  -0.999900E+04  -0.999900E+04  -0.999900E+04
   0.108040E+02   0.108040E+02  -0.999900E+04  -0.999900E+04  -0.999900E+04  -0.999900E+04  -0.999900E+04  -0.999900E+04  -0.999900E+04  -0.999900E+04   0.101590E+00   0.664579E-01   0.462698E-01   0.320414E-01  -0.999900E+04  -0.999900E+04  -0.999900E+04  -0.999900E+04  -0.999900E+04  -0.999900E+04  -0.999900E+04  -0.999900E+04
   0.109040E+02   0.109040E+02  -0.999900E+04  -0.999900E+04  -0.999900E+04  -0.999900E+04  -0.999900E+04  -0.999900E+04  -0.999900E+04  -0.999900E+04   0.101494E+00   0.663442E-01   0.461668E-01   0.319512E-01  -0.999900E+04  -0.999900E+04  -0.999900E+04  -0.999900E+04  -0.999900E+04  -0.999900E+04  -0.999900E+04  -0.999900E+04
   0.110040E+02   0.110040E+02  -0.999900E+04  -0.999900E+04  -0.999900E+04  -0.999900E+04  -0.999900E+04  -0.999900E+04  -0.999900E+04  -0.999900E+04   0.101397E+00   0.662304E-01   0.460639E-01   0.318612E-01  -0.999900E+04  -0.999900E+04  -0.999900E+04  -0.999900E+04  -0.999900E+04  -0.999900E+04  -0.999900E+04  -0.999900E+04
   0.111040E+02   0.111040E+02  -0.999900E+04  -0.999900E+04  -0.999900E+04  -0.999900E+04  -0.999900E+04  -0.999900E+04  -0.999900E+04  -0.999900E+04   0.101301E+00   0.661166E-01   0.459610E-01   0.317714E-01  -0.999900E+04  -0.999900E+04  -0.999900E+04  -0.999900E+04  -0.999900E+04  -0.999900E+04  -0.999900E+04  -0.999900E+04
   0.112040E+02   0.112040E+02  -0.999900E+04  -0.999900E+04  -0.999900E+04  -0.999900E+04  -0.999900E+04  -0.999900E+04  -0.999900E+04  -0.999900E+04   0.101204E+00   0.660026E-01   0.458581E-01   0.316819E-01  -0.999900E+04  -0.999900E+04  -0.999900E+04  -0.999900E+04  -0.999900E+04  -0.999900E+04  -0.999900E+04  -0.999900E+04
   0.113040E+02   0.113040E+02  -0.999900E+04  -0.999900E+04  -0.999900E+04  -0.999900E+04  -0.999900E+04  -0.999900E+04  -0.999900E+04  -0.999900E+04   0.101108E+00   0.658885E-01   0.457552E-01   0.315926E-01  -0.999900E+04  -0.999900E+04  -0.999900E+04  -0.999900E+04  -0.999900E+04  -0.999900E+04  -0.999900E+04  -0.999900E+04
   0.114040E+02   0.114040E+02  -0.999900E+04  -0.999900E+04  -0.999900E+04  -0.999900E+04  -0.999900E+04  -0.999900E+04  -0.999900E+04  -0.999900E+04   0.101012E+00   0.657743E-01   0.456523E-01   0.315035E-01  -0.999900E+04  -0.999900E+04  -0.999900E+04  -0.999900E+04  -0.999900E+04  -0.999900E+04  -0.999900E+04  -0.999900E+04
   0.115040E+02   0.115040E+02  -0.999900E+04  -0.999900E+04  -0.999900E+04  -0.999900E+04  -0.999900E+04  -0.999900E+04  -0.999900E+04  -0.999900E+04   0.100916E+00   0.656600E-01   0.455494E-01   0.314147E-01  -0.999900E+04  -0.999900E+04  -0.999900E+04  -0.999900E+04  -0.999900E+04  -0.999900E+04  -0.999900E+04  -0.999900E+04
   0.116040E+02   0.116040E+02  -0.999900E+04  -0.999900E+04  -0.999900E+04  -0.999900E+04  -0.999900E+04  -0.999900E+04  -0.999900E+04  -0.999900E+04   0.100820E+00   0.655456E-01   0.454466E-01   0.313261E-01  -0.999900E+04  -0.999900E+04  -0.999900E+04  -0.999900E+04  -0.999900E+04  -0.999900E+04  -0.999900E+04  -0.999900E+04
   0.116500E+02   0.116500E+02   0.100660E+00   0.650094E-01   0.456141E-01   0.320205E-01   0.100660E+00   0.650094E-01   0.456141E-01   0.320205E-01   0.100775E+00   0.654929E-01   0.453993E-01   0.312854E-01  -0.115109E-03  -0.483499E-03   0.214797E-03   0.735158E-03  -0.124940E+00  -0.872280E+00   0.468115E+00   0.596999E+00
   0.117040E+02   0.117040E+02  -0.999900E+04  -0.999900E+04  -0.999900E+04  -0.999900E+04  -0.999900E+04  -0.999900E+04  -0.999900E+04  -0.999900E+04   0.100723E+00   0.654311E-01   0.453438E-01   0.312377E-01  -0.999900E+04  -0.999900E+04  -0.999900E+04  -0.999900E+04  -0.999900E+04  -0.999900E+04  -0.999900E+04  -0.999900E+04
   0.118040E+02   0.118040E+02  -0.999900E+04  -0.999900E+04  -0.999900E+04  -0.999900E+04  -0.999900E+04  -0.999900E+04  -0.999900E+04  -0.999900E+04   0.100627E+00   0.653164E-01   0.452409E-01   0.311496E-01  -0.999900E+04  -0.999900E+04  -0.999900E+04  -0.999900E+04  -0.999900E+04  -0.999900E+04  -0.999900E+04  -0.999900E+04
   0.119040E+02   0.119040E+02  -0.999900E+04  -0.999900E+04  -0.999900E+04  -0.999900E+04  -0.999900E+04  -0.999900E+04  -0.999900E+04  -0.999900E+04   0.100531E+00   0.652017E-01   0.451381E-01   0.310617E-01  -0.999900E+04  -0.999900E+04  -0.999900E+04  -0.999900E+04  -0.999900E+04  -0.999900E+04  -0.999900E+04  -0.999900E+04
   0.120040E+02   0.120040E+02  -0.999900E+04  -0.999900E+04  -0.999900E+04  -0.999900E+04  -0.999900E+04  -0.999900E+04  -0.999900E+04  -0.999900E+04   0.100435E+00   0.650868E-01   0.450354E-01   0.309740E-01  -0.999900E+04  -0.999900E+04  -0.999900E+04  -0.999900E+04  -0.999900E+04  -0.999900E+04  -0.999900E+04  -0.999900E+04
   0.121040E+02   0.121040E+02  -0.999900E+04  -0.999900E+04  -0.999900E+04  -0.999900E+04  -0.999900E+04  -0.999900E+04  -0.999900E+04  -0.999900E+04   0.100340E+00   0.649718E-01   0.449326E-01   0.308867E-01  -0.999900E+04  -0.999900E+04  -0.999900E+04  -0.999900E+04  -0.999900E+04  -0.999900E+04  -0.999900E+04  -0.999900E+04
   0.122040E+02   0.122040E+02  -0.999900E+04  -0.999900E+04  -0.999900E+04  -0.999900E+04  -0.999900E+04  -0.999900E+04  -0.999900E+04  -0.999900E+04   0.100244E+00   0.648568E-01   0.448298E-01   0.307995E-01  -0.999900E+04  -0.999900E+04  -0.999900E+04  -0.999900E+04  -0.999900E+04  -0.999900E+04  -0.999900E+04  -0.999900E+04
   0.123040E+02   0.123040E+02  -0.999900E+04  -0.999900E+04  -0.999900E+04  -0.999900E+04  -0.999900E+04  -0.999900E+04  -0.999900E+04  -0.999900E+04   0.100148E+00   0.647415E-01   0.447271E-01   0.307127E-01  -0.999900E+04  -0.999900E+04  -0.999900E+04  -0.999900E+04  -0.999900E+04  -0.999900E+04  -0.999900E+04  -0.999900E+04
   0.124040E+02   0.124040E+02  -0.999900E+04  -0.999900E+04  -0.999900E+04  -0.999900E+04  -0.999900E+04  -0.999900E+04  -0.999900E+04  -0.999900E+04   0.100052E+00   0.646262E-01   0.446244E-01   0.306260E-01  -0.999900E+04  -0.999900E+04  -0.999900E+04  -0.999900E+04  -0.999900E+04  -0.999900E+04  -0.999900E+04  -0.999900E+04
   0.125040E+02   0.125040E+02  -0.999900E+04  -0.999900E+04  -0.999900E+04  -0.999900E+04  -0.999900E+04  -0.999900E+04  -0.999900E+04  -0.999900E+04   0.999563E-01   0.645108E-01   0.445217E-01   0.305397E-01  -0.999900E+04  -0.999900E+04  -0.999900E+04  -0.999900E+04  -0.999900E+04  -0.999900E+04  -0.999900E+04  -0.999900E+04
   0.126040E+02   0.126040E+02  -0.999900E+04  -0.999900E+04  -0.999900E+04  -0.999900E+04  -0.999900E+04  -0.999900E+04  -0.999900E+04  -0.999900E+04   0.998606E-01   0.643952E-01   0.444190E-01   0.304536E-01  -0.999900E+04  -0.999900E+04  -0.999900E+04  -0.999900E+04  -0.999900E+04  -0.999900E+04  -0.999900E+04  -0.999900E+04
   0.127040E+02   0.127040E+02  -0.999900E+04  -0.999900E+04  -0.999900E+04  -0.999900E+04  -0.999900E+04  -0.999900E+04  -0.999900E+04  -0.999900E+04   0.997650E-01   0.642795E-01   0.443163E-01   0.303678E-01  -0.999900E+04  -0.999900E+04  -0.999900E+04  -0.999900E+04  -0.999900E+04  -0.999900E+04  -0.999900E+04  -0.999900E+04
   0.128040E+02   0.128040E+02  -0.999900E+04  -0.999900E+04  -0.999900E+04  -0.999900E+04  -0.999900E+04  -0.999900E+04  -0.999900E+04  -0.999900E+04   0.996694E-01   0.641636E-01   0.442136E-01   0.302822E-01  -0.999900E+04  -0.999900E+04  -0.999900E+04  -0.999900E+04  -0.999900E+04  -0.999900E+04  -0.999900E+04  -0.999900E+04
   0.129040E+02   0.129040E+02  -0.999900E+04  -0.999900E+04  -0.999900E+04  -0.999900E+04  -0.999900E+04  -0.999900E+04  -0.999900E+04  -0.999900E+04   0.995738E-01   0.640477E-01   0.441110E-01   0.301969E-01  -0.999900E+04  -0.999900E+04  -0.999900E+04  -0.999900E+04  -0.999900E+04  -0.999900E+04  -0.999900E+04  -0.999900E+04
   0.130040E+02   0.130040E+02  -0.999900E+04  -0.999900E+04  -0.999900E+04  -0.999900E+04  -0.999900E+04  -0.999900E+04  -0.999900E+04  -0.999900E+04   0.994783E-01   0.639316E-01   0.440084E-01   0.301119E-01  -0.999900E+04  -0.999900E+04  -0.999900E+04  -0.999900E+04  -0.999900E+04  -0.999900E+04  -0.999900E+04  -0.999900E+04
   0.131040E+02   0.131040E+02  -0.999900E+04  -0.999900E+04  -0.999900E+04  -0.999900E+04  -0.999900E+04  -0.999900E+04  -0.999900E+04  -0.999900E+04   0.993829E-01   0.638154E-01   0.439058E-01   0.300272E-01  -0.999900E+04  -0.999900E+04  -0.999900E+04  -0.999900E+04  -0.999900E+04  -0.999900E+04  -0.999900E+04  -0.999900E+04
   0.132040E+02   0.132040E+02  -0.999900E+04  -0.999900E+04  -0.999900E+04  -0.999900E+04  -0.999900E+04  -0.999900E+04  -0.999900E+04  -0.999900E+04   0.992874E-01   0.636990E-01   0.438032E-01   0.299428E-01  -0.999900E+04  -0.999900E+04  -0.999900E+04  -0.999900E+04  -0.999900E+04  -0.999900E+04  -0.999900E+04  -0.999900E+04
   0.133040E+02   0.133040E+02  -0.999900E+04  -0.999900E+04  -0.999900E+04  -0.999900E+04  -0.999900E+04  -0.999900E+04  -0.999900E+04  -0.999900E+04   0.991921E-01   0.635826E-01   0.437006E-01   0.298586E-01  -0.999900E+04  -0.999900E+04  -0.999900E+04  -0.999900E+04  -0.999900E+04  -0.999900E+04  -0.999900E+04  -0.999900E+04
   0.134040E+02   0.134040E+02  -0.999900E+04  -0.999900E+04  -0.999900E+04  -0.999900E+04  -0.999900E+04  -0.999900E+04  -0.999900E+04  -0.999900E+04   0.990968E-01   0.634659E-01   0.435981E-01   0.297747E-01  -0.999900E+04  -0.999900E+04  -0.999900E+04  -0.999900E+04  -0.999900E+04  -0.999900E+04  -0.999900E+04  -0.999900E+04
   0.135040E+02   0.135040E+02  -0.999900E+04  -0.999900E+04  -0.999900E+04  -0.999900E+04  -0.999900E+04  -0.999900E+04  -0.999900E+04  -0.999900E+04   0.990015E-01   0.633492E-01   0.434955E-01   0.296912E-01  -0.999900E+04  -0.999900E+04  -0.999900E+04  -0.999900E+04  -0.999900E+04  -0.999900E+04  -0.999900E+04  -0.999900E+04
   0.136040E+02   0.136040E+02  -0.999900E+04  -0.999900E+04  -0.999900E+04  -0.999900E+04  -0.999900E+04  -0.999900E+04  -0.999900E+04  -0.999900E+04   0.989063E-01   0.632323E-01   0.433930E-01   0.296079E-01  -0.999900E+04  -0.999900E+04  -0.999900E+04  -0.999900E+04  -0.999900E+04  -0.999900E+04  -0.999900E+04  -0.999900E+04
   0.137040E+02   0.137040E+02  -0.999900E+04  -0.999900E+04  -0.999900E+04  -0.999900E+04  -0.999900E+04  -0.999900E+04  -0.999900E+04  -0.999900E+04   0.988111E-01   0.631153E-01   0.432905E-01   0.295249E-01  -0.999900E+04  -0.999900E+04  -0.999900E+04  -0.999900E+04  -0.999900E+04  -0.999900E+04  -0.999900E+04  -0.999900E+04
   0.138040E+02   0.138040E+02  -0.999900E+04  -0.999900E+04  -0.999900E+04  -0.999900E+04  -0.999900E+04  -0.999900E+04  -0.999900E+04  -0.999900E+04   0.987160E-01   0.629981E-01   0.431881E-01   0.294422E-01  -0.999900E+04  -0.999900E+04  -0.999900E+04  -0.999900E+04  -0.999900E+04  -0.999900E+04  -0.999900E+04  -0.999900E+04
   0.139040E+02   0.139040E+02  -0.999900E+04  -0.999900E+04  -0.999900E+04  -0.999900E+04  -0.999900E+04  -0.999900E+04  -0.999900E+04  -0.999900E+04   0.986209E-01   0.628808E-01   0.430856E-01   0.293598E-01  -0.999900E+04  -0.999900E+04  -0.999900E+04  -0.999900E+04  -0.999900E+04  -0.999900E+04  -0.999900E+04  -0.999900E+04
   0.140040E+02   0.140040E+02  -0.999900E+04  -0.999900E+04  -0.999900E+04  -0.999900E+04  -0.999900E+04  -0.999900E+04  -0.999900E+04  -0.999900E+04   0.985258E-01   0.627633E-01   0.429832E-01   0.292777E-01  -0.999900E+04  -0.999900E+04  -0.999900E+04  -0.999900E+04  -0.999900E+04  -0.999900E+04  -0.999900E+04  -0.999900E+04
   0.141040E+02   0.141040E+02  -0.999900E+04  -0.999900E+04  -0.999900E+04  -0.999900E+04  -0.999900E+04  -0.999900E+04  -0.999900E+04  -0.999900E+04   0.984309E-01   0.626457E-01   0.428808E-01   0.291959E-01  -0.999900E+04  -0.999900E+04  -0.999900E+04  -0.999900E+04  -0.999900E+04  -0.999900E+04  -0.999900E+04  -0.999900E+04
   0.142040E+02   0.142040E+02  -0.999900E+04  -0.999900E+04  -0.999900E+04  -0.999900E+04  -0.999900E+04  -0.999900E+04  -0.999900E+04  -0.999900E+04   0.983359E-01   0.625279E-01   0.427784E-01   0.291144E-01  -0.999900E+04  -0.999900E+04  -0.999900E+04  -0.999900E+04  -0.999900E+04  -0.999900E+04  -0.999900E+04  -0.999900E+04
   0.143040E+02   0.143040E+02  -0.999900E+04  -0.999900E+04  -0.999900E+04  -0.999900E+04  -0.999900E+04  -0.999900E+04  -0.999900E+04  -0.999900E+04   0.982411E-01   0.624100E-01   0.426760E-01   0.290332E-01  -0.999900E+04  -0.999900E+04  -0.999900E+04  -0.999900E+04  -0.999900E+04  -0.999900E+04  -0.999900E+04  -0.999900E+04
   0.144040E+02   0.144040E+02  -0.999900E+04  -0.999900E+04  -0.999900E+04  -0.999900E+04  -0.999900E+04  -0.999900E+04  -0.999900E+04  -0.999900E+04   0.981462E-01   0.622919E-01   0.425736E-01   0.289524E-01  -0.999900E+04  -0.999900E+04  -0.999900E+04  -0.999900E+04  -0.999900E+04  -0.999900E+04  -0.999900E+04  -0.999900E+04
   0.145040E+02   0.145040E+02  -0.999900E+04  -0.999900E+04  -0.999900E+04  -0.999900E+04  -0.999900E+04  -0.999900E+04  -0.999900E+04  -0.999900E+04   0.980514E-01   0.621737E-01   0.424713E-01   0.288718E-01  -0.999900E+04  -0.999900E+04  -0.999900E+04  -0.999900E+04  -0.999900E+04  -0.999900E+04  -0.999900E+04  -0.999900E+04
   0.146040E+02   0.146040E+02  -0.999900E+04  -0.999900E+04  -0.999900E+04  -0.999900E+04  -0.999900E+04  -0.999900E+04  -0.999900E+04  -0.999900E+04   0.979567E-01   0.620553E-01   0.423690E-01   0.287916E-01  -0.999900E+04  -0.999900E+04  -0.999900E+04  -0.999900E+04  -0.999900E+04  -0.999900E+04  -0.999900E+04  -0.999900E+04
   0.147040E+02   0.147040E+02  -0.999900E+04  -0.999900E+04  -0.999900E+04  -0.999900E+04  -0.999900E+04  -0.999900E+04  -0.999900E+04  -0.999900E+04   0.978620E-01   0.619368E-01   0.422667E-01   0.287117E-01  -0.999900E+04  -0.999900E+04  -0.999900E+04  -0.999900E+04  -0.999900E+04  -0.999900E+04  -0.999900E+04  -0.999900E+04
   0.148040E+02   0.148040E+02  -0.999900E+04  -0.999900E+04  -0.999900E+04  -0.999900E+04  -0.999900E+04  -0.999900E+04  -0.999900E+04  -0.999900E+04   0.977674E-01   0.618181E-01   0.421644E-01   0.286321E-01  -0.999900E+04  -0.999900E+04  -0.999900E+04  -0.999900E+04  -0.999900E+04  -0.999900E+04  -0.999900E+04  -0.999900E+04
   0.149040E+02   0.149040E+02  -0.999900E+04  -0.999900E+04  -0.999900E+04  -0.999900E+04  -0.999900E+04  -0.999900E+04  -0.999900E+04  -0.999900E+04   0.976728E-01   0.616992E-01   0.420622E-01   0.285529E-01  -0.999900E+04  -0.999900E+04  -0.999900E+04  -0.999900E+04  -0.999900E+04  -0.999900E+04  -0.999900E+04  -0.999900E+04
   0.150040E+02   0.150040E+02  -0.999900E+04  -0.999900E+04  -0.999900E+04  -0.999900E+04  -0.999900E+04  -0.999900E+04  -0.999900E+04  -0.999900E+04   0.975783E-01   0.615801E-01   0.419600E-01   0.284739E-01  -0.999900E+04  -0.999900E+04  -0.999900E+04  -0.999900E+04  -0.999900E+04  -0.999900E+04  -0.999900E+04  -0.999900E+04
   0.151040E+02   0.151040E+02  -0.999900E+04  -0.999900E+04  -0.999900E+04  -0.999900E+04  -0.999900E+04  -0.999900E+04  -0.999900E+04  -0.999900E+04   0.974838E-01   0.614609E-01   0.418578E-01   0.283953E-01  -0.999900E+04  -0.999900E+04  -0.999900E+04  -0.999900E+04  -0.999900E+04  -0.999900E+04  -0.999900E+04  -0.999900E+04
   0.152040E+02   0.152040E+02  -0.999900E+04  -0.999900E+04  -0.999900E+04  -0.999900E+04  -0.999900E+04  -0.999900E+04  -0.999900E+04  -0.999900E+04   0.973894E-01   0.613416E-01   0.417556E-01   0.283170E-01  -0.999900E+04  -0.999900E+04  -0.999900E+04  -0.999900E+04  -0.999900E+04  -0.999900E+04  -0.999900E+04  -0.999900E+04
   0.153040E+02   0.153040E+02  -0.999900E+04  -0.999900E+04  -0.999900E+04  -0.999900E+04  -0.999900E+04  -0.999900E+04  -0.999900E+04  -0.999900E+04   0.972950E-01   0.612220E-01   0.416535E-01   0.282391E-01  -0.999900E+04  -0.999900E+04  -0.999900E+04  -0.999900E+04  -0.999900E+04  -0.999900E+04  -0.999900E+04  -0.999900E+04
   0.154040E+02   0.154040E+02  -0.999900E+04  -0.999900E+04  -0.999900E+04  -0.999900E+04  -0.999900E+04  -0.999900E+04  -0.999900E+04  -0.999900E+04   0.972007E-01   0.611023E-01   0.415513E-01   0.281615E-01  -0.999900E+04  -0.999900E+04  -0.999900E+04  -0.999900E+04  -0.999900E+04  -0.999900E+04  -0.999900E+04  -0.999900E+04
   0.155040E+02   0.155040E+02  -0.999900E+04  -0.999900E+04  -0.999900E+04  -0.999900E+04  -0.999900E+04  -0.999900E+04  -0.999900E+04  -0.999900E+04   0.971064E-01   0.609823E-01   0.414492E-01   0.280843E-01  -0.999900E+04  -0.999900E+04  -0.999900E+04  -0.999900E+04  -0.999900E+04  -0.999900E+04  -0.999900E+04  -0.999900E+04
   0.156040E+02   0.156040E+02  -0.999900E+04  -0.999900E+04  -0.999900E+04  -0.999900E+04  -0.999900E+04  -0.999900E+04  -0.999900E+04  -0.999900E+04   0.970122E-01   0.608623E-01   0.413472E-01   0.280074E-01  -0.999900E+04  -0.999900E+04  -0.999900E+04  -0.999900E+04  -0.999900E+04  -0.999900E+04  -0.999900E+04  -0.999900E+04
   0.156500E+02   0.156500E+02   0.975549E-01   0.610596E-01   0.417231E-01   0.287498E-01   0.975549E-01   0.610596E-01   0.417231E-01   0.287498E-01   0.969689E-01   0.608070E-01   0.413002E-01   0.279721E-01   0.585960E-03   0.252609E-03   0.422916E-03   0.777722E-03   0.636005E+00   0.455732E+00   0.921676E+00   0.631564E+00
   0.157040E+02   0.157040E+02  -0.999900E+04  -0.999900E+04  -0.999900E+04  -0.999900E+04  -0.999900E+04  -0.999900E+04  -0.999900E+04  -0.999900E+04   0.969181E-01   0.607420E-01   0.412451E-01   0.279308E-01  -0.999900E+04  -0.999900E+04  -0.999900E+04  -0.999900E+04  -0.999900E+04  -0.999900E+04  -0.999900E+04  -0.999900E+04
   0.158040E+02   0.158040E+02  -0.999900E+04  -0.999900E+04  -0.999900E+04  -0.999900E+04  -0.999900E+04  -0.999900E+04  -0.999900E+04  -0.999900E+04   0.968240E-01   0.606215E-01   0.411431E-01   0.278545E-01  -0.999900E+04  -0.999900E+04  -0.999900E+04  -0.999900E+04  -0.999900E+04  -0.999900E+04  -0.999900E+04  -0.999900E+04
   0.159040E+02   0.159040E+02  -0.999900E+04  -0.999900E+04  -0.999900E+04  -0.999900E+04  -0.999900E+04  -0.999900E+04  -0.999900E+04  -0.999900E+04   0.967299E-01   0.605009E-01   0.410411E-01   0.277787E-01  -0.999900E+04  -0.999900E+04  -0.999900E+04  -0.999900E+04  -0.999900E+04  -0.999900E+04  -0.999900E+04  -0.999900E+04
   0.160040E+02   0.160040E+02  -0.999900E+04  -0.999900E+04  -0.999900E+04  -0.999900E+04  -0.999900E+04  -0.999900E+04  -0.999900E+04  -0.999900E+04   0.966359E-01   0.603800E-01   0.409391E-01   0.277031E-01  -0.999900E+04  -0.999900E+04  -0.999900E+04  -0.999900E+04  -0.999900E+04  -0.999900E+04  -0.999900E+04  -0.999900E+04
   0.161040E+02   0.161040E+02  -0.999900E+04  -0.999900E+04  -0.999900E+04  -0.999900E+04  -0.999900E+04  -0.999900E+04  -0.999900E+04  -0.999900E+04   0.965420E-01   0.602590E-01   0.408371E-01   0.276279E-01  -0.999900E+04  -0.999900E+04  -0.999900E+04  -0.999900E+04  -0.999900E+04  -0.999900E+04  -0.999900E+04  -0.999900E+04
   0.162040E+02   0.162040E+02  -0.999900E+04  -0.999900E+04  -0.999900E+04  -0.999900E+04  -0.999900E+04  -0.999900E+04  -0.999900E+04  -0.999900E+04   0.964481E-01   0.601378E-01   0.407352E-01   0.275531E-01  -0.999900E+04  -0.999900E+04  -0.999900E+04  -0.999900E+04  -0.999900E+04  -0.999900E+04  -0.999900E+04  -0.999900E+04
   0.163040E+02   0.163040E+02  -0.999900E+04  -0.999900E+04  -0.999900E+04  -0.999900E+04  -0.999900E+04  -0.999900E+04  -0.999900E+04  -0.999900E+04   0.963542E-01   0.600163E-01   0.406333E-01   0.274787E-01  -0.999900E+04  -0.999900E+04  -0.999900E+04  -0.999900E+04  -0.999900E+04  -0.999900E+04  -0.999900E+04  -0.999900E+04
   0.164040E+02   0.164040E+02  -0.999900E+04  -0.999900E+04  -0.999900E+04  -0.999900E+04  -0.999900E+04  -0.999900E+04  -0.999900E+04  -0.999900E+04   0.962604E-01   0.598947E-01   0.405314E-01   0.274045E-01  -0.999900E+04  -0.999900E+04  -0.999900E+04  -0.999900E+04  -0.999900E+04  -0.999900E+04  -0.999900E+04  -0.999900E+04
   0.165040E+02   0.165040E+02  -0.999900E+04  -0.999900E+04  -0.999900E+04  -0.999900E+04  -0.999900E+04  -0.999900E+04  -0.999900E+04  -0.999900E+04   0.961667E-01   0.597729E-01   0.404296E-01   0.273308E-01  -0.999900E+04  -0.999900E+04  -0.999900E+04  -0.999900E+04  -0.999900E+04  -0.999900E+04  -0.999900E+04  -0.999900E+04
