a0_min        Y1_intercept  Y2_intercept  Y3_intercept  Y4_intercept  LogPost       
  0.100000E+03  0.100000E-02  0.100000E-02  0.100000E-02  0.100000E-02  0.204644E+03
  0.100000E+03  0.100000E-02  0.100000E-02  0.100000E-02  0.100000E-02  0.204644E+03
  0.100000E+03  0.100000E-02  0.100000E-02  0.100000E-02  0.100000E-02  0.204644E+03
  0.100000E+03  0.100000E-02  0.100000E-02  0.100000E-02  0.100000E-02  0.204644E+03
  0.100000E+03  0.100000E-02  0.100000E-02  0.100000E-02  0.100000E-02  0.204644E+03
  0.989938E+02  0.100000E-02  0.100000E-02  0.100000E-02  0.100000E-02  0.203801E+03
  0.989938E+02  0.100000E-02  0.100000E-02  0.100000E-02  0.100000E-02  0.203801E+03
  0.989938E+02  0.761389E-03  0.100000E-02  0.100000E-02  0.100000E-02  0.204604E+03
  0.989938E+02  0.596354E-03  0.100000E-02  0.100000E-02  0.100000E-02  0.205079E+03
  0.102149E+03  0.596354E-03  0.170787E-03  0.100000E-02  0.100000E-02  0.209602E+03
  0.102149E+03  0.596354E-03  0.568620E-04  0.100000E-02  0.100000E-02  0.209869E+03
  0.100205E+03  0.596354E-03  0.568620E-04  0.841188E-03  0.100000E-02  0.211337E+03
  0.100205E+03  0.596354E-03  0.568620E-04  0.841188E-03  0.100000E-02  0.211337E+03
  0.100205E+03  0.596354E-03  0.568620E-04  0.841188E-03  0.100000E-02  0.211337E+03
  0.100205E+03  0.596354E-03  0.568620E-04  0.841188E-03  0.585912E-03  0.210410E+03
  0.100205E+03  0.596354E-03  0.568620E-04  0.841188E-03  0.585912E-03  0.210410E+03
  0.100205E+03  0.596354E-03  0.568620E-04  0.841188E-03  0.585912E-03  0.210410E+03
  0.100205E+03  0.596354E-03  0.568620E-04  0.841188E-03  0.585912E-03  0.210410E+03
  0.100205E+03  0.596354E-03  0.568620E-04  0.841188E-03  0.585912E-03  0.210410E+03
  0.100205E+03  0.596354E-03  0.568620E-04  0.841188E-03  0.585912E-03  0.210410E+03
  0.100205E+03  0.596354E-03  0.568620E-04  0.841188E-03  0.585912E-03  0.210410E+03
  0.100363E+03  0.596354E-03  0.568620E-04  0.841188E-03  0.585912E-03  0.210553E+03
  0.100363E+03  0.596354E-03  0.568620E-04  0.841188E-03  0.585912E-03  0.210553E+03
  0.100363E+03  0.596354E-03  0.568620E-04  0.841188E-03  0.585912E-03  0.210553E+03
  0.100363E+03  0.596354E-03  0.568620E-04  0.841188E-03  0.585912E-03  0.210553E+03
  0.100810E+03  0.596354E-03  0.568620E-04  0.841188E-03  0.585912E-03  0.210620E+03
  0.100810E+03  0.596354E-03  0.568620E-04  0.841188E-03  0.585912E-03  0.210620E+03
  0.100810E+03  0.596354E-03  0.568620E-04  0.841188E-03  0.585912E-03  0.210620E+03
  0.100810E+03  0.596354E-03  0.568620E-04  0.841188E-03  0.585912E-03  0.210620E+03
  0.100810E+03  0.596354E-03  0.568620E-04  0.841188E-03  0.585912E-03  0.210620E+03
  0.100810E+03  0.596354E-03  0.304650E-03  0.841188E-03  0.585912E-03  0.209950E+03
  0.100810E+03  0.263375E-03  0.304650E-03  0.841188E-03  0.585912E-03  0.210945E+03
  0.100810E+03  0.263375E-03  0.304650E-03  0.841188E-03  0.585912E-03  0.210945E+03
  0.100810E+03  0.263375E-03  0.304650E-03  0.841188E-03  0.585912E-03  0.210945E+03
  0.100810E+03  0.263375E-03  0.304650E-03  0.841188E-03  0.585912E-03  0.210945E+03
  0.100810E+03  0.263375E-03  0.304650E-03  0.841188E-03  0.585912E-03  0.210945E+03
  0.100810E+03  0.263375E-03  0.304650E-03  0.841188E-03  0.585912E-03  0.210945E+03
  0.100810E+03  0.263375E-03  0.304650E-03  0.841188E-03  0.585912E-03  0.210945E+03
  0.100810E+03  0.263375E-03  0.304650E-03  0.841188E-03  0.706618E-03  0.211924E+03
  0.100810E+03  0.538675E-03  0.304650E-03  0.841188E-03  0.706618E-03  0.211138E+03
  0.100810E+03  0.538675E-03  0.304650E-03  0.841188E-03  0.706618E-03  0.211138E+03
  0.100810E+03  0.538675E-03  0.304650E-03  0.841188E-03  0.706618E-03  0.211138E+03
  0.101300E+03  0.538675E-03  0.304650E-03  0.841188E-03  0.706618E-03  0.210690E+03
  0.101300E+03  0.538675E-03  0.304650E-03  0.841188E-03  0.706618E-03  0.210690E+03
  0.101300E+03  0.538675E-03  0.304650E-03  0.841188E-03  0.706618E-03  0.210690E+03
  0.101300E+03  0.538675E-03  0.304650E-03  0.841188E-03  0.706618E-03  0.210690E+03
  0.101300E+03  0.538675E-03  0.304650E-03  0.841188E-03  0.706618E-03  0.210690E+03
  0.101300E+03  0.538675E-03  0.304650E-03  0.841188E-03  0.706618E-03  0.210690E+03
  0.101300E+03  0.538675E-03  0.304650E-03  0.841188E-03  0.706618E-03  0.210690E+03
  0.101300E+03  0.538675E-03  0.143184E-03  0.841188E-03  0.173422E-02  0.210808E+03
  0.101300E+03  0.538675E-03  0.143184E-03  0.841188E-03  0.173422E-02  0.210808E+03
  0.101300E+03  0.538675E-03  0.143184E-03  0.841188E-03  0.173422E-02  0.210808E+03
  0.101300E+03  0.538675E-03  0.143184E-03  0.841188E-03  0.173422E-02  0.210808E+03
  0.101300E+03  0.587954E-03  0.143184E-03  0.841188E-03  0.173422E-02  0.210630E+03
  0.101300E+03  0.587954E-03  0.143184E-03  0.841188E-03  0.169142E-02  0.210757E+03
  0.101300E+03  0.660735E-03  0.143184E-03  0.841188E-03  0.126950E-02  0.211575E+03
  0.101300E+03  0.660735E-03  0.143184E-03  0.841188E-03  0.126950E-02  0.211575E+03
  0.101300E+03  0.660735E-03  0.143184E-03  0.841188E-03  0.126950E-02  0.211575E+03
  0.101300E+03  0.660735E-03  0.143184E-03  0.841188E-03  0.126950E-02  0.211575E+03
  0.101300E+03  0.804034E-04  0.143184E-03  0.841188E-03  0.126950E-02  0.213058E+03
  0.101300E+03  0.807186E-04  0.143184E-03  0.841188E-03  0.126950E-02  0.213058E+03
  0.101300E+03  0.807186E-04  0.143184E-03  0.841188E-03  0.126950E-02  0.213058E+03
  0.101300E+03  0.613399E-03  0.143184E-03  0.671655E-03  0.126950E-02  0.213050E+03
  0.101300E+03  0.613399E-03  0.143184E-03  0.671655E-03  0.126950E-02  0.213050E+03
  0.101218E+03  0.613399E-03  0.143184E-03  0.671655E-03  0.126950E-02  0.213072E+03
  0.101218E+03  0.613399E-03  0.143184E-03  0.671655E-03  0.126950E-02  0.213072E+03
  0.101218E+03  0.613399E-03  0.143184E-03  0.671655E-03  0.126950E-02  0.213072E+03
  0.101218E+03  0.613399E-03  0.143184E-03  0.671655E-03  0.126950E-02  0.213072E+03
  0.101218E+03  0.613399E-03  0.143184E-03  0.671655E-03  0.126950E-02  0.213072E+03
  0.101218E+03  0.613399E-03  0.143184E-03  0.671655E-03  0.126950E-02  0.213072E+03
  0.101218E+03  0.613399E-03  0.143184E-03  0.671655E-03  0.126950E-02  0.213072E+03
  0.101218E+03  0.613399E-03  0.143184E-03  0.671655E-03  0.126950E-02  0.213072E+03
  0.101218E+03  0.613399E-03  0.143184E-03  0.671655E-03  0.126950E-02  0.213072E+03
  0.101218E+03  0.613399E-03  0.143184E-03  0.671655E-03  0.126950E-02  0.213072E+03
  0.101218E+03  0.613399E-03  0.143184E-03  0.671655E-03  0.126950E-02  0.213072E+03
  0.101218E+03  0.613399E-03  0.143184E-03  0.671655E-03  0.126950E-02  0.213072E+03
  0.101218E+03  0.613399E-03  0.143184E-03  0.671655E-03  0.126950E-02  0.213072E+03
  0.101218E+03  0.613399E-03  0.143184E-03  0.616005E-03  0.126950E-02  0.213513E+03
  0.101218E+03  0.388496E-03  0.143184E-03  0.616005E-03  0.126950E-02  0.214266E+03
  0.101218E+03  0.388496E-03  0.143184E-03  0.616005E-03  0.126950E-02  0.214266E+03
  0.101218E+03  0.388496E-03  0.187034E-03  0.616005E-03  0.126950E-02  0.214133E+03
  0.101218E+03  0.388496E-03  0.187034E-03  0.143345E-03  0.126950E-02  0.217282E+03
  0.101218E+03  0.388496E-03  0.187034E-03  0.143345E-03  0.126950E-02  0.217282E+03
  0.101218E+03  0.388496E-03  0.187034E-03  0.143345E-03  0.126950E-02  0.217282E+03
  0.101218E+03  0.388496E-03  0.187034E-03  0.143345E-03  0.126950E-02  0.217282E+03
  0.101218E+03  0.388496E-03  0.187034E-03  0.415130E-04  0.126950E-02  0.217509E+03
  0.101218E+03  0.388496E-03  0.187034E-03  0.415130E-04  0.126950E-02  0.217509E+03
  0.101218E+03  0.388496E-03  0.187034E-03  0.415130E-04  0.126950E-02  0.217509E+03
  0.101218E+03  0.388496E-03  0.187034E-03  0.415130E-04  0.126950E-02  0.217509E+03
  0.101218E+03  0.388496E-03  0.187034E-03  0.415130E-04  0.126950E-02  0.217509E+03
  0.101218E+03  0.388496E-03  0.187034E-03  0.415130E-04  0.126950E-02  0.217509E+03
  0.101218E+03  0.388496E-03  0.187034E-03  0.415130E-04  0.126950E-02  0.217509E+03
  0.101218E+03  0.388496E-03  0.187034E-03  0.415130E-04  0.126950E-02  0.217509E+03
  0.101218E+03  0.388496E-03  0.187034E-03  0.415130E-04  0.126950E-02  0.217509E+03
  0.101218E+03  0.388496E-03  0.187034E-03  0.415130E-04  0.126950E-02  0.217509E+03
  0.101218E+03  0.388496E-03  0.187034E-03  0.415130E-04  0.162726E-02  0.216583E+03
  0.101218E+03  0.388496E-03  0.187034E-03  0.415130E-04  0.162726E-02  0.216583E+03
  0.101970E+03  0.388496E-03  0.187034E-03  0.415130E-04  0.162726E-02  0.215002E+03
  0.101970E+03  0.388496E-03  0.187034E-03  0.415130E-04  0.143044E-02  0.215466E+03
  0.101970E+03  0.388496E-03  0.187034E-03  0.415130E-04  0.143044E-02  0.215466E+03
  0.101970E+03  0.388496E-03  0.187034E-03  0.415130E-04  0.132040E-02  0.215671E+03
  0.101970E+03  0.388496E-03  0.187034E-03  0.415130E-04  0.132040E-02  0.215671E+03
  0.101970E+03  0.547217E-03  0.187034E-03  0.415130E-04  0.132040E-02  0.215200E+03
  0.101970E+03  0.547217E-03  0.187034E-03  0.415130E-04  0.132040E-02  0.215200E+03
  0.101970E+03  0.547217E-03  0.187034E-03  0.415130E-04  0.132040E-02  0.215200E+03
  0.101970E+03  0.186617E-03  0.187034E-03  0.415130E-04  0.132040E-02  0.216071E+03
  0.101970E+03  0.186617E-03  0.187034E-03  0.415130E-04  0.132040E-02  0.216071E+03
  0.101970E+03  0.186617E-03  0.187034E-03  0.415130E-04  0.132040E-02  0.216071E+03
  0.101970E+03  0.186617E-03  0.187034E-03  0.947894E-04  0.132040E-02  0.216026E+03
  0.101970E+03  0.186617E-03  0.187034E-03  0.947894E-04  0.132040E-02  0.216026E+03
  0.101970E+03  0.186617E-03  0.187034E-03  0.947894E-04  0.132040E-02  0.216026E+03
  0.101970E+03  0.186617E-03  0.187034E-03  0.947894E-04  0.769656E-03  0.215218E+03
  0.101970E+03  0.186617E-03  0.187034E-03  0.947894E-04  0.769656E-03  0.215218E+03
  0.101970E+03  0.186617E-03  0.437855E-03  0.947894E-04  0.769656E-03  0.213857E+03
  0.101970E+03  0.186617E-03  0.437855E-03  0.947894E-04  0.769656E-03  0.213857E+03
  0.101970E+03  0.186617E-03  0.437855E-03  0.947894E-04  0.769656E-03  0.213857E+03
  0.101970E+03  0.186617E-03  0.437855E-03  0.947894E-04  0.769656E-03  0.213857E+03
  0.101970E+03  0.186617E-03  0.102597E-02  0.947894E-04  0.769656E-03  0.209807E+03
  0.101970E+03  0.186617E-03  0.102597E-02  0.947894E-04  0.769656E-03  0.209807E+03
  0.101970E+03  0.186617E-03  0.553368E-03  0.560370E-03  0.203981E-02  0.209947E+03
  0.101970E+03  0.186617E-03  0.553368E-03  0.560370E-03  0.203981E-02  0.209947E+03
  0.101970E+03  0.186617E-03  0.553368E-03  0.560370E-03  0.203981E-02  0.209947E+03
  0.101970E+03  0.186617E-03  0.553368E-03  0.560370E-03  0.203981E-02  0.209947E+03
  0.101970E+03  0.186617E-03  0.553368E-03  0.560370E-03  0.128431E-02  0.211805E+03
  0.101970E+03  0.186617E-03  0.553368E-03  0.560370E-03  0.128431E-02  0.211805E+03
  0.101970E+03  0.186617E-03  0.553368E-03  0.560370E-03  0.128431E-02  0.211805E+03
  0.101970E+03  0.186617E-03  0.553368E-03  0.560370E-03  0.128431E-02  0.211805E+03
  0.101970E+03  0.186617E-03  0.553368E-03  0.560370E-03  0.128431E-02  0.211805E+03
  0.101970E+03  0.186617E-03  0.253772E-04  0.560370E-03  0.128431E-02  0.214317E+03
  0.101970E+03  0.186617E-03  0.253772E-04  0.560370E-03  0.128431E-02  0.214317E+03
  0.101970E+03  0.186617E-03  0.253772E-04  0.232845E-04  0.128431E-02  0.216489E+03
  0.101970E+03  0.186617E-03  0.253772E-04  0.232845E-04  0.128431E-02  0.216489E+03
  0.101970E+03  0.186617E-03  0.253772E-04  0.232845E-04  0.128431E-02  0.216489E+03
  0.101970E+03  0.186617E-03  0.253772E-04  0.232845E-04  0.128431E-02  0.216489E+03
  0.101970E+03  0.186617E-03  0.253772E-04  0.232845E-04  0.128431E-02  0.216489E+03
  0.101970E+03  0.186617E-03  0.253772E-04  0.232845E-04  0.145233E-02  0.216184E+03
  0.101970E+03  0.186617E-03  0.253772E-04  0.232845E-04  0.145233E-02  0.216184E+03
  0.101970E+03  0.186617E-03  0.253772E-04  0.232845E-04  0.145233E-02  0.216184E+03
  0.101970E+03  0.186617E-03  0.253772E-04  0.232845E-04  0.145233E-02  0.216184E+03
  0.101970E+03  0.186617E-03  0.253772E-04  0.232845E-04  0.145233E-02  0.216184E+03
  0.101970E+03  0.186617E-03  0.253772E-04  0.232845E-04  0.145233E-02  0.216184E+03
  0.101970E+03  0.186617E-03  0.253772E-04  0.232845E-04  0.145233E-02  0.216184E+03
  0.101970E+03  0.186617E-03  0.253772E-04  0.232845E-04  0.145233E-02  0.216184E+03
  0.101970E+03  0.186617E-03  0.253772E-04  0.232845E-04  0.145233E-02  0.216184E+03
  0.101970E+03  0.186617E-03  0.253772E-04  0.232845E-04  0.145233E-02  0.216184E+03
  0.101970E+03  0.186617E-03  0.253772E-04  0.232845E-04  0.145233E-02  0.216184E+03
  0.100112E+03  0.186617E-03  0.253772E-04  0.232845E-04  0.768759E-03  0.217785E+03
  0.100112E+03  0.186617E-03  0.253772E-04  0.232845E-04  0.768759E-03  0.217785E+03
  0.100112E+03  0.186617E-03  0.186952E-03  0.232845E-04  0.768759E-03  0.217683E+03
  0.100112E+03  0.186617E-03  0.186952E-03  0.232845E-04  0.768759E-03  0.217683E+03
  0.100112E+03  0.186617E-03  0.186952E-03  0.232845E-04  0.768759E-03  0.217683E+03
  0.100112E+03  0.186617E-03  0.186952E-03  0.232845E-04  0.768759E-03  0.217683E+03
  0.100112E+03  0.186617E-03  0.186952E-03  0.232845E-04  0.768759E-03  0.217683E+03
  0.101185E+03  0.186617E-03  0.186952E-03  0.232845E-04  0.102481E-02  0.218300E+03
  0.101185E+03  0.186617E-03  0.186952E-03  0.232845E-04  0.102481E-02  0.218300E+03
  0.101185E+03  0.186617E-03  0.186952E-03  0.232845E-04  0.102481E-02  0.218300E+03
  0.101185E+03  0.431186E-03  0.186952E-03  0.232845E-04  0.102481E-02  0.217734E+03
  0.101185E+03  0.431186E-03  0.186952E-03  0.232845E-04  0.102481E-02  0.217734E+03
  0.101185E+03  0.431186E-03  0.186952E-03  0.232845E-04  0.102481E-02  0.217734E+03
  0.101185E+03  0.431186E-03  0.186952E-03  0.232845E-04  0.102481E-02  0.217734E+03
  0.101185E+03  0.431186E-03  0.186952E-03  0.232845E-04  0.102481E-02  0.217734E+03
  0.101253E+03  0.431186E-03  0.186952E-03  0.232845E-04  0.102481E-02  0.217651E+03
  0.101253E+03  0.431186E-03  0.186952E-03  0.232845E-04  0.102481E-02  0.217651E+03
  0.101253E+03  0.431186E-03  0.186952E-03  0.232845E-04  0.102481E-02  0.217651E+03
  0.101253E+03  0.431186E-03  0.186952E-03  0.232845E-04  0.102481E-02  0.217651E+03
  0.101253E+03  0.431186E-03  0.186952E-03  0.232845E-04  0.102481E-02  0.217651E+03
  0.101253E+03  0.431186E-03  0.186952E-03  0.232845E-04  0.102481E-02  0.217651E+03
  0.101410E+03  0.431186E-03  0.186952E-03  0.232845E-04  0.102481E-02  0.217369E+03
  0.101410E+03  0.431186E-03  0.186952E-03  0.232845E-04  0.102481E-02  0.217369E+03
  0.101410E+03  0.431186E-03  0.186952E-03  0.232845E-04  0.102481E-02  0.217369E+03
  0.101410E+03  0.431186E-03  0.186952E-03  0.232845E-04  0.102481E-02  0.217369E+03
  0.101410E+03  0.431186E-03  0.186952E-03  0.232845E-04  0.102481E-02  0.217369E+03
  0.101410E+03  0.431186E-03  0.186952E-03  0.232845E-04  0.102481E-02  0.217369E+03
  0.101410E+03  0.431186E-03  0.186952E-03  0.232845E-04  0.102481E-02  0.217369E+03
  0.101410E+03  0.431186E-03  0.186952E-03  0.232845E-04  0.102481E-02  0.217369E+03
  0.101410E+03  0.431186E-03  0.186952E-03  0.232845E-04  0.102481E-02  0.217369E+03
  0.101410E+03  0.431186E-03  0.186952E-03  0.232845E-04  0.102481E-02  0.217369E+03
  0.101410E+03  0.431186E-03  0.186952E-03  0.232845E-04  0.102481E-02  0.217369E+03
  0.101410E+03  0.431186E-03  0.186952E-03  0.232845E-04  0.102481E-02  0.217369E+03
  0.101410E+03  0.431186E-03  0.186952E-03  0.232845E-04  0.102481E-02  0.217369E+03
  0.101410E+03  0.431186E-03  0.186952E-03  0.232845E-04  0.102481E-02  0.217369E+03
  0.101410E+03  0.431186E-03  0.186952E-03  0.232845E-04  0.102481E-02  0.217369E+03
  0.100963E+03  0.431186E-03  0.186952E-03  0.232845E-04  0.102481E-02  0.217940E+03
  0.100963E+03  0.431186E-03  0.186952E-03  0.232845E-04  0.102481E-02  0.217940E+03
  0.100963E+03  0.431186E-03  0.186952E-03  0.232845E-04  0.102481E-02  0.217940E+03
  0.100963E+03  0.431186E-03  0.186952E-03  0.232845E-04  0.102481E-02  0.217940E+03
  0.100963E+03  0.431186E-03  0.186952E-03  0.232845E-04  0.102481E-02  0.217940E+03
  0.100963E+03  0.431186E-03  0.186952E-03  0.592673E-04  0.102481E-02  0.217900E+03
  0.100963E+03  0.431186E-03  0.186952E-03  0.592673E-04  0.102481E-02  0.217900E+03
  0.100963E+03  0.431186E-03  0.186952E-03  0.592673E-04  0.102481E-02  0.217900E+03
  0.100963E+03  0.431186E-03  0.186952E-03  0.592673E-04  0.102481E-02  0.217900E+03
  0.100963E+03  0.431186E-03  0.186952E-03  0.592673E-04  0.102481E-02  0.217900E+03
  0.100963E+03  0.431186E-03  0.186952E-03  0.592673E-04  0.102481E-02  0.217900E+03
  0.101190E+03  0.431186E-03  0.186952E-03  0.592673E-04  0.102481E-02  0.217697E+03
  0.101190E+03  0.431186E-03  0.186952E-03  0.592673E-04  0.102481E-02  0.217697E+03
  0.101190E+03  0.431186E-03  0.186952E-03  0.592673E-04  0.102481E-02  0.217697E+03
  0.101190E+03  0.431186E-03  0.186952E-03  0.592673E-04  0.102481E-02  0.217697E+03
  0.101190E+03  0.431186E-03  0.186952E-03  0.169774E-03  0.102481E-02  0.217391E+03
  0.101190E+03  0.431186E-03  0.186952E-03  0.169774E-03  0.102481E-02  0.217391E+03
  0.101190E+03  0.431186E-03  0.186952E-03  0.169774E-03  0.102481E-02  0.217391E+03
  0.101190E+03  0.431186E-03  0.186952E-03  0.210481E-03  0.102481E-02  0.217210E+03
  0.101190E+03  0.431186E-03  0.186952E-03  0.210481E-03  0.102481E-02  0.217210E+03
  0.101190E+03  0.431186E-03  0.186952E-03  0.210481E-03  0.102481E-02  0.217210E+03
  0.101190E+03  0.431186E-03  0.186952E-03  0.210481E-03  0.102481E-02  0.217210E+03
  0.101190E+03  0.431186E-03  0.186952E-03  0.210481E-03  0.102481E-02  0.217210E+03
  0.101190E+03  0.431186E-03  0.186952E-03  0.210481E-03  0.102481E-02  0.217210E+03
  0.101190E+03  0.431186E-03  0.186952E-03  0.210481E-03  0.102481E-02  0.217210E+03
  0.101190E+03  0.431186E-03  0.186952E-03  0.210481E-03  0.102481E-02  0.217210E+03
  0.101190E+03  0.431186E-03  0.186952E-03  0.210481E-03  0.102481E-02  0.217210E+03
  0.101190E+03  0.431186E-03  0.186952E-03  0.488109E-04  0.102481E-02  0.217711E+03
  0.101190E+03  0.431186E-03  0.186952E-03  0.488109E-04  0.765257E-03  0.217182E+03
  0.101190E+03  0.431186E-03  0.186952E-03  0.488109E-04  0.765257E-03  0.217182E+03
  0.100955E+03  0.431186E-03  0.186952E-03  0.488109E-04  0.765257E-03  0.217522E+03
  0.100955E+03  0.431186E-03  0.186952E-03  0.488109E-04  0.765257E-03  0.217522E+03
  0.100955E+03  0.431186E-03  0.186952E-03  0.488109E-04  0.765257E-03  0.217522E+03
  0.100955E+03  0.431186E-03  0.752687E-03  0.488109E-04  0.765257E-03  0.214340E+03
  0.100955E+03  0.431186E-03  0.752687E-03  0.488109E-04  0.765257E-03  0.214340E+03
  0.100955E+03  0.431186E-03  0.752687E-03  0.488109E-04  0.765257E-03  0.214340E+03
  0.100955E+03  0.431186E-03  0.752687E-03  0.488109E-04  0.765257E-03  0.214340E+03
  0.995328E+02  0.431186E-03  0.752687E-03  0.488109E-04  0.765257E-03  0.214250E+03
  0.995328E+02  0.134295E-03  0.752687E-03  0.488109E-04  0.765257E-03  0.214747E+03
  0.995328E+02  0.134295E-03  0.752687E-03  0.488109E-04  0.765257E-03  0.214747E+03
  0.995328E+02  0.134295E-03  0.752687E-03  0.488109E-04  0.765257E-03  0.214747E+03
  0.995328E+02  0.134295E-03  0.752687E-03  0.488109E-04  0.765257E-03  0.214747E+03
  0.995328E+02  0.134295E-03  0.752687E-03  0.488109E-04  0.765257E-03  0.214747E+03
  0.995328E+02  0.379345E-03  0.752687E-03  0.488109E-04  0.765257E-03  0.214372E+03
  0.995328E+02  0.379345E-03  0.752687E-03  0.488109E-04  0.950405E-03  0.214217E+03
  0.995328E+02  0.379345E-03  0.752687E-03  0.488109E-04  0.950405E-03  0.214217E+03
  0.995328E+02  0.379345E-03  0.752687E-03  0.488109E-04  0.950405E-03  0.214217E+03
  0.995328E+02  0.379345E-03  0.752687E-03  0.488109E-04  0.950405E-03  0.214217E+03
  0.995328E+02  0.379345E-03  0.752687E-03  0.488109E-04  0.950405E-03  0.214217E+03
  0.995328E+02  0.379345E-03  0.270541E-03  0.488109E-04  0.950405E-03  0.215376E+03
  0.995328E+02  0.379345E-03  0.270541E-03  0.488109E-04  0.950405E-03  0.215376E+03
  0.995328E+02  0.379345E-03  0.270541E-03  0.488109E-04  0.950405E-03  0.215376E+03
  0.995328E+02  0.379345E-03  0.270541E-03  0.488109E-04  0.950405E-03  0.215376E+03
  0.100195E+03  0.379345E-03  0.270541E-03  0.488109E-04  0.950405E-03  0.217364E+03
  0.100195E+03  0.540623E-04  0.270541E-03  0.488109E-04  0.950405E-03  0.217873E+03
  0.100195E+03  0.540623E-04  0.270541E-03  0.488109E-04  0.950405E-03  0.217873E+03
  0.100195E+03  0.540623E-04  0.270541E-03  0.488109E-04  0.950405E-03  0.217873E+03
  0.100195E+03  0.540623E-04  0.270541E-03  0.488109E-04  0.950405E-03  0.217873E+03
  0.100195E+03  0.540623E-04  0.270541E-03  0.488109E-04  0.950405E-03  0.217873E+03
  0.100195E+03  0.540623E-04  0.270541E-03  0.488109E-04  0.950405E-03  0.217873E+03
  0.100195E+03  0.540623E-04  0.270541E-03  0.488109E-04  0.950405E-03  0.217873E+03
  0.100195E+03  0.540623E-04  0.270541E-03  0.488109E-04  0.950405E-03  0.217873E+03
  0.100195E+03  0.540623E-04  0.270541E-03  0.488109E-04  0.950405E-03  0.217873E+03
  0.100195E+03  0.540623E-04  0.270541E-03  0.488109E-04  0.950405E-03  0.217873E+03
  0.100195E+03  0.540623E-04  0.270541E-03  0.488109E-04  0.950405E-03  0.217873E+03
  0.100195E+03  0.540623E-04  0.270541E-03  0.488109E-04  0.909596E-03  0.217898E+03
  0.100195E+03  0.540623E-04  0.270541E-03  0.488109E-04  0.909596E-03  0.217898E+03
  0.100605E+03  0.540623E-04  0.270541E-03  0.488109E-04  0.909596E-03  0.218348E+03
  0.100605E+03  0.540623E-04  0.270541E-03  0.488109E-04  0.909596E-03  0.218348E+03
  0.100605E+03  0.540623E-04  0.270541E-03  0.488109E-04  0.909596E-03  0.218348E+03
  0.100605E+03  0.540623E-04  0.270541E-03  0.488109E-04  0.909596E-03  0.218348E+03
  0.100605E+03  0.540623E-04  0.270541E-03  0.488109E-04  0.909596E-03  0.218348E+03
  0.100605E+03  0.540623E-04  0.270541E-03  0.488109E-04  0.909596E-03  0.218348E+03
  0.100605E+03  0.540623E-04  0.270541E-03  0.488109E-04  0.909596E-03  0.218348E+03
  0.100605E+03  0.540623E-04  0.270541E-03  0.488109E-04  0.909596E-03  0.218348E+03
  0.100605E+03  0.540623E-04  0.270541E-03  0.488109E-04  0.909596E-03  0.218348E+03
  0.100605E+03  0.540623E-04  0.270541E-03  0.488109E-04  0.909596E-03  0.218348E+03
  0.100605E+03  0.540623E-04  0.270541E-03  0.488109E-04  0.909596E-03  0.218348E+03
  0.100605E+03  0.540623E-04  0.249395E-03  0.488109E-04  0.909596E-03  0.218419E+03
  0.100605E+03  0.540623E-04  0.341389E-03  0.488109E-04  0.909596E-03  0.218071E+03
  0.100605E+03  0.540623E-04  0.341389E-03  0.488109E-04  0.909596E-03  0.218071E+03
  0.100605E+03  0.540623E-04  0.341389E-03  0.488109E-04  0.909596E-03  0.218071E+03
  0.100605E+03  0.177504E-03  0.341389E-03  0.265258E-03  0.909596E-03  0.217041E+03
  0.100605E+03  0.109573E-03  0.341389E-03  0.265258E-03  0.909596E-03  0.217119E+03
  0.100605E+03  0.109573E-03  0.341389E-03  0.265258E-03  0.909596E-03  0.217119E+03
  0.100320E+03  0.109573E-03  0.341389E-03  0.265258E-03  0.909596E-03  0.216896E+03
  0.100320E+03  0.109573E-03  0.341389E-03  0.265258E-03  0.909596E-03  0.216896E+03
  0.100320E+03  0.109573E-03  0.341389E-03  0.265258E-03  0.909596E-03  0.216896E+03
  0.100320E+03  0.109573E-03  0.341389E-03  0.265258E-03  0.909596E-03  0.216896E+03
  0.100320E+03  0.109573E-03  0.341389E-03  0.265258E-03  0.909596E-03  0.216896E+03
  0.100320E+03  0.109573E-03  0.341389E-03  0.265258E-03  0.909596E-03  0.216896E+03
  0.100320E+03  0.109573E-03  0.341389E-03  0.265258E-03  0.709597E-03  0.216553E+03
  0.100320E+03  0.109573E-03  0.341389E-03  0.265258E-03  0.709597E-03  0.216553E+03
  0.100320E+03  0.109573E-03  0.341389E-03  0.265258E-03  0.709597E-03  0.216553E+03
  0.100320E+03  0.109573E-03  0.341389E-03  0.265258E-03  0.709597E-03  0.216553E+03
  0.100320E+03  0.109573E-03  0.341389E-03  0.265258E-03  0.709597E-03  0.216553E+03
  0.100320E+03  0.109573E-03  0.341389E-03  0.265258E-03  0.709597E-03  0.216553E+03
  0.100320E+03  0.109573E-03  0.341389E-03  0.265258E-03  0.709597E-03  0.216553E+03
  0.100320E+03  0.109573E-03  0.341389E-03  0.265258E-03  0.709597E-03  0.216553E+03
  0.100320E+03  0.109573E-03  0.341389E-03  0.265258E-03  0.709597E-03  0.216553E+03
  0.100320E+03  0.109573E-03  0.341389E-03  0.265258E-03  0.709597E-03  0.216553E+03
  0.100320E+03  0.109573E-03  0.341389E-03  0.265258E-03  0.709597E-03  0.216553E+03
  0.100320E+03  0.109573E-03  0.341389E-03  0.265258E-03  0.709597E-03  0.216553E+03
  0.100320E+03  0.109573E-03  0.341389E-03  0.265258E-03  0.709597E-03  0.216553E+03
  0.100320E+03  0.109573E-03  0.341389E-03  0.265258E-03  0.709597E-03  0.216553E+03
  0.100320E+03  0.109573E-03  0.341389E-03  0.265258E-03  0.709597E-03  0.216553E+03
  0.100320E+03  0.109573E-03  0.341389E-03  0.265258E-03  0.709597E-03  0.216553E+03
  0.100320E+03  0.109573E-03  0.341389E-03  0.265258E-03  0.709597E-03  0.216553E+03
  0.100320E+03  0.109573E-03  0.341389E-03  0.265258E-03  0.709597E-03  0.216553E+03
  0.100320E+03  0.109573E-03  0.341389E-03  0.265258E-03  0.709597E-03  0.216553E+03
  0.100320E+03  0.109573E-03  0.341389E-03  0.265258E-03  0.145604E-02  0.215689E+03
  0.100320E+03  0.109573E-03  0.341389E-03  0.265258E-03  0.145604E-02  0.215689E+03
  0.100320E+03  0.109573E-03  0.341389E-03  0.265258E-03  0.166438E-02  0.215002E+03
  0.100320E+03  0.282153E-03  0.341389E-03  0.190932E-03  0.166438E-02  0.215193E+03
  0.100320E+03  0.282153E-03  0.341389E-03  0.190932E-03  0.166438E-02  0.215193E+03
  0.100320E+03  0.534788E-03  0.649763E-03  0.190932E-03  0.166438E-02  0.213005E+03
  0.100320E+03  0.534788E-03  0.649763E-03  0.190932E-03  0.166438E-02  0.213005E+03
  0.100320E+03  0.534788E-03  0.649763E-03  0.190932E-03  0.166438E-02  0.213005E+03
  0.100320E+03  0.534788E-03  0.649763E-03  0.190932E-03  0.166438E-02  0.213005E+03
  0.100320E+03  0.534788E-03  0.649763E-03  0.190932E-03  0.166438E-02  0.213005E+03
  0.100320E+03  0.647090E-03  0.649763E-03  0.190932E-03  0.166438E-02  0.212601E+03
  0.100320E+03  0.647090E-03  0.649763E-03  0.190932E-03  0.166438E-02  0.212601E+03
  0.101458E+03  0.647090E-03  0.649763E-03  0.190932E-03  0.166438E-02  0.212171E+03
  0.101458E+03  0.647090E-03  0.649763E-03  0.190932E-03  0.132120E-02  0.213045E+03
  0.996670E+02  0.647090E-03  0.649763E-03  0.190932E-03  0.839342E-03  0.213856E+03
  0.996670E+02  0.647090E-03  0.649763E-03  0.190932E-03  0.839342E-03  0.213856E+03
  0.996670E+02  0.647090E-03  0.649763E-03  0.190932E-03  0.839342E-03  0.213856E+03
  0.996670E+02  0.647090E-03  0.505535E-03  0.190932E-03  0.839342E-03  0.214382E+03
  0.996670E+02  0.647090E-03  0.505535E-03  0.190932E-03  0.839342E-03  0.214382E+03
  0.996670E+02  0.647090E-03  0.505535E-03  0.190932E-03  0.839342E-03  0.214382E+03
  0.996670E+02  0.647090E-03  0.505535E-03  0.190932E-03  0.839342E-03  0.214382E+03
  0.996670E+02  0.647090E-03  0.266996E-03  0.190932E-03  0.839342E-03  0.214798E+03
  0.996670E+02  0.647090E-03  0.266996E-03  0.190932E-03  0.839342E-03  0.214798E+03
  0.996670E+02  0.647090E-03  0.266996E-03  0.190932E-03  0.839342E-03  0.214798E+03
  0.996670E+02  0.647090E-03  0.266996E-03  0.190932E-03  0.839342E-03  0.214798E+03
  0.996670E+02  0.647090E-03  0.266996E-03  0.190932E-03  0.839342E-03  0.214798E+03
  0.996670E+02  0.647090E-03  0.266996E-03  0.190932E-03  0.839342E-03  0.214798E+03
  0.996670E+02  0.647090E-03  0.266996E-03  0.190932E-03  0.839342E-03  0.214798E+03
  0.996670E+02  0.440377E-03  0.266996E-03  0.190932E-03  0.839342E-03  0.215428E+03
  0.996670E+02  0.440377E-03  0.266996E-03  0.190932E-03  0.839342E-03  0.215428E+03
  0.997524E+02  0.440377E-03  0.266996E-03  0.190932E-03  0.686796E-03  0.215497E+03
  0.997524E+02  0.440377E-03  0.266996E-03  0.190932E-03  0.686796E-03  0.215497E+03
  0.997524E+02  0.440377E-03  0.266996E-03  0.190932E-03  0.880568E-03  0.215662E+03
  0.997524E+02  0.440377E-03  0.266996E-03  0.190932E-03  0.880568E-03  0.215662E+03
  0.100329E+03  0.440377E-03  0.266996E-03  0.190932E-03  0.781244E-03  0.216808E+03
  0.100329E+03  0.440377E-03  0.266996E-03  0.190932E-03  0.781244E-03  0.216808E+03
  0.100329E+03  0.440377E-03  0.266996E-03  0.190932E-03  0.781244E-03  0.216808E+03
  0.100329E+03  0.440377E-03  0.266996E-03  0.190932E-03  0.781244E-03  0.216808E+03
  0.100329E+03  0.440377E-03  0.266996E-03  0.190932E-03  0.781244E-03  0.216808E+03
  0.100329E+03  0.440377E-03  0.266996E-03  0.267337E-03  0.781244E-03  0.216349E+03
  0.100329E+03  0.440377E-03  0.266996E-03  0.267337E-03  0.781244E-03  0.216349E+03
  0.100329E+03  0.440377E-03  0.266996E-03  0.124289E-03  0.781244E-03  0.217105E+03
  0.100329E+03  0.440377E-03  0.266996E-03  0.124289E-03  0.781244E-03  0.217105E+03
  0.100329E+03  0.440377E-03  0.266996E-03  0.124289E-03  0.781244E-03  0.217105E+03
  0.100329E+03  0.440377E-03  0.266996E-03  0.124289E-03  0.781244E-03  0.217105E+03
  0.100329E+03  0.440377E-03  0.266996E-03  0.124289E-03  0.781244E-03  0.217105E+03
  0.100329E+03  0.440377E-03  0.266996E-03  0.124289E-03  0.781244E-03  0.217105E+03
  0.100329E+03  0.440377E-03  0.266996E-03  0.124289E-03  0.781244E-03  0.217105E+03
  0.100329E+03  0.440377E-03  0.266996E-03  0.124289E-03  0.970287E-03  0.217199E+03
  0.100329E+03  0.440377E-03  0.266996E-03  0.124289E-03  0.970287E-03  0.217199E+03
  0.100329E+03  0.183021E-03  0.266996E-03  0.124289E-03  0.970287E-03  0.217774E+03
  0.100329E+03  0.183021E-03  0.266996E-03  0.124289E-03  0.970287E-03  0.217774E+03
  0.100329E+03  0.183021E-03  0.266996E-03  0.124289E-03  0.970287E-03  0.217774E+03
  0.100329E+03  0.183021E-03  0.266996E-03  0.124289E-03  0.970287E-03  0.217774E+03
  0.100329E+03  0.183021E-03  0.266996E-03  0.124289E-03  0.970287E-03  0.217774E+03
  0.100329E+03  0.183021E-03  0.266996E-03  0.124289E-03  0.970287E-03  0.217774E+03
  0.100329E+03  0.183021E-03  0.266996E-03  0.124289E-03  0.970287E-03  0.217774E+03
  0.100329E+03  0.183021E-03  0.266996E-03  0.124289E-03  0.970287E-03  0.217774E+03
  0.100329E+03  0.183021E-03  0.266996E-03  0.124289E-03  0.970287E-03  0.217774E+03
  0.100329E+03  0.183021E-03  0.266996E-03  0.124289E-03  0.970287E-03  0.217774E+03
  0.100329E+03  0.183021E-03  0.266996E-03  0.124289E-03  0.970287E-03  0.217774E+03
  0.100329E+03  0.183021E-03  0.266996E-03  0.124289E-03  0.970287E-03  0.217774E+03
  0.100329E+03  0.183021E-03  0.266996E-03  0.124289E-03  0.970287E-03  0.217774E+03
  0.100329E+03  0.183021E-03  0.266996E-03  0.124289E-03  0.970287E-03  0.217774E+03
  0.100329E+03  0.183021E-03  0.266996E-03  0.124289E-03  0.970287E-03  0.217774E+03
  0.100329E+03  0.183021E-03  0.266996E-03  0.124289E-03  0.970287E-03  0.217774E+03
  0.100329E+03  0.183021E-03  0.266996E-03  0.124289E-03  0.970287E-03  0.217774E+03
  0.100329E+03  0.183021E-03  0.266996E-03  0.124289E-03  0.970287E-03  0.217774E+03
  0.100329E+03  0.183021E-03  0.266996E-03  0.124289E-03  0.970287E-03  0.217774E+03
  0.100329E+03  0.183021E-03  0.266996E-03  0.124289E-03  0.970287E-03  0.217774E+03
  0.100329E+03  0.183021E-03  0.266996E-03  0.124289E-03  0.970287E-03  0.217774E+03
  0.100329E+03  0.183021E-03  0.266996E-03  0.124289E-03  0.970287E-03  0.217774E+03
  0.100329E+03  0.183021E-03  0.266996E-03  0.124289E-03  0.970287E-03  0.217774E+03
  0.100329E+03  0.183021E-03  0.266996E-03  0.124289E-03  0.970287E-03  0.217774E+03
  0.101234E+03  0.183021E-03  0.266996E-03  0.124289E-03  0.970287E-03  0.217734E+03
  0.101234E+03  0.183021E-03  0.266996E-03  0.124289E-03  0.970287E-03  0.217734E+03
  0.101234E+03  0.183021E-03  0.266996E-03  0.124289E-03  0.970287E-03  0.217734E+03
  0.101234E+03  0.183021E-03  0.266996E-03  0.124289E-03  0.970287E-03  0.217734E+03
  0.101234E+03  0.183021E-03  0.266996E-03  0.124289E-03  0.970287E-03  0.217734E+03
  0.100249E+03  0.183021E-03  0.266996E-03  0.124289E-03  0.970287E-03  0.217645E+03
  0.100249E+03  0.183021E-03  0.266996E-03  0.124289E-03  0.970287E-03  0.217645E+03
  0.100249E+03  0.183021E-03  0.266996E-03  0.124289E-03  0.970287E-03  0.217645E+03
  0.100249E+03  0.183021E-03  0.266996E-03  0.124289E-03  0.970287E-03  0.217645E+03
  0.100249E+03  0.183021E-03  0.266996E-03  0.124289E-03  0.970287E-03  0.217645E+03
  0.100249E+03  0.183021E-03  0.100244E-03  0.124289E-03  0.970287E-03  0.217915E+03
  0.100249E+03  0.183021E-03  0.100244E-03  0.124289E-03  0.970287E-03  0.217915E+03
  0.100249E+03  0.183021E-03  0.100244E-03  0.124289E-03  0.970287E-03  0.217915E+03
  0.100249E+03  0.183021E-03  0.100244E-03  0.124289E-03  0.970287E-03  0.217915E+03
  0.100249E+03  0.183021E-03  0.100244E-03  0.124289E-03  0.970287E-03  0.217915E+03
  0.100249E+03  0.183021E-03  0.100244E-03  0.124289E-03  0.970287E-03  0.217915E+03
  0.100249E+03  0.183021E-03  0.100244E-03  0.124289E-03  0.814216E-03  0.217907E+03
  0.100249E+03  0.183021E-03  0.100244E-03  0.124289E-03  0.814216E-03  0.217907E+03
  0.100249E+03  0.183021E-03  0.100244E-03  0.124289E-03  0.814216E-03  0.217907E+03
  0.100249E+03  0.183021E-03  0.100244E-03  0.124289E-03  0.814216E-03  0.217907E+03
  0.100249E+03  0.183021E-03  0.100244E-03  0.546869E-03  0.814216E-03  0.214918E+03
  0.100249E+03  0.183021E-03  0.100244E-03  0.546869E-03  0.814216E-03  0.214918E+03
  0.100249E+03  0.183021E-03  0.100244E-03  0.546869E-03  0.814216E-03  0.214918E+03
  0.101113E+03  0.411213E-03  0.100244E-03  0.546869E-03  0.814216E-03  0.214906E+03
  0.101113E+03  0.411213E-03  0.100244E-03  0.546869E-03  0.814216E-03  0.214906E+03
  0.101113E+03  0.411213E-03  0.100244E-03  0.546869E-03  0.814216E-03  0.214906E+03
  0.101113E+03  0.411213E-03  0.100244E-03  0.546869E-03  0.814216E-03  0.214906E+03
  0.101113E+03  0.411213E-03  0.100244E-03  0.546869E-03  0.814216E-03  0.214906E+03
  0.101113E+03  0.411213E-03  0.100244E-03  0.156725E-03  0.814216E-03  0.217521E+03
  0.101113E+03  0.411213E-03  0.100244E-03  0.156725E-03  0.814216E-03  0.217521E+03
  0.994627E+02  0.411213E-03  0.100244E-03  0.156725E-03  0.814216E-03  0.214756E+03
  0.994627E+02  0.411213E-03  0.100244E-03  0.156725E-03  0.814216E-03  0.214756E+03
  0.994627E+02  0.411213E-03  0.100244E-03  0.156725E-03  0.955412E-03  0.214568E+03
  0.994627E+02  0.411213E-03  0.100244E-03  0.156725E-03  0.955412E-03  0.214568E+03
  0.994627E+02  0.411213E-03  0.100244E-03  0.156725E-03  0.955412E-03  0.214568E+03
  0.994627E+02  0.411213E-03  0.100244E-03  0.156725E-03  0.955412E-03  0.214568E+03
  0.994627E+02  0.411213E-03  0.100244E-03  0.156725E-03  0.955412E-03  0.214568E+03
  0.994627E+02  0.411213E-03  0.100244E-03  0.156725E-03  0.955412E-03  0.214568E+03
  0.994627E+02  0.411213E-03  0.100244E-03  0.156725E-03  0.955412E-03  0.214568E+03
  0.100576E+03  0.411213E-03  0.100244E-03  0.156725E-03  0.955412E-03  0.217802E+03
  0.100576E+03  0.411213E-03  0.100244E-03  0.156725E-03  0.109356E-02  0.217661E+03
  0.100576E+03  0.411213E-03  0.100244E-03  0.156725E-03  0.109356E-02  0.217661E+03
  0.100576E+03  0.411213E-03  0.100244E-03  0.156725E-03  0.109356E-02  0.217661E+03
  0.100576E+03  0.411213E-03  0.100244E-03  0.156725E-03  0.109356E-02  0.217661E+03
  0.100576E+03  0.411213E-03  0.100244E-03  0.156725E-03  0.142112E-02  0.216851E+03
  0.100576E+03  0.411213E-03  0.100244E-03  0.366960E-03  0.142112E-02  0.215515E+03
  0.100576E+03  0.541678E-03  0.100244E-03  0.366960E-03  0.142112E-02  0.215095E+03
  0.100576E+03  0.541678E-03  0.100244E-03  0.366960E-03  0.142112E-02  0.215095E+03
  0.100576E+03  0.541678E-03  0.296051E-03  0.366960E-03  0.142112E-02  0.214599E+03
  0.100576E+03  0.883139E-03  0.296051E-03  0.366960E-03  0.142112E-02  0.213242E+03
  0.100576E+03  0.883139E-03  0.296051E-03  0.366960E-03  0.142112E-02  0.213242E+03
  0.997750E+02  0.883139E-03  0.296051E-03  0.366960E-03  0.142112E-02  0.211579E+03
  0.997750E+02  0.847105E-03  0.296051E-03  0.366960E-03  0.142112E-02  0.211721E+03
  0.997750E+02  0.847105E-03  0.234942E-03  0.366960E-03  0.142112E-02  0.211773E+03
  0.997750E+02  0.847105E-03  0.234942E-03  0.366960E-03  0.142112E-02  0.211773E+03
  0.997750E+02  0.847105E-03  0.234942E-03  0.366960E-03  0.142112E-02  0.211773E+03
  0.997750E+02  0.847105E-03  0.234942E-03  0.366960E-03  0.142112E-02  0.211773E+03
  0.997750E+02  0.847105E-03  0.234942E-03  0.343422E-03  0.142112E-02  0.211952E+03
  0.997750E+02  0.847105E-03  0.234942E-03  0.343422E-03  0.142112E-02  0.211952E+03
  0.102598E+03  0.847105E-03  0.234942E-03  0.522301E-03  0.142112E-02  0.210066E+03
  0.102598E+03  0.847105E-03  0.234942E-03  0.522301E-03  0.142112E-02  0.210066E+03
  0.102598E+03  0.847105E-03  0.234942E-03  0.522301E-03  0.142112E-02  0.210066E+03
  0.102598E+03  0.847105E-03  0.234942E-03  0.522301E-03  0.142112E-02  0.210066E+03
  0.102598E+03  0.847105E-03  0.234942E-03  0.522301E-03  0.205601E-02  0.208585E+03
  0.102598E+03  0.795750E-03  0.234942E-03  0.522301E-03  0.205601E-02  0.208772E+03
  0.101757E+03  0.636920E-03  0.234942E-03  0.522301E-03  0.190781E-02  0.211693E+03
  0.101661E+03  0.636920E-03  0.234942E-03  0.522301E-03  0.190781E-02  0.211818E+03
  0.101661E+03  0.636920E-03  0.234942E-03  0.522301E-03  0.190781E-02  0.211818E+03
  0.102165E+03  0.636920E-03  0.234942E-03  0.522301E-03  0.190781E-02  0.210953E+03
  0.102165E+03  0.636920E-03  0.234942E-03  0.522301E-03  0.176898E-02  0.211329E+03
  0.102165E+03  0.636920E-03  0.234942E-03  0.522301E-03  0.176898E-02  0.211329E+03
  0.102165E+03  0.636920E-03  0.417710E-03  0.522301E-03  0.176898E-02  0.210308E+03
  0.102165E+03  0.636920E-03  0.417710E-03  0.522301E-03  0.176898E-02  0.210308E+03
  0.101993E+03  0.636920E-03  0.417710E-03  0.522301E-03  0.176898E-02  0.210668E+03
  0.101993E+03  0.636920E-03  0.417710E-03  0.501040E-04  0.176898E-02  0.212546E+03
  0.101993E+03  0.277070E-03  0.417710E-03  0.501040E-04  0.176898E-02  0.213577E+03
  0.101993E+03  0.277070E-03  0.417710E-03  0.501040E-04  0.176898E-02  0.213577E+03
  0.101993E+03  0.277070E-03  0.398436E-03  0.501040E-04  0.143119E-02  0.214536E+03
  0.101993E+03  0.398592E-03  0.398436E-03  0.501040E-04  0.143119E-02  0.214258E+03
  0.101993E+03  0.398592E-03  0.398436E-03  0.501040E-04  0.143119E-02  0.214258E+03
  0.101993E+03  0.398592E-03  0.398436E-03  0.501040E-04  0.147057E-02  0.214174E+03
  0.101993E+03  0.398592E-03  0.398436E-03  0.501040E-04  0.596528E-03  0.211701E+03
  0.101993E+03  0.238757E-03  0.398436E-03  0.501040E-04  0.663248E-03  0.212972E+03
  0.101993E+03  0.238757E-03  0.398436E-03  0.501040E-04  0.663248E-03  0.212972E+03
  0.101993E+03  0.238757E-03  0.398436E-03  0.501040E-04  0.663248E-03  0.212972E+03
  0.101993E+03  0.238757E-03  0.398436E-03  0.501040E-04  0.199665E-02  0.213135E+03
  0.101993E+03  0.238757E-03  0.398436E-03  0.501040E-04  0.199665E-02  0.213135E+03
  0.101993E+03  0.238757E-03  0.398436E-03  0.501040E-04  0.199665E-02  0.213135E+03
  0.101993E+03  0.238757E-03  0.398436E-03  0.501040E-04  0.199665E-02  0.213135E+03
  0.101993E+03  0.238757E-03  0.398436E-03  0.501040E-04  0.199665E-02  0.213135E+03
  0.101993E+03  0.238757E-03  0.398436E-03  0.501040E-04  0.199665E-02  0.213135E+03
  0.101993E+03  0.238757E-03  0.407282E-03  0.501040E-04  0.199665E-02  0.213078E+03
  0.101993E+03  0.238757E-03  0.407282E-03  0.501040E-04  0.199665E-02  0.213078E+03
  0.101993E+03  0.238757E-03  0.407282E-03  0.501040E-04  0.199665E-02  0.213078E+03
  0.101993E+03  0.238757E-03  0.407282E-03  0.291923E-03  0.199665E-02  0.212507E+03
  0.101993E+03  0.238757E-03  0.407282E-03  0.291923E-03  0.199665E-02  0.212507E+03
  0.101993E+03  0.238757E-03  0.117965E-03  0.291923E-03  0.940334E-03  0.215539E+03
  0.101993E+03  0.238757E-03  0.117965E-03  0.291923E-03  0.940334E-03  0.215539E+03
  0.101993E+03  0.238757E-03  0.117965E-03  0.291923E-03  0.940334E-03  0.215539E+03
  0.101993E+03  0.238757E-03  0.117965E-03  0.291923E-03  0.940334E-03  0.215539E+03
  0.101993E+03  0.238757E-03  0.117965E-03  0.291923E-03  0.131790E-02  0.215563E+03
  0.101993E+03  0.238757E-03  0.117965E-03  0.291923E-03  0.131790E-02  0.215563E+03
  0.101993E+03  0.238757E-03  0.117965E-03  0.291923E-03  0.963657E-03  0.215595E+03
  0.101993E+03  0.238757E-03  0.117965E-03  0.291923E-03  0.963657E-03  0.215595E+03
  0.101993E+03  0.238757E-03  0.117965E-03  0.228720E-03  0.963657E-03  0.215834E+03
  0.101993E+03  0.238757E-03  0.265150E-03  0.228720E-03  0.963657E-03  0.215276E+03
  0.101993E+03  0.238757E-03  0.265150E-03  0.228720E-03  0.963657E-03  0.215276E+03
  0.101993E+03  0.238757E-03  0.265150E-03  0.228720E-03  0.963657E-03  0.215276E+03
  0.101993E+03  0.238757E-03  0.265150E-03  0.228720E-03  0.963657E-03  0.215276E+03
  0.101993E+03  0.238757E-03  0.265150E-03  0.228720E-03  0.963657E-03  0.215276E+03
  0.101993E+03  0.238757E-03  0.265150E-03  0.228720E-03  0.963657E-03  0.215276E+03
  0.101993E+03  0.238757E-03  0.265150E-03  0.228720E-03  0.963657E-03  0.215276E+03
  0.101993E+03  0.238757E-03  0.265150E-03  0.228720E-03  0.963657E-03  0.215276E+03
  0.101993E+03  0.238757E-03  0.265150E-03  0.228720E-03  0.963657E-03  0.215276E+03
  0.101993E+03  0.238757E-03  0.265150E-03  0.129633E-03  0.963657E-03  0.215520E+03
  0.100458E+03  0.238757E-03  0.265150E-03  0.129633E-03  0.963657E-03  0.217837E+03
  0.100458E+03  0.238757E-03  0.265150E-03  0.129633E-03  0.963657E-03  0.217837E+03
  0.100458E+03  0.238757E-03  0.265150E-03  0.129633E-03  0.963657E-03  0.217837E+03
  0.100458E+03  0.238757E-03  0.265150E-03  0.129633E-03  0.963657E-03  0.217837E+03
  0.100458E+03  0.238757E-03  0.265150E-03  0.129633E-03  0.963657E-03  0.217837E+03
  0.100458E+03  0.238757E-03  0.265150E-03  0.129633E-03  0.963657E-03  0.217837E+03
  0.100458E+03  0.238757E-03  0.265150E-03  0.129633E-03  0.963657E-03  0.217837E+03
  0.100458E+03  0.238757E-03  0.265150E-03  0.418539E-04  0.963657E-03  0.218058E+03
  0.100458E+03  0.238757E-03  0.265150E-03  0.418539E-04  0.963657E-03  0.218058E+03
  0.100458E+03  0.238757E-03  0.265150E-03  0.418539E-04  0.963657E-03  0.218058E+03
  0.100458E+03  0.238757E-03  0.265150E-03  0.418539E-04  0.963657E-03  0.218058E+03
  0.100458E+03  0.238757E-03  0.265150E-03  0.418539E-04  0.963657E-03  0.218058E+03
  0.100458E+03  0.238757E-03  0.265150E-03  0.418539E-04  0.963657E-03  0.218058E+03
  0.100458E+03  0.238757E-03  0.192262E-03  0.418539E-04  0.963657E-03  0.218251E+03
  0.100458E+03  0.238757E-03  0.192262E-03  0.418539E-04  0.963657E-03  0.218251E+03
  0.100458E+03  0.238757E-03  0.192262E-03  0.418539E-04  0.963657E-03  0.218251E+03
  0.100458E+03  0.238757E-03  0.192262E-03  0.418539E-04  0.963657E-03  0.218251E+03
  0.100458E+03  0.238757E-03  0.192262E-03  0.418539E-04  0.963657E-03  0.218251E+03
  0.100458E+03  0.238757E-03  0.192262E-03  0.418539E-04  0.963657E-03  0.218251E+03
  0.100458E+03  0.238757E-03  0.192262E-03  0.418539E-04  0.963657E-03  0.218251E+03
  0.100458E+03  0.238757E-03  0.192262E-03  0.418539E-04  0.963657E-03  0.218251E+03
  0.100458E+03  0.238757E-03  0.192262E-03  0.418539E-04  0.963657E-03  0.218251E+03
  0.100458E+03  0.238757E-03  0.192262E-03  0.418539E-04  0.963657E-03  0.218251E+03
  0.100458E+03  0.955957E-04  0.192262E-03  0.418539E-04  0.963657E-03  0.218436E+03
  0.100458E+03  0.955957E-04  0.192262E-03  0.418539E-04  0.119294E-02  0.218067E+03
  0.100458E+03  0.955957E-04  0.192262E-03  0.418539E-04  0.119294E-02  0.218067E+03
  0.100458E+03  0.955957E-04  0.192262E-03  0.418539E-04  0.119294E-02  0.218067E+03
  0.100458E+03  0.955957E-04  0.192262E-03  0.418539E-04  0.119294E-02  0.218067E+03
  0.100458E+03  0.955957E-04  0.192262E-03  0.418539E-04  0.119294E-02  0.218067E+03
  0.100458E+03  0.955957E-04  0.192262E-03  0.418539E-04  0.119294E-02  0.218067E+03
  0.100458E+03  0.955957E-04  0.192262E-03  0.418539E-04  0.119294E-02  0.218067E+03
  0.100458E+03  0.955957E-04  0.322627E-03  0.418539E-04  0.119294E-02  0.217677E+03
  0.100458E+03  0.955957E-04  0.322627E-03  0.418539E-04  0.119294E-02  0.217677E+03
  0.100475E+03  0.955957E-04  0.322627E-03  0.418539E-04  0.119294E-02  0.217688E+03
  0.100475E+03  0.955957E-04  0.322627E-03  0.418539E-04  0.119294E-02  0.217688E+03
  0.100475E+03  0.955957E-04  0.322627E-03  0.418539E-04  0.119294E-02  0.217688E+03
  0.100475E+03  0.762458E-04  0.322627E-03  0.589123E-04  0.119294E-02  0.217676E+03
  0.100475E+03  0.762458E-04  0.322627E-03  0.589123E-04  0.119294E-02  0.217676E+03
  0.100475E+03  0.762458E-04  0.322627E-03  0.589123E-04  0.119294E-02  0.217676E+03
  0.100475E+03  0.762458E-04  0.322627E-03  0.589123E-04  0.119294E-02  0.217676E+03
  0.100475E+03  0.762458E-04  0.322627E-03  0.589123E-04  0.119294E-02  0.217676E+03
  0.100475E+03  0.762458E-04  0.322627E-03  0.589123E-04  0.119294E-02  0.217676E+03
  0.100754E+03  0.762458E-04  0.322627E-03  0.589123E-04  0.119294E-02  0.217861E+03
  0.100754E+03  0.762458E-04  0.322627E-03  0.589123E-04  0.119294E-02  0.217861E+03
  0.100754E+03  0.762458E-04  0.322627E-03  0.589123E-04  0.119294E-02  0.217861E+03
  0.100505E+03  0.762458E-04  0.322627E-03  0.563993E-04  0.119294E-02  0.217723E+03
  0.100505E+03  0.762458E-04  0.322627E-03  0.563993E-04  0.119294E-02  0.217723E+03
  0.100505E+03  0.762458E-04  0.322627E-03  0.563993E-04  0.119294E-02  0.217723E+03
  0.100505E+03  0.762458E-04  0.322627E-03  0.563993E-04  0.139982E-02  0.217161E+03
  0.100505E+03  0.762458E-04  0.322627E-03  0.563993E-04  0.139982E-02  0.217161E+03
  0.100505E+03  0.762458E-04  0.322627E-03  0.563993E-04  0.139982E-02  0.217161E+03
  0.100505E+03  0.762458E-04  0.322627E-03  0.563993E-04  0.166757E-02  0.216312E+03
  0.100505E+03  0.762458E-04  0.214996E-03  0.563993E-04  0.166757E-02  0.216662E+03
  0.100505E+03  0.762458E-04  0.214996E-03  0.563993E-04  0.166757E-02  0.216662E+03
  0.100505E+03  0.762458E-04  0.214996E-03  0.563993E-04  0.166757E-02  0.216662E+03
  0.100505E+03  0.762458E-04  0.214996E-03  0.563993E-04  0.166757E-02  0.216662E+03
  0.100505E+03  0.762458E-04  0.214996E-03  0.563993E-04  0.166757E-02  0.216662E+03
  0.100505E+03  0.762458E-04  0.214996E-03  0.563993E-04  0.166757E-02  0.216662E+03
  0.100505E+03  0.762458E-04  0.340304E-04  0.563993E-04  0.143927E-02  0.217660E+03
  0.100505E+03  0.762458E-04  0.340304E-04  0.563993E-04  0.143927E-02  0.217660E+03
  0.100832E+03  0.762458E-04  0.340304E-04  0.563993E-04  0.143927E-02  0.218026E+03
  0.101217E+03  0.762458E-04  0.340304E-04  0.563993E-04  0.143927E-02  0.217962E+03
  0.100726E+03  0.762458E-04  0.340304E-04  0.563993E-04  0.143927E-02  0.217952E+03
  0.100726E+03  0.762458E-04  0.340304E-04  0.563993E-04  0.143927E-02  0.217952E+03
  0.100999E+03  0.762458E-04  0.340304E-04  0.563993E-04  0.143927E-02  0.218067E+03
  0.100999E+03  0.762458E-04  0.340304E-04  0.563993E-04  0.143927E-02  0.218067E+03
  0.100999E+03  0.762458E-04  0.340304E-04  0.563993E-04  0.143927E-02  0.218067E+03
  0.100999E+03  0.762458E-04  0.340304E-04  0.563993E-04  0.143927E-02  0.218067E+03
  0.100999E+03  0.762458E-04  0.340304E-04  0.563993E-04  0.143927E-02  0.218067E+03
  0.100999E+03  0.762458E-04  0.340304E-04  0.563993E-04  0.143927E-02  0.218067E+03
  0.100999E+03  0.762458E-04  0.340304E-04  0.563993E-04  0.115087E-02  0.218723E+03
  0.100999E+03  0.762458E-04  0.340304E-04  0.563993E-04  0.115087E-02  0.218723E+03
  0.100965E+03  0.762458E-04  0.340304E-04  0.563993E-04  0.115087E-02  0.218733E+03
  0.100965E+03  0.762458E-04  0.340304E-04  0.563993E-04  0.115087E-02  0.218733E+03
  0.100965E+03  0.762458E-04  0.340304E-04  0.102125E-04  0.115087E-02  0.218775E+03
  0.100965E+03  0.762458E-04  0.340304E-04  0.102125E-04  0.115087E-02  0.218775E+03
  0.100965E+03  0.762458E-04  0.340304E-04  0.102125E-04  0.115087E-02  0.218775E+03
  0.100965E+03  0.762458E-04  0.340304E-04  0.102125E-04  0.115087E-02  0.218775E+03
  0.100965E+03  0.762458E-04  0.340304E-04  0.102125E-04  0.115087E-02  0.218775E+03
  0.100965E+03  0.762458E-04  0.189087E-03  0.102125E-04  0.758602E-03  0.218192E+03
  0.100965E+03  0.762458E-04  0.189087E-03  0.599450E-04  0.758602E-03  0.218144E+03
  0.100965E+03  0.762458E-04  0.189087E-03  0.599450E-04  0.758602E-03  0.218144E+03
  0.100965E+03  0.762458E-04  0.189087E-03  0.599450E-04  0.758602E-03  0.218144E+03
  0.100965E+03  0.762458E-04  0.189087E-03  0.599450E-04  0.758602E-03  0.218144E+03
  0.100965E+03  0.762458E-04  0.217547E-03  0.599450E-04  0.758602E-03  0.218050E+03
  0.100965E+03  0.762458E-04  0.217547E-03  0.599450E-04  0.758602E-03  0.218050E+03
  0.100965E+03  0.762458E-04  0.217547E-03  0.599450E-04  0.758602E-03  0.218050E+03
  0.100952E+03  0.762458E-04  0.217547E-03  0.599450E-04  0.758602E-03  0.218061E+03
  0.100952E+03  0.762458E-04  0.217547E-03  0.599450E-04  0.758602E-03  0.218061E+03
  0.101665E+03  0.762458E-04  0.217547E-03  0.599450E-04  0.185922E-02  0.215621E+03
  0.101665E+03  0.762458E-04  0.217547E-03  0.599450E-04  0.185922E-02  0.215621E+03
  0.101665E+03  0.762458E-04  0.217547E-03  0.599450E-04  0.185922E-02  0.215621E+03
  0.101665E+03  0.762458E-04  0.217547E-03  0.599450E-04  0.233783E-02  0.214235E+03
  0.101665E+03  0.762458E-04  0.217547E-03  0.599450E-04  0.233783E-02  0.214235E+03
  0.101665E+03  0.762458E-04  0.217547E-03  0.599450E-04  0.233783E-02  0.214235E+03
  0.101665E+03  0.762458E-04  0.217547E-03  0.599450E-04  0.233783E-02  0.214235E+03
  0.101665E+03  0.762458E-04  0.217547E-03  0.599450E-04  0.165520E-02  0.216201E+03
  0.101665E+03  0.762458E-04  0.217547E-03  0.599450E-04  0.165520E-02  0.216201E+03
  0.101665E+03  0.762458E-04  0.217547E-03  0.599450E-04  0.165520E-02  0.216201E+03
  0.100171E+03  0.288609E-03  0.217547E-03  0.599450E-04  0.165520E-02  0.215671E+03
  0.100171E+03  0.288609E-03  0.217547E-03  0.599450E-04  0.165520E-02  0.215671E+03
  0.100171E+03  0.288609E-03  0.217547E-03  0.599450E-04  0.165520E-02  0.215671E+03
  0.100171E+03  0.288609E-03  0.217547E-03  0.599450E-04  0.165520E-02  0.215671E+03
  0.100171E+03  0.288609E-03  0.217547E-03  0.599450E-04  0.165520E-02  0.215671E+03
  0.100171E+03  0.288609E-03  0.217547E-03  0.599450E-04  0.165520E-02  0.215671E+03
  0.100171E+03  0.288609E-03  0.217547E-03  0.599450E-04  0.165520E-02  0.215671E+03
  0.100171E+03  0.357283E-03  0.217547E-03  0.599450E-04  0.165520E-02  0.215515E+03
  0.100171E+03  0.357283E-03  0.106608E-03  0.599450E-04  0.165520E-02  0.215648E+03
  0.100171E+03  0.357283E-03  0.106608E-03  0.599450E-04  0.165520E-02  0.215648E+03
  0.100607E+03  0.357283E-03  0.106608E-03  0.599450E-04  0.165520E-02  0.216598E+03
  0.100607E+03  0.357283E-03  0.106608E-03  0.599450E-04  0.165520E-02  0.216598E+03
  0.100607E+03  0.357283E-03  0.106608E-03  0.599450E-04  0.165520E-02  0.216598E+03
  0.100879E+03  0.357283E-03  0.106608E-03  0.599450E-04  0.165520E-02  0.216840E+03
  0.101824E+03  0.357283E-03  0.106608E-03  0.599450E-04  0.165520E-02  0.215701E+03
  0.101824E+03  0.357283E-03  0.106608E-03  0.599450E-04  0.153201E-02  0.216019E+03
  0.101824E+03  0.357283E-03  0.106608E-03  0.599450E-04  0.153201E-02  0.216019E+03
  0.101824E+03  0.357283E-03  0.119495E-03  0.599450E-04  0.153201E-02  0.215988E+03
  0.101824E+03  0.357283E-03  0.119495E-03  0.599450E-04  0.153201E-02  0.215988E+03
  0.101824E+03  0.357283E-03  0.123442E-03  0.599450E-04  0.153201E-02  0.215978E+03
  0.101824E+03  0.357283E-03  0.123442E-03  0.599450E-04  0.153201E-02  0.215978E+03
  0.101824E+03  0.357283E-03  0.123442E-03  0.599450E-04  0.153201E-02  0.215978E+03
  0.101824E+03  0.357283E-03  0.123442E-03  0.599450E-04  0.153201E-02  0.215978E+03
  0.101824E+03  0.357283E-03  0.123442E-03  0.599450E-04  0.123455E-02  0.216563E+03
  0.101824E+03  0.357283E-03  0.123442E-03  0.599450E-04  0.123455E-02  0.216563E+03
  0.101824E+03  0.357283E-03  0.123442E-03  0.599450E-04  0.123455E-02  0.216563E+03
  0.101824E+03  0.357283E-03  0.123442E-03  0.599450E-04  0.123455E-02  0.216563E+03
  0.101824E+03  0.357283E-03  0.190330E-03  0.599450E-04  0.338846E-02  0.210821E+03
  0.101824E+03  0.357283E-03  0.190330E-03  0.599450E-04  0.304590E-02  0.211639E+03
  0.101824E+03  0.357283E-03  0.190330E-03  0.599450E-04  0.304590E-02  0.211639E+03
  0.101824E+03  0.357283E-03  0.254503E-03  0.599450E-04  0.304590E-02  0.211361E+03
  0.101824E+03  0.356002E-03  0.254503E-03  0.599450E-04  0.491302E-03  0.211506E+03
  0.101824E+03  0.356002E-03  0.254503E-03  0.599450E-04  0.491302E-03  0.211506E+03
  0.101692E+03  0.356002E-03  0.254503E-03  0.599450E-04  0.491302E-03  0.212162E+03
  0.101692E+03  0.356002E-03  0.254503E-03  0.599450E-04  0.491302E-03  0.212162E+03
  0.101692E+03  0.356002E-03  0.254503E-03  0.599450E-04  0.491302E-03  0.212162E+03
  0.101692E+03  0.356002E-03  0.254503E-03  0.599450E-04  0.491302E-03  0.212162E+03
  0.990584E+02  0.356002E-03  0.254503E-03  0.599450E-04  0.491302E-03  0.212631E+03
  0.990584E+02  0.356002E-03  0.254503E-03  0.599450E-04  0.491302E-03  0.212631E+03
  0.990584E+02  0.356002E-03  0.878178E-03  0.599450E-04  0.908874E-03  0.212481E+03
  0.990584E+02  0.356002E-03  0.878178E-03  0.599450E-04  0.908874E-03  0.212481E+03
  0.990584E+02  0.356002E-03  0.878178E-03  0.599450E-04  0.908874E-03  0.212481E+03
  0.990584E+02  0.356002E-03  0.878178E-03  0.599450E-04  0.908874E-03  0.212481E+03
  0.990584E+02  0.356002E-03  0.878178E-03  0.599450E-04  0.908874E-03  0.212481E+03
  0.990584E+02  0.356002E-03  0.878178E-03  0.599450E-04  0.908874E-03  0.212481E+03
  0.990584E+02  0.356002E-03  0.609622E-03  0.599450E-04  0.985173E-03  0.213086E+03
  0.990584E+02  0.356002E-03  0.609622E-03  0.599450E-04  0.985173E-03  0.213086E+03
  0.990584E+02  0.297493E-03  0.609622E-03  0.599450E-04  0.985173E-03  0.213176E+03
  0.990584E+02  0.297493E-03  0.609622E-03  0.599450E-04  0.985173E-03  0.213176E+03
  0.100574E+03  0.297493E-03  0.609622E-03  0.599450E-04  0.985173E-03  0.216282E+03
  0.100574E+03  0.297493E-03  0.609622E-03  0.599450E-04  0.118643E-02  0.215970E+03
  0.100574E+03  0.297493E-03  0.609622E-03  0.599450E-04  0.106450E-02  0.216198E+03
  0.100574E+03  0.297493E-03  0.609622E-03  0.599450E-04  0.106450E-02  0.216198E+03
  0.100574E+03  0.332779E-03  0.609622E-03  0.599450E-04  0.106450E-02  0.216115E+03
  0.100574E+03  0.332779E-03  0.609622E-03  0.196657E-03  0.106450E-02  0.215622E+03
  0.100574E+03  0.332779E-03  0.609622E-03  0.196657E-03  0.106450E-02  0.215622E+03
  0.100574E+03  0.332779E-03  0.609622E-03  0.196657E-03  0.106450E-02  0.215622E+03
  0.101242E+03  0.332779E-03  0.609622E-03  0.196657E-03  0.106450E-02  0.215075E+03
  0.101242E+03  0.332779E-03  0.609622E-03  0.196657E-03  0.110149E-02  0.215050E+03
  0.101242E+03  0.332779E-03  0.609622E-03  0.196657E-03  0.110149E-02  0.215050E+03
  0.101242E+03  0.332779E-03  0.609622E-03  0.196657E-03  0.110149E-02  0.215050E+03
  0.101242E+03  0.332779E-03  0.609622E-03  0.196657E-03  0.110149E-02  0.215050E+03
  0.101242E+03  0.332779E-03  0.609622E-03  0.196657E-03  0.110149E-02  0.215050E+03
  0.101248E+03  0.332779E-03  0.609622E-03  0.196657E-03  0.110149E-02  0.215033E+03
  0.101248E+03  0.332779E-03  0.609622E-03  0.196657E-03  0.110149E-02  0.215033E+03
  0.100080E+03  0.645588E-04  0.609622E-03  0.104687E-03  0.110149E-02  0.215972E+03
  0.100080E+03  0.645588E-04  0.609622E-03  0.104687E-03  0.110149E-02  0.215972E+03
  0.100080E+03  0.645588E-04  0.609622E-03  0.104687E-03  0.110149E-02  0.215972E+03
  0.100080E+03  0.645588E-04  0.725311E-03  0.104687E-03  0.110149E-02  0.215369E+03
  0.100080E+03  0.645588E-04  0.262938E-03  0.150508E-03  0.669486E-03  0.216980E+03
  0.100080E+03  0.645588E-04  0.262938E-03  0.150508E-03  0.669486E-03  0.216980E+03
  0.100080E+03  0.645588E-04  0.262938E-03  0.150508E-03  0.669486E-03  0.216980E+03
  0.100080E+03  0.645588E-04  0.262938E-03  0.150508E-03  0.669486E-03  0.216980E+03
  0.100080E+03  0.645588E-04  0.262938E-03  0.150508E-03  0.669486E-03  0.216980E+03
  0.100080E+03  0.645588E-04  0.262938E-03  0.150508E-03  0.669486E-03  0.216980E+03
  0.100080E+03  0.275697E-03  0.262938E-03  0.213322E-03  0.669486E-03  0.216406E+03
  0.100080E+03  0.275697E-03  0.262938E-03  0.213322E-03  0.669486E-03  0.216406E+03
  0.100080E+03  0.275697E-03  0.262938E-03  0.213322E-03  0.669486E-03  0.216406E+03
  0.100080E+03  0.275697E-03  0.262938E-03  0.213322E-03  0.669486E-03  0.216406E+03
  0.100080E+03  0.275697E-03  0.262938E-03  0.213322E-03  0.669486E-03  0.216406E+03
  0.100080E+03  0.275697E-03  0.262938E-03  0.213322E-03  0.669486E-03  0.216406E+03
  0.100080E+03  0.275697E-03  0.262938E-03  0.213322E-03  0.669486E-03  0.216406E+03
  0.100080E+03  0.275697E-03  0.262938E-03  0.213322E-03  0.669486E-03  0.216406E+03
  0.100080E+03  0.275697E-03  0.262938E-03  0.188174E-04  0.669486E-03  0.217049E+03
  0.100080E+03  0.275697E-03  0.262938E-03  0.188174E-04  0.669486E-03  0.217049E+03
  0.100080E+03  0.275697E-03  0.262938E-03  0.460841E-04  0.669486E-03  0.217022E+03
  0.100080E+03  0.275697E-03  0.262938E-03  0.460841E-04  0.669486E-03  0.217022E+03
  0.100080E+03  0.275697E-03  0.262938E-03  0.460841E-04  0.669486E-03  0.217022E+03
  0.100080E+03  0.275697E-03  0.262938E-03  0.460841E-04  0.669486E-03  0.217022E+03
  0.100080E+03  0.275697E-03  0.262938E-03  0.460841E-04  0.669486E-03  0.217022E+03
  0.100080E+03  0.275697E-03  0.262938E-03  0.460841E-04  0.669486E-03  0.217022E+03
  0.100080E+03  0.275697E-03  0.262938E-03  0.460841E-04  0.669486E-03  0.217022E+03
  0.100080E+03  0.275697E-03  0.262938E-03  0.460841E-04  0.669486E-03  0.217022E+03
  0.100080E+03  0.275697E-03  0.262938E-03  0.460841E-04  0.669486E-03  0.217022E+03
  0.100080E+03  0.275697E-03  0.262938E-03  0.460841E-04  0.669486E-03  0.217022E+03
  0.100080E+03  0.275697E-03  0.262938E-03  0.460841E-04  0.669486E-03  0.217022E+03
  0.100080E+03  0.275697E-03  0.262938E-03  0.460841E-04  0.669486E-03  0.217022E+03
  0.100080E+03  0.275697E-03  0.262938E-03  0.460841E-04  0.669486E-03  0.217022E+03
  0.100080E+03  0.275697E-03  0.262938E-03  0.460841E-04  0.669486E-03  0.217022E+03
  0.100080E+03  0.275697E-03  0.262938E-03  0.961343E-04  0.669486E-03  0.216916E+03
  0.100080E+03  0.275697E-03  0.262938E-03  0.961343E-04  0.669486E-03  0.216916E+03
  0.100080E+03  0.275697E-03  0.262938E-03  0.961343E-04  0.669486E-03  0.216916E+03
  0.998156E+02  0.275697E-03  0.262938E-03  0.648960E-03  0.669486E-03  0.212498E+03
  0.998156E+02  0.275697E-03  0.262938E-03  0.648960E-03  0.669486E-03  0.212498E+03
  0.998156E+02  0.275697E-03  0.262938E-03  0.648960E-03  0.669486E-03  0.212498E+03
  0.998156E+02  0.275697E-03  0.666615E-03  0.648960E-03  0.669486E-03  0.211270E+03
  0.998156E+02  0.275697E-03  0.666615E-03  0.648960E-03  0.669486E-03  0.211270E+03
  0.998156E+02  0.275697E-03  0.666615E-03  0.423154E-03  0.669486E-03  0.213155E+03
  0.998156E+02  0.275697E-03  0.666615E-03  0.423154E-03  0.669486E-03  0.213155E+03
  0.998156E+02  0.275697E-03  0.666615E-03  0.423154E-03  0.669486E-03  0.213155E+03
  0.100846E+03  0.275697E-03  0.666615E-03  0.557826E-03  0.669486E-03  0.211815E+03
  0.100846E+03  0.275697E-03  0.666615E-03  0.557826E-03  0.669486E-03  0.211815E+03
  0.101521E+03  0.275697E-03  0.666615E-03  0.557826E-03  0.669486E-03  0.210484E+03
  0.102165E+03  0.275697E-03  0.666615E-03  0.557826E-03  0.669486E-03  0.208326E+03
  0.102165E+03  0.275697E-03  0.666615E-03  0.557826E-03  0.669486E-03  0.208326E+03
  0.102165E+03  0.275697E-03  0.666615E-03  0.557826E-03  0.669486E-03  0.208326E+03
  0.102165E+03  0.275697E-03  0.666615E-03  0.557826E-03  0.200127E-02  0.208704E+03
  0.102165E+03  0.275697E-03  0.666615E-03  0.557826E-03  0.153850E-02  0.209912E+03
  0.102165E+03  0.275697E-03  0.666615E-03  0.557826E-03  0.981762E-03  0.210321E+03
  0.102165E+03  0.275697E-03  0.666615E-03  0.557826E-03  0.981762E-03  0.210321E+03
  0.102165E+03  0.275697E-03  0.666615E-03  0.557826E-03  0.981762E-03  0.210321E+03
  0.102165E+03  0.275697E-03  0.666615E-03  0.557826E-03  0.981762E-03  0.210321E+03
  0.101813E+03  0.275697E-03  0.666615E-03  0.557826E-03  0.981762E-03  0.211306E+03
  0.101813E+03  0.275697E-03  0.666615E-03  0.557826E-03  0.772392E-03  0.210518E+03
  0.101813E+03  0.275697E-03  0.666615E-03  0.557826E-03  0.772392E-03  0.210518E+03
  0.101813E+03  0.341937E-03  0.666615E-03  0.557826E-03  0.772392E-03  0.210373E+03
  0.989497E+02  0.341937E-03  0.718353E-03  0.557826E-03  0.772392E-03  0.210219E+03
  0.101626E+03  0.341937E-03  0.718353E-03  0.557826E-03  0.161647E-02  0.210256E+03
  0.101626E+03  0.341937E-03  0.718353E-03  0.557826E-03  0.991925E-03  0.211202E+03
  0.101626E+03  0.341937E-03  0.718353E-03  0.557826E-03  0.991925E-03  0.211202E+03
  0.101626E+03  0.341937E-03  0.494606E-03  0.557826E-03  0.991925E-03  0.212774E+03
  0.101626E+03  0.341937E-03  0.494606E-03  0.557826E-03  0.119846E-02  0.212728E+03
  0.101626E+03  0.341937E-03  0.494606E-03  0.557826E-03  0.119846E-02  0.212728E+03
  0.101626E+03  0.341937E-03  0.494606E-03  0.557826E-03  0.119846E-02  0.212728E+03
  0.101626E+03  0.127524E-03  0.494606E-03  0.557826E-03  0.119846E-02  0.213103E+03
  0.101626E+03  0.447845E-04  0.494606E-03  0.557826E-03  0.119846E-02  0.213159E+03
  0.101626E+03  0.424341E-03  0.494606E-03  0.557826E-03  0.119846E-02  0.212507E+03
  0.101626E+03  0.424341E-03  0.494606E-03  0.557826E-03  0.119846E-02  0.212507E+03
  0.101626E+03  0.424341E-03  0.494606E-03  0.557826E-03  0.119846E-02  0.212507E+03
  0.101626E+03  0.424341E-03  0.494606E-03  0.557826E-03  0.119846E-02  0.212507E+03
  0.101626E+03  0.424341E-03  0.494606E-03  0.557826E-03  0.119846E-02  0.212507E+03
  0.101626E+03  0.424341E-03  0.494606E-03  0.557826E-03  0.119846E-02  0.212507E+03
  0.101626E+03  0.424341E-03  0.638176E-04  0.557826E-03  0.119846E-02  0.214548E+03
  0.101626E+03  0.424341E-03  0.638176E-04  0.371792E-03  0.119846E-02  0.215849E+03
  0.101626E+03  0.424341E-03  0.638176E-04  0.371792E-03  0.119846E-02  0.215849E+03
  0.101626E+03  0.424341E-03  0.638176E-04  0.371792E-03  0.119846E-02  0.215849E+03
  0.101626E+03  0.424341E-03  0.638176E-04  0.371792E-03  0.119846E-02  0.215849E+03
  0.101626E+03  0.424341E-03  0.638176E-04  0.371792E-03  0.718119E-03  0.214801E+03
  0.101626E+03  0.424341E-03  0.638176E-04  0.371792E-03  0.786376E-03  0.215266E+03
  0.100885E+03  0.424341E-03  0.638176E-04  0.371792E-03  0.786376E-03  0.216314E+03
  0.100885E+03  0.424341E-03  0.638176E-04  0.371792E-03  0.786376E-03  0.216314E+03
  0.100885E+03  0.424341E-03  0.638176E-04  0.395853E-03  0.786376E-03  0.216129E+03
  0.100885E+03  0.424341E-03  0.638176E-04  0.395853E-03  0.786376E-03  0.216129E+03
  0.101307E+03  0.135245E-03  0.638176E-04  0.395853E-03  0.786376E-03  0.216364E+03
  0.101307E+03  0.135245E-03  0.638176E-04  0.395853E-03  0.786376E-03  0.216364E+03
  0.100145E+03  0.135245E-03  0.638176E-04  0.395853E-03  0.786376E-03  0.216018E+03
  0.100145E+03  0.135245E-03  0.638176E-04  0.395853E-03  0.786376E-03  0.216018E+03
  0.100145E+03  0.135245E-03  0.382738E-03  0.395853E-03  0.786376E-03  0.215444E+03
  0.100145E+03  0.135245E-03  0.127950E-03  0.395853E-03  0.786376E-03  0.215979E+03
  0.100145E+03  0.135245E-03  0.127950E-03  0.395853E-03  0.786376E-03  0.215979E+03
  0.101775E+03  0.135245E-03  0.127950E-03  0.395853E-03  0.786376E-03  0.215180E+03
  0.101775E+03  0.135245E-03  0.127950E-03  0.395853E-03  0.786376E-03  0.215180E+03
  0.101282E+03  0.135245E-03  0.127950E-03  0.395853E-03  0.786376E-03  0.216292E+03
  0.101282E+03  0.408217E-03  0.127950E-03  0.395853E-03  0.786376E-03  0.215731E+03
  0.102100E+03  0.408217E-03  0.127950E-03  0.395853E-03  0.786376E-03  0.213520E+03
  0.999432E+02  0.408217E-03  0.127950E-03  0.395853E-03  0.786376E-03  0.214967E+03
  0.999432E+02  0.408217E-03  0.127950E-03  0.395853E-03  0.786376E-03  0.214967E+03
  0.999432E+02  0.408217E-03  0.318748E-04  0.168623E-03  0.786376E-03  0.216505E+03
  0.100078E+03  0.789378E-03  0.318748E-04  0.168623E-03  0.786376E-03  0.215557E+03
  0.100078E+03  0.789378E-03  0.318748E-04  0.168623E-03  0.786376E-03  0.215557E+03
  0.100078E+03  0.789378E-03  0.318748E-04  0.168623E-03  0.786376E-03  0.215557E+03
  0.100078E+03  0.789378E-03  0.318748E-04  0.168623E-03  0.786376E-03  0.215557E+03
  0.100078E+03  0.789378E-03  0.318748E-04  0.168623E-03  0.786376E-03  0.215557E+03
  0.100078E+03  0.277717E-03  0.318748E-04  0.168623E-03  0.786376E-03  0.217184E+03
  0.100078E+03  0.324097E-03  0.318748E-04  0.168623E-03  0.786376E-03  0.217086E+03
  0.100078E+03  0.324097E-03  0.318748E-04  0.168623E-03  0.786376E-03  0.217086E+03
  0.100078E+03  0.226980E-03  0.318748E-04  0.168623E-03  0.786376E-03  0.217274E+03
  0.100078E+03  0.226980E-03  0.199625E-03  0.168623E-03  0.786376E-03  0.217167E+03
  0.997193E+02  0.226980E-03  0.199625E-03  0.168623E-03  0.786376E-03  0.216158E+03
  0.100864E+03  0.226980E-03  0.199625E-03  0.168623E-03  0.786376E-03  0.217789E+03
  0.100078E+03  0.226980E-03  0.199625E-03  0.168623E-03  0.786376E-03  0.217167E+03
  0.100078E+03  0.224633E-03  0.199625E-03  0.168623E-03  0.786376E-03  0.217170E+03
  0.101163E+03  0.224633E-03  0.199625E-03  0.168623E-03  0.786376E-03  0.217474E+03
  0.101163E+03  0.134490E-03  0.554127E-03  0.168623E-03  0.786376E-03  0.215657E+03
  0.101163E+03  0.582900E-03  0.554127E-03  0.168623E-03  0.786376E-03  0.214509E+03
  0.101163E+03  0.582900E-03  0.554127E-03  0.445841E-03  0.786376E-03  0.212767E+03
  0.101163E+03  0.582900E-03  0.554127E-03  0.445841E-03  0.786376E-03  0.212767E+03
  0.101163E+03  0.222960E-03  0.554127E-03  0.445841E-03  0.786376E-03  0.213789E+03
  0.101587E+03  0.222960E-03  0.554127E-03  0.445841E-03  0.786376E-03  0.212894E+03
  0.101587E+03  0.222960E-03  0.554127E-03  0.445841E-03  0.786376E-03  0.212894E+03
  0.101587E+03  0.222960E-03  0.554127E-03  0.152725E-03  0.786376E-03  0.214455E+03
  0.101587E+03  0.222960E-03  0.554127E-03  0.783182E-03  0.786376E-03  0.210389E+03
  0.101587E+03  0.222960E-03  0.572724E-03  0.783182E-03  0.786376E-03  0.210258E+03
  0.101587E+03  0.222960E-03  0.572724E-03  0.783182E-03  0.786376E-03  0.210258E+03
  0.101587E+03  0.222960E-03  0.572724E-03  0.783182E-03  0.786376E-03  0.210258E+03
  0.101587E+03  0.222960E-03  0.572724E-03  0.783182E-03  0.786376E-03  0.210258E+03
  0.100613E+03  0.222960E-03  0.572724E-03  0.783182E-03  0.178137E-02  0.209527E+03
  0.100613E+03  0.222960E-03  0.572724E-03  0.783182E-03  0.192650E-02  0.209057E+03
  0.100613E+03  0.222960E-03  0.572724E-03  0.783182E-03  0.528208E-03  0.209556E+03
  0.100613E+03  0.222960E-03  0.572724E-03  0.783182E-03  0.528208E-03  0.209556E+03
  0.100613E+03  0.222960E-03  0.572724E-03  0.783182E-03  0.528208E-03  0.209556E+03
  0.100613E+03  0.222960E-03  0.572724E-03  0.867687E-04  0.103974E-02  0.216539E+03
  0.100613E+03  0.222960E-03  0.572724E-03  0.867687E-04  0.103974E-02  0.216539E+03
  0.100613E+03  0.222960E-03  0.572724E-03  0.867687E-04  0.101642E-02  0.216563E+03
  0.100613E+03  0.222960E-03  0.572724E-03  0.867687E-04  0.101642E-02  0.216563E+03
  0.100613E+03  0.222960E-03  0.135976E-03  0.867687E-04  0.101642E-02  0.218420E+03
  0.100613E+03  0.222960E-03  0.135976E-03  0.867687E-04  0.101642E-02  0.218420E+03
  0.100613E+03  0.222960E-03  0.135976E-03  0.867687E-04  0.101642E-02  0.218420E+03
  0.101888E+03  0.222960E-03  0.135976E-03  0.867687E-04  0.101642E-02  0.216588E+03
  0.101888E+03  0.222960E-03  0.135976E-03  0.867687E-04  0.108638E-02  0.216631E+03
  0.101888E+03  0.752898E-03  0.135976E-03  0.867687E-04  0.108638E-02  0.215044E+03
  0.100030E+03  0.752898E-03  0.135976E-03  0.867687E-04  0.108638E-02  0.215610E+03
  0.100030E+03  0.752898E-03  0.135976E-03  0.867687E-04  0.108638E-02  0.215610E+03
  0.100030E+03  0.752898E-03  0.135976E-03  0.867687E-04  0.108638E-02  0.215610E+03
  0.100030E+03  0.752898E-03  0.135976E-03  0.867687E-04  0.108638E-02  0.215610E+03
  0.100030E+03  0.752898E-03  0.135976E-03  0.867687E-04  0.108638E-02  0.215610E+03
  0.100030E+03  0.752898E-03  0.442355E-03  0.867687E-04  0.994801E-03  0.215150E+03
  0.101450E+03  0.752898E-03  0.442355E-03  0.867687E-04  0.994801E-03  0.214681E+03
  0.102536E+03  0.752898E-03  0.442355E-03  0.867687E-04  0.994801E-03  0.210597E+03
  0.102536E+03  0.752898E-03  0.442355E-03  0.867687E-04  0.994801E-03  0.210597E+03
  0.102536E+03  0.752898E-03  0.442355E-03  0.867687E-04  0.994801E-03  0.210597E+03
  0.102536E+03  0.752898E-03  0.442355E-03  0.867687E-04  0.994801E-03  0.210597E+03
  0.102536E+03  0.752898E-03  0.442355E-03  0.684549E-03  0.763520E-03  0.207268E+03
  0.102536E+03  0.752898E-03  0.442355E-03  0.684549E-03  0.763520E-03  0.207268E+03
  0.102536E+03  0.752898E-03  0.442355E-03  0.684549E-03  0.763520E-03  0.207268E+03
  0.102536E+03  0.752898E-03  0.442355E-03  0.684549E-03  0.763520E-03  0.207268E+03
  0.102536E+03  0.752898E-03  0.442355E-03  0.684549E-03  0.763520E-03  0.207268E+03
  0.102536E+03  0.752898E-03  0.442355E-03  0.684549E-03  0.763520E-03  0.207268E+03
  0.102536E+03  0.752898E-03  0.442355E-03  0.684549E-03  0.178390E-02  0.207761E+03
  0.991387E+02  0.752898E-03  0.649512E-05  0.684549E-03  0.178390E-02  0.205259E+03
  0.991387E+02  0.752898E-03  0.649512E-05  0.684549E-03  0.178390E-02  0.205259E+03
  0.991387E+02  0.752898E-03  0.318865E-03  0.684549E-03  0.178390E-02  0.205788E+03
  0.991387E+02  0.752898E-03  0.318865E-03  0.684549E-03  0.178390E-02  0.205788E+03
  0.991387E+02  0.752898E-03  0.318865E-03  0.550473E-03  0.178390E-02  0.206839E+03
  0.991387E+02  0.752898E-03  0.318865E-03  0.153702E-03  0.146411E-02  0.210576E+03
  0.991387E+02  0.752898E-03  0.318865E-03  0.153702E-03  0.152121E-02  0.210356E+03
  0.991387E+02  0.170081E-02  0.339775E-03  0.153702E-03  0.152121E-02  0.206908E+03
  0.991387E+02  0.170081E-02  0.339775E-03  0.153702E-03  0.152121E-02  0.206908E+03
  0.991387E+02  0.170081E-02  0.339775E-03  0.153702E-03  0.152121E-02  0.206908E+03
  0.102103E+03  0.170081E-02  0.339775E-03  0.153702E-03  0.152121E-02  0.208923E+03
  0.102103E+03  0.170081E-02  0.339775E-03  0.153702E-03  0.152121E-02  0.208923E+03
  0.102103E+03  0.196642E-02  0.339775E-03  0.153702E-03  0.152121E-02  0.207951E+03
  0.102103E+03  0.196642E-02  0.339775E-03  0.153702E-03  0.152121E-02  0.207951E+03
  0.102103E+03  0.196642E-02  0.339775E-03  0.153702E-03  0.152121E-02  0.207951E+03
  0.102103E+03  0.196642E-02  0.339775E-03  0.153702E-03  0.151954E-02  0.207955E+03
  0.102103E+03  0.196642E-02  0.339775E-03  0.153702E-03  0.151954E-02  0.207955E+03
  0.102103E+03  0.196642E-02  0.339775E-03  0.153702E-03  0.151954E-02  0.207955E+03
  0.100990E+03  0.547981E-03  0.339775E-03  0.925302E-05  0.179163E-02  0.215056E+03
  0.100990E+03  0.547981E-03  0.339775E-03  0.925302E-05  0.179163E-02  0.215056E+03
  0.100631E+03  0.547981E-03  0.809494E-04  0.925302E-05  0.179163E-02  0.215675E+03
  0.100631E+03  0.419809E-03  0.809494E-04  0.925302E-05  0.179163E-02  0.216093E+03
  0.100631E+03  0.419809E-03  0.809494E-04  0.925302E-05  0.179163E-02  0.216093E+03
  0.100631E+03  0.419809E-03  0.809494E-04  0.925302E-05  0.179163E-02  0.216093E+03
  0.100631E+03  0.803647E-03  0.809494E-04  0.925302E-05  0.179163E-02  0.214674E+03
  0.100631E+03  0.803647E-03  0.809494E-04  0.925302E-05  0.179163E-02  0.214674E+03
  0.100631E+03  0.441542E-03  0.809494E-04  0.925302E-05  0.179163E-02  0.216028E+03
  0.100631E+03  0.441542E-03  0.809494E-04  0.925302E-05  0.179163E-02  0.216028E+03
  0.100631E+03  0.441542E-03  0.809494E-04  0.925302E-05  0.980712E-03  0.218115E+03
  0.100631E+03  0.441542E-03  0.809494E-04  0.925302E-05  0.102786E-02  0.218079E+03
  0.100631E+03  0.441542E-03  0.809494E-04  0.925302E-05  0.102786E-02  0.218079E+03
  0.100631E+03  0.441542E-03  0.809494E-04  0.925302E-05  0.102786E-02  0.218079E+03
  0.100631E+03  0.441542E-03  0.809494E-04  0.925302E-05  0.102786E-02  0.218079E+03
  0.100631E+03  0.441542E-03  0.809494E-04  0.925302E-05  0.102786E-02  0.218079E+03
  0.100631E+03  0.351139E-03  0.809494E-04  0.925302E-05  0.102786E-02  0.218335E+03
  0.100631E+03  0.351139E-03  0.809494E-04  0.925302E-05  0.102786E-02  0.218335E+03
  0.100631E+03  0.351139E-03  0.809494E-04  0.925302E-05  0.102786E-02  0.218335E+03
  0.100631E+03  0.351139E-03  0.809494E-04  0.925302E-05  0.102786E-02  0.218335E+03
  0.100631E+03  0.351139E-03  0.599646E-04  0.925302E-05  0.102786E-02  0.218355E+03
  0.100631E+03  0.351139E-03  0.599646E-04  0.925302E-05  0.102786E-02  0.218355E+03
  0.100631E+03  0.351139E-03  0.599646E-04  0.925302E-05  0.102786E-02  0.218355E+03
  0.100631E+03  0.351139E-03  0.599646E-04  0.925302E-05  0.102786E-02  0.218355E+03
  0.100631E+03  0.351139E-03  0.599646E-04  0.925302E-05  0.102786E-02  0.218355E+03
  0.100631E+03  0.351139E-03  0.599646E-04  0.925302E-05  0.619098E-03  0.217294E+03
  0.100631E+03  0.351139E-03  0.599646E-04  0.925302E-05  0.619098E-03  0.217294E+03
  0.100631E+03  0.351139E-03  0.599646E-04  0.925302E-05  0.619098E-03  0.217294E+03
  0.100631E+03  0.351139E-03  0.599646E-04  0.925302E-05  0.619098E-03  0.217294E+03
  0.100631E+03  0.351139E-03  0.599646E-04  0.925302E-05  0.619098E-03  0.217294E+03
  0.100631E+03  0.351139E-03  0.599646E-04  0.925302E-05  0.134548E-02  0.217692E+03
  0.100631E+03  0.351139E-03  0.599646E-04  0.925302E-05  0.134548E-02  0.217692E+03
  0.100631E+03  0.351139E-03  0.599646E-04  0.246509E-03  0.134548E-02  0.216865E+03
  0.100631E+03  0.351139E-03  0.599646E-04  0.252451E-03  0.134548E-02  0.216828E+03
  0.100631E+03  0.351139E-03  0.733790E-05  0.252451E-03  0.134548E-02  0.216852E+03
  0.100631E+03  0.351139E-03  0.733790E-05  0.252451E-03  0.134548E-02  0.216852E+03
  0.100631E+03  0.351139E-03  0.733790E-05  0.252451E-03  0.134548E-02  0.216852E+03
  0.100631E+03  0.351139E-03  0.733790E-05  0.252451E-03  0.134548E-02  0.216852E+03
  0.100631E+03  0.351139E-03  0.733790E-05  0.252451E-03  0.134548E-02  0.216852E+03
  0.100631E+03  0.351139E-03  0.733790E-05  0.252451E-03  0.134548E-02  0.216852E+03
  0.101197E+03  0.351139E-03  0.733790E-05  0.252451E-03  0.134548E-02  0.217061E+03
  0.101197E+03  0.351139E-03  0.733790E-05  0.252451E-03  0.134548E-02  0.217061E+03
  0.101197E+03  0.351139E-03  0.733790E-05  0.252451E-03  0.134548E-02  0.217061E+03
  0.101197E+03  0.351139E-03  0.733790E-05  0.252451E-03  0.134548E-02  0.217061E+03
  0.101197E+03  0.205237E-03  0.733790E-05  0.252451E-03  0.134548E-02  0.217371E+03
  0.101197E+03  0.147163E-03  0.733790E-05  0.252451E-03  0.134548E-02  0.217452E+03
  0.101197E+03  0.147163E-03  0.733790E-05  0.252451E-03  0.134548E-02  0.217452E+03
  0.101197E+03  0.147163E-03  0.733790E-05  0.252451E-03  0.134548E-02  0.217452E+03
  0.995322E+02  0.147163E-03  0.733790E-05  0.252451E-03  0.134548E-02  0.213650E+03
  0.995322E+02  0.147163E-03  0.733790E-05  0.252451E-03  0.134548E-02  0.213650E+03
  0.995322E+02  0.433947E-03  0.733790E-05  0.252451E-03  0.134548E-02  0.213157E+03
  0.995322E+02  0.433947E-03  0.733790E-05  0.252451E-03  0.134548E-02  0.213157E+03
  0.995322E+02  0.433947E-03  0.315790E-03  0.252451E-03  0.134548E-02  0.213283E+03
  0.995322E+02  0.433947E-03  0.844069E-05  0.252451E-03  0.134548E-02  0.213157E+03
  0.995322E+02  0.433947E-03  0.844069E-05  0.252451E-03  0.134548E-02  0.213157E+03
  0.101712E+03  0.450419E-03  0.844069E-05  0.252451E-03  0.134548E-02  0.216070E+03
  0.101712E+03  0.450419E-03  0.844069E-05  0.664731E-03  0.134548E-02  0.213371E+03
  0.101712E+03  0.325885E-03  0.844069E-05  0.664731E-03  0.134548E-02  0.213705E+03
  0.101712E+03  0.325885E-03  0.844069E-05  0.538037E-03  0.134548E-02  0.214637E+03
  0.101712E+03  0.325885E-03  0.844069E-05  0.434157E-03  0.134548E-02  0.215365E+03
  0.101712E+03  0.325885E-03  0.628561E-04  0.434157E-03  0.134548E-02  0.215323E+03
  0.101712E+03  0.283217E-04  0.628561E-04  0.434157E-03  0.134548E-02  0.215715E+03
  0.101712E+03  0.437463E-03  0.628561E-04  0.434157E-03  0.134548E-02  0.215028E+03
  0.101712E+03  0.437463E-03  0.628561E-04  0.434157E-03  0.134548E-02  0.215028E+03
  0.101712E+03  0.437463E-03  0.628561E-04  0.434157E-03  0.134548E-02  0.215028E+03
  0.101712E+03  0.437463E-03  0.628561E-04  0.434157E-03  0.134548E-02  0.215028E+03
  0.101712E+03  0.607957E-03  0.628561E-04  0.434157E-03  0.134548E-02  0.214461E+03
  0.100935E+03  0.607957E-03  0.628561E-04  0.434157E-03  0.134548E-02  0.214927E+03
  0.100935E+03  0.607957E-03  0.628561E-04  0.434157E-03  0.134548E-02  0.214927E+03
  0.100935E+03  0.607957E-03  0.628561E-04  0.434157E-03  0.134548E-02  0.214927E+03
  0.100935E+03  0.607957E-03  0.628561E-04  0.434157E-03  0.749074E-03  0.215031E+03
  0.100935E+03  0.397305E-03  0.628561E-04  0.434157E-03  0.749074E-03  0.215741E+03
  0.101165E+03  0.397305E-03  0.628561E-04  0.434157E-03  0.749074E-03  0.215551E+03
  0.101165E+03  0.397305E-03  0.628561E-04  0.434157E-03  0.112171E-02  0.216088E+03
  0.101165E+03  0.397305E-03  0.628561E-04  0.434157E-03  0.112171E-02  0.216088E+03
  0.101165E+03  0.397305E-03  0.628561E-04  0.434157E-03  0.112171E-02  0.216088E+03
  0.101165E+03  0.397305E-03  0.628561E-04  0.434157E-03  0.112171E-02  0.216088E+03
  0.101165E+03  0.616651E-03  0.628561E-04  0.434157E-03  0.112171E-02  0.215346E+03
  0.101165E+03  0.692374E-03  0.628561E-04  0.434157E-03  0.112171E-02  0.215050E+03
  0.101165E+03  0.692374E-03  0.628561E-04  0.388466E-03  0.112171E-02  0.215393E+03
  0.101165E+03  0.692374E-03  0.628561E-04  0.388466E-03  0.112171E-02  0.215393E+03
  0.101165E+03  0.532379E-03  0.628561E-04  0.169112E-03  0.112171E-02  0.217301E+03
  0.101165E+03  0.532379E-03  0.307621E-03  0.169112E-03  0.112171E-02  0.216508E+03
  0.101165E+03  0.532379E-03  0.307621E-03  0.169112E-03  0.112171E-02  0.216508E+03
  0.101030E+03  0.532379E-03  0.307621E-03  0.227215E-03  0.112171E-02  0.216349E+03
  0.101030E+03  0.532379E-03  0.307621E-03  0.227215E-03  0.112171E-02  0.216349E+03
  0.100595E+03  0.532379E-03  0.307621E-03  0.227215E-03  0.112171E-02  0.216334E+03
  0.100595E+03  0.532379E-03  0.307621E-03  0.227215E-03  0.112171E-02  0.216334E+03
  0.100595E+03  0.532379E-03  0.307621E-03  0.227215E-03  0.112171E-02  0.216334E+03
  0.100595E+03  0.532379E-03  0.307621E-03  0.227215E-03  0.112171E-02  0.216334E+03
  0.100595E+03  0.532379E-03  0.307621E-03  0.227215E-03  0.112171E-02  0.216334E+03
  0.100746E+03  0.532379E-03  0.555365E-03  0.262748E-03  0.112171E-02  0.214857E+03
  0.100746E+03  0.949541E-03  0.555365E-03  0.262748E-03  0.112171E-02  0.213171E+03
  0.100746E+03  0.949541E-03  0.555365E-03  0.262748E-03  0.112171E-02  0.213171E+03
  0.100746E+03  0.949541E-03  0.555365E-03  0.262748E-03  0.152695E-02  0.212140E+03
  0.100746E+03  0.949541E-03  0.555365E-03  0.223771E-03  0.152695E-02  0.212375E+03
  0.100746E+03  0.949541E-03  0.555365E-03  0.223771E-03  0.152695E-02  0.212375E+03
  0.100746E+03  0.528099E-03  0.555365E-03  0.223771E-03  0.692440E-03  0.214587E+03
  0.100746E+03  0.528099E-03  0.555365E-03  0.223771E-03  0.692440E-03  0.214587E+03
  0.100746E+03  0.528099E-03  0.555365E-03  0.223771E-03  0.692440E-03  0.214587E+03
  0.100746E+03  0.528099E-03  0.251424E-03  0.223771E-03  0.692440E-03  0.216136E+03
  0.101288E+03  0.528099E-03  0.251424E-03  0.223771E-03  0.692440E-03  0.215387E+03
  0.101288E+03  0.293310E-03  0.251424E-03  0.223771E-03  0.692440E-03  0.216068E+03
  0.998567E+02  0.616787E-04  0.251424E-03  0.223771E-03  0.692440E-03  0.216252E+03
  0.998567E+02  0.616787E-04  0.251424E-03  0.305708E-03  0.692440E-03  0.215718E+03
  0.998567E+02  0.616787E-04  0.251424E-03  0.305708E-03  0.692440E-03  0.215718E+03
  0.998567E+02  0.616787E-04  0.251424E-03  0.305708E-03  0.692440E-03  0.215718E+03
  0.998567E+02  0.616787E-04  0.251424E-03  0.305708E-03  0.692440E-03  0.215718E+03
  0.101335E+03  0.616787E-04  0.251424E-03  0.305708E-03  0.148990E-02  0.216158E+03
  0.101335E+03  0.616787E-04  0.251424E-03  0.305708E-03  0.148990E-02  0.216158E+03
  0.101335E+03  0.616787E-04  0.251424E-03  0.305708E-03  0.148990E-02  0.216158E+03
  0.101335E+03  0.616787E-04  0.251424E-03  0.305708E-03  0.148990E-02  0.216158E+03
  0.101335E+03  0.616787E-04  0.251424E-03  0.305708E-03  0.148990E-02  0.216158E+03
  0.101335E+03  0.616787E-04  0.251424E-03  0.305708E-03  0.148990E-02  0.216158E+03
  0.101335E+03  0.616787E-04  0.251424E-03  0.305708E-03  0.148990E-02  0.216158E+03
  0.101335E+03  0.616787E-04  0.251424E-03  0.288201E-03  0.148990E-02  0.216263E+03
  0.101335E+03  0.616787E-04  0.251424E-03  0.288201E-03  0.148990E-02  0.216263E+03
  0.101335E+03  0.616787E-04  0.251424E-03  0.288201E-03  0.148990E-02  0.216263E+03
  0.101335E+03  0.616787E-04  0.251424E-03  0.288201E-03  0.117451E-02  0.216939E+03
  0.100782E+03  0.616787E-04  0.251424E-03  0.288201E-03  0.117451E-02  0.217177E+03
  0.100422E+03  0.616787E-04  0.251424E-03  0.288201E-03  0.117451E-02  0.216825E+03
  0.100422E+03  0.616787E-04  0.251424E-03  0.288201E-03  0.117451E-02  0.216825E+03
  0.100422E+03  0.616787E-04  0.251424E-03  0.288201E-03  0.117451E-02  0.216825E+03
  0.100422E+03  0.239152E-03  0.251424E-03  0.288201E-03  0.117451E-02  0.216620E+03
  0.100422E+03  0.239152E-03  0.251424E-03  0.288201E-03  0.133404E-02  0.216196E+03
  0.100422E+03  0.239152E-03  0.251424E-03  0.288201E-03  0.133404E-02  0.216196E+03
  0.100422E+03  0.239152E-03  0.251424E-03  0.288201E-03  0.133404E-02  0.216196E+03
  0.100422E+03  0.239152E-03  0.251424E-03  0.288201E-03  0.133404E-02  0.216196E+03
  0.100422E+03  0.239152E-03  0.251424E-03  0.288201E-03  0.780404E-03  0.216822E+03
  0.100422E+03  0.239152E-03  0.251424E-03  0.288201E-03  0.755970E-03  0.216754E+03
  0.100422E+03  0.239152E-03  0.251424E-03  0.288201E-03  0.755970E-03  0.216754E+03
  0.100422E+03  0.239152E-03  0.251424E-03  0.288201E-03  0.755970E-03  0.216754E+03
  0.100422E+03  0.239152E-03  0.251424E-03  0.288201E-03  0.755970E-03  0.216754E+03
  0.100422E+03  0.239152E-03  0.294588E-03  0.288201E-03  0.755970E-03  0.216622E+03
  0.100422E+03  0.239152E-03  0.294588E-03  0.288201E-03  0.755970E-03  0.216622E+03
  0.100104E+03  0.239152E-03  0.294588E-03  0.288201E-03  0.116376E-02  0.215912E+03
  0.100104E+03  0.239152E-03  0.294588E-03  0.288201E-03  0.116376E-02  0.215912E+03
  0.101339E+03  0.239152E-03  0.294588E-03  0.288201E-03  0.116376E-02  0.216523E+03
  0.101339E+03  0.239152E-03  0.294588E-03  0.288201E-03  0.116376E-02  0.216523E+03
  0.101339E+03  0.239152E-03  0.294588E-03  0.288201E-03  0.116376E-02  0.216523E+03
  0.101197E+03  0.239152E-03  0.294588E-03  0.288201E-03  0.116376E-02  0.216683E+03
  0.101197E+03  0.239152E-03  0.294588E-03  0.288201E-03  0.116376E-02  0.216683E+03
  0.101197E+03  0.239152E-03  0.294588E-03  0.288201E-03  0.116376E-02  0.216683E+03
  0.101197E+03  0.239152E-03  0.294588E-03  0.288201E-03  0.116376E-02  0.216683E+03
  0.101197E+03  0.239152E-03  0.294588E-03  0.288201E-03  0.116376E-02  0.216683E+03
  0.101334E+03  0.239152E-03  0.294588E-03  0.288201E-03  0.981060E-03  0.216612E+03
  0.101420E+03  0.239152E-03  0.362652E-04  0.288201E-03  0.981060E-03  0.217262E+03
  0.101420E+03  0.239152E-03  0.362652E-04  0.288201E-03  0.981060E-03  0.217262E+03
  0.101420E+03  0.834907E-04  0.362652E-04  0.288201E-03  0.981060E-03  0.217459E+03
  0.100299E+03  0.834907E-04  0.362652E-04  0.288201E-03  0.981060E-03  0.217247E+03
  0.100299E+03  0.834907E-04  0.362652E-04  0.288201E-03  0.981060E-03  0.217247E+03
  0.100299E+03  0.834907E-04  0.362652E-04  0.288201E-03  0.981060E-03  0.217247E+03
  0.100299E+03  0.834907E-04  0.362652E-04  0.288201E-03  0.981060E-03  0.217247E+03
  0.100299E+03  0.834907E-04  0.362652E-04  0.288201E-03  0.981060E-03  0.217247E+03
  0.100299E+03  0.834907E-04  0.362652E-04  0.288201E-03  0.981060E-03  0.217247E+03
  0.100299E+03  0.834907E-04  0.362652E-04  0.288201E-03  0.981060E-03  0.217247E+03
  0.100299E+03  0.834907E-04  0.362652E-04  0.288201E-03  0.981060E-03  0.217247E+03
  0.100211E+03  0.834907E-04  0.362652E-04  0.124341E-03  0.981060E-03  0.217944E+03
  0.100211E+03  0.834907E-04  0.362652E-04  0.124341E-03  0.981060E-03  0.217944E+03
  0.100211E+03  0.834907E-04  0.362652E-04  0.124341E-03  0.102007E-02  0.217891E+03
  0.100211E+03  0.834907E-04  0.362652E-04  0.124341E-03  0.102007E-02  0.217891E+03
  0.100211E+03  0.258923E-04  0.362652E-04  0.124341E-03  0.102007E-02  0.217915E+03
  0.100211E+03  0.258923E-04  0.362652E-04  0.124341E-03  0.760048E-03  0.217886E+03
  0.100211E+03  0.258923E-04  0.106289E-03  0.124341E-03  0.760048E-03  0.217851E+03
  0.100211E+03  0.258923E-04  0.106289E-03  0.124341E-03  0.760048E-03  0.217851E+03
  0.100211E+03  0.202989E-03  0.106289E-03  0.124341E-03  0.760048E-03  0.217699E+03
  0.100211E+03  0.202989E-03  0.106289E-03  0.124341E-03  0.760048E-03  0.217699E+03
  0.100211E+03  0.202989E-03  0.108434E-03  0.969291E-04  0.760048E-03  0.217786E+03
  0.100211E+03  0.202989E-03  0.108434E-03  0.969291E-04  0.760048E-03  0.217786E+03
  0.100211E+03  0.202989E-03  0.108434E-03  0.969291E-04  0.760048E-03  0.217786E+03
  0.100211E+03  0.202989E-03  0.108434E-03  0.969291E-04  0.760048E-03  0.217786E+03
  0.100211E+03  0.202989E-03  0.108434E-03  0.969291E-04  0.877775E-03  0.217926E+03
  0.101410E+03  0.202989E-03  0.108434E-03  0.969291E-04  0.877775E-03  0.217836E+03
  0.101410E+03  0.202989E-03  0.108434E-03  0.969291E-04  0.877775E-03  0.217836E+03
