a0_min         Y1_intercept   Y2_intercept   Y3_intercept   Y4_intercept   LogPost        LogPrior       LogHyper       LogLkh         Deviance       
   0.101190E+03   0.431186E-03   0.186952E-03   0.210481E-03   0.102481E-02   0.217210E+03   0.000000E+00   0.000000E+00   0.217210E+03  -0.434420E+03
   0.101190E+03   0.431186E-03   0.186952E-03   0.210481E-03   0.102481E-02   0.217210E+03   0.000000E+00   0.000000E+00   0.217210E+03  -0.434420E+03
   0.101190E+03   0.431186E-03   0.186952E-03   0.210481E-03   0.102481E-02   0.217210E+03   0.000000E+00   0.000000E+00   0.217210E+03  -0.434420E+03
   0.101190E+03   0.431186E-03   0.186952E-03   0.210481E-03   0.102481E-02   0.217210E+03   0.000000E+00   0.000000E+00   0.217210E+03  -0.434420E+03
   0.101190E+03   0.431186E-03   0.186952E-03   0.210481E-03   0.102481E-02   0.217210E+03   0.000000E+00   0.000000E+00   0.217210E+03  -0.434420E+03
   0.101190E+03   0.431186E-03   0.186952E-03   0.488109E-04   0.765257E-03   0.217182E+03   0.000000E+00   0.000000E+00   0.217182E+03  -0.434364E+03
   0.100955E+03   0.431186E-03   0.186952E-03   0.488109E-04   0.765257E-03   0.217522E+03   0.000000E+00   0.000000E+00   0.217522E+03  -0.435044E+03
   0.100955E+03   0.431186E-03   0.186952E-03   0.488109E-04   0.765257E-03   0.217522E+03   0.000000E+00   0.000000E+00   0.217522E+03  -0.435044E+03
   0.100955E+03   0.431186E-03   0.752687E-03   0.488109E-04   0.765257E-03   0.214340E+03   0.000000E+00   0.000000E+00   0.214340E+03  -0.428680E+03
   0.100955E+03   0.431186E-03   0.752687E-03   0.488109E-04   0.765257E-03   0.214340E+03   0.000000E+00   0.000000E+00   0.214340E+03  -0.428680E+03
   0.995328E+02   0.134295E-03   0.752687E-03   0.488109E-04   0.765257E-03   0.214747E+03   0.000000E+00   0.000000E+00   0.214747E+03  -0.429494E+03
   0.995328E+02   0.134295E-03   0.752687E-03   0.488109E-04   0.765257E-03   0.214747E+03   0.000000E+00   0.000000E+00   0.214747E+03  -0.429494E+03
   0.995328E+02   0.134295E-03   0.752687E-03   0.488109E-04   0.765257E-03   0.214747E+03   0.000000E+00   0.000000E+00   0.214747E+03  -0.429494E+03
   0.995328E+02   0.379345E-03   0.752687E-03   0.488109E-04   0.950405E-03   0.214217E+03   0.000000E+00   0.000000E+00   0.214217E+03  -0.428434E+03
   0.995328E+02   0.379345E-03   0.752687E-03   0.488109E-04   0.950405E-03   0.214217E+03   0.000000E+00   0.000000E+00   0.214217E+03  -0.428434E+03
   0.995328E+02   0.379345E-03   0.752687E-03   0.488109E-04   0.950405E-03   0.214217E+03   0.000000E+00   0.000000E+00   0.214217E+03  -0.428434E+03
   0.995328E+02   0.379345E-03   0.270541E-03   0.488109E-04   0.950405E-03   0.215376E+03   0.000000E+00   0.000000E+00   0.215376E+03  -0.430752E+03
   0.995328E+02   0.379345E-03   0.270541E-03   0.488109E-04   0.950405E-03   0.215376E+03   0.000000E+00   0.000000E+00   0.215376E+03  -0.430752E+03
   0.100195E+03   0.540623E-04   0.270541E-03   0.488109E-04   0.950405E-03   0.217873E+03   0.000000E+00   0.000000E+00   0.217873E+03  -0.435746E+03
   0.100195E+03   0.540623E-04   0.270541E-03   0.488109E-04   0.950405E-03   0.217873E+03   0.000000E+00   0.000000E+00   0.217873E+03  -0.435746E+03
   0.100195E+03   0.540623E-04   0.270541E-03   0.488109E-04   0.950405E-03   0.217873E+03   0.000000E+00   0.000000E+00   0.217873E+03  -0.435746E+03
   0.100195E+03   0.540623E-04   0.270541E-03   0.488109E-04   0.950405E-03   0.217873E+03   0.000000E+00   0.000000E+00   0.217873E+03  -0.435746E+03
   0.100195E+03   0.540623E-04   0.270541E-03   0.488109E-04   0.950405E-03   0.217873E+03   0.000000E+00   0.000000E+00   0.217873E+03  -0.435746E+03
   0.100195E+03   0.540623E-04   0.270541E-03   0.488109E-04   0.950405E-03   0.217873E+03   0.000000E+00   0.000000E+00   0.217873E+03  -0.435746E+03
   0.100195E+03   0.540623E-04   0.270541E-03   0.488109E-04   0.909596E-03   0.217898E+03   0.000000E+00   0.000000E+00   0.217898E+03  -0.435796E+03
   0.100605E+03   0.540623E-04   0.270541E-03   0.488109E-04   0.909596E-03   0.218348E+03   0.000000E+00   0.000000E+00   0.218348E+03  -0.436696E+03
   0.100605E+03   0.540623E-04   0.270541E-03   0.488109E-04   0.909596E-03   0.218348E+03   0.000000E+00   0.000000E+00   0.218348E+03  -0.436696E+03
   0.100605E+03   0.540623E-04   0.270541E-03   0.488109E-04   0.909596E-03   0.218348E+03   0.000000E+00   0.000000E+00   0.218348E+03  -0.436696E+03
   0.100605E+03   0.540623E-04   0.270541E-03   0.488109E-04   0.909596E-03   0.218348E+03   0.000000E+00   0.000000E+00   0.218348E+03  -0.436696E+03
   0.100605E+03   0.540623E-04   0.270541E-03   0.488109E-04   0.909596E-03   0.218348E+03   0.000000E+00   0.000000E+00   0.218348E+03  -0.436696E+03
   0.100605E+03   0.540623E-04   0.249395E-03   0.488109E-04   0.909596E-03   0.218419E+03   0.000000E+00   0.000000E+00   0.218419E+03  -0.436838E+03
   0.100605E+03   0.540623E-04   0.341389E-03   0.488109E-04   0.909596E-03   0.218071E+03   0.000000E+00   0.000000E+00   0.218071E+03  -0.436142E+03
   0.100605E+03   0.177504E-03   0.341389E-03   0.265258E-03   0.909596E-03   0.217041E+03   0.000000E+00   0.000000E+00   0.217041E+03  -0.434082E+03
   0.100605E+03   0.109573E-03   0.341389E-03   0.265258E-03   0.909596E-03   0.217119E+03   0.000000E+00   0.000000E+00   0.217119E+03  -0.434238E+03
   0.100320E+03   0.109573E-03   0.341389E-03   0.265258E-03   0.909596E-03   0.216896E+03   0.000000E+00   0.000000E+00   0.216896E+03  -0.433792E+03
   0.100320E+03   0.109573E-03   0.341389E-03   0.265258E-03   0.909596E-03   0.216896E+03   0.000000E+00   0.000000E+00   0.216896E+03  -0.433792E+03
   0.100320E+03   0.109573E-03   0.341389E-03   0.265258E-03   0.909596E-03   0.216896E+03   0.000000E+00   0.000000E+00   0.216896E+03  -0.433792E+03
   0.100320E+03   0.109573E-03   0.341389E-03   0.265258E-03   0.709597E-03   0.216553E+03   0.000000E+00   0.000000E+00   0.216553E+03  -0.433106E+03
   0.100320E+03   0.109573E-03   0.341389E-03   0.265258E-03   0.709597E-03   0.216553E+03   0.000000E+00   0.000000E+00   0.216553E+03  -0.433106E+03
   0.100320E+03   0.109573E-03   0.341389E-03   0.265258E-03   0.709597E-03   0.216553E+03   0.000000E+00   0.000000E+00   0.216553E+03  -0.433106E+03
   0.100320E+03   0.109573E-03   0.341389E-03   0.265258E-03   0.709597E-03   0.216553E+03   0.000000E+00   0.000000E+00   0.216553E+03  -0.433106E+03
   0.100320E+03   0.109573E-03   0.341389E-03   0.265258E-03   0.709597E-03   0.216553E+03   0.000000E+00   0.000000E+00   0.216553E+03  -0.433106E+03
   0.100320E+03   0.109573E-03   0.341389E-03   0.265258E-03   0.709597E-03   0.216553E+03   0.000000E+00   0.000000E+00   0.216553E+03  -0.433106E+03
   0.100320E+03   0.109573E-03   0.341389E-03   0.265258E-03   0.709597E-03   0.216553E+03   0.000000E+00   0.000000E+00   0.216553E+03  -0.433106E+03
   0.100320E+03   0.109573E-03   0.341389E-03   0.265258E-03   0.709597E-03   0.216553E+03   0.000000E+00   0.000000E+00   0.216553E+03  -0.433106E+03
   0.100320E+03   0.109573E-03   0.341389E-03   0.265258E-03   0.709597E-03   0.216553E+03   0.000000E+00   0.000000E+00   0.216553E+03  -0.433106E+03
   0.100320E+03   0.109573E-03   0.341389E-03   0.265258E-03   0.145604E-02   0.215689E+03   0.000000E+00   0.000000E+00   0.215689E+03  -0.431378E+03
   0.100320E+03   0.109573E-03   0.341389E-03   0.265258E-03   0.166438E-02   0.215002E+03   0.000000E+00   0.000000E+00   0.215002E+03  -0.430004E+03
   0.100320E+03   0.282153E-03   0.341389E-03   0.190932E-03   0.166438E-02   0.215193E+03   0.000000E+00   0.000000E+00   0.215193E+03  -0.430386E+03
   0.100320E+03   0.534788E-03   0.649763E-03   0.190932E-03   0.166438E-02   0.213005E+03   0.000000E+00   0.000000E+00   0.213005E+03  -0.426010E+03
   0.100320E+03   0.534788E-03   0.649763E-03   0.190932E-03   0.166438E-02   0.213005E+03   0.000000E+00   0.000000E+00   0.213005E+03  -0.426010E+03
   0.100320E+03   0.647090E-03   0.649763E-03   0.190932E-03   0.166438E-02   0.212601E+03   0.000000E+00   0.000000E+00   0.212601E+03  -0.425202E+03
   0.101458E+03   0.647090E-03   0.649763E-03   0.190932E-03   0.166438E-02   0.212171E+03   0.000000E+00   0.000000E+00   0.212171E+03  -0.424342E+03
   0.996670E+02   0.647090E-03   0.649763E-03   0.190932E-03   0.839342E-03   0.213856E+03   0.000000E+00   0.000000E+00   0.213856E+03  -0.427712E+03
   0.996670E+02   0.647090E-03   0.649763E-03   0.190932E-03   0.839342E-03   0.213856E+03   0.000000E+00   0.000000E+00   0.213856E+03  -0.427712E+03
   0.996670E+02   0.647090E-03   0.505535E-03   0.190932E-03   0.839342E-03   0.214382E+03   0.000000E+00   0.000000E+00   0.214382E+03  -0.428764E+03
   0.996670E+02   0.647090E-03   0.505535E-03   0.190932E-03   0.839342E-03   0.214382E+03   0.000000E+00   0.000000E+00   0.214382E+03  -0.428764E+03
   0.996670E+02   0.647090E-03   0.266996E-03   0.190932E-03   0.839342E-03   0.214798E+03   0.000000E+00   0.000000E+00   0.214798E+03  -0.429596E+03
   0.996670E+02   0.647090E-03   0.266996E-03   0.190932E-03   0.839342E-03   0.214798E+03   0.000000E+00   0.000000E+00   0.214798E+03  -0.429596E+03
   0.996670E+02   0.647090E-03   0.266996E-03   0.190932E-03   0.839342E-03   0.214798E+03   0.000000E+00   0.000000E+00   0.214798E+03  -0.429596E+03
   0.996670E+02   0.440377E-03   0.266996E-03   0.190932E-03   0.839342E-03   0.215428E+03   0.000000E+00   0.000000E+00   0.215428E+03  -0.430856E+03
   0.997524E+02   0.440377E-03   0.266996E-03   0.190932E-03   0.686796E-03   0.215497E+03   0.000000E+00   0.000000E+00   0.215497E+03  -0.430994E+03
   0.997524E+02   0.440377E-03   0.266996E-03   0.190932E-03   0.880568E-03   0.215662E+03   0.000000E+00   0.000000E+00   0.215662E+03  -0.431324E+03
   0.100329E+03   0.440377E-03   0.266996E-03   0.190932E-03   0.781244E-03   0.216808E+03   0.000000E+00   0.000000E+00   0.216808E+03  -0.433616E+03
   0.100329E+03   0.440377E-03   0.266996E-03   0.190932E-03   0.781244E-03   0.216808E+03   0.000000E+00   0.000000E+00   0.216808E+03  -0.433616E+03
   0.100329E+03   0.440377E-03   0.266996E-03   0.190932E-03   0.781244E-03   0.216808E+03   0.000000E+00   0.000000E+00   0.216808E+03  -0.433616E+03
   0.100329E+03   0.440377E-03   0.266996E-03   0.267337E-03   0.781244E-03   0.216349E+03   0.000000E+00   0.000000E+00   0.216349E+03  -0.432698E+03
   0.100329E+03   0.440377E-03   0.266996E-03   0.124289E-03   0.781244E-03   0.217105E+03   0.000000E+00   0.000000E+00   0.217105E+03  -0.434210E+03
   0.100329E+03   0.440377E-03   0.266996E-03   0.124289E-03   0.781244E-03   0.217105E+03   0.000000E+00   0.000000E+00   0.217105E+03  -0.434210E+03
   0.100329E+03   0.440377E-03   0.266996E-03   0.124289E-03   0.781244E-03   0.217105E+03   0.000000E+00   0.000000E+00   0.217105E+03  -0.434210E+03
   0.100329E+03   0.440377E-03   0.266996E-03   0.124289E-03   0.970287E-03   0.217199E+03   0.000000E+00   0.000000E+00   0.217199E+03  -0.434398E+03
   0.100329E+03   0.183021E-03   0.266996E-03   0.124289E-03   0.970287E-03   0.217774E+03   0.000000E+00   0.000000E+00   0.217774E+03  -0.435548E+03
   0.100329E+03   0.183021E-03   0.266996E-03   0.124289E-03   0.970287E-03   0.217774E+03   0.000000E+00   0.000000E+00   0.217774E+03  -0.435548E+03
   0.100329E+03   0.183021E-03   0.266996E-03   0.124289E-03   0.970287E-03   0.217774E+03   0.000000E+00   0.000000E+00   0.217774E+03  -0.435548E+03
   0.100329E+03   0.183021E-03   0.266996E-03   0.124289E-03   0.970287E-03   0.217774E+03   0.000000E+00   0.000000E+00   0.217774E+03  -0.435548E+03
   0.100329E+03   0.183021E-03   0.266996E-03   0.124289E-03   0.970287E-03   0.217774E+03   0.000000E+00   0.000000E+00   0.217774E+03  -0.435548E+03
   0.100329E+03   0.183021E-03   0.266996E-03   0.124289E-03   0.970287E-03   0.217774E+03   0.000000E+00   0.000000E+00   0.217774E+03  -0.435548E+03
   0.100329E+03   0.183021E-03   0.266996E-03   0.124289E-03   0.970287E-03   0.217774E+03   0.000000E+00   0.000000E+00   0.217774E+03  -0.435548E+03
   0.100329E+03   0.183021E-03   0.266996E-03   0.124289E-03   0.970287E-03   0.217774E+03   0.000000E+00   0.000000E+00   0.217774E+03  -0.435548E+03
   0.100329E+03   0.183021E-03   0.266996E-03   0.124289E-03   0.970287E-03   0.217774E+03   0.000000E+00   0.000000E+00   0.217774E+03  -0.435548E+03
   0.100329E+03   0.183021E-03   0.266996E-03   0.124289E-03   0.970287E-03   0.217774E+03   0.000000E+00   0.000000E+00   0.217774E+03  -0.435548E+03
   0.100329E+03   0.183021E-03   0.266996E-03   0.124289E-03   0.970287E-03   0.217774E+03   0.000000E+00   0.000000E+00   0.217774E+03  -0.435548E+03
   0.100329E+03   0.183021E-03   0.266996E-03   0.124289E-03   0.970287E-03   0.217774E+03   0.000000E+00   0.000000E+00   0.217774E+03  -0.435548E+03
   0.101234E+03   0.183021E-03   0.266996E-03   0.124289E-03   0.970287E-03   0.217734E+03   0.000000E+00   0.000000E+00   0.217734E+03  -0.435468E+03
   0.101234E+03   0.183021E-03   0.266996E-03   0.124289E-03   0.970287E-03   0.217734E+03   0.000000E+00   0.000000E+00   0.217734E+03  -0.435468E+03
   0.101234E+03   0.183021E-03   0.266996E-03   0.124289E-03   0.970287E-03   0.217734E+03   0.000000E+00   0.000000E+00   0.217734E+03  -0.435468E+03
   0.100249E+03   0.183021E-03   0.266996E-03   0.124289E-03   0.970287E-03   0.217645E+03   0.000000E+00   0.000000E+00   0.217645E+03  -0.435290E+03
   0.100249E+03   0.183021E-03   0.266996E-03   0.124289E-03   0.970287E-03   0.217645E+03   0.000000E+00   0.000000E+00   0.217645E+03  -0.435290E+03
   0.100249E+03   0.183021E-03   0.100244E-03   0.124289E-03   0.970287E-03   0.217915E+03   0.000000E+00   0.000000E+00   0.217915E+03  -0.435830E+03
   0.100249E+03   0.183021E-03   0.100244E-03   0.124289E-03   0.970287E-03   0.217915E+03   0.000000E+00   0.000000E+00   0.217915E+03  -0.435830E+03
   0.100249E+03   0.183021E-03   0.100244E-03   0.124289E-03   0.970287E-03   0.217915E+03   0.000000E+00   0.000000E+00   0.217915E+03  -0.435830E+03
   0.100249E+03   0.183021E-03   0.100244E-03   0.124289E-03   0.814216E-03   0.217907E+03   0.000000E+00   0.000000E+00   0.217907E+03  -0.435814E+03
   0.100249E+03   0.183021E-03   0.100244E-03   0.124289E-03   0.814216E-03   0.217907E+03   0.000000E+00   0.000000E+00   0.217907E+03  -0.435814E+03
   0.100249E+03   0.183021E-03   0.100244E-03   0.546869E-03   0.814216E-03   0.214918E+03   0.000000E+00   0.000000E+00   0.214918E+03  -0.429836E+03
   0.100249E+03   0.183021E-03   0.100244E-03   0.546869E-03   0.814216E-03   0.214918E+03   0.000000E+00   0.000000E+00   0.214918E+03  -0.429836E+03
   0.101113E+03   0.411213E-03   0.100244E-03   0.546869E-03   0.814216E-03   0.214906E+03   0.000000E+00   0.000000E+00   0.214906E+03  -0.429812E+03
   0.101113E+03   0.411213E-03   0.100244E-03   0.546869E-03   0.814216E-03   0.214906E+03   0.000000E+00   0.000000E+00   0.214906E+03  -0.429812E+03
   0.101113E+03   0.411213E-03   0.100244E-03   0.156725E-03   0.814216E-03   0.217521E+03   0.000000E+00   0.000000E+00   0.217521E+03  -0.435042E+03
   0.994627E+02   0.411213E-03   0.100244E-03   0.156725E-03   0.814216E-03   0.214756E+03   0.000000E+00   0.000000E+00   0.214756E+03  -0.429512E+03
   0.994627E+02   0.411213E-03   0.100244E-03   0.156725E-03   0.955412E-03   0.214568E+03   0.000000E+00   0.000000E+00   0.214568E+03  -0.429136E+03
   0.994627E+02   0.411213E-03   0.100244E-03   0.156725E-03   0.955412E-03   0.214568E+03   0.000000E+00   0.000000E+00   0.214568E+03  -0.429136E+03
   0.994627E+02   0.411213E-03   0.100244E-03   0.156725E-03   0.955412E-03   0.214568E+03   0.000000E+00   0.000000E+00   0.214568E+03  -0.429136E+03
   0.994627E+02   0.411213E-03   0.100244E-03   0.156725E-03   0.955412E-03   0.214568E+03   0.000000E+00   0.000000E+00   0.214568E+03  -0.429136E+03
   0.100576E+03   0.411213E-03   0.100244E-03   0.156725E-03   0.109356E-02   0.217661E+03   0.000000E+00   0.000000E+00   0.217661E+03  -0.435322E+03
   0.100576E+03   0.411213E-03   0.100244E-03   0.156725E-03   0.109356E-02   0.217661E+03   0.000000E+00   0.000000E+00   0.217661E+03  -0.435322E+03
   0.100576E+03   0.411213E-03   0.100244E-03   0.156725E-03   0.142112E-02   0.216851E+03   0.000000E+00   0.000000E+00   0.216851E+03  -0.433702E+03
   0.100576E+03   0.541678E-03   0.100244E-03   0.366960E-03   0.142112E-02   0.215095E+03   0.000000E+00   0.000000E+00   0.215095E+03  -0.430190E+03
   0.100576E+03   0.541678E-03   0.296051E-03   0.366960E-03   0.142112E-02   0.214599E+03   0.000000E+00   0.000000E+00   0.214599E+03  -0.429198E+03
   0.100576E+03   0.883139E-03   0.296051E-03   0.366960E-03   0.142112E-02   0.213242E+03   0.000000E+00   0.000000E+00   0.213242E+03  -0.426484E+03
   0.997750E+02   0.847105E-03   0.296051E-03   0.366960E-03   0.142112E-02   0.211721E+03   0.000000E+00   0.000000E+00   0.211721E+03  -0.423442E+03
   0.997750E+02   0.847105E-03   0.234942E-03   0.366960E-03   0.142112E-02   0.211773E+03   0.000000E+00   0.000000E+00   0.211773E+03  -0.423546E+03
   0.997750E+02   0.847105E-03   0.234942E-03   0.366960E-03   0.142112E-02   0.211773E+03   0.000000E+00   0.000000E+00   0.211773E+03  -0.423546E+03
   0.997750E+02   0.847105E-03   0.234942E-03   0.343422E-03   0.142112E-02   0.211952E+03   0.000000E+00   0.000000E+00   0.211952E+03  -0.423904E+03
   0.102598E+03   0.847105E-03   0.234942E-03   0.522301E-03   0.142112E-02   0.210066E+03   0.000000E+00   0.000000E+00   0.210066E+03  -0.420132E+03
   0.102598E+03   0.847105E-03   0.234942E-03   0.522301E-03   0.142112E-02   0.210066E+03   0.000000E+00   0.000000E+00   0.210066E+03  -0.420132E+03
   0.102598E+03   0.795750E-03   0.234942E-03   0.522301E-03   0.205601E-02   0.208772E+03   0.000000E+00   0.000000E+00   0.208772E+03  -0.417544E+03
   0.101661E+03   0.636920E-03   0.234942E-03   0.522301E-03   0.190781E-02   0.211818E+03   0.000000E+00   0.000000E+00   0.211818E+03  -0.423636E+03
   0.102165E+03   0.636920E-03   0.234942E-03   0.522301E-03   0.190781E-02   0.210953E+03   0.000000E+00   0.000000E+00   0.210953E+03  -0.421906E+03
   0.102165E+03   0.636920E-03   0.234942E-03   0.522301E-03   0.176898E-02   0.211329E+03   0.000000E+00   0.000000E+00   0.211329E+03  -0.422658E+03
   0.102165E+03   0.636920E-03   0.417710E-03   0.522301E-03   0.176898E-02   0.210308E+03   0.000000E+00   0.000000E+00   0.210308E+03  -0.420616E+03
   0.101993E+03   0.636920E-03   0.417710E-03   0.501040E-04   0.176898E-02   0.212546E+03   0.000000E+00   0.000000E+00   0.212546E+03  -0.425092E+03
   0.101993E+03   0.277070E-03   0.417710E-03   0.501040E-04   0.176898E-02   0.213577E+03   0.000000E+00   0.000000E+00   0.213577E+03  -0.427154E+03
   0.101993E+03   0.398592E-03   0.398436E-03   0.501040E-04   0.143119E-02   0.214258E+03   0.000000E+00   0.000000E+00   0.214258E+03  -0.428516E+03
   0.101993E+03   0.398592E-03   0.398436E-03   0.501040E-04   0.147057E-02   0.214174E+03   0.000000E+00   0.000000E+00   0.214174E+03  -0.428348E+03
   0.101993E+03   0.238757E-03   0.398436E-03   0.501040E-04   0.663248E-03   0.212972E+03   0.000000E+00   0.000000E+00   0.212972E+03  -0.425944E+03
   0.101993E+03   0.238757E-03   0.398436E-03   0.501040E-04   0.663248E-03   0.212972E+03   0.000000E+00   0.000000E+00   0.212972E+03  -0.425944E+03
   0.101993E+03   0.238757E-03   0.398436E-03   0.501040E-04   0.199665E-02   0.213135E+03   0.000000E+00   0.000000E+00   0.213135E+03  -0.426270E+03
   0.101993E+03   0.238757E-03   0.398436E-03   0.501040E-04   0.199665E-02   0.213135E+03   0.000000E+00   0.000000E+00   0.213135E+03  -0.426270E+03
   0.101993E+03   0.238757E-03   0.398436E-03   0.501040E-04   0.199665E-02   0.213135E+03   0.000000E+00   0.000000E+00   0.213135E+03  -0.426270E+03
   0.101993E+03   0.238757E-03   0.407282E-03   0.501040E-04   0.199665E-02   0.213078E+03   0.000000E+00   0.000000E+00   0.213078E+03  -0.426156E+03
   0.101993E+03   0.238757E-03   0.407282E-03   0.291923E-03   0.199665E-02   0.212507E+03   0.000000E+00   0.000000E+00   0.212507E+03  -0.425014E+03
   0.101993E+03   0.238757E-03   0.117965E-03   0.291923E-03   0.940334E-03   0.215539E+03   0.000000E+00   0.000000E+00   0.215539E+03  -0.431078E+03
   0.101993E+03   0.238757E-03   0.117965E-03   0.291923E-03   0.940334E-03   0.215539E+03   0.000000E+00   0.000000E+00   0.215539E+03  -0.431078E+03
   0.101993E+03   0.238757E-03   0.117965E-03   0.291923E-03   0.131790E-02   0.215563E+03   0.000000E+00   0.000000E+00   0.215563E+03  -0.431126E+03
   0.101993E+03   0.238757E-03   0.117965E-03   0.291923E-03   0.963657E-03   0.215595E+03   0.000000E+00   0.000000E+00   0.215595E+03  -0.431190E+03
   0.101993E+03   0.238757E-03   0.117965E-03   0.228720E-03   0.963657E-03   0.215834E+03   0.000000E+00   0.000000E+00   0.215834E+03  -0.431668E+03
   0.101993E+03   0.238757E-03   0.265150E-03   0.228720E-03   0.963657E-03   0.215276E+03   0.000000E+00   0.000000E+00   0.215276E+03  -0.430552E+03
   0.101993E+03   0.238757E-03   0.265150E-03   0.228720E-03   0.963657E-03   0.215276E+03   0.000000E+00   0.000000E+00   0.215276E+03  -0.430552E+03
   0.101993E+03   0.238757E-03   0.265150E-03   0.228720E-03   0.963657E-03   0.215276E+03   0.000000E+00   0.000000E+00   0.215276E+03  -0.430552E+03
   0.101993E+03   0.238757E-03   0.265150E-03   0.228720E-03   0.963657E-03   0.215276E+03   0.000000E+00   0.000000E+00   0.215276E+03  -0.430552E+03
   0.101993E+03   0.238757E-03   0.265150E-03   0.129633E-03   0.963657E-03   0.215520E+03   0.000000E+00   0.000000E+00   0.215520E+03  -0.431040E+03
   0.100458E+03   0.238757E-03   0.265150E-03   0.129633E-03   0.963657E-03   0.217837E+03   0.000000E+00   0.000000E+00   0.217837E+03  -0.435674E+03
   0.100458E+03   0.238757E-03   0.265150E-03   0.129633E-03   0.963657E-03   0.217837E+03   0.000000E+00   0.000000E+00   0.217837E+03  -0.435674E+03
   0.100458E+03   0.238757E-03   0.265150E-03   0.129633E-03   0.963657E-03   0.217837E+03   0.000000E+00   0.000000E+00   0.217837E+03  -0.435674E+03
   0.100458E+03   0.238757E-03   0.265150E-03   0.418539E-04   0.963657E-03   0.218058E+03   0.000000E+00   0.000000E+00   0.218058E+03  -0.436116E+03
   0.100458E+03   0.238757E-03   0.265150E-03   0.418539E-04   0.963657E-03   0.218058E+03   0.000000E+00   0.000000E+00   0.218058E+03  -0.436116E+03
   0.100458E+03   0.238757E-03   0.265150E-03   0.418539E-04   0.963657E-03   0.218058E+03   0.000000E+00   0.000000E+00   0.218058E+03  -0.436116E+03
   0.100458E+03   0.238757E-03   0.192262E-03   0.418539E-04   0.963657E-03   0.218251E+03   0.000000E+00   0.000000E+00   0.218251E+03  -0.436502E+03
   0.100458E+03   0.238757E-03   0.192262E-03   0.418539E-04   0.963657E-03   0.218251E+03   0.000000E+00   0.000000E+00   0.218251E+03  -0.436502E+03
   0.100458E+03   0.238757E-03   0.192262E-03   0.418539E-04   0.963657E-03   0.218251E+03   0.000000E+00   0.000000E+00   0.218251E+03  -0.436502E+03
   0.100458E+03   0.238757E-03   0.192262E-03   0.418539E-04   0.963657E-03   0.218251E+03   0.000000E+00   0.000000E+00   0.218251E+03  -0.436502E+03
   0.100458E+03   0.238757E-03   0.192262E-03   0.418539E-04   0.963657E-03   0.218251E+03   0.000000E+00   0.000000E+00   0.218251E+03  -0.436502E+03
   0.100458E+03   0.955957E-04   0.192262E-03   0.418539E-04   0.963657E-03   0.218436E+03   0.000000E+00   0.000000E+00   0.218436E+03  -0.436872E+03
   0.100458E+03   0.955957E-04   0.192262E-03   0.418539E-04   0.119294E-02   0.218067E+03   0.000000E+00   0.000000E+00   0.218067E+03  -0.436134E+03
   0.100458E+03   0.955957E-04   0.192262E-03   0.418539E-04   0.119294E-02   0.218067E+03   0.000000E+00   0.000000E+00   0.218067E+03  -0.436134E+03
   0.100458E+03   0.955957E-04   0.192262E-03   0.418539E-04   0.119294E-02   0.218067E+03   0.000000E+00   0.000000E+00   0.218067E+03  -0.436134E+03
   0.100458E+03   0.955957E-04   0.322627E-03   0.418539E-04   0.119294E-02   0.217677E+03   0.000000E+00   0.000000E+00   0.217677E+03  -0.435354E+03
   0.100475E+03   0.955957E-04   0.322627E-03   0.418539E-04   0.119294E-02   0.217688E+03   0.000000E+00   0.000000E+00   0.217688E+03  -0.435376E+03
   0.100475E+03   0.955957E-04   0.322627E-03   0.418539E-04   0.119294E-02   0.217688E+03   0.000000E+00   0.000000E+00   0.217688E+03  -0.435376E+03
   0.100475E+03   0.762458E-04   0.322627E-03   0.589123E-04   0.119294E-02   0.217676E+03   0.000000E+00   0.000000E+00   0.217676E+03  -0.435352E+03
   0.100475E+03   0.762458E-04   0.322627E-03   0.589123E-04   0.119294E-02   0.217676E+03   0.000000E+00   0.000000E+00   0.217676E+03  -0.435352E+03
   0.100475E+03   0.762458E-04   0.322627E-03   0.589123E-04   0.119294E-02   0.217676E+03   0.000000E+00   0.000000E+00   0.217676E+03  -0.435352E+03
   0.100754E+03   0.762458E-04   0.322627E-03   0.589123E-04   0.119294E-02   0.217861E+03   0.000000E+00   0.000000E+00   0.217861E+03  -0.435722E+03
   0.100505E+03   0.762458E-04   0.322627E-03   0.563993E-04   0.119294E-02   0.217723E+03   0.000000E+00   0.000000E+00   0.217723E+03  -0.435446E+03
   0.100505E+03   0.762458E-04   0.322627E-03   0.563993E-04   0.119294E-02   0.217723E+03   0.000000E+00   0.000000E+00   0.217723E+03  -0.435446E+03
   0.100505E+03   0.762458E-04   0.322627E-03   0.563993E-04   0.139982E-02   0.217161E+03   0.000000E+00   0.000000E+00   0.217161E+03  -0.434322E+03
   0.100505E+03   0.762458E-04   0.322627E-03   0.563993E-04   0.166757E-02   0.216312E+03   0.000000E+00   0.000000E+00   0.216312E+03  -0.432624E+03
   0.100505E+03   0.762458E-04   0.214996E-03   0.563993E-04   0.166757E-02   0.216662E+03   0.000000E+00   0.000000E+00   0.216662E+03  -0.433324E+03
   0.100505E+03   0.762458E-04   0.214996E-03   0.563993E-04   0.166757E-02   0.216662E+03   0.000000E+00   0.000000E+00   0.216662E+03  -0.433324E+03
   0.100505E+03   0.762458E-04   0.214996E-03   0.563993E-04   0.166757E-02   0.216662E+03   0.000000E+00   0.000000E+00   0.216662E+03  -0.433324E+03
   0.100505E+03   0.762458E-04   0.340304E-04   0.563993E-04   0.143927E-02   0.217660E+03   0.000000E+00   0.000000E+00   0.217660E+03  -0.435320E+03
   0.101217E+03   0.762458E-04   0.340304E-04   0.563993E-04   0.143927E-02   0.217962E+03   0.000000E+00   0.000000E+00   0.217962E+03  -0.435924E+03
   0.100726E+03   0.762458E-04   0.340304E-04   0.563993E-04   0.143927E-02   0.217952E+03   0.000000E+00   0.000000E+00   0.217952E+03  -0.435904E+03
   0.100999E+03   0.762458E-04   0.340304E-04   0.563993E-04   0.143927E-02   0.218067E+03   0.000000E+00   0.000000E+00   0.218067E+03  -0.436134E+03
   0.100999E+03   0.762458E-04   0.340304E-04   0.563993E-04   0.143927E-02   0.218067E+03   0.000000E+00   0.000000E+00   0.218067E+03  -0.436134E+03
   0.100999E+03   0.762458E-04   0.340304E-04   0.563993E-04   0.143927E-02   0.218067E+03   0.000000E+00   0.000000E+00   0.218067E+03  -0.436134E+03
   0.100999E+03   0.762458E-04   0.340304E-04   0.563993E-04   0.115087E-02   0.218723E+03   0.000000E+00   0.000000E+00   0.218723E+03  -0.437446E+03
   0.100965E+03   0.762458E-04   0.340304E-04   0.563993E-04   0.115087E-02   0.218733E+03   0.000000E+00   0.000000E+00   0.218733E+03  -0.437466E+03
   0.100965E+03   0.762458E-04   0.340304E-04   0.102125E-04   0.115087E-02   0.218775E+03   0.000000E+00   0.000000E+00   0.218775E+03  -0.437550E+03
   0.100965E+03   0.762458E-04   0.340304E-04   0.102125E-04   0.115087E-02   0.218775E+03   0.000000E+00   0.000000E+00   0.218775E+03  -0.437550E+03
   0.100965E+03   0.762458E-04   0.189087E-03   0.102125E-04   0.758602E-03   0.218192E+03   0.000000E+00   0.000000E+00   0.218192E+03  -0.436384E+03
   0.100965E+03   0.762458E-04   0.189087E-03   0.599450E-04   0.758602E-03   0.218144E+03   0.000000E+00   0.000000E+00   0.218144E+03  -0.436288E+03
   0.100965E+03   0.762458E-04   0.189087E-03   0.599450E-04   0.758602E-03   0.218144E+03   0.000000E+00   0.000000E+00   0.218144E+03  -0.436288E+03
   0.100965E+03   0.762458E-04   0.217547E-03   0.599450E-04   0.758602E-03   0.218050E+03   0.000000E+00   0.000000E+00   0.218050E+03  -0.436100E+03
   0.100952E+03   0.762458E-04   0.217547E-03   0.599450E-04   0.758602E-03   0.218061E+03   0.000000E+00   0.000000E+00   0.218061E+03  -0.436122E+03
   0.101665E+03   0.762458E-04   0.217547E-03   0.599450E-04   0.185922E-02   0.215621E+03   0.000000E+00   0.000000E+00   0.215621E+03  -0.431242E+03
   0.101665E+03   0.762458E-04   0.217547E-03   0.599450E-04   0.185922E-02   0.215621E+03   0.000000E+00   0.000000E+00   0.215621E+03  -0.431242E+03
   0.101665E+03   0.762458E-04   0.217547E-03   0.599450E-04   0.233783E-02   0.214235E+03   0.000000E+00   0.000000E+00   0.214235E+03  -0.428470E+03
   0.101665E+03   0.762458E-04   0.217547E-03   0.599450E-04   0.233783E-02   0.214235E+03   0.000000E+00   0.000000E+00   0.214235E+03  -0.428470E+03
   0.101665E+03   0.762458E-04   0.217547E-03   0.599450E-04   0.165520E-02   0.216201E+03   0.000000E+00   0.000000E+00   0.216201E+03  -0.432402E+03
   0.100171E+03   0.288609E-03   0.217547E-03   0.599450E-04   0.165520E-02   0.215671E+03   0.000000E+00   0.000000E+00   0.215671E+03  -0.431342E+03
   0.100171E+03   0.288609E-03   0.217547E-03   0.599450E-04   0.165520E-02   0.215671E+03   0.000000E+00   0.000000E+00   0.215671E+03  -0.431342E+03
   0.100171E+03   0.288609E-03   0.217547E-03   0.599450E-04   0.165520E-02   0.215671E+03   0.000000E+00   0.000000E+00   0.215671E+03  -0.431342E+03
   0.100171E+03   0.288609E-03   0.217547E-03   0.599450E-04   0.165520E-02   0.215671E+03   0.000000E+00   0.000000E+00   0.215671E+03  -0.431342E+03
   0.100171E+03   0.357283E-03   0.106608E-03   0.599450E-04   0.165520E-02   0.215648E+03   0.000000E+00   0.000000E+00   0.215648E+03  -0.431296E+03
   0.100607E+03   0.357283E-03   0.106608E-03   0.599450E-04   0.165520E-02   0.216598E+03   0.000000E+00   0.000000E+00   0.216598E+03  -0.433196E+03
   0.100607E+03   0.357283E-03   0.106608E-03   0.599450E-04   0.165520E-02   0.216598E+03   0.000000E+00   0.000000E+00   0.216598E+03  -0.433196E+03
   0.101824E+03   0.357283E-03   0.106608E-03   0.599450E-04   0.165520E-02   0.215701E+03   0.000000E+00   0.000000E+00   0.215701E+03  -0.431402E+03
   0.101824E+03   0.357283E-03   0.106608E-03   0.599450E-04   0.153201E-02   0.216019E+03   0.000000E+00   0.000000E+00   0.216019E+03  -0.432038E+03
   0.101824E+03   0.357283E-03   0.119495E-03   0.599450E-04   0.153201E-02   0.215988E+03   0.000000E+00   0.000000E+00   0.215988E+03  -0.431976E+03
   0.101824E+03   0.357283E-03   0.123442E-03   0.599450E-04   0.153201E-02   0.215978E+03   0.000000E+00   0.000000E+00   0.215978E+03  -0.431956E+03
   0.101824E+03   0.357283E-03   0.123442E-03   0.599450E-04   0.153201E-02   0.215978E+03   0.000000E+00   0.000000E+00   0.215978E+03  -0.431956E+03
   0.101824E+03   0.357283E-03   0.123442E-03   0.599450E-04   0.123455E-02   0.216563E+03   0.000000E+00   0.000000E+00   0.216563E+03  -0.433126E+03
   0.101824E+03   0.357283E-03   0.123442E-03   0.599450E-04   0.123455E-02   0.216563E+03   0.000000E+00   0.000000E+00   0.216563E+03  -0.433126E+03
   0.101824E+03   0.357283E-03   0.190330E-03   0.599450E-04   0.304590E-02   0.211639E+03   0.000000E+00   0.000000E+00   0.211639E+03  -0.423278E+03
   0.101824E+03   0.357283E-03   0.254503E-03   0.599450E-04   0.304590E-02   0.211361E+03   0.000000E+00   0.000000E+00   0.211361E+03  -0.422722E+03
   0.101824E+03   0.356002E-03   0.254503E-03   0.599450E-04   0.491302E-03   0.211506E+03   0.000000E+00   0.000000E+00   0.211506E+03  -0.423012E+03
   0.101692E+03   0.356002E-03   0.254503E-03   0.599450E-04   0.491302E-03   0.212162E+03   0.000000E+00   0.000000E+00   0.212162E+03  -0.424324E+03
   0.101692E+03   0.356002E-03   0.254503E-03   0.599450E-04   0.491302E-03   0.212162E+03   0.000000E+00   0.000000E+00   0.212162E+03  -0.424324E+03
   0.990584E+02   0.356002E-03   0.254503E-03   0.599450E-04   0.491302E-03   0.212631E+03   0.000000E+00   0.000000E+00   0.212631E+03  -0.425262E+03
   0.990584E+02   0.356002E-03   0.878178E-03   0.599450E-04   0.908874E-03   0.212481E+03   0.000000E+00   0.000000E+00   0.212481E+03  -0.424962E+03
   0.990584E+02   0.356002E-03   0.878178E-03   0.599450E-04   0.908874E-03   0.212481E+03   0.000000E+00   0.000000E+00   0.212481E+03  -0.424962E+03
   0.990584E+02   0.356002E-03   0.878178E-03   0.599450E-04   0.908874E-03   0.212481E+03   0.000000E+00   0.000000E+00   0.212481E+03  -0.424962E+03
   0.990584E+02   0.356002E-03   0.609622E-03   0.599450E-04   0.985173E-03   0.213086E+03   0.000000E+00   0.000000E+00   0.213086E+03  -0.426172E+03
   0.990584E+02   0.297493E-03   0.609622E-03   0.599450E-04   0.985173E-03   0.213176E+03   0.000000E+00   0.000000E+00   0.213176E+03  -0.426352E+03
   0.100574E+03   0.297493E-03   0.609622E-03   0.599450E-04   0.118643E-02   0.215970E+03   0.000000E+00   0.000000E+00   0.215970E+03  -0.431940E+03
   0.100574E+03   0.297493E-03   0.609622E-03   0.599450E-04   0.106450E-02   0.216198E+03   0.000000E+00   0.000000E+00   0.216198E+03  -0.432396E+03
   0.100574E+03   0.332779E-03   0.609622E-03   0.196657E-03   0.106450E-02   0.215622E+03   0.000000E+00   0.000000E+00   0.215622E+03  -0.431244E+03
   0.100574E+03   0.332779E-03   0.609622E-03   0.196657E-03   0.106450E-02   0.215622E+03   0.000000E+00   0.000000E+00   0.215622E+03  -0.431244E+03
   0.101242E+03   0.332779E-03   0.609622E-03   0.196657E-03   0.110149E-02   0.215050E+03   0.000000E+00   0.000000E+00   0.215050E+03  -0.430100E+03
   0.101242E+03   0.332779E-03   0.609622E-03   0.196657E-03   0.110149E-02   0.215050E+03   0.000000E+00   0.000000E+00   0.215050E+03  -0.430100E+03
   0.101242E+03   0.332779E-03   0.609622E-03   0.196657E-03   0.110149E-02   0.215050E+03   0.000000E+00   0.000000E+00   0.215050E+03  -0.430100E+03
   0.101248E+03   0.332779E-03   0.609622E-03   0.196657E-03   0.110149E-02   0.215033E+03   0.000000E+00   0.000000E+00   0.215033E+03  -0.430066E+03
   0.100080E+03   0.645588E-04   0.609622E-03   0.104687E-03   0.110149E-02   0.215972E+03   0.000000E+00   0.000000E+00   0.215972E+03  -0.431944E+03
   0.100080E+03   0.645588E-04   0.725311E-03   0.104687E-03   0.110149E-02   0.215369E+03   0.000000E+00   0.000000E+00   0.215369E+03  -0.430738E+03
   0.100080E+03   0.645588E-04   0.262938E-03   0.150508E-03   0.669486E-03   0.216980E+03   0.000000E+00   0.000000E+00   0.216980E+03  -0.433960E+03
   0.100080E+03   0.645588E-04   0.262938E-03   0.150508E-03   0.669486E-03   0.216980E+03   0.000000E+00   0.000000E+00   0.216980E+03  -0.433960E+03
   0.100080E+03   0.645588E-04   0.262938E-03   0.150508E-03   0.669486E-03   0.216980E+03   0.000000E+00   0.000000E+00   0.216980E+03  -0.433960E+03
   0.100080E+03   0.275697E-03   0.262938E-03   0.213322E-03   0.669486E-03   0.216406E+03   0.000000E+00   0.000000E+00   0.216406E+03  -0.432812E+03
   0.100080E+03   0.275697E-03   0.262938E-03   0.213322E-03   0.669486E-03   0.216406E+03   0.000000E+00   0.000000E+00   0.216406E+03  -0.432812E+03
   0.100080E+03   0.275697E-03   0.262938E-03   0.213322E-03   0.669486E-03   0.216406E+03   0.000000E+00   0.000000E+00   0.216406E+03  -0.432812E+03
   0.100080E+03   0.275697E-03   0.262938E-03   0.213322E-03   0.669486E-03   0.216406E+03   0.000000E+00   0.000000E+00   0.216406E+03  -0.432812E+03
   0.100080E+03   0.275697E-03   0.262938E-03   0.188174E-04   0.669486E-03   0.217049E+03   0.000000E+00   0.000000E+00   0.217049E+03  -0.434098E+03
   0.100080E+03   0.275697E-03   0.262938E-03   0.460841E-04   0.669486E-03   0.217022E+03   0.000000E+00   0.000000E+00   0.217022E+03  -0.434044E+03
   0.100080E+03   0.275697E-03   0.262938E-03   0.460841E-04   0.669486E-03   0.217022E+03   0.000000E+00   0.000000E+00   0.217022E+03  -0.434044E+03
   0.100080E+03   0.275697E-03   0.262938E-03   0.460841E-04   0.669486E-03   0.217022E+03   0.000000E+00   0.000000E+00   0.217022E+03  -0.434044E+03
   0.100080E+03   0.275697E-03   0.262938E-03   0.460841E-04   0.669486E-03   0.217022E+03   0.000000E+00   0.000000E+00   0.217022E+03  -0.434044E+03
   0.100080E+03   0.275697E-03   0.262938E-03   0.460841E-04   0.669486E-03   0.217022E+03   0.000000E+00   0.000000E+00   0.217022E+03  -0.434044E+03
   0.100080E+03   0.275697E-03   0.262938E-03   0.460841E-04   0.669486E-03   0.217022E+03   0.000000E+00   0.000000E+00   0.217022E+03  -0.434044E+03
   0.100080E+03   0.275697E-03   0.262938E-03   0.460841E-04   0.669486E-03   0.217022E+03   0.000000E+00   0.000000E+00   0.217022E+03  -0.434044E+03
   0.100080E+03   0.275697E-03   0.262938E-03   0.961343E-04   0.669486E-03   0.216916E+03   0.000000E+00   0.000000E+00   0.216916E+03  -0.433832E+03
   0.998156E+02   0.275697E-03   0.262938E-03   0.648960E-03   0.669486E-03   0.212498E+03   0.000000E+00   0.000000E+00   0.212498E+03  -0.424996E+03
   0.998156E+02   0.275697E-03   0.262938E-03   0.648960E-03   0.669486E-03   0.212498E+03   0.000000E+00   0.000000E+00   0.212498E+03  -0.424996E+03
   0.998156E+02   0.275697E-03   0.666615E-03   0.648960E-03   0.669486E-03   0.211270E+03   0.000000E+00   0.000000E+00   0.211270E+03  -0.422540E+03
   0.998156E+02   0.275697E-03   0.666615E-03   0.423154E-03   0.669486E-03   0.213155E+03   0.000000E+00   0.000000E+00   0.213155E+03  -0.426310E+03
   0.100846E+03   0.275697E-03   0.666615E-03   0.557826E-03   0.669486E-03   0.211815E+03   0.000000E+00   0.000000E+00   0.211815E+03  -0.423630E+03
   0.101521E+03   0.275697E-03   0.666615E-03   0.557826E-03   0.669486E-03   0.210484E+03   0.000000E+00   0.000000E+00   0.210484E+03  -0.420968E+03
   0.102165E+03   0.275697E-03   0.666615E-03   0.557826E-03   0.669486E-03   0.208326E+03   0.000000E+00   0.000000E+00   0.208326E+03  -0.416652E+03
   0.102165E+03   0.275697E-03   0.666615E-03   0.557826E-03   0.200127E-02   0.208704E+03   0.000000E+00   0.000000E+00   0.208704E+03  -0.417408E+03
   0.102165E+03   0.275697E-03   0.666615E-03   0.557826E-03   0.981762E-03   0.210321E+03   0.000000E+00   0.000000E+00   0.210321E+03  -0.420642E+03
   0.102165E+03   0.275697E-03   0.666615E-03   0.557826E-03   0.981762E-03   0.210321E+03   0.000000E+00   0.000000E+00   0.210321E+03  -0.420642E+03
   0.101813E+03   0.275697E-03   0.666615E-03   0.557826E-03   0.981762E-03   0.211306E+03   0.000000E+00   0.000000E+00   0.211306E+03  -0.422612E+03
   0.101813E+03   0.275697E-03   0.666615E-03   0.557826E-03   0.772392E-03   0.210518E+03   0.000000E+00   0.000000E+00   0.210518E+03  -0.421036E+03
   0.989497E+02   0.341937E-03   0.718353E-03   0.557826E-03   0.772392E-03   0.210219E+03   0.000000E+00   0.000000E+00   0.210219E+03  -0.420438E+03
   0.101626E+03   0.341937E-03   0.718353E-03   0.557826E-03   0.991925E-03   0.211202E+03   0.000000E+00   0.000000E+00   0.211202E+03  -0.422404E+03
   0.101626E+03   0.341937E-03   0.494606E-03   0.557826E-03   0.991925E-03   0.212774E+03   0.000000E+00   0.000000E+00   0.212774E+03  -0.425548E+03
   0.101626E+03   0.341937E-03   0.494606E-03   0.557826E-03   0.119846E-02   0.212728E+03   0.000000E+00   0.000000E+00   0.212728E+03  -0.425456E+03
   0.101626E+03   0.127524E-03   0.494606E-03   0.557826E-03   0.119846E-02   0.213103E+03   0.000000E+00   0.000000E+00   0.213103E+03  -0.426206E+03
   0.101626E+03   0.424341E-03   0.494606E-03   0.557826E-03   0.119846E-02   0.212507E+03   0.000000E+00   0.000000E+00   0.212507E+03  -0.425014E+03
   0.101626E+03   0.424341E-03   0.494606E-03   0.557826E-03   0.119846E-02   0.212507E+03   0.000000E+00   0.000000E+00   0.212507E+03  -0.425014E+03
   0.101626E+03   0.424341E-03   0.494606E-03   0.557826E-03   0.119846E-02   0.212507E+03   0.000000E+00   0.000000E+00   0.212507E+03  -0.425014E+03
   0.101626E+03   0.424341E-03   0.638176E-04   0.557826E-03   0.119846E-02   0.214548E+03   0.000000E+00   0.000000E+00   0.214548E+03  -0.429096E+03
   0.101626E+03   0.424341E-03   0.638176E-04   0.371792E-03   0.119846E-02   0.215849E+03   0.000000E+00   0.000000E+00   0.215849E+03  -0.431698E+03
   0.101626E+03   0.424341E-03   0.638176E-04   0.371792E-03   0.119846E-02   0.215849E+03   0.000000E+00   0.000000E+00   0.215849E+03  -0.431698E+03
   0.101626E+03   0.424341E-03   0.638176E-04   0.371792E-03   0.786376E-03   0.215266E+03   0.000000E+00   0.000000E+00   0.215266E+03  -0.430532E+03
   0.100885E+03   0.424341E-03   0.638176E-04   0.371792E-03   0.786376E-03   0.216314E+03   0.000000E+00   0.000000E+00   0.216314E+03  -0.432628E+03
   0.100885E+03   0.424341E-03   0.638176E-04   0.395853E-03   0.786376E-03   0.216129E+03   0.000000E+00   0.000000E+00   0.216129E+03  -0.432258E+03
   0.101307E+03   0.135245E-03   0.638176E-04   0.395853E-03   0.786376E-03   0.216364E+03   0.000000E+00   0.000000E+00   0.216364E+03  -0.432728E+03
   0.100145E+03   0.135245E-03   0.638176E-04   0.395853E-03   0.786376E-03   0.216018E+03   0.000000E+00   0.000000E+00   0.216018E+03  -0.432036E+03
   0.100145E+03   0.135245E-03   0.127950E-03   0.395853E-03   0.786376E-03   0.215979E+03   0.000000E+00   0.000000E+00   0.215979E+03  -0.431958E+03
   0.101775E+03   0.135245E-03   0.127950E-03   0.395853E-03   0.786376E-03   0.215180E+03   0.000000E+00   0.000000E+00   0.215180E+03  -0.430360E+03
   0.101282E+03   0.135245E-03   0.127950E-03   0.395853E-03   0.786376E-03   0.216292E+03   0.000000E+00   0.000000E+00   0.216292E+03  -0.432584E+03
   0.102100E+03   0.408217E-03   0.127950E-03   0.395853E-03   0.786376E-03   0.213520E+03   0.000000E+00   0.000000E+00   0.213520E+03  -0.427040E+03
   0.999432E+02   0.408217E-03   0.127950E-03   0.395853E-03   0.786376E-03   0.214967E+03   0.000000E+00   0.000000E+00   0.214967E+03  -0.429934E+03
   0.100078E+03   0.789378E-03   0.318748E-04   0.168623E-03   0.786376E-03   0.215557E+03   0.000000E+00   0.000000E+00   0.215557E+03  -0.431114E+03
   0.100078E+03   0.789378E-03   0.318748E-04   0.168623E-03   0.786376E-03   0.215557E+03   0.000000E+00   0.000000E+00   0.215557E+03  -0.431114E+03
   0.100078E+03   0.789378E-03   0.318748E-04   0.168623E-03   0.786376E-03   0.215557E+03   0.000000E+00   0.000000E+00   0.215557E+03  -0.431114E+03
   0.100078E+03   0.324097E-03   0.318748E-04   0.168623E-03   0.786376E-03   0.217086E+03   0.000000E+00   0.000000E+00   0.217086E+03  -0.434172E+03
   0.100078E+03   0.226980E-03   0.318748E-04   0.168623E-03   0.786376E-03   0.217274E+03   0.000000E+00   0.000000E+00   0.217274E+03  -0.434548E+03
   0.997193E+02   0.226980E-03   0.199625E-03   0.168623E-03   0.786376E-03   0.216158E+03   0.000000E+00   0.000000E+00   0.216158E+03  -0.432316E+03
   0.100078E+03   0.226980E-03   0.199625E-03   0.168623E-03   0.786376E-03   0.217167E+03   0.000000E+00   0.000000E+00   0.217167E+03  -0.434334E+03
   0.101163E+03   0.224633E-03   0.199625E-03   0.168623E-03   0.786376E-03   0.217474E+03   0.000000E+00   0.000000E+00   0.217474E+03  -0.434948E+03
   0.101163E+03   0.582900E-03   0.554127E-03   0.168623E-03   0.786376E-03   0.214509E+03   0.000000E+00   0.000000E+00   0.214509E+03  -0.429018E+03
   0.101163E+03   0.582900E-03   0.554127E-03   0.445841E-03   0.786376E-03   0.212767E+03   0.000000E+00   0.000000E+00   0.212767E+03  -0.425534E+03
   0.101587E+03   0.222960E-03   0.554127E-03   0.445841E-03   0.786376E-03   0.212894E+03   0.000000E+00   0.000000E+00   0.212894E+03  -0.425788E+03
   0.101587E+03   0.222960E-03   0.554127E-03   0.152725E-03   0.786376E-03   0.214455E+03   0.000000E+00   0.000000E+00   0.214455E+03  -0.428910E+03
   0.101587E+03   0.222960E-03   0.572724E-03   0.783182E-03   0.786376E-03   0.210258E+03   0.000000E+00   0.000000E+00   0.210258E+03  -0.420516E+03
   0.101587E+03   0.222960E-03   0.572724E-03   0.783182E-03   0.786376E-03   0.210258E+03   0.000000E+00   0.000000E+00   0.210258E+03  -0.420516E+03
   0.100613E+03   0.222960E-03   0.572724E-03   0.783182E-03   0.178137E-02   0.209527E+03   0.000000E+00   0.000000E+00   0.209527E+03  -0.419054E+03
   0.100613E+03   0.222960E-03   0.572724E-03   0.783182E-03   0.528208E-03   0.209556E+03   0.000000E+00   0.000000E+00   0.209556E+03  -0.419112E+03
   0.100613E+03   0.222960E-03   0.572724E-03   0.783182E-03   0.528208E-03   0.209556E+03   0.000000E+00   0.000000E+00   0.209556E+03  -0.419112E+03
   0.100613E+03   0.222960E-03   0.572724E-03   0.867687E-04   0.103974E-02   0.216539E+03   0.000000E+00   0.000000E+00   0.216539E+03  -0.433078E+03
   0.100613E+03   0.222960E-03   0.572724E-03   0.867687E-04   0.101642E-02   0.216563E+03   0.000000E+00   0.000000E+00   0.216563E+03  -0.433126E+03
   0.100613E+03   0.222960E-03   0.135976E-03   0.867687E-04   0.101642E-02   0.218420E+03   0.000000E+00   0.000000E+00   0.218420E+03  -0.436840E+03
   0.101888E+03   0.222960E-03   0.135976E-03   0.867687E-04   0.101642E-02   0.216588E+03   0.000000E+00   0.000000E+00   0.216588E+03  -0.433176E+03
   0.101888E+03   0.752898E-03   0.135976E-03   0.867687E-04   0.108638E-02   0.215044E+03   0.000000E+00   0.000000E+00   0.215044E+03  -0.430088E+03
   0.100030E+03   0.752898E-03   0.135976E-03   0.867687E-04   0.108638E-02   0.215610E+03   0.000000E+00   0.000000E+00   0.215610E+03  -0.431220E+03
   0.100030E+03   0.752898E-03   0.135976E-03   0.867687E-04   0.108638E-02   0.215610E+03   0.000000E+00   0.000000E+00   0.215610E+03  -0.431220E+03
   0.100030E+03   0.752898E-03   0.442355E-03   0.867687E-04   0.994801E-03   0.215150E+03   0.000000E+00   0.000000E+00   0.215150E+03  -0.430300E+03
   0.102536E+03   0.752898E-03   0.442355E-03   0.867687E-04   0.994801E-03   0.210597E+03   0.000000E+00   0.000000E+00   0.210597E+03  -0.421194E+03
   0.102536E+03   0.752898E-03   0.442355E-03   0.867687E-04   0.994801E-03   0.210597E+03   0.000000E+00   0.000000E+00   0.210597E+03  -0.421194E+03
   0.102536E+03   0.752898E-03   0.442355E-03   0.684549E-03   0.763520E-03   0.207268E+03   0.000000E+00   0.000000E+00   0.207268E+03  -0.414536E+03
   0.102536E+03   0.752898E-03   0.442355E-03   0.684549E-03   0.763520E-03   0.207268E+03   0.000000E+00   0.000000E+00   0.207268E+03  -0.414536E+03
   0.102536E+03   0.752898E-03   0.442355E-03   0.684549E-03   0.763520E-03   0.207268E+03   0.000000E+00   0.000000E+00   0.207268E+03  -0.414536E+03
   0.102536E+03   0.752898E-03   0.442355E-03   0.684549E-03   0.178390E-02   0.207761E+03   0.000000E+00   0.000000E+00   0.207761E+03  -0.415522E+03
   0.991387E+02   0.752898E-03   0.649512E-05   0.684549E-03   0.178390E-02   0.205259E+03   0.000000E+00   0.000000E+00   0.205259E+03  -0.410518E+03
   0.991387E+02   0.752898E-03   0.318865E-03   0.684549E-03   0.178390E-02   0.205788E+03   0.000000E+00   0.000000E+00   0.205788E+03  -0.411576E+03
   0.991387E+02   0.752898E-03   0.318865E-03   0.153702E-03   0.146411E-02   0.210576E+03   0.000000E+00   0.000000E+00   0.210576E+03  -0.421152E+03
   0.991387E+02   0.170081E-02   0.339775E-03   0.153702E-03   0.152121E-02   0.206908E+03   0.000000E+00   0.000000E+00   0.206908E+03  -0.413816E+03
   0.991387E+02   0.170081E-02   0.339775E-03   0.153702E-03   0.152121E-02   0.206908E+03   0.000000E+00   0.000000E+00   0.206908E+03  -0.413816E+03
   0.102103E+03   0.170081E-02   0.339775E-03   0.153702E-03   0.152121E-02   0.208923E+03   0.000000E+00   0.000000E+00   0.208923E+03  -0.417846E+03
   0.102103E+03   0.196642E-02   0.339775E-03   0.153702E-03   0.152121E-02   0.207951E+03   0.000000E+00   0.000000E+00   0.207951E+03  -0.415902E+03
   0.102103E+03   0.196642E-02   0.339775E-03   0.153702E-03   0.151954E-02   0.207955E+03   0.000000E+00   0.000000E+00   0.207955E+03  -0.415910E+03
   0.102103E+03   0.196642E-02   0.339775E-03   0.153702E-03   0.151954E-02   0.207955E+03   0.000000E+00   0.000000E+00   0.207955E+03  -0.415910E+03
   0.100990E+03   0.547981E-03   0.339775E-03   0.925302E-05   0.179163E-02   0.215056E+03   0.000000E+00   0.000000E+00   0.215056E+03  -0.430112E+03
   0.100631E+03   0.419809E-03   0.809494E-04   0.925302E-05   0.179163E-02   0.216093E+03   0.000000E+00   0.000000E+00   0.216093E+03  -0.432186E+03
   0.100631E+03   0.419809E-03   0.809494E-04   0.925302E-05   0.179163E-02   0.216093E+03   0.000000E+00   0.000000E+00   0.216093E+03  -0.432186E+03
   0.100631E+03   0.803647E-03   0.809494E-04   0.925302E-05   0.179163E-02   0.214674E+03   0.000000E+00   0.000000E+00   0.214674E+03  -0.429348E+03
   0.100631E+03   0.441542E-03   0.809494E-04   0.925302E-05   0.179163E-02   0.216028E+03   0.000000E+00   0.000000E+00   0.216028E+03  -0.432056E+03
   0.100631E+03   0.441542E-03   0.809494E-04   0.925302E-05   0.102786E-02   0.218079E+03   0.000000E+00   0.000000E+00   0.218079E+03  -0.436158E+03
   0.100631E+03   0.441542E-03   0.809494E-04   0.925302E-05   0.102786E-02   0.218079E+03   0.000000E+00   0.000000E+00   0.218079E+03  -0.436158E+03
   0.100631E+03   0.441542E-03   0.809494E-04   0.925302E-05   0.102786E-02   0.218079E+03   0.000000E+00   0.000000E+00   0.218079E+03  -0.436158E+03
   0.100631E+03   0.351139E-03   0.809494E-04   0.925302E-05   0.102786E-02   0.218335E+03   0.000000E+00   0.000000E+00   0.218335E+03  -0.436670E+03
   0.100631E+03   0.351139E-03   0.809494E-04   0.925302E-05   0.102786E-02   0.218335E+03   0.000000E+00   0.000000E+00   0.218335E+03  -0.436670E+03
   0.100631E+03   0.351139E-03   0.599646E-04   0.925302E-05   0.102786E-02   0.218355E+03   0.000000E+00   0.000000E+00   0.218355E+03  -0.436710E+03
   0.100631E+03   0.351139E-03   0.599646E-04   0.925302E-05   0.102786E-02   0.218355E+03   0.000000E+00   0.000000E+00   0.218355E+03  -0.436710E+03
   0.100631E+03   0.351139E-03   0.599646E-04   0.925302E-05   0.619098E-03   0.217294E+03   0.000000E+00   0.000000E+00   0.217294E+03  -0.434588E+03
   0.100631E+03   0.351139E-03   0.599646E-04   0.925302E-05   0.619098E-03   0.217294E+03   0.000000E+00   0.000000E+00   0.217294E+03  -0.434588E+03
   0.100631E+03   0.351139E-03   0.599646E-04   0.925302E-05   0.619098E-03   0.217294E+03   0.000000E+00   0.000000E+00   0.217294E+03  -0.434588E+03
   0.100631E+03   0.351139E-03   0.599646E-04   0.925302E-05   0.134548E-02   0.217692E+03   0.000000E+00   0.000000E+00   0.217692E+03  -0.435384E+03
   0.100631E+03   0.351139E-03   0.599646E-04   0.252451E-03   0.134548E-02   0.216828E+03   0.000000E+00   0.000000E+00   0.216828E+03  -0.433656E+03
   0.100631E+03   0.351139E-03   0.733790E-05   0.252451E-03   0.134548E-02   0.216852E+03   0.000000E+00   0.000000E+00   0.216852E+03  -0.433704E+03
   0.100631E+03   0.351139E-03   0.733790E-05   0.252451E-03   0.134548E-02   0.216852E+03   0.000000E+00   0.000000E+00   0.216852E+03  -0.433704E+03
   0.100631E+03   0.351139E-03   0.733790E-05   0.252451E-03   0.134548E-02   0.216852E+03   0.000000E+00   0.000000E+00   0.216852E+03  -0.433704E+03
   0.101197E+03   0.351139E-03   0.733790E-05   0.252451E-03   0.134548E-02   0.217061E+03   0.000000E+00   0.000000E+00   0.217061E+03  -0.434122E+03
   0.101197E+03   0.351139E-03   0.733790E-05   0.252451E-03   0.134548E-02   0.217061E+03   0.000000E+00   0.000000E+00   0.217061E+03  -0.434122E+03
   0.101197E+03   0.147163E-03   0.733790E-05   0.252451E-03   0.134548E-02   0.217452E+03   0.000000E+00   0.000000E+00   0.217452E+03  -0.434904E+03
   0.101197E+03   0.147163E-03   0.733790E-05   0.252451E-03   0.134548E-02   0.217452E+03   0.000000E+00   0.000000E+00   0.217452E+03  -0.434904E+03
   0.995322E+02   0.147163E-03   0.733790E-05   0.252451E-03   0.134548E-02   0.213650E+03   0.000000E+00   0.000000E+00   0.213650E+03  -0.427300E+03
   0.995322E+02   0.433947E-03   0.733790E-05   0.252451E-03   0.134548E-02   0.213157E+03   0.000000E+00   0.000000E+00   0.213157E+03  -0.426314E+03
   0.995322E+02   0.433947E-03   0.844069E-05   0.252451E-03   0.134548E-02   0.213157E+03   0.000000E+00   0.000000E+00   0.213157E+03  -0.426314E+03
   0.101712E+03   0.450419E-03   0.844069E-05   0.252451E-03   0.134548E-02   0.216070E+03   0.000000E+00   0.000000E+00   0.216070E+03  -0.432140E+03
   0.101712E+03   0.325885E-03   0.844069E-05   0.664731E-03   0.134548E-02   0.213705E+03   0.000000E+00   0.000000E+00   0.213705E+03  -0.427410E+03
   0.101712E+03   0.325885E-03   0.844069E-05   0.434157E-03   0.134548E-02   0.215365E+03   0.000000E+00   0.000000E+00   0.215365E+03  -0.430730E+03
   0.101712E+03   0.283217E-04   0.628561E-04   0.434157E-03   0.134548E-02   0.215715E+03   0.000000E+00   0.000000E+00   0.215715E+03  -0.431430E+03
   0.101712E+03   0.437463E-03   0.628561E-04   0.434157E-03   0.134548E-02   0.215028E+03   0.000000E+00   0.000000E+00   0.215028E+03  -0.430056E+03
   0.101712E+03   0.437463E-03   0.628561E-04   0.434157E-03   0.134548E-02   0.215028E+03   0.000000E+00   0.000000E+00   0.215028E+03  -0.430056E+03
   0.100935E+03   0.607957E-03   0.628561E-04   0.434157E-03   0.134548E-02   0.214927E+03   0.000000E+00   0.000000E+00   0.214927E+03  -0.429854E+03
   0.100935E+03   0.607957E-03   0.628561E-04   0.434157E-03   0.134548E-02   0.214927E+03   0.000000E+00   0.000000E+00   0.214927E+03  -0.429854E+03
   0.100935E+03   0.397305E-03   0.628561E-04   0.434157E-03   0.749074E-03   0.215741E+03   0.000000E+00   0.000000E+00   0.215741E+03  -0.431482E+03
   0.101165E+03   0.397305E-03   0.628561E-04   0.434157E-03   0.112171E-02   0.216088E+03   0.000000E+00   0.000000E+00   0.216088E+03  -0.432176E+03
   0.101165E+03   0.397305E-03   0.628561E-04   0.434157E-03   0.112171E-02   0.216088E+03   0.000000E+00   0.000000E+00   0.216088E+03  -0.432176E+03
   0.101165E+03   0.616651E-03   0.628561E-04   0.434157E-03   0.112171E-02   0.215346E+03   0.000000E+00   0.000000E+00   0.215346E+03  -0.430692E+03
   0.101165E+03   0.692374E-03   0.628561E-04   0.388466E-03   0.112171E-02   0.215393E+03   0.000000E+00   0.000000E+00   0.215393E+03  -0.430786E+03
   0.101165E+03   0.532379E-03   0.628561E-04   0.169112E-03   0.112171E-02   0.217301E+03   0.000000E+00   0.000000E+00   0.217301E+03  -0.434602E+03
   0.101165E+03   0.532379E-03   0.307621E-03   0.169112E-03   0.112171E-02   0.216508E+03   0.000000E+00   0.000000E+00   0.216508E+03  -0.433016E+03
   0.101030E+03   0.532379E-03   0.307621E-03   0.227215E-03   0.112171E-02   0.216349E+03   0.000000E+00   0.000000E+00   0.216349E+03  -0.432698E+03
   0.100595E+03   0.532379E-03   0.307621E-03   0.227215E-03   0.112171E-02   0.216334E+03   0.000000E+00   0.000000E+00   0.216334E+03  -0.432668E+03
   0.100595E+03   0.532379E-03   0.307621E-03   0.227215E-03   0.112171E-02   0.216334E+03   0.000000E+00   0.000000E+00   0.216334E+03  -0.432668E+03
   0.100746E+03   0.532379E-03   0.555365E-03   0.262748E-03   0.112171E-02   0.214857E+03   0.000000E+00   0.000000E+00   0.214857E+03  -0.429714E+03
   0.100746E+03   0.949541E-03   0.555365E-03   0.262748E-03   0.112171E-02   0.213171E+03   0.000000E+00   0.000000E+00   0.213171E+03  -0.426342E+03
   0.100746E+03   0.949541E-03   0.555365E-03   0.223771E-03   0.152695E-02   0.212375E+03   0.000000E+00   0.000000E+00   0.212375E+03  -0.424750E+03
   0.100746E+03   0.528099E-03   0.555365E-03   0.223771E-03   0.692440E-03   0.214587E+03   0.000000E+00   0.000000E+00   0.214587E+03  -0.429174E+03
   0.100746E+03   0.528099E-03   0.555365E-03   0.223771E-03   0.692440E-03   0.214587E+03   0.000000E+00   0.000000E+00   0.214587E+03  -0.429174E+03
   0.101288E+03   0.528099E-03   0.251424E-03   0.223771E-03   0.692440E-03   0.215387E+03   0.000000E+00   0.000000E+00   0.215387E+03  -0.430774E+03
   0.998567E+02   0.616787E-04   0.251424E-03   0.223771E-03   0.692440E-03   0.216252E+03   0.000000E+00   0.000000E+00   0.216252E+03  -0.432504E+03
   0.998567E+02   0.616787E-04   0.251424E-03   0.305708E-03   0.692440E-03   0.215718E+03   0.000000E+00   0.000000E+00   0.215718E+03  -0.431436E+03
   0.998567E+02   0.616787E-04   0.251424E-03   0.305708E-03   0.692440E-03   0.215718E+03   0.000000E+00   0.000000E+00   0.215718E+03  -0.431436E+03
   0.101335E+03   0.616787E-04   0.251424E-03   0.305708E-03   0.148990E-02   0.216158E+03   0.000000E+00   0.000000E+00   0.216158E+03  -0.432316E+03
   0.101335E+03   0.616787E-04   0.251424E-03   0.305708E-03   0.148990E-02   0.216158E+03   0.000000E+00   0.000000E+00   0.216158E+03  -0.432316E+03
   0.101335E+03   0.616787E-04   0.251424E-03   0.305708E-03   0.148990E-02   0.216158E+03   0.000000E+00   0.000000E+00   0.216158E+03  -0.432316E+03
   0.101335E+03   0.616787E-04   0.251424E-03   0.288201E-03   0.148990E-02   0.216263E+03   0.000000E+00   0.000000E+00   0.216263E+03  -0.432526E+03
   0.101335E+03   0.616787E-04   0.251424E-03   0.288201E-03   0.148990E-02   0.216263E+03   0.000000E+00   0.000000E+00   0.216263E+03  -0.432526E+03
   0.100782E+03   0.616787E-04   0.251424E-03   0.288201E-03   0.117451E-02   0.217177E+03   0.000000E+00   0.000000E+00   0.217177E+03  -0.434354E+03
   0.100422E+03   0.616787E-04   0.251424E-03   0.288201E-03   0.117451E-02   0.216825E+03   0.000000E+00   0.000000E+00   0.216825E+03  -0.433650E+03
   0.100422E+03   0.239152E-03   0.251424E-03   0.288201E-03   0.117451E-02   0.216620E+03   0.000000E+00   0.000000E+00   0.216620E+03  -0.433240E+03
   0.100422E+03   0.239152E-03   0.251424E-03   0.288201E-03   0.133404E-02   0.216196E+03   0.000000E+00   0.000000E+00   0.216196E+03  -0.432392E+03
   0.100422E+03   0.239152E-03   0.251424E-03   0.288201E-03   0.133404E-02   0.216196E+03   0.000000E+00   0.000000E+00   0.216196E+03  -0.432392E+03
   0.100422E+03   0.239152E-03   0.251424E-03   0.288201E-03   0.755970E-03   0.216754E+03   0.000000E+00   0.000000E+00   0.216754E+03  -0.433508E+03
   0.100422E+03   0.239152E-03   0.251424E-03   0.288201E-03   0.755970E-03   0.216754E+03   0.000000E+00   0.000000E+00   0.216754E+03  -0.433508E+03
   0.100422E+03   0.239152E-03   0.294588E-03   0.288201E-03   0.755970E-03   0.216622E+03   0.000000E+00   0.000000E+00   0.216622E+03  -0.433244E+03
   0.100104E+03   0.239152E-03   0.294588E-03   0.288201E-03   0.116376E-02   0.215912E+03   0.000000E+00   0.000000E+00   0.215912E+03  -0.431824E+03
   0.101339E+03   0.239152E-03   0.294588E-03   0.288201E-03   0.116376E-02   0.216523E+03   0.000000E+00   0.000000E+00   0.216523E+03  -0.433046E+03
   0.101339E+03   0.239152E-03   0.294588E-03   0.288201E-03   0.116376E-02   0.216523E+03   0.000000E+00   0.000000E+00   0.216523E+03  -0.433046E+03
   0.101197E+03   0.239152E-03   0.294588E-03   0.288201E-03   0.116376E-02   0.216683E+03   0.000000E+00   0.000000E+00   0.216683E+03  -0.433366E+03
   0.101197E+03   0.239152E-03   0.294588E-03   0.288201E-03   0.116376E-02   0.216683E+03   0.000000E+00   0.000000E+00   0.216683E+03  -0.433366E+03
   0.101334E+03   0.239152E-03   0.294588E-03   0.288201E-03   0.981060E-03   0.216612E+03   0.000000E+00   0.000000E+00   0.216612E+03  -0.433224E+03
   0.101420E+03   0.239152E-03   0.362652E-04   0.288201E-03   0.981060E-03   0.217262E+03   0.000000E+00   0.000000E+00   0.217262E+03  -0.434524E+03
   0.100299E+03   0.834907E-04   0.362652E-04   0.288201E-03   0.981060E-03   0.217247E+03   0.000000E+00   0.000000E+00   0.217247E+03  -0.434494E+03
   0.100299E+03   0.834907E-04   0.362652E-04   0.288201E-03   0.981060E-03   0.217247E+03   0.000000E+00   0.000000E+00   0.217247E+03  -0.434494E+03
   0.100299E+03   0.834907E-04   0.362652E-04   0.288201E-03   0.981060E-03   0.217247E+03   0.000000E+00   0.000000E+00   0.217247E+03  -0.434494E+03
   0.100299E+03   0.834907E-04   0.362652E-04   0.288201E-03   0.981060E-03   0.217247E+03   0.000000E+00   0.000000E+00   0.217247E+03  -0.434494E+03
   0.100211E+03   0.834907E-04   0.362652E-04   0.124341E-03   0.981060E-03   0.217944E+03   0.000000E+00   0.000000E+00   0.217944E+03  -0.435888E+03
   0.100211E+03   0.834907E-04   0.362652E-04   0.124341E-03   0.102007E-02   0.217891E+03   0.000000E+00   0.000000E+00   0.217891E+03  -0.435782E+03
   0.100211E+03   0.258923E-04   0.362652E-04   0.124341E-03   0.102007E-02   0.217915E+03   0.000000E+00   0.000000E+00   0.217915E+03  -0.435830E+03
   0.100211E+03   0.258923E-04   0.106289E-03   0.124341E-03   0.760048E-03   0.217851E+03   0.000000E+00   0.000000E+00   0.217851E+03  -0.435702E+03
   0.100211E+03   0.202989E-03   0.106289E-03   0.124341E-03   0.760048E-03   0.217699E+03   0.000000E+00   0.000000E+00   0.217699E+03  -0.435398E+03
   0.100211E+03   0.202989E-03   0.108434E-03   0.969291E-04   0.760048E-03   0.217786E+03   0.000000E+00   0.000000E+00   0.217786E+03  -0.435572E+03
   0.100211E+03   0.202989E-03   0.108434E-03   0.969291E-04   0.760048E-03   0.217786E+03   0.000000E+00   0.000000E+00   0.217786E+03  -0.435572E+03
   0.100211E+03   0.202989E-03   0.108434E-03   0.969291E-04   0.877775E-03   0.217926E+03   0.000000E+00   0.000000E+00   0.217926E+03  -0.435852E+03
   0.101410E+03   0.202989E-03   0.108434E-03   0.969291E-04   0.877775E-03   0.217836E+03   0.000000E+00   0.000000E+00   0.217836E+03  -0.435672E+03
