Kmin_MC_Up_a0  Kmin_TR_a0     Y1_intercept   Y2_intercept   Y3_intercept   Y4_intercept   Y5_intercept   LogPost        LogPrior       LogHyper       LogLkh         Deviance       
   0.341202E+02   0.283284E+02   0.717079E-02   0.112127E+02   0.724403E+01   0.146286E+01   0.176727E+02   0.144911E+02  -0.137993E+02   0.000000E+00   0.282904E+02  -0.565808E+02
   0.344360E+02   0.292866E+02   0.819274E-02   0.877355E+01   0.790917E+01   0.181004E+01   0.126426E+02   0.106444E+02  -0.127749E+02   0.000000E+00   0.234193E+02  -0.468386E+02
   0.344360E+02   0.273991E+02   0.555751E-02   0.892398E+01   0.672479E+01   0.328080E+01   0.109702E+02   0.133266E+02  -0.145742E+02   0.000000E+00   0.279008E+02  -0.558016E+02
   0.343462E+02   0.279709E+02   0.632546E-02   0.896512E+01   0.130690E+02   0.116852E+01   0.118467E+02   0.174838E+02  -0.137074E+02   0.000000E+00   0.311912E+02  -0.623824E+02
   0.343484E+02   0.279709E+02   0.602162E-02   0.118185E+02   0.769833E+01   0.682612E+00   0.236422E+02   0.155290E+02  -0.161965E+02   0.000000E+00   0.317255E+02  -0.634510E+02
   0.342940E+02   0.279709E+02   0.562605E-02   0.142378E+02   0.108264E+02   0.840152E+00   0.120161E+02   0.170796E+02  -0.145092E+02   0.000000E+00   0.315888E+02  -0.631776E+02
   0.341836E+02   0.270257E+02   0.607188E-02   0.117596E+02   0.121256E+02   0.117823E+01   0.162503E+02   0.153658E+02  -0.133518E+02   0.000000E+00   0.287176E+02  -0.574353E+02
   0.344146E+02   0.273485E+02   0.523441E-02   0.125524E+02   0.827271E+01   0.922142E+00   0.165059E+02   0.177346E+02  -0.133873E+02   0.000000E+00   0.311219E+02  -0.622438E+02
   0.341205E+02   0.279929E+02   0.638688E-02   0.927430E+01   0.728317E+01   0.119424E+01   0.950396E+01   0.143228E+02  -0.151257E+02   0.000000E+00   0.294485E+02  -0.588970E+02
   0.341205E+02   0.285688E+02   0.573637E-02   0.739739E+01   0.989471E+01   0.130127E+01   0.132655E+02   0.157754E+02  -0.129353E+02   0.000000E+00   0.287107E+02  -0.574214E+02
   0.344158E+02   0.267388E+02   0.749553E-02   0.988422E+01   0.110167E+02   0.126563E+01   0.150218E+02   0.161350E+02  -0.122497E+02   0.000000E+00   0.283847E+02  -0.567693E+02
   0.341027E+02   0.267388E+02   0.585206E-02   0.104293E+02   0.750969E+01   0.676934E+00   0.126917E+02   0.121265E+02  -0.130290E+02   0.000000E+00   0.251555E+02  -0.503111E+02
   0.341027E+02   0.280066E+02   0.567527E-02   0.990451E+01   0.101993E+02   0.151011E+00   0.169636E+02   0.169613E+02  -0.123725E+02   0.000000E+00   0.293338E+02  -0.586675E+02
   0.344336E+02   0.277958E+02   0.700582E-02   0.111555E+02   0.114199E+02   0.132408E+00   0.141840E+02   0.179738E+02  -0.126392E+02   0.000000E+00   0.306130E+02  -0.612261E+02
   0.342306E+02   0.266511E+02   0.736828E-02   0.781243E+01   0.802697E+01   0.175160E+01   0.174649E+02   0.131587E+02  -0.133845E+02   0.000000E+00   0.265432E+02  -0.530865E+02
   0.342306E+02   0.279821E+02   0.524095E-02   0.922243E+01   0.973511E+01   0.971419E+00   0.189833E+02   0.176077E+02  -0.129561E+02   0.000000E+00   0.305638E+02  -0.611275E+02
   0.345166E+02   0.278834E+02   0.595501E-02   0.842568E+01   0.845590E+01   0.768723E+00   0.121833E+02   0.172126E+02  -0.127563E+02   0.000000E+00   0.299689E+02  -0.599377E+02
   0.344479E+02   0.274043E+02   0.860031E-02   0.791652E+01   0.105884E+02   0.260058E+00   0.156512E+02   0.144840E+02  -0.126559E+02   0.000000E+00   0.271399E+02  -0.542798E+02
   0.342857E+02   0.275441E+02   0.556047E-02   0.931661E+01   0.106660E+02   0.163548E-01   0.153715E+02   0.196880E+02  -0.121844E+02   0.000000E+00   0.318724E+02  -0.637447E+02
   0.342853E+02   0.280790E+02   0.671464E-02   0.856903E+01   0.980992E+01   0.407942E-01   0.154160E+02   0.189746E+02  -0.122099E+02   0.000000E+00   0.311845E+02  -0.623690E+02
   0.342853E+02   0.280766E+02   0.653612E-02   0.103077E+02   0.993730E+01   0.859704E+00   0.165669E+02   0.188160E+02  -0.123029E+02   0.000000E+00   0.311189E+02  -0.622377E+02
   0.342853E+02   0.280766E+02   0.638521E-02   0.131690E+02   0.802594E+01   0.945262E+00   0.146034E+02   0.175822E+02  -0.136334E+02   0.000000E+00   0.312156E+02  -0.624312E+02
   0.345714E+02   0.278541E+02   0.603782E-02   0.115553E+02   0.111719E+02   0.176722E+01   0.123173E+02   0.150526E+02  -0.130025E+02   0.000000E+00   0.280551E+02  -0.561102E+02
   0.345654E+02   0.269612E+02   0.572462E-02   0.872219E+01   0.929590E+01   0.135058E+01   0.205168E+02   0.154693E+02  -0.136740E+02   0.000000E+00   0.291433E+02  -0.582866E+02
   0.345654E+02   0.273611E+02   0.582198E-02   0.947505E+01   0.119201E+02   0.196362E+01   0.132507E+02   0.158821E+02  -0.126560E+02   0.000000E+00   0.285381E+02  -0.570762E+02
   0.341464E+02   0.286595E+02   0.612214E-02   0.972336E+01   0.863211E+01   0.425198E+00   0.159547E+02   0.174921E+02  -0.122586E+02   0.000000E+00   0.297507E+02  -0.595013E+02
   0.341453E+02   0.284412E+02   0.634054E-02   0.879645E+01   0.904683E+01   0.912924E+00   0.121081E+02   0.173583E+02  -0.125059E+02   0.000000E+00   0.298642E+02  -0.597284E+02
   0.343815E+02   0.278468E+02   0.580228E-02   0.913717E+01   0.590135E+01   0.454345E+00   0.136790E+02   0.168643E+02  -0.150192E+02   0.000000E+00   0.318835E+02  -0.637671E+02
   0.344497E+02   0.284393E+02   0.802223E-02   0.122557E+02   0.125901E+02   0.850665E+00   0.122296E+02   0.131587E+02  -0.139751E+02   0.000000E+00   0.271338E+02  -0.542677E+02
   0.344497E+02   0.274884E+02   0.690501E-02   0.735907E+01   0.121321E+02   0.735029E+00   0.166864E+02   0.167990E+02  -0.138215E+02   0.000000E+00   0.306205E+02  -0.612411E+02
   0.343179E+02   0.271979E+02   0.561458E-02   0.867940E+01   0.165955E+02   0.321162E+00   0.131603E+02   0.155851E+02  -0.159503E+02   0.000000E+00   0.315354E+02  -0.630708E+02
   0.341893E+02   0.281761E+02   0.689785E-02   0.105435E+02   0.841012E+01   0.102167E+01   0.176330E+02   0.171016E+02  -0.128223E+02   0.000000E+00   0.299239E+02  -0.598478E+02
   0.342777E+02   0.287396E+02   0.609687E-02   0.806561E+01   0.942526E+01   0.292617E-01   0.139249E+02   0.177719E+02  -0.123862E+02   0.000000E+00   0.301581E+02  -0.603162E+02
   0.342777E+02   0.269233E+02   0.506703E-02   0.847402E+01   0.877025E+01   0.133524E+01   0.161794E+02   0.159232E+02  -0.124526E+02   0.000000E+00   0.283758E+02  -0.567515E+02
   0.340443E+02   0.296190E+02   0.822344E-02   0.659886E+01   0.100053E+02   0.696464E+00   0.170411E+02   0.100236E+02  -0.141199E+02   0.000000E+00   0.241435E+02  -0.482871E+02
   0.343901E+02   0.279991E+02   0.641450E-02   0.807767E+01   0.110396E+02   0.116293E+01   0.123354E+02   0.179830E+02  -0.129040E+02   0.000000E+00   0.308870E+02  -0.617741E+02
   0.343174E+02   0.278164E+02   0.644679E-02   0.106747E+02   0.122990E+02   0.894374E+00   0.156342E+02   0.184850E+02  -0.129677E+02   0.000000E+00   0.314527E+02  -0.629055E+02
   0.342613E+02   0.268831E+02   0.586689E-02   0.101163E+02   0.120926E+02   0.862069E+00   0.115447E+02   0.164070E+02  -0.132937E+02   0.000000E+00   0.297007E+02  -0.594014E+02
   0.344034E+02   0.277173E+02   0.601566E-02   0.866824E+01   0.673144E+01   0.839026E+00   0.183068E+02   0.172765E+02  -0.144142E+02   0.000000E+00   0.316907E+02  -0.633815E+02
   0.341905E+02   0.278031E+02   0.656849E-02   0.914370E+01   0.785755E+01   0.640464E-01   0.131848E+02   0.181880E+02  -0.126193E+02   0.000000E+00   0.308073E+02  -0.616146E+02
   0.341905E+02   0.282426E+02   0.534661E-02   0.100116E+02   0.927146E+01   0.404637E+00   0.143344E+02   0.182917E+02  -0.120215E+02   0.000000E+00   0.303132E+02  -0.606265E+02
   0.341624E+02   0.279699E+02   0.484045E-02   0.106176E+02   0.989074E+01   0.404637E+00   0.167283E+02   0.159967E+02  -0.123972E+02   0.000000E+00   0.283939E+02  -0.567877E+02
   0.343416E+02   0.279699E+02   0.603826E-02   0.863864E+01   0.803562E+01   0.102531E+01   0.148376E+02   0.189813E+02  -0.125352E+02   0.000000E+00   0.315165E+02  -0.630331E+02
   0.342710E+02   0.279699E+02   0.532724E-02   0.990968E+01   0.962466E+01   0.770716E+00   0.165817E+02   0.189696E+02  -0.122420E+02   0.000000E+00   0.312116E+02  -0.624232E+02
   0.342710E+02   0.280680E+02   0.614234E-02   0.106874E+02   0.100332E+02   0.170401E+01   0.159046E+02   0.183113E+02  -0.122707E+02   0.000000E+00   0.305820E+02  -0.611640E+02
   0.341310E+02   0.286768E+02   0.554120E-02   0.702490E+01   0.107235E+02   0.115732E+01   0.167846E+02   0.148100E+02  -0.136509E+02   0.000000E+00   0.284609E+02  -0.569218E+02
   0.341310E+02   0.268610E+02   0.742445E-02   0.810240E+01   0.106548E+02   0.112637E+01   0.137242E+02   0.138545E+02  -0.125108E+02   0.000000E+00   0.263653E+02  -0.527305E+02
   0.341674E+02   0.277145E+02   0.585021E-02   0.123547E+02   0.100567E+02   0.889125E+00   0.142475E+02   0.175922E+02  -0.128022E+02   0.000000E+00   0.303944E+02  -0.607887E+02
   0.343056E+02   0.277145E+02   0.478475E-02   0.711115E+01   0.128826E+02   0.221080E+00   0.102144E+02   0.146705E+02  -0.156727E+02   0.000000E+00   0.303432E+02  -0.606863E+02
   0.343056E+02   0.279011E+02   0.626141E-02   0.834120E+01   0.106926E+02   0.747197E+00   0.175376E+02   0.188039E+02  -0.128586E+02   0.000000E+00   0.316625E+02  -0.633251E+02
   0.345540E+02   0.271410E+02   0.642711E-02   0.834760E+01   0.889828E+01   0.837985E+00   0.171931E+02   0.173740E+02  -0.126941E+02   0.000000E+00   0.300681E+02  -0.601361E+02
   0.345781E+02   0.270645E+02   0.562169E-02   0.101991E+02   0.105123E+02   0.293125E+00   0.148788E+02   0.174477E+02  -0.121426E+02   0.000000E+00   0.295903E+02  -0.591805E+02
   0.345065E+02   0.271254E+02   0.662775E-02   0.787355E+01   0.831364E+01   0.153677E+01   0.149691E+02   0.169588E+02  -0.127592E+02   0.000000E+00   0.297180E+02  -0.594360E+02
   0.340833E+02   0.284107E+02   0.553968E-02   0.675990E+01   0.117718E+02   0.170412E+00   0.151913E+02   0.144219E+02  -0.140796E+02   0.000000E+00   0.285015E+02  -0.570030E+02
   0.343868E+02   0.270751E+02   0.638350E-02   0.899592E+01   0.773533E+01   0.148352E+00   0.194638E+02   0.176432E+02  -0.137545E+02   0.000000E+00   0.313977E+02  -0.627954E+02
   0.344396E+02   0.270386E+02   0.649782E-02   0.948996E+01   0.113741E+02   0.135431E+01   0.165082E+02   0.178556E+02  -0.125725E+02   0.000000E+00   0.304281E+02  -0.608563E+02
   0.343475E+02   0.283512E+02   0.691546E-02   0.103295E+02   0.732887E+01   0.635610E+00   0.155284E+02   0.171579E+02  -0.130357E+02   0.000000E+00   0.301936E+02  -0.603872E+02
   0.343475E+02   0.276037E+02   0.552591E-02   0.100418E+02   0.120938E+02   0.101921E+01   0.196123E+02   0.178232E+02  -0.138570E+02   0.000000E+00   0.316802E+02  -0.633604E+02
   0.342604E+02   0.276037E+02   0.666082E-02   0.865543E+01   0.940970E+01   0.252356E+00   0.141428E+02   0.190892E+02  -0.121302E+02   0.000000E+00   0.312194E+02  -0.624388E+02
   0.342604E+02   0.276687E+02   0.433576E-02   0.109020E+02   0.950618E+01   0.111118E+01   0.154006E+02   0.146655E+02  -0.122402E+02   0.000000E+00   0.269057E+02  -0.538113E+02
   0.343940E+02   0.276002E+02   0.664615E-02   0.102472E+02   0.898494E+01   0.192956E+01   0.178640E+02   0.174214E+02  -0.126686E+02   0.000000E+00   0.300900E+02  -0.601799E+02
   0.343782E+02   0.279013E+02   0.502360E-02   0.117980E+02   0.131003E+02   0.653496E+00   0.148544E+02   0.169364E+02  -0.137243E+02   0.000000E+00   0.306607E+02  -0.613213E+02
   0.343856E+02   0.276401E+02   0.578030E-02   0.767096E+01   0.801781E+01   0.550598E+00   0.123913E+02   0.186668E+02  -0.133121E+02   0.000000E+00   0.319789E+02  -0.639578E+02
   0.342394E+02   0.285879E+02   0.528765E-02   0.116860E+02   0.812703E+01   0.404619E+00   0.151556E+02   0.168961E+02  -0.128453E+02   0.000000E+00   0.297414E+02  -0.594827E+02
   0.342394E+02   0.286651E+02   0.536212E-02   0.113642E+02   0.100139E+02   0.198314E+01   0.119066E+02   0.153765E+02  -0.128136E+02   0.000000E+00   0.281901E+02  -0.563803E+02
   0.344375E+02   0.272714E+02   0.609408E-02   0.113862E+02   0.993270E+01   0.229989E+01   0.156622E+02   0.173072E+02  -0.124449E+02   0.000000E+00   0.297521E+02  -0.595043E+02
   0.345219E+02   0.271696E+02   0.511503E-02   0.845695E+01   0.927990E+01   0.290244E+00   0.144155E+02   0.175690E+02  -0.122027E+02   0.000000E+00   0.297717E+02  -0.595434E+02
   0.344067E+02   0.279673E+02   0.693104E-02   0.103319E+02   0.109751E+02   0.127289E+01   0.143840E+02   0.177691E+02  -0.122714E+02   0.000000E+00   0.300405E+02  -0.600810E+02
   0.343437E+02   0.265454E+02   0.677750E-02   0.816095E+01   0.809051E+01   0.902032E+00   0.212013E+02   0.143241E+02  -0.145491E+02   0.000000E+00   0.288732E+02  -0.577463E+02
   0.345171E+02   0.281761E+02   0.685950E-02   0.758086E+01   0.116296E+02   0.927037E+00   0.116834E+02   0.150210E+02  -0.136925E+02   0.000000E+00   0.287135E+02  -0.574269E+02
   0.343519E+02   0.279426E+02   0.550221E-02   0.117553E+02   0.103782E+02   0.486611E+00   0.181853E+02   0.184691E+02  -0.132432E+02   0.000000E+00   0.317123E+02  -0.634245E+02
   0.343312E+02   0.271498E+02   0.714450E-02   0.154666E+02   0.111123E+02   0.920730E+00   0.211477E+02   0.130731E+02  -0.169202E+02   0.000000E+00   0.299933E+02  -0.599866E+02
   0.345188E+02   0.277750E+02   0.553574E-02   0.849766E+01   0.812609E+01   0.235203E+01   0.122689E+02   0.151594E+02  -0.128473E+02   0.000000E+00   0.280067E+02  -0.560133E+02
   0.343574E+02   0.271293E+02   0.533990E-02   0.104004E+02   0.102230E+02   0.526643E+00   0.128452E+02   0.189230E+02  -0.122763E+02   0.000000E+00   0.311993E+02  -0.623986E+02
   0.343778E+02   0.276640E+02   0.633464E-02   0.768707E+01   0.104824E+02   0.195331E+01   0.218947E+02   0.155494E+02  -0.148869E+02   0.000000E+00   0.304363E+02  -0.608726E+02
   0.343777E+02   0.279200E+02   0.486654E-02   0.734421E+01   0.112218E+02   0.394160E+00   0.177741E+02   0.164789E+02  -0.137374E+02   0.000000E+00   0.302163E+02  -0.604327E+02
   0.343777E+02   0.278668E+02   0.571507E-02   0.792491E+01   0.882903E+01   0.491675E+00   0.147133E+02   0.192779E+02  -0.125424E+02   0.000000E+00   0.318203E+02  -0.636405E+02
   0.342524E+02   0.278026E+02   0.525726E-02   0.889352E+01   0.729454E+01   0.196073E+00   0.149392E+02   0.182043E+02  -0.130234E+02   0.000000E+00   0.312277E+02  -0.624553E+02
   0.343750E+02   0.283879E+02   0.623004E-02   0.831742E+01   0.875369E+01   0.169611E+01   0.966158E+01   0.152630E+02  -0.143515E+02   0.000000E+00   0.296145E+02  -0.592289E+02
   0.343486E+02   0.272181E+02   0.563670E-02   0.721901E+01   0.116425E+02   0.624908E+00   0.110687E+02   0.172972E+02  -0.143375E+02   0.000000E+00   0.316347E+02  -0.632694E+02
   0.343486E+02   0.270587E+02   0.536287E-02   0.871823E+01   0.127360E+02   0.662416E+00   0.148738E+02   0.178247E+02  -0.131076E+02   0.000000E+00   0.309323E+02  -0.618645E+02
   0.343395E+02   0.286857E+02   0.565377E-02   0.884854E+01   0.983338E+01   0.230505E+01   0.134970E+02   0.156591E+02  -0.121293E+02   0.000000E+00   0.277884E+02  -0.555769E+02
   0.340068E+02   0.279337E+02   0.688699E-02   0.791696E+01   0.909548E+01   0.199919E+00   0.188452E+02   0.140358E+02  -0.133893E+02   0.000000E+00   0.274251E+02  -0.548501E+02
   0.343129E+02   0.279337E+02   0.650689E-02   0.103577E+02   0.745310E+01   0.109597E+01   0.233749E+02   0.153608E+02  -0.157844E+02   0.000000E+00   0.311452E+02  -0.622904E+02
   0.343429E+02   0.281198E+02   0.522957E-02   0.105312E+02   0.881150E+01   0.153039E+01   0.138297E+02   0.179626E+02  -0.122042E+02   0.000000E+00   0.301668E+02  -0.603336E+02
   0.343429E+02   0.275376E+02   0.507216E-02   0.107855E+02   0.123267E+02   0.186845E+01   0.149875E+02   0.170642E+02  -0.129465E+02   0.000000E+00   0.300107E+02  -0.600215E+02
   0.341389E+02   0.276771E+02   0.639992E-02   0.876756E+01   0.913345E+01   0.729216E+00   0.148455E+02   0.177684E+02  -0.121319E+02   0.000000E+00   0.299003E+02  -0.598005E+02
   0.342281E+02   0.280211E+02   0.652244E-02   0.130410E+02   0.130216E+02   0.228794E+00   0.233405E+02   0.139862E+02  -0.172120E+02   0.000000E+00   0.311982E+02  -0.623963E+02
   0.342828E+02   0.278271E+02   0.638501E-02   0.123649E+02   0.969106E+01   0.150853E+01   0.133317E+02   0.179856E+02  -0.128565E+02   0.000000E+00   0.308421E+02  -0.616841E+02
   0.343274E+02   0.274588E+02   0.584963E-02   0.862219E+01   0.833915E+01   0.153758E+00   0.159605E+02   0.195908E+02  -0.125115E+02   0.000000E+00   0.321023E+02  -0.642046E+02
   0.343274E+02   0.278020E+02   0.510517E-02   0.130014E+02   0.139208E+02   0.491661E-01   0.170850E+02   0.161537E+02  -0.152083E+02   0.000000E+00   0.313620E+02  -0.627239E+02
   0.345047E+02   0.270653E+02   0.794277E-02   0.637640E+01   0.848043E+01   0.241112E+01   0.220392E+02   0.964661E+01  -0.165353E+02   0.000000E+00   0.261819E+02  -0.523639E+02
   0.344727E+02   0.273169E+02   0.651221E-02   0.155401E+02   0.854343E+01   0.134769E+01   0.173080E+02   0.150361E+02  -0.154657E+02   0.000000E+00   0.305018E+02  -0.610036E+02
   0.342528E+02   0.281432E+02   0.699492E-02   0.104969E+02   0.107785E+02   0.143514E+00   0.137571E+02   0.183059E+02  -0.122743E+02   0.000000E+00   0.305802E+02  -0.611603E+02
   0.342243E+02   0.280691E+02   0.684540E-02   0.117601E+02   0.975928E+01   0.342686E+00   0.216912E+02   0.160779E+02  -0.145874E+02   0.000000E+00   0.306653E+02  -0.613306E+02
   0.343657E+02   0.280691E+02   0.667242E-02   0.792179E+01   0.115805E+02   0.213669E+01   0.161521E+02   0.163532E+02  -0.130479E+02   0.000000E+00   0.294011E+02  -0.588022E+02
   0.341954E+02   0.282295E+02   0.541122E-02   0.102378E+02   0.744154E+01   0.221943E+00   0.190393E+02   0.167955E+02  -0.138198E+02   0.000000E+00   0.306153E+02  -0.612306E+02
   0.344566E+02   0.281706E+02   0.640392E-02   0.994119E+01   0.768572E+01   0.114548E+01   0.115611E+02   0.166170E+02  -0.132287E+02   0.000000E+00   0.298457E+02  -0.596914E+02
   0.344002E+02   0.269796E+02   0.578987E-02   0.114386E+02   0.100441E+02   0.131438E+01   0.165265E+02   0.181092E+02  -0.126233E+02   0.000000E+00   0.307325E+02  -0.614650E+02
   0.340537E+02   0.281492E+02   0.703972E-02   0.120671E+02   0.931808E+01   0.133948E+01   0.125195E+02   0.146936E+02  -0.128927E+02   0.000000E+00   0.275863E+02  -0.551727E+02
   0.342937E+02   0.277474E+02   0.526613E-02   0.986406E+01   0.127921E+02   0.856425E+00   0.139309E+02   0.182667E+02  -0.130314E+02   0.000000E+00   0.312981E+02  -0.625961E+02
   0.343656E+02   0.280261E+02   0.675622E-02   0.110783E+02   0.831652E+01   0.500603E+00   0.135858E+02   0.184319E+02  -0.125416E+02   0.000000E+00   0.309735E+02  -0.619470E+02
   0.343656E+02   0.269757E+02   0.562073E-02   0.942037E+01   0.117696E+02   0.353654E+00   0.165163E+02   0.184671E+02  -0.127360E+02   0.000000E+00   0.312031E+02  -0.624061E+02
   0.342706E+02   0.280084E+02   0.590392E-02   0.113376E+02   0.102095E+02   0.838120E+00   0.151881E+02   0.191438E+02  -0.124072E+02   0.000000E+00   0.315510E+02  -0.631019E+02
   0.343722E+02   0.280971E+02   0.632425E-02   0.759350E+01   0.904474E+01   0.101667E+01   0.172040E+02   0.179178E+02  -0.131138E+02   0.000000E+00   0.310316E+02  -0.620631E+02
   0.343722E+02   0.271695E+02   0.685775E-02   0.116842E+02   0.121028E+02   0.164645E+01   0.131613E+02   0.166704E+02  -0.132318E+02   0.000000E+00   0.299022E+02  -0.598043E+02
   0.343851E+02   0.276187E+02   0.523494E-02   0.130991E+02   0.815540E+01   0.459233E+00   0.116619E+02   0.174347E+02  -0.140812E+02   0.000000E+00   0.315159E+02  -0.630318E+02
   0.343851E+02   0.282515E+02   0.641103E-02   0.103503E+02   0.114341E+02   0.133118E+01   0.156568E+02   0.177009E+02  -0.125177E+02   0.000000E+00   0.302186E+02  -0.604372E+02
   0.341037E+02   0.289450E+02   0.669054E-02   0.139106E+02   0.780950E+01   0.171906E+01   0.142448E+02   0.130963E+02  -0.142346E+02   0.000000E+00   0.273309E+02  -0.546617E+02
   0.342297E+02   0.284344E+02   0.641790E-02   0.867113E+01   0.973809E+01   0.374514E+00   0.158071E+02   0.185211E+02  -0.122247E+02   0.000000E+00   0.307458E+02  -0.614915E+02
   0.344336E+02   0.284344E+02   0.631766E-02   0.120772E+02   0.112174E+02   0.552963E+00   0.114276E+02   0.162800E+02  -0.136109E+02   0.000000E+00   0.298909E+02  -0.597817E+02
   0.344336E+02   0.270317E+02   0.552522E-02   0.910371E+01   0.120984E+02   0.758336E+00   0.148436E+02   0.183744E+02  -0.126954E+02   0.000000E+00   0.310698E+02  -0.621396E+02
   0.342731E+02   0.272776E+02   0.531401E-02   0.113733E+02   0.989146E+01   0.998419E+00   0.134094E+02   0.180964E+02  -0.124153E+02   0.000000E+00   0.305117E+02  -0.610235E+02
   0.341183E+02   0.281427E+02   0.617193E-02   0.135469E+02   0.152526E+02   0.283024E+01   0.200018E+02   0.966884E+01  -0.174725E+02   0.000000E+00   0.271414E+02  -0.542827E+02
   0.341494E+02   0.285443E+02   0.539001E-02   0.942950E+01   0.100287E+02   0.123959E+01   0.148139E+02   0.167098E+02  -0.120209E+02   0.000000E+00   0.287307E+02  -0.574615E+02
   0.341494E+02   0.284468E+02   0.601778E-02   0.906170E+01   0.888734E+01   0.269797E+00   0.144528E+02   0.180822E+02  -0.121030E+02   0.000000E+00   0.301852E+02  -0.603704E+02
   0.342601E+02   0.271445E+02   0.568654E-02   0.127123E+02   0.786878E+01   0.269797E+00   0.220574E+02   0.150850E+02  -0.157266E+02   0.000000E+00   0.308116E+02  -0.616232E+02
   0.342601E+02   0.276698E+02   0.561136E-02   0.137921E+02   0.135896E+02   0.104791E+01   0.139113E+02   0.161871E+02  -0.151360E+02   0.000000E+00   0.313231E+02  -0.626463E+02
   0.343266E+02   0.272698E+02   0.614926E-02   0.806976E+01   0.109514E+02   0.726849E+00   0.174847E+02   0.185292E+02  -0.130456E+02   0.000000E+00   0.315748E+02  -0.631497E+02
   0.344284E+02   0.277653E+02   0.592636E-02   0.801635E+01   0.149223E+02   0.359606E+00   0.949691E+01   0.146578E+02  -0.169916E+02   0.000000E+00   0.316494E+02  -0.632987E+02
   0.342590E+02   0.261645E+02   0.669050E-02   0.106875E+02   0.115484E+02   0.149242E+00   0.161347E+02   0.134304E+02  -0.127083E+02   0.000000E+00   0.261387E+02  -0.522774E+02
   0.340836E+02   0.285781E+02   0.562859E-02   0.772276E+01   0.891298E+01   0.662584E-01   0.129677E+02   0.156507E+02  -0.127902E+02   0.000000E+00   0.284409E+02  -0.568819E+02
   0.341872E+02   0.275836E+02   0.668098E-02   0.146607E+02   0.735923E+01   0.326508E+00   0.183155E+02   0.146418E+02  -0.158232E+02   0.000000E+00   0.304650E+02  -0.609300E+02
   0.342862E+02   0.276457E+02   0.522630E-02   0.126587E+02   0.128542E+02   0.673740E+00   0.116101E+02   0.167444E+02  -0.145779E+02   0.000000E+00   0.313223E+02  -0.626447E+02
   0.342862E+02   0.284737E+02   0.683569E-02   0.106729E+02   0.901095E+01   0.762392E+00   0.168546E+02   0.176618E+02  -0.124801E+02   0.000000E+00   0.301419E+02  -0.602838E+02
   0.344829E+02   0.274008E+02   0.614869E-02   0.916026E+01   0.114276E+02   0.796177E+00   0.160572E+02   0.186188E+02  -0.125347E+02   0.000000E+00   0.311535E+02  -0.623070E+02
   0.343854E+02   0.271917E+02   0.585977E-02   0.836843E+01   0.828418E+01   0.796177E+00   0.160572E+02   0.189628E+02  -0.126433E+02   0.000000E+00   0.316061E+02  -0.632123E+02
   0.343854E+02   0.273941E+02   0.586758E-02   0.120459E+02   0.893650E+01   0.210056E+00   0.123455E+02   0.190750E+02  -0.129883E+02   0.000000E+00   0.320633E+02  -0.641267E+02
   0.344494E+02   0.277419E+02   0.522249E-02   0.827502E+01   0.115057E+02   0.210056E+00   0.108169E+02   0.171305E+02  -0.136983E+02   0.000000E+00   0.308288E+02  -0.616575E+02
   0.344494E+02   0.273747E+02   0.554278E-02   0.958732E+01   0.986093E+01   0.247135E+01   0.229681E+02   0.146315E+02  -0.147077E+02   0.000000E+00   0.293392E+02  -0.586785E+02
   0.339860E+02   0.278294E+02   0.736507E-02   0.114378E+02   0.148639E+02   0.433433E+00   0.149535E+02   0.116380E+02  -0.147611E+02   0.000000E+00   0.263991E+02  -0.527982E+02
   0.343271E+02   0.281535E+02   0.529598E-02   0.936425E+01   0.133945E+02   0.799429E+00   0.126828E+02   0.173376E+02  -0.135765E+02   0.000000E+00   0.309141E+02  -0.618282E+02
   0.342775E+02   0.282628E+02   0.530311E-02   0.936425E+01   0.773399E+01   0.113861E+01   0.150468E+02   0.178277E+02  -0.126040E+02   0.000000E+00   0.304317E+02  -0.608634E+02
   0.343601E+02   0.279402E+02   0.685599E-02   0.112407E+02   0.132311E+02   0.101241E+00   0.129651E+02   0.173579E+02  -0.137118E+02   0.000000E+00   0.310697E+02  -0.621395E+02
   0.343601E+02   0.274579E+02   0.640827E-02   0.851761E+01   0.102922E+02   0.145684E+01   0.136741E+02   0.187480E+02  -0.122592E+02   0.000000E+00   0.310072E+02  -0.620143E+02
   0.342939E+02   0.271351E+02   0.541693E-02   0.936907E+01   0.136992E+02   0.421584E+01   0.129106E+02   0.113013E+02  -0.137164E+02   0.000000E+00   0.250177E+02  -0.500354E+02
   0.343094E+02   0.268670E+02   0.668730E-02   0.130200E+02   0.110346E+02   0.982191E-01   0.153059E+02   0.167976E+02  -0.134235E+02   0.000000E+00   0.302211E+02  -0.604421E+02
   0.344051E+02   0.261722E+02   0.691087E-02   0.998035E+01   0.916106E+01   0.108420E+01   0.108208E+02   0.141901E+02  -0.130571E+02   0.000000E+00   0.272472E+02  -0.544945E+02
   0.344713E+02   0.265130E+02   0.586846E-02   0.117196E+02   0.111451E+02   0.160946E+01   0.127432E+02   0.157706E+02  -0.129421E+02   0.000000E+00   0.287127E+02  -0.574255E+02
   0.344380E+02   0.277426E+02   0.600802E-02   0.104139E+02   0.106985E+02   0.127944E+01   0.162736E+02   0.185998E+02  -0.123942E+02   0.000000E+00   0.309940E+02  -0.619881E+02
   0.342007E+02   0.282039E+02   0.530495E-02   0.118515E+02   0.139343E+02   0.315188E+00   0.108070E+02   0.151435E+02  -0.152981E+02   0.000000E+00   0.304416E+02  -0.608832E+02
   0.342007E+02   0.279218E+02   0.858591E-02   0.112980E+02   0.975193E+01   0.282608E+01   0.113661E+02   0.110909E+02  -0.130197E+02   0.000000E+00   0.241106E+02  -0.482211E+02
   0.343523E+02   0.279218E+02   0.634249E-02   0.101058E+02   0.755880E+01   0.150384E+01   0.121555E+02   0.177957E+02  -0.130977E+02   0.000000E+00   0.308934E+02  -0.617867E+02
   0.343523E+02   0.282362E+02   0.656859E-02   0.104529E+02   0.128140E+02   0.291578E+01   0.166111E+02   0.145872E+02  -0.133615E+02   0.000000E+00   0.279487E+02  -0.558974E+02
   0.342223E+02   0.286092E+02   0.842042E-02   0.124356E+02   0.933361E+01   0.594465E+00   0.197887E+02   0.127582E+02  -0.140831E+02   0.000000E+00   0.268413E+02  -0.536826E+02
   0.342415E+02   0.275670E+02   0.530367E-02   0.121282E+02   0.110757E+02   0.182090E+01   0.167951E+02   0.165722E+02  -0.132078E+02   0.000000E+00   0.297800E+02  -0.595601E+02
   0.342415E+02   0.283777E+02   0.530367E-02   0.848485E+01   0.138368E+02   0.169785E+01   0.108978E+02   0.145572E+02  -0.148167E+02   0.000000E+00   0.293739E+02  -0.587478E+02
   0.342394E+02   0.272961E+02   0.618653E-02   0.839772E+01   0.920628E+01   0.224695E+01   0.137650E+02   0.169163E+02  -0.122598E+02   0.000000E+00   0.291761E+02  -0.583522E+02
   0.343034E+02   0.283241E+02   0.544602E-02   0.927779E+01   0.110776E+02   0.102851E+01   0.203330E+02   0.168750E+02  -0.137335E+02   0.000000E+00   0.306085E+02  -0.612171E+02
   0.344173E+02   0.270124E+02   0.589387E-02   0.983393E+01   0.777516E+01   0.184024E+01   0.159878E+02   0.175019E+02  -0.126854E+02   0.000000E+00   0.301873E+02  -0.603747E+02
   0.344173E+02   0.274875E+02   0.585988E-02   0.779148E+01   0.914041E+01   0.215576E+01   0.198045E+02   0.164024E+02  -0.138271E+02   0.000000E+00   0.302295E+02  -0.604589E+02
   0.341430E+02   0.280063E+02   0.622134E-02   0.118156E+02   0.837815E+01   0.285713E+00   0.142918E+02   0.176153E+02  -0.127542E+02   0.000000E+00   0.303695E+02  -0.607390E+02
   0.341841E+02   0.280063E+02   0.645239E-02   0.711543E+01   0.112070E+02   0.157146E+00   0.120444E+02   0.170054E+02  -0.138103E+02   0.000000E+00   0.308157E+02  -0.616314E+02
   0.344127E+02   0.274521E+02   0.654303E-02   0.891962E+01   0.103262E+02   0.150760E+01   0.167277E+02   0.182939E+02  -0.123957E+02   0.000000E+00   0.306896E+02  -0.613793E+02
   0.344398E+02   0.266617E+02   0.601492E-02   0.603070E+01   0.107006E+02   0.641452E+00   0.209486E+02   0.136594E+02  -0.165890E+02   0.000000E+00   0.302484E+02  -0.604968E+02
   0.344004E+02   0.275181E+02   0.564455E-02   0.786666E+01   0.948221E+01   0.825116E+00   0.160217E+02   0.191424E+02  -0.126262E+02   0.000000E+00   0.317686E+02  -0.635372E+02
   0.343916E+02   0.276210E+02   0.538122E-02   0.789556E+01   0.722397E+01   0.598163E+00   0.154339E+02   0.181454E+02  -0.135410E+02   0.000000E+00   0.316864E+02  -0.633728E+02
   0.343214E+02   0.272618E+02   0.547192E-02   0.127925E+02   0.152478E+02   0.158148E+00   0.140969E+02   0.158888E+02  -0.156809E+02   0.000000E+00   0.315697E+02  -0.631395E+02
   0.343449E+02   0.272618E+02   0.709071E-02   0.884460E+01   0.911535E+01   0.106427E+01   0.166516E+02   0.178072E+02  -0.123652E+02   0.000000E+00   0.301724E+02  -0.603449E+02
   0.343449E+02   0.279979E+02   0.533179E-02   0.113843E+02   0.838894E+01   0.986172E+00   0.126309E+02   0.183443E+02  -0.127914E+02   0.000000E+00   0.311357E+02  -0.622715E+02
   0.347138E+02   0.273088E+02   0.652906E-02   0.929661E+01   0.973613E+01   0.116802E+01   0.140112E+02   0.143499E+02  -0.120098E+02   0.000000E+00   0.263597E+02  -0.527194E+02
   0.343615E+02   0.278389E+02   0.586684E-02   0.880300E+01   0.866151E+01   0.109039E+00   0.157149E+02   0.197549E+02  -0.123079E+02   0.000000E+00   0.320628E+02  -0.641255E+02
   0.342431E+02   0.287540E+02   0.654254E-02   0.992635E+01   0.982598E+01   0.469727E+00   0.170605E+02   0.175202E+02  -0.123595E+02   0.000000E+00   0.298797E+02  -0.597594E+02
   0.342210E+02   0.282271E+02   0.616645E-02   0.109282E+02   0.868290E+01   0.976662E+00   0.156317E+02   0.184404E+02  -0.124020E+02   0.000000E+00   0.308424E+02  -0.616847E+02
   0.342210E+02   0.282271E+02   0.622878E-02   0.113340E+02   0.102438E+02   0.100063E+01   0.156317E+02   0.183363E+02  -0.124592E+02   0.000000E+00   0.307955E+02  -0.615910E+02
   0.342863E+02   0.275551E+02   0.500086E-02   0.128968E+02   0.936844E+01   0.108124E+01   0.151407E+02   0.173386E+02  -0.131059E+02   0.000000E+00   0.304445E+02  -0.608889E+02
   0.342524E+02   0.281469E+02   0.623900E-02   0.867514E+01   0.813128E+01   0.864344E-01   0.208337E+02   0.173013E+02  -0.141601E+02   0.000000E+00   0.314614E+02  -0.629229E+02
   0.343157E+02   0.275280E+02   0.537134E-02   0.809682E+01   0.886074E+01   0.697212E+00   0.102410E+02   0.177539E+02  -0.138911E+02   0.000000E+00   0.316450E+02  -0.632900E+02
   0.344165E+02   0.275280E+02   0.716850E-02   0.526350E+01   0.918855E+01   0.338321E+00   0.117958E+02   0.134598E+02  -0.170374E+02   0.000000E+00   0.304972E+02  -0.609944E+02
   0.344738E+02   0.276474E+02   0.647262E-02   0.935353E+01   0.105690E+02   0.564184E-01   0.184121E+02   0.182757E+02  -0.128568E+02   0.000000E+00   0.311325E+02  -0.622650E+02
   0.345749E+02   0.275804E+02   0.531766E-02   0.109438E+02   0.720629E+01   0.484773E+00   0.172316E+02   0.151679E+02  -0.136293E+02   0.000000E+00   0.287972E+02  -0.575943E+02
   0.345408E+02   0.277537E+02   0.631650E-02   0.101566E+02   0.120264E+02   0.612034E-01   0.149506E+02   0.174348E+02  -0.126696E+02   0.000000E+00   0.301044E+02  -0.602088E+02
   0.343473E+02   0.277798E+02   0.659766E-02   0.919129E+01   0.938865E+01   0.852800E+00   0.151406E+02   0.192670E+02  -0.120458E+02   0.000000E+00   0.313128E+02  -0.626255E+02
   0.344178E+02   0.277705E+02   0.565176E-02   0.812365E+01   0.107836E+02   0.103955E+01   0.171953E+02   0.184067E+02  -0.128925E+02   0.000000E+00   0.312992E+02  -0.625983E+02
   0.344219E+02   0.277457E+02   0.623228E-02   0.812365E+01   0.109670E+02   0.970685E+00   0.151347E+02   0.187369E+02  -0.125848E+02   0.000000E+00   0.313217E+02  -0.626435E+02
   0.343066E+02   0.275962E+02   0.686421E-02   0.797003E+01   0.119433E+02   0.241581E+01   0.222784E+02   0.136342E+02  -0.153840E+02   0.000000E+00   0.290182E+02  -0.580365E+02
   0.342841E+02   0.277419E+02   0.566864E-02   0.116251E+02   0.148798E+02   0.134428E+01   0.148605E+02   0.164176E+02  -0.148416E+02   0.000000E+00   0.312592E+02  -0.625184E+02
   0.342841E+02   0.277568E+02   0.560890E-02   0.922806E+01   0.679878E+01   0.709204E+00   0.178647E+02   0.176537E+02  -0.140761E+02   0.000000E+00   0.317298E+02  -0.634597E+02
   0.342841E+02   0.275488E+02   0.563857E-02   0.922806E+01   0.113771E+02   0.181333E+01   0.156822E+02   0.181467E+02  -0.124507E+02   0.000000E+00   0.305974E+02  -0.611949E+02
   0.344701E+02   0.275845E+02   0.577055E-02   0.109876E+02   0.846196E+01   0.240034E+00   0.134064E+02   0.189500E+02  -0.124762E+02   0.000000E+00   0.314262E+02  -0.628524E+02
   0.342930E+02   0.275845E+02   0.619585E-02   0.121738E+02   0.916862E+01   0.805784E+00   0.139437E+02   0.189142E+02  -0.127255E+02   0.000000E+00   0.316397E+02  -0.632793E+02
   0.342930E+02   0.292835E+02   0.629779E-02   0.952068E+01   0.853170E+01   0.976342E+00   0.121271E+02   0.149744E+02  -0.125340E+02   0.000000E+00   0.275084E+02  -0.550168E+02
   0.340878E+02   0.279408E+02   0.656744E-02   0.151567E+02   0.987131E+01   0.159421E+00   0.163476E+02   0.145472E+02  -0.147894E+02   0.000000E+00   0.293366E+02  -0.586732E+02
   0.345722E+02   0.276701E+02   0.644774E-02   0.132683E+02   0.922580E+01   0.603517E+00   0.103398E+02   0.148063E+02  -0.146854E+02   0.000000E+00   0.294917E+02  -0.589833E+02
   0.343953E+02   0.277922E+02   0.716603E-02   0.892208E+01   0.674805E+01   0.201541E+01   0.203811E+02   0.138695E+02  -0.151145E+02   0.000000E+00   0.289840E+02  -0.579680E+02
   0.343482E+02   0.276199E+02   0.577688E-02   0.761925E+01   0.114913E+02   0.102041E+01   0.161866E+02   0.185682E+02  -0.132255E+02   0.000000E+00   0.317937E+02  -0.635874E+02
   0.342726E+02   0.277671E+02   0.615683E-02   0.118874E+02   0.144983E+02   0.369930E+00   0.161671E+02   0.169753E+02  -0.148319E+02   0.000000E+00   0.318072E+02  -0.636143E+02
   0.342929E+02   0.270921E+02   0.650578E-02   0.110996E+02   0.788254E+01   0.812827E+00   0.186442E+02   0.170486E+02  -0.135629E+02   0.000000E+00   0.306115E+02  -0.612231E+02
   0.343808E+02   0.279440E+02   0.619458E-02   0.114681E+02   0.102870E+02   0.303913E+01   0.105380E+02   0.147580E+02  -0.136591E+02   0.000000E+00   0.284171E+02  -0.568341E+02
   0.343808E+02   0.274747E+02   0.570345E-02   0.114025E+02   0.999670E+01   0.278867E+00   0.107412E+02   0.186421E+02  -0.134505E+02   0.000000E+00   0.320926E+02  -0.641853E+02
   0.343808E+02   0.277936E+02   0.729530E-02   0.968544E+01   0.971797E+01   0.106352E+01   0.124417E+02   0.176550E+02  -0.122566E+02   0.000000E+00   0.299116E+02  -0.598233E+02
   0.344380E+02   0.270825E+02   0.618133E-02   0.107798E+02   0.113190E+02   0.230435E+00   0.175185E+02   0.184777E+02  -0.129618E+02   0.000000E+00   0.314395E+02  -0.628790E+02
   0.344380E+02   0.275003E+02   0.581413E-02   0.659698E+01   0.143006E+02   0.438095E+00   0.159580E+02   0.158909E+02  -0.158581E+02   0.000000E+00   0.317490E+02  -0.634980E+02
   0.344380E+02   0.272843E+02   0.562669E-02   0.129690E+02   0.898550E+01   0.968355E+00   0.202315E+02   0.167310E+02  -0.146031E+02   0.000000E+00   0.313341E+02  -0.626683E+02
   0.344380E+02   0.272843E+02   0.587431E-02   0.881491E+01   0.129152E+02   0.597043E-01   0.153564E+02   0.185585E+02  -0.132211E+02   0.000000E+00   0.317796E+02  -0.635592E+02
   0.343917E+02   0.285377E+02   0.587431E-02   0.956200E+01   0.134854E+02   0.578050E+00   0.138791E+02   0.165025E+02  -0.134388E+02   0.000000E+00   0.299413E+02  -0.598827E+02
   0.343480E+02   0.286155E+02   0.660258E-02   0.787322E+01   0.106665E+02   0.710599E+00   0.139576E+02   0.171821E+02  -0.126291E+02   0.000000E+00   0.298112E+02  -0.596224E+02
   0.344279E+02   0.278005E+02   0.514713E-02   0.785939E+01   0.115399E+02   0.264302E+01   0.138132E+02   0.153350E+02  -0.129307E+02   0.000000E+00   0.282657E+02  -0.565313E+02
   0.342866E+02   0.286379E+02   0.502664E-02   0.119154E+02   0.964604E+01   0.210137E+00   0.157787E+02   0.161776E+02  -0.126661E+02   0.000000E+00   0.288437E+02  -0.576874E+02
   0.343673E+02   0.270723E+02   0.607515E-02   0.112763E+02   0.129549E+02   0.544265E+00   0.164246E+02   0.178166E+02  -0.136349E+02   0.000000E+00   0.314515E+02  -0.629030E+02
   0.343673E+02   0.276361E+02   0.665090E-02   0.986527E+01   0.999001E+01   0.462258E-01   0.162214E+02   0.193588E+02  -0.121867E+02   0.000000E+00   0.315455E+02  -0.630911E+02
   0.343673E+02   0.266498E+02   0.594012E-02   0.148904E+02   0.117675E+02   0.152258E+01   0.187908E+02   0.135188E+02  -0.157774E+02   0.000000E+00   0.292962E+02  -0.585924E+02
   0.343189E+02   0.275126E+02   0.575317E-02   0.864489E+01   0.107075E+02   0.171140E+00   0.170426E+02   0.194742E+02  -0.126217E+02   0.000000E+00   0.320959E+02  -0.641918E+02
   0.343189E+02   0.271200E+02   0.646521E-02   0.844345E+01   0.959442E+01   0.166448E+01   0.119633E+02   0.175081E+02  -0.126262E+02   0.000000E+00   0.301343E+02  -0.602686E+02
   0.345786E+02   0.271200E+02   0.654135E-02   0.104747E+02   0.112848E+02   0.812033E-01   0.998106E+01   0.157221E+02  -0.140878E+02   0.000000E+00   0.298099E+02  -0.596198E+02
   0.346905E+02   0.263933E+02   0.746234E-02   0.944557E+01   0.866040E+01   0.196095E+01   0.130735E+02   0.125844E+02  -0.122412E+02   0.000000E+00   0.248256E+02  -0.496513E+02
   0.342699E+02   0.268167E+02   0.647127E-02   0.890532E+01   0.121018E+02   0.391903E-01   0.139348E+02   0.171045E+02  -0.127360E+02   0.000000E+00   0.298405E+02  -0.596811E+02
   0.344014E+02   0.276737E+02   0.647587E-02   0.118889E+02   0.136475E+02   0.175342E+01   0.148770E+02   0.163730E+02  -0.141037E+02   0.000000E+00   0.304767E+02  -0.609534E+02
   0.344642E+02   0.272511E+02   0.622301E-02   0.113801E+02   0.151881E+02   0.865372E+00   0.111432E+02   0.154193E+02  -0.157906E+02   0.000000E+00   0.312099E+02  -0.624197E+02
   0.343092E+02   0.273537E+02   0.600244E-02   0.132428E+02   0.122369E+02   0.652040E+00   0.196992E+02   0.164776E+02  -0.152233E+02   0.000000E+00   0.317009E+02  -0.634017E+02
   0.344260E+02   0.286601E+02   0.623646E-02   0.112598E+02   0.102827E+02   0.862002E+00   0.142449E+02   0.165091E+02  -0.123580E+02   0.000000E+00   0.288671E+02  -0.577343E+02
   0.342757E+02   0.286601E+02   0.543304E-02   0.942843E+01   0.154518E+02   0.477702E+00   0.170024E+02   0.146370E+02  -0.151521E+02   0.000000E+00   0.297891E+02  -0.595782E+02
   0.343136E+02   0.281884E+02   0.607485E-02   0.895006E+01   0.946491E+01   0.691731E+00   0.129428E+02   0.192222E+02  -0.121943E+02   0.000000E+00   0.314165E+02  -0.628330E+02
   0.343771E+02   0.279113E+02   0.636178E-02   0.915739E+01   0.753517E+01   0.420617E+00   0.146857E+02   0.188282E+02  -0.127555E+02   0.000000E+00   0.315837E+02  -0.631674E+02
   0.343771E+02   0.282195E+02   0.635333E-02   0.133095E+02   0.107300E+02   0.109951E+01   0.165619E+02   0.169206E+02  -0.137059E+02   0.000000E+00   0.306265E+02  -0.612530E+02
   0.343794E+02   0.275458E+02   0.641277E-02   0.104030E+02   0.112009E+02   0.488071E+00   0.121319E+02   0.190033E+02  -0.127280E+02   0.000000E+00   0.317313E+02  -0.634627E+02
   0.344311E+02   0.277171E+02   0.641277E-02   0.930871E+01   0.111451E+02   0.816699E+00   0.121205E+02   0.185844E+02  -0.126467E+02   0.000000E+00   0.312311E+02  -0.624623E+02
   0.344870E+02   0.268822E+02   0.585200E-02   0.998193E+01   0.944806E+01   0.633574E+00   0.123951E+02   0.183679E+02  -0.122899E+02   0.000000E+00   0.306578E+02  -0.613157E+02
   0.344741E+02   0.274025E+02   0.572548E-02   0.998196E+01   0.102337E+02   0.281386E+00   0.191344E+02   0.184324E+02  -0.130563E+02   0.000000E+00   0.314887E+02  -0.629775E+02
   0.344083E+02   0.271462E+02   0.532755E-02   0.941813E+01   0.907694E+01   0.256871E+01   0.143612E+02   0.168971E+02  -0.120296E+02   0.000000E+00   0.289267E+02  -0.578535E+02
   0.343040E+02   0.275450E+02   0.552285E-02   0.115131E+02   0.122820E+02   0.167908E+01   0.165745E+02   0.174312E+02  -0.133912E+02   0.000000E+00   0.308224E+02  -0.616448E+02
   0.342829E+02   0.274309E+02   0.606670E-02   0.123887E+02   0.131338E+02   0.177641E+01   0.143986E+02   0.165305E+02  -0.140134E+02   0.000000E+00   0.305439E+02  -0.610877E+02
   0.342829E+02   0.275972E+02   0.593546E-02   0.834106E+01   0.114400E+02   0.159716E+01   0.160407E+02   0.182127E+02  -0.127581E+02   0.000000E+00   0.309708E+02  -0.619416E+02
   0.344372E+02   0.286430E+02   0.684960E-02   0.131060E+02   0.113151E+02   0.245298E+00   0.120493E+02   0.148597E+02  -0.139242E+02   0.000000E+00   0.287839E+02  -0.575678E+02
   0.343539E+02   0.284956E+02   0.595597E-02   0.104114E+02   0.105767E+02   0.337506E+00   0.164407E+02   0.181944E+02  -0.123970E+02   0.000000E+00   0.305914E+02  -0.611827E+02
   0.342747E+02   0.290051E+02   0.658279E-02   0.817269E+01   0.102818E+02   0.805490E-03   0.182165E+02   0.160185E+02  -0.130548E+02   0.000000E+00   0.290733E+02  -0.581466E+02
   0.345387E+02   0.275447E+02   0.741773E-02   0.113571E+02   0.100845E+02   0.164018E+01   0.954231E+01   0.135479E+02  -0.144881E+02   0.000000E+00   0.280360E+02  -0.560721E+02
   0.340900E+02   0.279201E+02   0.799033E-02   0.142492E+02   0.100845E+02   0.541545E+00   0.179484E+02   0.126659E+02  -0.145570E+02   0.000000E+00   0.272229E+02  -0.544458E+02
   0.344253E+02   0.276571E+02   0.663958E-02   0.924761E+01   0.112770E+02   0.847334E+00   0.126239E+02   0.184601E+02  -0.125424E+02   0.000000E+00   0.310025E+02  -0.620050E+02
   0.343781E+02   0.273687E+02   0.682197E-02   0.924761E+01   0.119304E+02   0.103704E+01   0.162468E+02   0.180231E+02  -0.127678E+02   0.000000E+00   0.307909E+02  -0.615819E+02
   0.344026E+02   0.274454E+02   0.527541E-02   0.135816E+02   0.131770E+02   0.896266E+00   0.157069E+02   0.164956E+02  -0.148216E+02   0.000000E+00   0.313172E+02  -0.626343E+02
   0.344026E+02   0.280336E+02   0.535847E-02   0.107033E+02   0.748048E+01   0.216475E+00   0.138911E+02   0.181446E+02  -0.129298E+02   0.000000E+00   0.310744E+02  -0.621488E+02
   0.344026E+02   0.275983E+02   0.590668E-02   0.940675E+01   0.756624E+01   0.133762E+00   0.186472E+02   0.185270E+02  -0.135328E+02   0.000000E+00   0.320598E+02  -0.641197E+02
   0.344026E+02   0.276118E+02   0.551776E-02   0.101736E+02   0.682008E+01   0.420432E+00   0.131516E+02   0.182584E+02  -0.135979E+02   0.000000E+00   0.318563E+02  -0.637125E+02
   0.345545E+02   0.273370E+02   0.605083E-02   0.636291E+01   0.117021E+02   0.150378E+00   0.163731E+02   0.156637E+02  -0.147964E+02   0.000000E+00   0.304601E+02  -0.609203E+02
   0.341512E+02   0.274164E+02   0.605083E-02   0.132051E+02   0.109654E+02   0.338226E+00   0.180625E+02   0.157294E+02  -0.141039E+02   0.000000E+00   0.298333E+02  -0.596666E+02
   0.346670E+02   0.263818E+02   0.605083E-02   0.927453E+01   0.930582E+01   0.195220E+01   0.143161E+02   0.135539E+02  -0.120130E+02   0.000000E+00   0.255669E+02  -0.511338E+02
   0.346684E+02   0.265405E+02   0.518028E-02   0.677451E+01   0.100881E+02   0.352002E+00   0.165131E+02   0.115399E+02  -0.137716E+02   0.000000E+00   0.253115E+02  -0.506229E+02
   0.342431E+02   0.279192E+02   0.623013E-02   0.909150E+01   0.105911E+02   0.625349E+00   0.121090E+02   0.189127E+02  -0.125198E+02   0.000000E+00   0.314325E+02  -0.628650E+02
   0.343281E+02   0.268033E+02   0.531285E-02   0.916517E+01   0.877352E+01   0.784216E+00   0.164278E+02   0.172561E+02  -0.123294E+02   0.000000E+00   0.295855E+02  -0.591709E+02
   0.342709E+02   0.274128E+02   0.746260E-02   0.101027E+02   0.130569E+02   0.165513E+01   0.125880E+02   0.152950E+02  -0.134205E+02   0.000000E+00   0.287155E+02  -0.574311E+02
   0.343523E+02   0.278253E+02   0.697511E-02   0.739134E+01   0.851028E+01   0.134310E+01   0.178374E+02   0.166941E+02  -0.135964E+02   0.000000E+00   0.302905E+02  -0.605809E+02
   0.342754E+02   0.278253E+02   0.671660E-02   0.114318E+02   0.929464E+01   0.204358E+00   0.126506E+02   0.187202E+02  -0.125879E+02   0.000000E+00   0.313081E+02  -0.626161E+02
   0.342732E+02   0.280603E+02   0.639339E-02   0.118184E+02   0.755964E+01   0.131884E+01   0.128481E+02   0.174462E+02  -0.134036E+02   0.000000E+00   0.308498E+02  -0.616995E+02
   0.343268E+02   0.271934E+02   0.699863E-02   0.110012E+02   0.911600E+01   0.181408E+01   0.145000E+02   0.171437E+02  -0.122483E+02   0.000000E+00   0.293920E+02  -0.587841E+02
   0.343268E+02   0.282783E+02   0.580390E-02   0.122260E+02   0.794951E+01   0.474890E+00   0.966379E+01   0.161179E+02  -0.151554E+02   0.000000E+00   0.312733E+02  -0.625466E+02
   0.345099E+02   0.272849E+02   0.655373E-02   0.123797E+02   0.130007E+02   0.257318E+01   0.148252E+02   0.143987E+02  -0.139404E+02   0.000000E+00   0.283391E+02  -0.566783E+02
   0.343431E+02   0.272647E+02   0.769856E-02   0.101964E+02   0.101141E+02   0.766875E+00   0.151044E+02   0.170675E+02  -0.120888E+02   0.000000E+00   0.291563E+02  -0.583126E+02
   0.342491E+02   0.272613E+02   0.687028E-02   0.984518E+01   0.101778E+02   0.590483E+00   0.144015E+02   0.182653E+02  -0.120331E+02   0.000000E+00   0.302984E+02  -0.605967E+02
   0.342565E+02   0.279132E+02   0.520914E-02   0.870277E+01   0.103523E+02   0.853136E-01   0.114793E+02   0.183817E+02  -0.128231E+02   0.000000E+00   0.312048E+02  -0.624096E+02
   0.345743E+02   0.271841E+02   0.630876E-02   0.821686E+01   0.915423E+01   0.853136E-01   0.218580E+02   0.156260E+02  -0.144877E+02   0.000000E+00   0.301137E+02  -0.602274E+02
   0.345017E+02   0.271841E+02   0.586534E-02   0.105746E+02   0.686448E+01   0.300778E+01   0.204040E+02   0.128959E+02  -0.150231E+02   0.000000E+00   0.279190E+02  -0.558380E+02
   0.345134E+02   0.271841E+02   0.542078E-02   0.830407E+01   0.119428E+02   0.209619E+01   0.136293E+02   0.161131E+02  -0.128805E+02   0.000000E+00   0.289936E+02  -0.579872E+02
   0.345266E+02   0.277613E+02   0.695197E-02   0.885625E+01   0.777542E+01   0.316715E+00   0.147026E+02   0.170153E+02  -0.126318E+02   0.000000E+00   0.296471E+02  -0.592943E+02
   0.347724E+02   0.261739E+02   0.778603E-02   0.100623E+02   0.969424E+01   0.120653E+01   0.134489E+02   0.114600E+02  -0.120716E+02   0.000000E+00   0.235316E+02  -0.470632E+02
   0.345254E+02   0.278183E+02   0.554535E-02   0.121622E+02   0.938968E+01   0.117120E+01   0.185105E+02   0.157606E+02  -0.134685E+02   0.000000E+00   0.292291E+02  -0.584582E+02
   0.342967E+02   0.278183E+02   0.630272E-02   0.106998E+02   0.100373E+02   0.301288E+00   0.167351E+02   0.194079E+02  -0.124321E+02   0.000000E+00   0.318400E+02  -0.636799E+02
   0.343636E+02   0.283427E+02   0.578659E-02   0.826221E+01   0.135054E+02   0.231431E+01   0.156626E+02   0.152080E+02  -0.138046E+02   0.000000E+00   0.290126E+02  -0.580252E+02
   0.343636E+02   0.282082E+02   0.607227E-02   0.132395E+02   0.811933E+01   0.317619E+01   0.124645E+02   0.139087E+02  -0.138867E+02   0.000000E+00   0.277954E+02  -0.555908E+02
   0.343333E+02   0.276021E+02   0.663579E-02   0.182048E+02   0.971466E+01   0.451193E+00   0.104947E+02   0.131481E+02  -0.183488E+02   0.000000E+00   0.314969E+02  -0.629938E+02
   0.343333E+02   0.294100E+02   0.543898E-02   0.870558E+01   0.583478E+01   0.250649E+01   0.179905E+02   0.718089E+01  -0.158300E+02   0.000000E+00   0.230109E+02  -0.460217E+02
   0.343736E+02   0.267845E+02   0.598949E-02   0.883674E+01   0.117191E+02   0.931701E+00   0.166642E+02   0.175574E+02  -0.128284E+02   0.000000E+00   0.303858E+02  -0.607716E+02
   0.344083E+02   0.276253E+02   0.746833E-02   0.110919E+02   0.956338E+01   0.190923E+00   0.116027E+02   0.171256E+02  -0.128299E+02   0.000000E+00   0.299555E+02  -0.599109E+02
   0.343995E+02   0.276253E+02   0.647749E-02   0.110919E+02   0.862866E+01   0.729959E+00   0.150796E+02   0.190492E+02  -0.124121E+02   0.000000E+00   0.314613E+02  -0.629225E+02
   0.345639E+02   0.275301E+02   0.723474E-02   0.110919E+02   0.111371E+02   0.821923E+00   0.148653E+02   0.163329E+02  -0.125267E+02   0.000000E+00   0.288596E+02  -0.577191E+02
   0.343753E+02   0.281680E+02   0.598365E-02   0.117350E+02   0.868023E+01   0.983832E+00   0.102020E+02   0.168878E+02  -0.141048E+02   0.000000E+00   0.309926E+02  -0.619852E+02
   0.341956E+02   0.272524E+02   0.657905E-02   0.976406E+01   0.741982E+01   0.126254E+00   0.144249E+02   0.173262E+02  -0.128222E+02   0.000000E+00   0.301484E+02  -0.602968E+02
   0.342870E+02   0.279047E+02   0.515811E-02   0.147162E+02   0.148976E+02   0.183352E+01   0.121523E+02   0.129847E+02  -0.170247E+02   0.000000E+00   0.300094E+02  -0.600189E+02
   0.342870E+02   0.282870E+02   0.636818E-02   0.102771E+02   0.771744E+01   0.208951E+01   0.131226E+02   0.168493E+02  -0.127506E+02   0.000000E+00   0.295999E+02  -0.591999E+02
   0.343651E+02   0.263772E+02   0.537964E-02   0.895241E+01   0.126219E+02   0.464556E-01   0.212556E+02   0.130110E+02  -0.148644E+02   0.000000E+00   0.278754E+02  -0.557509E+02
   0.341832E+02   0.280593E+02   0.584643E-02   0.142737E+02   0.111303E+02   0.881618E+00   0.166195E+02   0.161950E+02  -0.144670E+02   0.000000E+00   0.306620E+02  -0.613240E+02
   0.342522E+02   0.286472E+02   0.607864E-02   0.107172E+02   0.111303E+02   0.536033E+00   0.208169E+02   0.162527E+02  -0.140940E+02   0.000000E+00   0.303467E+02  -0.606933E+02
   0.343508E+02   0.286083E+02   0.651611E-02   0.861356E+01   0.847617E+01   0.115271E+01   0.160812E+02   0.171114E+02  -0.124798E+02   0.000000E+00   0.295912E+02  -0.591824E+02
   0.340793E+02   0.279281E+02   0.689889E-02   0.868934E+01   0.104617E+02   0.114559E+01   0.166447E+02   0.159136E+02  -0.124603E+02   0.000000E+00   0.283739E+02  -0.567478E+02
   0.343150E+02   0.281063E+02   0.592238E-02   0.113070E+02   0.138402E+02   0.823666E+00   0.147582E+02   0.175170E+02  -0.139879E+02   0.000000E+00   0.315049E+02  -0.630097E+02
   0.344312E+02   0.271340E+02   0.633174E-02   0.104773E+02   0.112679E+02   0.152691E+01   0.135265E+02   0.181246E+02  -0.124457E+02   0.000000E+00   0.305703E+02  -0.611405E+02
   0.342691E+02   0.282976E+02   0.747155E-02   0.822866E+01   0.110183E+02   0.719570E+00   0.161011E+02   0.167107E+02  -0.126724E+02   0.000000E+00   0.293831E+02  -0.587661E+02
   0.342691E+02   0.278959E+02   0.502117E-02   0.110181E+02   0.117937E+02   0.102542E+01   0.147461E+02   0.176657E+02  -0.127504E+02   0.000000E+00   0.304161E+02  -0.608321E+02
   0.342862E+02   0.281233E+02   0.527678E-02   0.129559E+02   0.117401E+02   0.154451E+00   0.130126E+02   0.174774E+02  -0.137339E+02   0.000000E+00   0.312113E+02  -0.624226E+02
   0.345635E+02   0.280347E+02   0.678488E-02   0.117099E+02   0.717804E+01   0.331415E+00   0.146078E+02   0.152295E+02  -0.135383E+02   0.000000E+00   0.287678E+02  -0.575356E+02
   0.344534E+02   0.275697E+02   0.476367E-02   0.165602E+02   0.735364E+01   0.269705E+01   0.153740E+02   0.103398E+02  -0.166349E+02   0.000000E+00   0.269747E+02  -0.539494E+02
   0.345201E+02   0.272299E+02   0.542622E-02   0.130297E+02   0.126665E+02   0.430199E+00   0.125303E+02   0.161021E+02  -0.143437E+02   0.000000E+00   0.304458E+02  -0.608916E+02
   0.342429E+02   0.281044E+02   0.598727E-02   0.150019E+02   0.994249E+01   0.784083E+00   0.143547E+02   0.168354E+02  -0.144809E+02   0.000000E+00   0.313163E+02  -0.626325E+02
   0.344771E+02   0.273945E+02   0.566426E-02   0.860454E+01   0.994128E+01   0.115926E+00   0.888870E+01   0.162958E+02  -0.150701E+02   0.000000E+00   0.313659E+02  -0.627318E+02
   0.342870E+02   0.273945E+02   0.665264E-02   0.860454E+01   0.984975E+01   0.107899E+01   0.147952E+02   0.186460E+02  -0.121525E+02   0.000000E+00   0.307985E+02  -0.615970E+02
   0.342520E+02   0.277390E+02   0.639025E-02   0.860454E+01   0.117578E+02   0.110174E+01   0.109794E+02   0.174951E+02  -0.135709E+02   0.000000E+00   0.310660E+02  -0.621320E+02
   0.343048E+02   0.272444E+02   0.577382E-02   0.113900E+02   0.930529E+01   0.201219E+00   0.150073E+02   0.192008E+02  -0.123793E+02   0.000000E+00   0.315801E+02  -0.631602E+02
   0.343048E+02   0.270299E+02   0.548309E-02   0.886737E+01   0.170681E+02   0.395225E+00   0.225633E+02   0.119936E+02  -0.187038E+02   0.000000E+00   0.306974E+02  -0.613949E+02
   0.342837E+02   0.274957E+02   0.549128E-02   0.113115E+02   0.119847E+02   0.138120E+01   0.164110E+02   0.178017E+02  -0.131389E+02   0.000000E+00   0.309406E+02  -0.618812E+02
   0.342943E+02   0.278003E+02   0.531218E-02   0.122417E+02   0.119847E+02   0.225250E+00   0.137578E+02   0.182774E+02  -0.133555E+02   0.000000E+00   0.316329E+02  -0.632658E+02
   0.343666E+02   0.279478E+02   0.625205E-02   0.896308E+01   0.119539E+02   0.340953E+00   0.151714E+02   0.190188E+02  -0.126740E+02   0.000000E+00   0.316928E+02  -0.633857E+02
   0.342860E+02   0.277019E+02   0.553931E-02   0.102833E+02   0.990044E+01   0.160619E+01   0.183779E+02   0.181491E+02  -0.127918E+02   0.000000E+00   0.309409E+02  -0.618817E+02
   0.343364E+02   0.272263E+02   0.628943E-02   0.125612E+02   0.694308E+01   0.167488E+01   0.173436E+02   0.159540E+02  -0.146297E+02   0.000000E+00   0.305837E+02  -0.611675E+02
   0.343364E+02   0.279590E+02   0.481472E-02   0.874428E+01   0.941417E+01   0.133503E+01   0.126357E+02   0.172156E+02  -0.123164E+02   0.000000E+00   0.295320E+02  -0.590640E+02
   0.344147E+02   0.273475E+02   0.558091E-02   0.102967E+02   0.110212E+02   0.984368E+00   0.167640E+02   0.189482E+02  -0.125652E+02   0.000000E+00   0.315134E+02  -0.630267E+02
   0.343253E+02   0.281021E+02   0.601874E-02   0.102967E+02   0.983741E+01   0.417343E+00   0.126612E+02   0.194282E+02  -0.122607E+02   0.000000E+00   0.316889E+02  -0.633777E+02
   0.342540E+02   0.277532E+02   0.639536E-02   0.896286E+01   0.100418E+02   0.188014E+01   0.147243E+02   0.181145E+02  -0.120746E+02   0.000000E+00   0.301891E+02  -0.603783E+02
   0.342540E+02   0.277532E+02   0.621488E-02   0.115004E+02   0.867833E+01   0.259283E+01   0.162423E+02   0.165046E+02  -0.126963E+02   0.000000E+00   0.292009E+02  -0.584019E+02
   0.341230E+02   0.277972E+02   0.697493E-02   0.791204E+01   0.146307E+02   0.178542E+00   0.123683E+02   0.144092E+02  -0.149585E+02   0.000000E+00   0.293677E+02  -0.587353E+02
   0.343954E+02   0.269763E+02   0.628171E-02   0.109291E+02   0.708728E+01   0.482404E-01   0.224509E+02   0.154797E+02  -0.158052E+02   0.000000E+00   0.312849E+02  -0.625698E+02
   0.341361E+02   0.274896E+02   0.585940E-02   0.899813E+01   0.116723E+02   0.755707E+00   0.122151E+02   0.166561E+02  -0.128533E+02   0.000000E+00   0.295094E+02  -0.590187E+02
   0.344516E+02   0.274762E+02   0.750563E-02   0.106607E+02   0.896908E+01   0.886262E+00   0.174305E+02   0.167839E+02  -0.126305E+02   0.000000E+00   0.294144E+02  -0.588288E+02
   0.344071E+02   0.276308E+02   0.498316E-02   0.119001E+02   0.102160E+02   0.528942E+00   0.115175E+02   0.175077E+02  -0.132317E+02   0.000000E+00   0.307394E+02  -0.614787E+02
   0.342286E+02   0.277764E+02   0.546126E-02   0.106365E+02   0.108728E+02   0.528942E+00   0.110560E+02   0.180397E+02  -0.131829E+02   0.000000E+00   0.312226E+02  -0.624453E+02
   0.344611E+02   0.279314E+02   0.495976E-02   0.114625E+02   0.850397E+01   0.950802E+00   0.156934E+02   0.164636E+02  -0.126504E+02   0.000000E+00   0.291140E+02  -0.582281E+02
   0.344611E+02   0.265749E+02   0.563535E-02   0.820085E+01   0.729745E+01   0.121709E+01   0.151839E+02   0.159318E+02  -0.132773E+02   0.000000E+00   0.292091E+02  -0.584182E+02
   0.344611E+02   0.270911E+02   0.589107E-02   0.909525E+01   0.840852E+01   0.181905E+00   0.151826E+02   0.191473E+02  -0.122779E+02   0.000000E+00   0.314252E+02  -0.628503E+02
   0.343735E+02   0.281948E+02   0.648060E-02   0.948146E+01   0.144859E+02   0.164924E-01   0.119027E+02   0.165706E+02  -0.145510E+02   0.000000E+00   0.311216E+02  -0.622432E+02
   0.344993E+02   0.280249E+02   0.586975E-02   0.122468E+02   0.108974E+02   0.901742E+00   0.141754E+02   0.169214E+02  -0.129220E+02   0.000000E+00   0.298434E+02  -0.596867E+02
   0.343190E+02   0.279073E+02   0.609068E-02   0.767324E+01   0.131494E+02   0.103508E+01   0.181229E+02   0.170686E+02  -0.145031E+02   0.000000E+00   0.315717E+02  -0.631434E+02
   0.343190E+02   0.279073E+02   0.559588E-02   0.867748E+01   0.906539E+01   0.194889E+01   0.141606E+02   0.183598E+02  -0.121599E+02   0.000000E+00   0.305197E+02  -0.610394E+02
   0.343868E+02   0.279582E+02   0.791625E-02   0.111607E+02   0.833653E+01   0.113920E+01   0.193902E+02   0.147236E+02  -0.136170E+02   0.000000E+00   0.283406E+02  -0.566812E+02
   0.343868E+02   0.278375E+02   0.514253E-02   0.101685E+02   0.766266E+01   0.188438E+01   0.159062E+02   0.170269E+02  -0.127857E+02   0.000000E+00   0.298126E+02  -0.596252E+02
   0.344981E+02   0.271137E+02   0.564473E-02   0.852948E+01   0.933906E+01   0.982857E+00   0.228153E+02   0.157982E+02  -0.148093E+02   0.000000E+00   0.306075E+02  -0.612149E+02
   0.344981E+02   0.268448E+02   0.657752E-02   0.110793E+02   0.116538E+02   0.110669E+01   0.123694E+02   0.169046E+02  -0.129957E+02   0.000000E+00   0.299003E+02  -0.598006E+02
   0.344279E+02   0.267094E+02   0.629882E-02   0.140274E+02   0.761376E+01   0.233968E+01   0.147591E+02   0.140456E+02  -0.144577E+02   0.000000E+00   0.285033E+02  -0.570067E+02
   0.342446E+02   0.281562E+02   0.605999E-02   0.152716E+02   0.964067E+01   0.338650E-01   0.185966E+02   0.159944E+02  -0.154810E+02   0.000000E+00   0.314754E+02  -0.629508E+02
   0.342446E+02   0.276301E+02   0.553750E-02   0.999073E+01   0.115692E+02   0.203946E+00   0.168585E+02   0.186878E+02  -0.127419E+02   0.000000E+00   0.314297E+02  -0.628594E+02
   0.342446E+02   0.280214E+02   0.587742E-02   0.109080E+02   0.129422E+02   0.264964E+00   0.151344E+02   0.182825E+02  -0.133247E+02   0.000000E+00   0.316072E+02  -0.632145E+02
   0.342773E+02   0.289716E+02   0.546094E-02   0.113479E+02   0.137298E+02   0.580293E+00   0.163074E+02   0.142769E+02  -0.141143E+02   0.000000E+00   0.283912E+02  -0.567823E+02
   0.343728E+02   0.279561E+02   0.730573E-02   0.992237E+01   0.822403E+01   0.265688E+00   0.254598E+02   0.138494E+02  -0.163472E+02   0.000000E+00   0.301966E+02  -0.603931E+02
   0.345797E+02   0.273479E+02   0.629070E-02   0.100101E+02   0.114520E+02   0.143661E+01   0.116740E+02   0.161561E+02  -0.129453E+02   0.000000E+00   0.291014E+02  -0.582029E+02
   0.343200E+02   0.274872E+02   0.575140E-02   0.909471E+01   0.109070E+02   0.872856E+00   0.133714E+02   0.194974E+02  -0.122930E+02   0.000000E+00   0.317904E+02  -0.635808E+02
   0.344481E+02   0.281482E+02   0.705176E-02   0.122826E+02   0.112402E+02   0.369607E+01   0.122123E+02   0.117141E+02  -0.133887E+02   0.000000E+00   0.251028E+02  -0.502056E+02
   0.344481E+02   0.281482E+02   0.628019E-02   0.121060E+02   0.928620E+01   0.154125E+01   0.150387E+02   0.170030E+02  -0.126890E+02   0.000000E+00   0.296920E+02  -0.593839E+02
   0.339934E+02   0.287256E+02   0.620817E-02   0.576398E+01   0.112111E+02   0.527005E+00   0.203456E+02   0.972410E+01  -0.170315E+02   0.000000E+00   0.267556E+02  -0.535111E+02
   0.343791E+02   0.276856E+02   0.552631E-02   0.924469E+01   0.122908E+02   0.712998E+00   0.134955E+02   0.189749E+02  -0.128147E+02   0.000000E+00   0.317896E+02  -0.635792E+02
   0.342588E+02   0.281145E+02   0.592218E-02   0.106756E+02   0.703029E+01   0.262156E+01   0.153229E+02   0.157433E+02  -0.133895E+02   0.000000E+00   0.291328E+02  -0.582655E+02
   0.342911E+02   0.276330E+02   0.559092E-02   0.735087E+01   0.759983E+01   0.298600E+00   0.119015E+02   0.178945E+02  -0.140253E+02   0.000000E+00   0.319198E+02  -0.638397E+02
   0.343790E+02   0.270570E+02   0.566485E-02   0.118941E+02   0.101098E+02   0.189258E+00   0.250473E+02   0.151095E+02  -0.164048E+02   0.000000E+00   0.315143E+02  -0.630285E+02
   0.343790E+02   0.273744E+02   0.528814E-02   0.139525E+02   0.974855E+01   0.189258E+00   0.173766E+02   0.174883E+02  -0.141640E+02   0.000000E+00   0.316523E+02  -0.633046E+02
   0.343257E+02   0.282135E+02   0.586444E-02   0.842735E+01   0.861069E+01   0.558973E+00   0.141421E+02   0.190692E+02  -0.123535E+02   0.000000E+00   0.314227E+02  -0.628455E+02
   0.343257E+02   0.285069E+02   0.665030E-02   0.104206E+02   0.115174E+02   0.822003E-01   0.170153E+02   0.175696E+02  -0.128220E+02   0.000000E+00   0.303916E+02  -0.607832E+02
   0.344017E+02   0.270935E+02   0.625206E-02   0.109807E+02   0.954191E+01   0.115383E+01   0.111584E+02   0.179888E+02  -0.130260E+02   0.000000E+00   0.310148E+02  -0.620295E+02
   0.344017E+02   0.274604E+02   0.704853E-02   0.137631E+02   0.112751E+02   0.289054E+00   0.126248E+02   0.166610E+02  -0.141379E+02   0.000000E+00   0.307989E+02  -0.615978E+02
   0.343275E+02   0.284092E+02   0.675820E-02   0.993416E+01   0.119938E+02   0.510258E+00   0.152757E+02   0.177582E+02  -0.126554E+02   0.000000E+00   0.304136E+02  -0.608272E+02
   0.342009E+02   0.283993E+02   0.552144E-02   0.816244E+01   0.108473E+02   0.791652E-01   0.103169E+02   0.165939E+02  -0.138971E+02   0.000000E+00   0.304910E+02  -0.609820E+02
   0.343664E+02   0.274293E+02   0.584112E-02   0.827925E+01   0.787811E+01   0.423097E+01   0.108263E+02   0.124090E+02  -0.137765E+02   0.000000E+00   0.261855E+02  -0.523710E+02
   0.341404E+02   0.282425E+02   0.536277E-02   0.104729E+02   0.899185E+01   0.187333E+01   0.154546E+02   0.160660E+02  -0.121929E+02   0.000000E+00   0.282589E+02  -0.565178E+02
   0.344676E+02   0.273219E+02   0.570306E-02   0.104729E+02   0.815649E+01   0.182763E+01   0.130152E+02   0.176885E+02  -0.125422E+02   0.000000E+00   0.302307E+02  -0.604613E+02
   0.344341E+02   0.268118E+02   0.817472E-02   0.124359E+02   0.940847E+01   0.325958E+00   0.155892E+02   0.147503E+02  -0.128988E+02   0.000000E+00   0.276491E+02  -0.552981E+02
   0.345156E+02   0.260648E+02   0.593208E-02   0.108242E+02   0.124408E+02   0.120578E+01   0.165664E+02   0.133361E+02  -0.132390E+02   0.000000E+00   0.265751E+02  -0.531502E+02
   0.345215E+02   0.262472E+02   0.822442E-02   0.108467E+02   0.995749E+01   0.144094E+01   0.193247E+02   0.119809E+02  -0.132595E+02   0.000000E+00   0.252404E+02  -0.504808E+02
   0.345215E+02   0.262472E+02   0.609454E-02   0.768823E+01   0.116363E+02   0.167920E+00   0.206742E+02   0.136632E+02  -0.146913E+02   0.000000E+00   0.283545E+02  -0.567090E+02
   0.341556E+02   0.274137E+02   0.628768E-02   0.130013E+02   0.968248E+01   0.129029E+01   0.191838E+02   0.152452E+02  -0.141510E+02   0.000000E+00   0.293962E+02  -0.587924E+02
   0.341556E+02   0.271754E+02   0.766913E-02   0.903327E+01   0.967823E+01   0.705566E+00   0.146011E+02   0.156666E+02  -0.120345E+02   0.000000E+00   0.277011E+02  -0.554021E+02
   0.344367E+02   0.278803E+02   0.639642E-02   0.765611E+01   0.969556E+01   0.208996E+01   0.214823E+02   0.149472E+02  -0.146215E+02   0.000000E+00   0.295687E+02  -0.591374E+02
   0.344913E+02   0.278803E+02   0.706585E-02   0.765611E+01   0.732450E+01   0.740094E+00   0.161514E+02   0.159276E+02  -0.137115E+02   0.000000E+00   0.296391E+02  -0.592781E+02
   0.344916E+02   0.276551E+02   0.617363E-02   0.930143E+01   0.126755E+02   0.206634E+01   0.131320E+02   0.164109E+02  -0.130651E+02   0.000000E+00   0.294760E+02  -0.589519E+02
   0.343395E+02   0.272601E+02   0.694408E-02   0.977292E+01   0.988149E+01   0.103678E+01   0.131320E+02   0.183430E+02  -0.121057E+02   0.000000E+00   0.304487E+02  -0.608974E+02
   0.343395E+02   0.272490E+02   0.735123E-02   0.117508E+02   0.120031E+02   0.161122E+01   0.149446E+02   0.159837E+02  -0.131266E+02   0.000000E+00   0.291103E+02  -0.582205E+02
   0.344567E+02   0.268262E+02   0.714507E-02   0.999814E+01   0.105433E+02   0.328688E+00   0.196289E+02   0.164297E+02  -0.133050E+02   0.000000E+00   0.297347E+02  -0.594693E+02
   0.341894E+02   0.275306E+02   0.511422E-02   0.105071E+02   0.794311E+01   0.183517E+01   0.124443E+02   0.155430E+02  -0.128061E+02   0.000000E+00   0.283491E+02  -0.566982E+02
   0.341620E+02   0.272604E+02   0.591232E-02   0.119535E+02   0.113376E+02   0.806292E+00   0.130386E+02   0.162729E+02  -0.130484E+02   0.000000E+00   0.293213E+02  -0.586427E+02
   0.343639E+02   0.283462E+02   0.449438E-02   0.112700E+02   0.982200E+01   0.293477E+01   0.148766E+02   0.116428E+02  -0.123210E+02   0.000000E+00   0.239638E+02  -0.479276E+02
   0.342652E+02   0.285175E+02   0.709607E-02   0.124552E+02   0.103892E+02   0.701099E+00   0.130223E+02   0.166641E+02  -0.130311E+02   0.000000E+00   0.296952E+02  -0.593904E+02
   0.342648E+02   0.280051E+02   0.564225E-02   0.121771E+02   0.110910E+02   0.275751E+00   0.184825E+02   0.179493E+02  -0.137172E+02   0.000000E+00   0.316665E+02  -0.633331E+02
   0.342930E+02   0.284356E+02   0.683897E-02   0.131217E+02   0.902425E+01   0.275751E+00   0.240737E+02   0.138635E+02  -0.165380E+02   0.000000E+00   0.304015E+02  -0.608031E+02
   0.345673E+02   0.273031E+02   0.558055E-02   0.895509E+01   0.986064E+01   0.102311E+01   0.127442E+02   0.171277E+02  -0.122435E+02   0.000000E+00   0.293712E+02  -0.587423E+02
   0.343259E+02   0.274294E+02   0.614342E-02   0.813453E+01   0.710994E+01   0.848097E+00   0.189868E+02   0.172917E+02  -0.144138E+02   0.000000E+00   0.317055E+02  -0.634110E+02
   0.342171E+02   0.283301E+02   0.640354E-02   0.818516E+01   0.111244E+02   0.527623E+00   0.183689E+02   0.175148E+02  -0.133094E+02   0.000000E+00   0.308242E+02  -0.616484E+02
   0.342869E+02   0.277191E+02   0.676649E-02   0.776888E+01   0.744902E+01   0.983517E+00   0.113186E+02   0.168325E+02  -0.140876E+02   0.000000E+00   0.309201E+02  -0.618403E+02
   0.344077E+02   0.273747E+02   0.571645E-02   0.971667E+01   0.121938E+02   0.968385E+00   0.128029E+02   0.187402E+02  -0.128710E+02   0.000000E+00   0.316112E+02  -0.632223E+02
   0.342359E+02   0.278989E+02   0.571645E-02   0.845445E+01   0.914299E+01   0.181894E+01   0.169960E+02   0.178291E+02  -0.125593E+02   0.000000E+00   0.303884E+02  -0.607769E+02
   0.342623E+02   0.271113E+02   0.562127E-02   0.807821E+01   0.862409E+01   0.108792E+01   0.193613E+02   0.166252E+02  -0.135954E+02   0.000000E+00   0.302206E+02  -0.604411E+02
   0.344240E+02   0.281023E+02   0.741505E-02   0.590900E+01   0.111050E+02   0.495932E+00   0.140879E+02   0.142505E+02  -0.152065E+02   0.000000E+00   0.294570E+02  -0.589139E+02
   0.342689E+02   0.281326E+02   0.696198E-02   0.830541E+01   0.116957E+02   0.122849E+01   0.183054E+02   0.166797E+02  -0.134476E+02   0.000000E+00   0.301273E+02  -0.602546E+02
   0.345546E+02   0.271084E+02   0.627147E-02   0.104068E+02   0.982437E+01   0.155518E+01   0.173571E+02   0.169844E+02  -0.125023E+02   0.000000E+00   0.294867E+02  -0.589734E+02
   0.345546E+02   0.276825E+02   0.570905E-02   0.110985E+02   0.989455E+01   0.100493E+01   0.128797E+02   0.170542E+02  -0.124128E+02   0.000000E+00   0.294670E+02  -0.589341E+02
   0.344145E+02   0.279814E+02   0.570905E-02   0.118134E+02   0.121599E+02   0.362397E+00   0.154604E+02   0.181571E+02  -0.132732E+02   0.000000E+00   0.314303E+02  -0.628605E+02
   0.343189E+02   0.278958E+02   0.517794E-02   0.103099E+02   0.120810E+02   0.112192E+01   0.142335E+02   0.182181E+02  -0.127040E+02   0.000000E+00   0.309221E+02  -0.618442E+02
   0.343129E+02   0.273649E+02   0.451582E-02   0.943947E+01   0.748026E+01   0.733243E+00   0.167498E+02   0.154453E+02  -0.130538E+02   0.000000E+00   0.284991E+02  -0.569981E+02
   0.344100E+02   0.274586E+02   0.631014E-02   0.131312E+02   0.100993E+02   0.194276E+01   0.124290E+02   0.168742E+02  -0.135091E+02   0.000000E+00   0.303833E+02  -0.607665E+02
   0.341812E+02   0.277854E+02   0.720923E-02   0.116368E+02   0.139024E+02   0.228905E+01   0.187502E+02   0.128200E+02  -0.150150E+02   0.000000E+00   0.278350E+02  -0.556700E+02
   0.346354E+02   0.256374E+02   0.688107E-02   0.120000E+02   0.122691E+02   0.591633E+00   0.136822E+02   0.106720E+02  -0.133829E+02   0.000000E+00   0.240549E+02  -0.481099E+02
   0.344646E+02   0.271251E+02   0.675871E-02   0.888191E+01   0.100117E+02   0.140398E+01   0.149824E+02   0.179774E+02  -0.121013E+02   0.000000E+00   0.300787E+02  -0.601574E+02
   0.344377E+02   0.275830E+02   0.704343E-02   0.121265E+02   0.101801E+02   0.969339E+00   0.140818E+02   0.175673E+02  -0.127102E+02   0.000000E+00   0.302775E+02  -0.605549E+02
   0.344377E+02   0.270179E+02   0.706046E-02   0.857221E+01   0.920893E+01   0.191239E+00   0.126191E+02   0.179139E+02  -0.123898E+02   0.000000E+00   0.303037E+02  -0.606074E+02
   0.343352E+02   0.277444E+02   0.593810E-02   0.659760E+01   0.106631E+02   0.935745E+00   0.173030E+02   0.175195E+02  -0.143037E+02   0.000000E+00   0.318232E+02  -0.636465E+02
   0.344310E+02   0.277444E+02   0.677336E-02   0.800198E+01   0.783877E+01   0.424859E+00   0.188024E+02   0.171640E+02  -0.138039E+02   0.000000E+00   0.309679E+02  -0.619359E+02
   0.344440E+02   0.269034E+02   0.596909E-02   0.786194E+01   0.146302E+02   0.105872E+01   0.185720E+02   0.152220E+02  -0.155011E+02   0.000000E+00   0.307231E+02  -0.614462E+02
   0.344366E+02   0.275037E+02   0.641361E-02   0.866509E+01   0.951363E+01   0.804495E+00   0.126832E+02   0.189694E+02  -0.123227E+02   0.000000E+00   0.312921E+02  -0.625843E+02
   0.344004E+02   0.277257E+02   0.646332E-02   0.147721E+02   0.108644E+02   0.100624E+01   0.171075E+02   0.163795E+02  -0.148534E+02   0.000000E+00   0.312329E+02  -0.624657E+02
   0.342849E+02   0.284382E+02   0.569268E-02   0.934648E+01   0.143726E+02   0.715735E+00   0.152779E+02   0.166936E+02  -0.140637E+02   0.000000E+00   0.307573E+02  -0.615146E+02
   0.343244E+02   0.276838E+02   0.641211E-02   0.922244E+01   0.856489E+01   0.192397E+01   0.161890E+02   0.180930E+02  -0.123392E+02   0.000000E+00   0.304322E+02  -0.608643E+02
   0.344633E+02   0.279954E+02   0.629772E-02   0.128211E+02   0.123644E+02   0.853063E+00   0.162715E+02   0.165439E+02  -0.140040E+02   0.000000E+00   0.305479E+02  -0.610958E+02
   0.343717E+02   0.279954E+02   0.663674E-02   0.777409E+01   0.134850E+02   0.559577E+00   0.128742E+02   0.170107E+02  -0.141404E+02   0.000000E+00   0.311511E+02  -0.623021E+02
   0.342402E+02   0.285202E+02   0.615364E-02   0.842675E+01   0.940379E+01   0.859262E+00   0.176224E+02   0.177785E+02  -0.127106E+02   0.000000E+00   0.304891E+02  -0.609782E+02
   0.342473E+02   0.278113E+02   0.548799E-02   0.895420E+01   0.865775E+01   0.660184E+00   0.135238E+02   0.191830E+02  -0.122323E+02   0.000000E+00   0.314153E+02  -0.628306E+02
   0.343483E+02   0.276121E+02   0.727192E-02   0.945162E+01   0.107344E+02   0.969918E+00   0.148163E+02   0.179854E+02  -0.121507E+02   0.000000E+00   0.301361E+02  -0.602722E+02
   0.342302E+02   0.278587E+02   0.579383E-02   0.743948E+01   0.113761E+02   0.235571E+01   0.127220E+02   0.161691E+02  -0.133531E+02   0.000000E+00   0.295222E+02  -0.590444E+02
   0.342187E+02   0.272908E+02   0.710090E-02   0.105761E+02   0.968904E+01   0.639013E+00   0.197183E+02   0.163466E+02  -0.133287E+02   0.000000E+00   0.296753E+02  -0.593507E+02
   0.344301E+02   0.268575E+02   0.615959E-02   0.988106E+01   0.915186E+01   0.336500E+00   0.968117E+01   0.169862E+02  -0.140022E+02   0.000000E+00   0.309884E+02  -0.619769E+02
   0.343534E+02   0.278447E+02   0.624686E-02   0.839604E+01   0.886128E+01   0.125330E+01   0.179212E+02   0.184295E+02  -0.128868E+02   0.000000E+00   0.313163E+02  -0.626327E+02
   0.342529E+02   0.290547E+02   0.695928E-02   0.103480E+02   0.996091E+01   0.115633E+00   0.108817E+02   0.155879E+02  -0.130560E+02   0.000000E+00   0.286439E+02  -0.572878E+02
   0.342076E+02   0.287036E+02   0.666496E-02   0.996506E+01   0.687087E+01   0.306159E-01   0.126803E+02   0.163016E+02  -0.136109E+02   0.000000E+00   0.299125E+02  -0.598249E+02
   0.342076E+02   0.276052E+02   0.569052E-02   0.995496E+01   0.109485E+02   0.278316E+00   0.158395E+02   0.187908E+02  -0.123246E+02   0.000000E+00   0.311154E+02  -0.622309E+02
   0.344066E+02   0.272214E+02   0.632851E-02   0.117293E+02   0.990197E+01   0.434433E+00   0.166648E+02   0.188140E+02  -0.127567E+02   0.000000E+00   0.315707E+02  -0.631414E+02
   0.343598E+02   0.277593E+02   0.546366E-02   0.123432E+02   0.117163E+02   0.194358E+00   0.205446E+02   0.171063E+02  -0.148319E+02   0.000000E+00   0.319382E+02  -0.638765E+02
   0.343234E+02   0.275758E+02   0.582979E-02   0.918911E+01   0.100088E+02   0.145265E+00   0.119413E+02   0.196740E+02  -0.124719E+02   0.000000E+00   0.321459E+02  -0.642917E+02
   0.343061E+02   0.277108E+02   0.616951E-02   0.755590E+01   0.781438E+01   0.134709E+01   0.131024E+02   0.179714E+02  -0.133527E+02   0.000000E+00   0.313241E+02  -0.626482E+02
   0.343061E+02   0.273786E+02   0.590482E-02   0.954488E+01   0.147162E+02   0.260023E+00   0.162900E+02   0.174581E+02  -0.144446E+02   0.000000E+00   0.319027E+02  -0.638053E+02
   0.344204E+02   0.273786E+02   0.580080E-02   0.916536E+01   0.121760E+02   0.172205E+01   0.146047E+02   0.181012E+02  -0.127155E+02   0.000000E+00   0.308167E+02  -0.616335E+02
   0.342543E+02   0.282802E+02   0.726720E-02   0.856595E+01   0.106950E+02   0.851737E-02   0.165513E+02   0.174284E+02  -0.125319E+02   0.000000E+00   0.299603E+02  -0.599207E+02
   0.343998E+02   0.271157E+02   0.572636E-02   0.124737E+02   0.727237E+01   0.889133E+00   0.156690E+02   0.174923E+02  -0.138929E+02   0.000000E+00   0.313852E+02  -0.627703E+02
   0.343998E+02   0.279645E+02   0.639385E-02   0.108994E+02   0.120356E+02   0.602298E-01   0.247182E+02   0.149767E+02  -0.164555E+02   0.000000E+00   0.314322E+02  -0.628644E+02
   0.345131E+02   0.274691E+02   0.633704E-02   0.844396E+01   0.114873E+02   0.342121E+00   0.125949E+02   0.180469E+02  -0.128185E+02   0.000000E+00   0.308654E+02  -0.617309E+02
   0.345131E+02   0.280537E+02   0.620299E-02   0.128669E+02   0.101425E+02   0.625464E+00   0.140699E+02   0.167195E+02  -0.130943E+02   0.000000E+00   0.298138E+02  -0.596276E+02
   0.343933E+02   0.271967E+02   0.578508E-02   0.139970E+02   0.982204E+01   0.682904E+00   0.153431E+02   0.178681E+02  -0.138088E+02   0.000000E+00   0.316769E+02  -0.633539E+02
   0.343070E+02   0.282268E+02   0.687267E-02   0.765974E+01   0.848699E+01   0.100800E+00   0.157585E+02   0.178352E+02  -0.129181E+02   0.000000E+00   0.307533E+02  -0.615066E+02
   0.343733E+02   0.280534E+02   0.694032E-02   0.111653E+02   0.984413E+01   0.130885E+01   0.123112E+02   0.175130E+02  -0.125838E+02   0.000000E+00   0.300968E+02  -0.601937E+02
   0.342634E+02   0.278561E+02   0.778200E-02   0.733332E+01   0.715408E+01   0.440713E+00   0.163185E+02   0.149761E+02  -0.141765E+02   0.000000E+00   0.291526E+02  -0.583052E+02
   0.342881E+02   0.278561E+02   0.567624E-02   0.937390E+01   0.742411E+01   0.315055E+00   0.110230E+02   0.182267E+02  -0.137211E+02   0.000000E+00   0.319478E+02  -0.638955E+02
   0.344465E+02   0.267963E+02   0.718328E-02   0.968618E+01   0.910197E+01   0.724746E+00   0.176648E+02   0.169318E+02  -0.125393E+02   0.000000E+00   0.294711E+02  -0.589422E+02
   0.344529E+02   0.269842E+02   0.678277E-02   0.129830E+02   0.101540E+02   0.563104E+00   0.111688E+02   0.165594E+02  -0.139676E+02   0.000000E+00   0.305270E+02  -0.610540E+02
   0.344529E+02   0.267296E+02   0.613878E-02   0.105707E+02   0.108332E+02   0.113204E+01   0.172618E+02   0.174385E+02  -0.126852E+02   0.000000E+00   0.301237E+02  -0.602474E+02
   0.343524E+02   0.271645E+02   0.636989E-02   0.135041E+02   0.132188E+02   0.477243E+00   0.203427E+02   0.152225E+02  -0.161900E+02   0.000000E+00   0.314125E+02  -0.628250E+02
   0.343715E+02   0.274390E+02   0.759409E-02   0.130562E+02   0.118476E+02   0.104620E+01   0.159889E+02   0.155085E+02  -0.138434E+02   0.000000E+00   0.293519E+02  -0.587038E+02
   0.343664E+02   0.274390E+02   0.526570E-02   0.133905E+02   0.113324E+02   0.314238E-01   0.133609E+02   0.179248E+02  -0.137739E+02   0.000000E+00   0.316987E+02  -0.633974E+02
   0.344189E+02   0.274390E+02   0.664192E-02   0.811717E+01   0.126613E+02   0.116140E+00   0.261156E+02   0.136808E+02  -0.177090E+02   0.000000E+00   0.313898E+02  -0.627797E+02
   0.342057E+02   0.280287E+02   0.587350E-02   0.125445E+02   0.138194E+02   0.868087E+00   0.147644E+02   0.165256E+02  -0.145321E+02   0.000000E+00   0.310577E+02  -0.621153E+02
   0.345786E+02   0.274091E+02   0.741607E-02   0.120517E+02   0.993655E+01   0.750754E+00   0.152452E+02   0.157394E+02  -0.126797E+02   0.000000E+00   0.284191E+02  -0.568382E+02
   0.342734E+02   0.279995E+02   0.672062E-02   0.128894E+02   0.103764E+02   0.757233E+00   0.212317E+02   0.159572E+02  -0.150137E+02   0.000000E+00   0.309709E+02  -0.619418E+02
   0.342734E+02   0.279995E+02   0.664575E-02   0.138615E+02   0.122166E+02   0.194286E-01   0.161668E+02   0.167487E+02  -0.145497E+02   0.000000E+00   0.312984E+02  -0.625969E+02
   0.342734E+02   0.282282E+02   0.540409E-02   0.612250E+01   0.117078E+02   0.701091E+00   0.167165E+02   0.156721E+02  -0.152858E+02   0.000000E+00   0.309579E+02  -0.619158E+02
   0.344145E+02   0.266924E+02   0.589909E-02   0.982916E+01   0.767450E+01   0.161714E+01   0.135318E+02   0.168258E+02  -0.126712E+02   0.000000E+00   0.294970E+02  -0.589941E+02
   0.340914E+02   0.268379E+02   0.725985E-02   0.723477E+01   0.103592E+02   0.270466E+01   0.232320E+02   0.758333E+01  -0.159108E+02   0.000000E+00   0.234941E+02  -0.469882E+02
   0.342751E+02   0.282488E+02   0.583348E-02   0.123962E+02   0.975751E+01   0.245091E+00   0.159772E+02   0.185377E+02  -0.129316E+02   0.000000E+00   0.314693E+02  -0.629385E+02
   0.343031E+02   0.277563E+02   0.562586E-02   0.119503E+02   0.116294E+02   0.620818E+00   0.141499E+02   0.188498E+02  -0.130391E+02   0.000000E+00   0.318889E+02  -0.637778E+02
   0.341289E+02   0.283206E+02   0.607356E-02   0.119899E+02   0.116247E+02   0.316148E+00   0.145379E+02   0.170184E+02  -0.130521E+02   0.000000E+00   0.300705E+02  -0.601410E+02
   0.343410E+02   0.274066E+02   0.469976E-02   0.600674E+01   0.108215E+02   0.192431E+00   0.145379E+02   0.150170E+02  -0.149197E+02   0.000000E+00   0.299367E+02  -0.598734E+02
   0.342767E+02   0.274066E+02   0.550067E-02   0.914049E+01   0.844511E+01   0.582724E+00   0.114853E+02   0.185605E+02  -0.128672E+02   0.000000E+00   0.314277E+02  -0.628554E+02
   0.341812E+02   0.272478E+02   0.677630E-02   0.136964E+02   0.777057E+01   0.939066E+00   0.190155E+02   0.142382E+02  -0.150790E+02   0.000000E+00   0.293172E+02  -0.586345E+02
   0.342714E+02   0.284692E+02   0.561579E-02   0.743423E+01   0.983038E+01   0.166256E+01   0.172220E+02   0.165260E+02  -0.132097E+02   0.000000E+00   0.297357E+02  -0.594713E+02
   0.344347E+02   0.274159E+02   0.704418E-02   0.128958E+02   0.106224E+02   0.256345E+00   0.218646E+02   0.153243E+02  -0.153646E+02   0.000000E+00   0.306889E+02  -0.613777E+02
   0.342080E+02   0.280898E+02   0.721992E-02   0.993657E+01   0.121999E+02   0.321963E+00   0.163960E+02   0.170669E+02  -0.129193E+02   0.000000E+00   0.299862E+02  -0.599724E+02
   0.344474E+02   0.270944E+02   0.552403E-02   0.776781E+01   0.993208E+01   0.785566E+00   0.133642E+02   0.184354E+02  -0.126340E+02   0.000000E+00   0.310694E+02  -0.621389E+02
   0.344705E+02   0.274209E+02   0.585487E-02   0.105040E+02   0.849205E+01   0.114922E+01   0.173880E+02   0.183269E+02  -0.127146E+02   0.000000E+00   0.310415E+02  -0.620829E+02
   0.342515E+02   0.274653E+02   0.532708E-02   0.105040E+02   0.109541E+02   0.125625E+01   0.136168E+02   0.181199E+02  -0.123387E+02   0.000000E+00   0.304586E+02  -0.609172E+02
   0.341641E+02   0.274653E+02   0.683908E-02   0.867518E+01   0.961792E+01   0.128622E+01   0.211056E+02   0.151640E+02  -0.139336E+02   0.000000E+00   0.290976E+02  -0.581953E+02
   0.341641E+02   0.283346E+02   0.729642E-02   0.103991E+02   0.961792E+01   0.536125E+00   0.140398E+02   0.171455E+02  -0.120710E+02   0.000000E+00   0.292165E+02  -0.584329E+02
   0.344660E+02   0.275375E+02   0.635477E-02   0.970099E+01   0.841149E+01   0.429176E+00   0.121003E+02   0.186641E+02  -0.125884E+02   0.000000E+00   0.312525E+02  -0.625049E+02
   0.342186E+02   0.282537E+02   0.607658E-02   0.129773E+02   0.104281E+02   0.376857E+00   0.138143E+02   0.179420E+02  -0.132200E+02   0.000000E+00   0.311620E+02  -0.623241E+02
   0.342716E+02   0.272489E+02   0.794923E-02   0.984904E+01   0.120136E+02   0.134699E+01   0.157062E+02   0.151088E+02  -0.127084E+02   0.000000E+00   0.278172E+02  -0.556344E+02
   0.343621E+02   0.277045E+02   0.833541E-02   0.719047E+01   0.139955E+02   0.719414E+00   0.187119E+02   0.122086E+02  -0.156550E+02   0.000000E+00   0.278636E+02  -0.557271E+02
   0.343308E+02   0.277045E+02   0.512973E-02   0.103909E+02   0.828563E+01   0.411628E+00   0.141392E+02   0.190696E+02  -0.123394E+02   0.000000E+00   0.314090E+02  -0.628181E+02
   0.345174E+02   0.272362E+02   0.627665E-02   0.100606E+02   0.929823E+01   0.110973E+00   0.113347E+02   0.181155E+02  -0.127451E+02   0.000000E+00   0.308606E+02  -0.617212E+02
   0.340847E+02   0.271350E+02   0.665195E-02   0.857054E+01   0.135051E+02   0.519794E+00   0.196510E+02   0.124793E+02  -0.147982E+02   0.000000E+00   0.272775E+02  -0.545551E+02
   0.343834E+02   0.281805E+02   0.581445E-02   0.937408E+01   0.125027E+02   0.243660E+01   0.156763E+02   0.161686E+02  -0.129471E+02   0.000000E+00   0.291157E+02  -0.582314E+02
   0.343902E+02   0.274056E+02   0.598474E-02   0.117004E+02   0.778307E+01   0.969773E+00   0.153024E+02   0.186301E+02  -0.130689E+02   0.000000E+00   0.316990E+02  -0.633981E+02
   0.343902E+02   0.279301E+02   0.561755E-02   0.104053E+02   0.121437E+02   0.639741E+00   0.176298E+02   0.182812E+02  -0.132571E+02   0.000000E+00   0.315383E+02  -0.630766E+02
   0.343826E+02   0.280115E+02   0.566757E-02   0.976934E+01   0.894637E+01   0.166563E+01   0.180989E+02   0.178825E+02  -0.126999E+02   0.000000E+00   0.305824E+02  -0.611647E+02
   0.345345E+02   0.280115E+02   0.615563E-02   0.169463E+02   0.139952E+02   0.603797E+00   0.194438E+02   0.106578E+02  -0.188988E+02   0.000000E+00   0.295566E+02  -0.591132E+02
   0.343148E+02   0.276920E+02   0.581145E-02   0.997399E+01   0.148954E+02   0.115596E+01   0.125844E+02   0.169856E+02  -0.146346E+02   0.000000E+00   0.316202E+02  -0.632404E+02
   0.343089E+02   0.268712E+02   0.676105E-02   0.110194E+02   0.733728E+01   0.336517E+00   0.190292E+02   0.160030E+02  -0.140932E+02   0.000000E+00   0.300962E+02  -0.601923E+02
   0.343942E+02   0.286562E+02   0.600208E-02   0.760320E+01   0.102969E+02   0.130277E+00   0.130702E+02   0.167984E+02  -0.128480E+02   0.000000E+00   0.296464E+02  -0.592927E+02
   0.340926E+02   0.282168E+02   0.572091E-02   0.972053E+01   0.118720E+02   0.142519E+01   0.149573E+02   0.158263E+02  -0.125627E+02   0.000000E+00   0.283890E+02  -0.567781E+02
   0.341436E+02   0.269033E+02   0.587979E-02   0.130584E+02   0.114770E+02   0.253195E+00   0.195482E+02   0.127947E+02  -0.147176E+02   0.000000E+00   0.275123E+02  -0.550245E+02
   0.342822E+02   0.286556E+02   0.639987E-02   0.113556E+02   0.922846E+01   0.376250E+00   0.193909E+02   0.168186E+02  -0.134543E+02   0.000000E+00   0.302729E+02  -0.605459E+02
   0.343955E+02   0.277667E+02   0.579012E-02   0.956741E+01   0.830593E+01   0.602241E+00   0.130991E+02   0.194324E+02  -0.123634E+02   0.000000E+00   0.317958E+02  -0.635916E+02
   0.343067E+02   0.279710E+02   0.602090E-02   0.102375E+02   0.115309E+02   0.163205E+01   0.121766E+02   0.181219E+02  -0.128056E+02   0.000000E+00   0.309275E+02  -0.618550E+02
   0.343241E+02   0.279710E+02   0.616698E-02   0.109875E+02   0.967590E+01   0.250864E+00   0.972045E+01   0.177154E+02  -0.141484E+02   0.000000E+00   0.318638E+02  -0.637277E+02
   0.343361E+02   0.280752E+02   0.582838E-02   0.109875E+02   0.103095E+02   0.398294E+00   0.170896E+02   0.190815E+02  -0.126343E+02   0.000000E+00   0.317158E+02  -0.634316E+02
   0.344140E+02   0.276544E+02   0.590579E-02   0.757238E+01   0.955091E+01   0.821090E+00   0.154441E+02   0.189638E+02  -0.127529E+02   0.000000E+00   0.317167E+02  -0.634334E+02
   0.343768E+02   0.272438E+02   0.628737E-02   0.900513E+01   0.102897E+02   0.131150E+01   0.140521E+02   0.189751E+02  -0.121033E+02   0.000000E+00   0.310784E+02  -0.621569E+02
   0.341274E+02   0.282718E+02   0.603381E-02   0.104244E+02   0.812489E+01   0.217767E+00   0.272615E+02   0.126320E+02  -0.174975E+02   0.000000E+00   0.301295E+02  -0.602590E+02
   0.341274E+02   0.282718E+02   0.516021E-02   0.798980E+01   0.916877E+01   0.147664E+01   0.179836E+02   0.149344E+02  -0.130494E+02   0.000000E+00   0.279838E+02  -0.559676E+02
   0.342017E+02   0.277589E+02   0.676242E-02   0.138407E+02   0.916877E+01   0.125952E+01   0.154988E+02   0.163108E+02  -0.137431E+02   0.000000E+00   0.300539E+02  -0.601079E+02
   0.341939E+02   0.268371E+02   0.924002E-02   0.962376E+01   0.725563E+01   0.627761E+00   0.148064E+02   0.109483E+02  -0.129789E+02   0.000000E+00   0.239272E+02  -0.478545E+02
   0.345799E+02   0.267689E+02   0.745074E-02   0.124608E+02   0.124907E+02   0.159224E+01   0.179906E+02   0.130625E+02  -0.143047E+02   0.000000E+00   0.273672E+02  -0.547345E+02
   0.343931E+02   0.267689E+02   0.652296E-02   0.124849E+02   0.954486E+01   0.796346E+00   0.226023E+02   0.148818E+02  -0.153735E+02   0.000000E+00   0.302553E+02  -0.605107E+02
   0.343841E+02   0.275056E+02   0.763940E-02   0.147059E+02   0.125444E+02   0.583532E+00   0.116190E+02   0.138385E+02  -0.157180E+02   0.000000E+00   0.295565E+02  -0.591131E+02
   0.343430E+02   0.279156E+02   0.610909E-02   0.775595E+01   0.993782E+01   0.520326E+00   0.158378E+02   0.191694E+02  -0.126828E+02   0.000000E+00   0.318522E+02  -0.637043E+02
   0.343485E+02   0.279156E+02   0.624899E-02   0.118941E+02   0.134393E+02   0.251088E+00   0.198542E+02   0.165797E+02  -0.152444E+02   0.000000E+00   0.318241E+02  -0.636482E+02
   0.343485E+02   0.280669E+02   0.572961E-02   0.767189E+01   0.102758E+02   0.394086E+00   0.181766E+02   0.183242E+02  -0.133468E+02   0.000000E+00   0.316710E+02  -0.633420E+02
   0.343485E+02   0.274464E+02   0.635847E-02   0.770500E+01   0.131113E+02   0.963248E+00   0.190430E+02   0.167330E+02  -0.147718E+02   0.000000E+00   0.315048E+02  -0.630096E+02
   0.343485E+02   0.272212E+02   0.652695E-02   0.129482E+02   0.687327E+01   0.471250E+00   0.142010E+02   0.168475E+02  -0.145020E+02   0.000000E+00   0.313495E+02  -0.626990E+02
   0.341783E+02   0.280332E+02   0.564026E-02   0.974455E+01   0.848051E+01   0.140337E+01   0.144142E+02   0.178966E+02  -0.121813E+02   0.000000E+00   0.300779E+02  -0.601559E+02
   0.344214E+02   0.277026E+02   0.589788E-02   0.161020E+02   0.102143E+02   0.238046E+00   0.182791E+02   0.157774E+02  -0.160701E+02   0.000000E+00   0.318475E+02  -0.636950E+02
   0.344214E+02   0.277875E+02   0.565074E-02   0.710673E+01   0.847910E+01   0.192322E+01   0.172209E+02   0.165726E+02  -0.137123E+02   0.000000E+00   0.302849E+02  -0.605699E+02
   0.343198E+02   0.272022E+02   0.572236E-02   0.833908E+01   0.755321E+01   0.326629E+00   0.129380E+02   0.184925E+02  -0.131040E+02   0.000000E+00   0.315965E+02  -0.631930E+02
   0.343301E+02   0.278716E+02   0.505218E-02   0.936585E+01   0.503043E+01   0.570764E+00   0.144284E+02   0.138013E+02  -0.172262E+02   0.000000E+00   0.310275E+02  -0.620549E+02
   0.343301E+02   0.278716E+02   0.575002E-02   0.101519E+02   0.113360E+02   0.241587E+00   0.111514E+02   0.188690E+02  -0.131863E+02   0.000000E+00   0.320553E+02  -0.641106E+02
   0.344010E+02   0.272534E+02   0.658382E-02   0.962930E+01   0.930940E+01   0.302720E+00   0.164531E+02   0.191711E+02  -0.122160E+02   0.000000E+00   0.313871E+02  -0.627741E+02
   0.344010E+02   0.268022E+02   0.648574E-02   0.984189E+01   0.806240E+01   0.449438E+00   0.123655E+02   0.179012E+02  -0.126690E+02   0.000000E+00   0.305702E+02  -0.611403E+02
   0.341394E+02   0.284438E+02   0.562907E-02   0.984189E+01   0.129265E+02   0.119235E+01   0.137209E+02   0.161157E+02  -0.131219E+02   0.000000E+00   0.292376E+02  -0.584751E+02
   0.343593E+02   0.282241E+02   0.650798E-02   0.874211E+01   0.103536E+02   0.145433E+01   0.184405E+02   0.173422E+02  -0.129250E+02   0.000000E+00   0.302672E+02  -0.605343E+02
   0.343593E+02   0.271633E+02   0.597395E-02   0.105432E+02   0.939075E+01   0.138014E+01   0.149681E+02   0.189087E+02  -0.121164E+02   0.000000E+00   0.310251E+02  -0.620503E+02
   0.343709E+02   0.272814E+02   0.548168E-02   0.106714E+02   0.651103E+01   0.160659E+01   0.110293E+02   0.159098E+02  -0.149087E+02   0.000000E+00   0.308185E+02  -0.616369E+02
   0.345546E+02   0.283657E+02   0.648742E-02   0.164320E+02   0.115712E+02   0.931320E+00   0.184394E+02   0.109474E+02  -0.167753E+02   0.000000E+00   0.277227E+02  -0.554453E+02
   0.342663E+02   0.272495E+02   0.629901E-02   0.104016E+02   0.107021E+02   0.221894E+01   0.891066E+01   0.142858E+02  -0.150979E+02   0.000000E+00   0.293837E+02  -0.587674E+02
   0.342663E+02   0.280005E+02   0.589058E-02   0.106132E+02   0.111888E+02   0.164924E+00   0.152496E+02   0.193904E+02  -0.124379E+02   0.000000E+00   0.318283E+02  -0.636565E+02
   0.343391E+02   0.274902E+02   0.492515E-02   0.107827E+02   0.104077E+02   0.372263E+00   0.173796E+02   0.181733E+02  -0.126686E+02   0.000000E+00   0.308419E+02  -0.616839E+02
   0.343001E+02   0.269961E+02   0.679714E-02   0.114809E+02   0.111398E+02   0.133852E+01   0.184868E+02   0.162618E+02  -0.134292E+02   0.000000E+00   0.296910E+02  -0.593821E+02
   0.342749E+02   0.275658E+02   0.714046E-02   0.942418E+01   0.772953E+01   0.911225E+00   0.198690E+02   0.163314E+02  -0.138692E+02   0.000000E+00   0.302006E+02  -0.604012E+02
   0.344102E+02   0.273731E+02   0.560322E-02   0.868689E+01   0.933077E+01   0.145077E+01   0.136752E+02   0.189528E+02  -0.121562E+02   0.000000E+00   0.311090E+02  -0.622179E+02
   0.344674E+02   0.280948E+02   0.743761E-02   0.134904E+02   0.102682E+02   0.710034E+00   0.158071E+02   0.153025E+02  -0.135859E+02   0.000000E+00   0.288884E+02  -0.577769E+02
   0.344375E+02   0.271777E+02   0.526359E-02   0.135668E+02   0.785558E+01   0.165634E+00   0.185883E+02   0.163446E+02  -0.147886E+02   0.000000E+00   0.311332E+02  -0.622664E+02
   0.344375E+02   0.271777E+02   0.535425E-02   0.990285E+01   0.121192E+02   0.635048E+00   0.135503E+02   0.184232E+02  -0.127170E+02   0.000000E+00   0.311402E+02  -0.622805E+02
   0.344375E+02   0.277176E+02   0.570149E-02   0.842659E+01   0.101227E+02   0.477236E+00   0.191140E+02   0.182951E+02  -0.132300E+02   0.000000E+00   0.315251E+02  -0.630502E+02
