Kmin_MC_Up_a0  Kmin_TR_a0     Y1_intercept   Y2_intercept   Y3_intercept   Y4_intercept   Y5_intercept   LogPost        
   0.343298E+02   0.278800E+02   0.528733E-02   0.916936E+01   0.681110E+01   0.208607E+02   0.180164E+02   0.137458E+03
   0.344170E+02   0.278800E+02   0.655802E-02   0.890581E+01   0.973894E+01   0.155936E+02   0.107365E+02   0.139665E+03
   0.342595E+02   0.276500E+02   0.607771E-02   0.720567E+01   0.111179E+02   0.159264E+02   0.174790E+02   0.139566E+03
   0.342595E+02   0.282816E+02   0.599856E-02   0.143286E+02   0.854625E+01   0.130006E+02   0.109298E+02   0.137791E+03
   0.343137E+02   0.270798E+02   0.710451E-02   0.107259E+02   0.958070E+01   0.179054E+02   0.140286E+02   0.139211E+03
   0.343137E+02   0.286305E+02   0.647813E-02   0.970365E+01   0.107181E+02   0.167769E+02   0.208183E+02   0.137873E+03
   0.343017E+02   0.269730E+02   0.645240E-02   0.129176E+02   0.121174E+02   0.153354E+02   0.166512E+02   0.138429E+03
   0.342456E+02   0.271805E+02   0.708467E-02   0.728139E+01   0.106214E+02   0.138337E+02   0.148203E+02   0.138588E+03
   0.344383E+02   0.267892E+02   0.576606E-02   0.100655E+02   0.986788E+01   0.142753E+02   0.155491E+02   0.140601E+03
   0.344042E+02   0.267892E+02   0.769408E-02   0.741952E+01   0.101825E+02   0.132157E+02   0.111915E+02   0.136851E+03
   0.344042E+02   0.272664E+02   0.815999E-02   0.104715E+02   0.821724E+01   0.122161E+02   0.147669E+02   0.137349E+03
   0.343571E+02   0.270470E+02   0.575086E-02   0.126229E+02   0.118988E+02   0.897515E+01   0.175801E+02   0.136501E+03
   0.344488E+02   0.278252E+02   0.769240E-02   0.909933E+01   0.133050E+02   0.131545E+02   0.103854E+02   0.136000E+03
   0.343101E+02   0.281354E+02   0.563461E-02   0.108814E+02   0.871864E+01   0.191640E+02   0.129557E+02   0.139820E+03
   0.341781E+02   0.273849E+02   0.706655E-02   0.745510E+01   0.693322E+01   0.143188E+02   0.131224E+02   0.137023E+03
   0.342812E+02   0.280851E+02   0.659868E-02   0.107212E+02   0.137591E+02   0.146634E+02   0.170314E+02   0.138833E+03
   0.342835E+02   0.273932E+02   0.688781E-02   0.100313E+02   0.884529E+01   0.157432E+02   0.156032E+02   0.140272E+03
   0.341165E+02   0.287954E+02   0.598880E-02   0.116427E+02   0.115430E+02   0.150424E+02   0.129031E+02   0.137752E+03
   0.345325E+02   0.276534E+02   0.608102E-02   0.100467E+02   0.111704E+02   0.150424E+02   0.266524E+02   0.135155E+03
   0.345143E+02   0.276534E+02   0.568098E-02   0.121137E+02   0.987971E+01   0.161605E+02   0.140910E+02   0.139549E+03
   0.341571E+02   0.294501E+02   0.704072E-02   0.860001E+01   0.176837E+02   0.183669E+02   0.141828E+02   0.131531E+03
   0.342827E+02   0.280320E+02   0.524097E-02   0.104858E+02   0.103188E+02   0.165183E+02   0.180024E+02   0.139902E+03
   0.342130E+02   0.275105E+02   0.734316E-02   0.828217E+01   0.855924E+01   0.175549E+02   0.172329E+02   0.137990E+03
   0.344771E+02   0.281820E+02   0.524169E-02   0.119741E+02   0.938354E+01   0.162707E+02   0.169404E+02   0.137578E+03
   0.341493E+02   0.280698E+02   0.570873E-02   0.103148E+02   0.915594E+01   0.135318E+02   0.136124E+02   0.139861E+03
   0.342277E+02   0.280526E+02   0.657597E-02   0.832578E+01   0.130349E+02   0.173228E+02   0.127921E+02   0.138757E+03
   0.342620E+02   0.283396E+02   0.695657E-02   0.115634E+02   0.779046E+01   0.170710E+02   0.135151E+02   0.138695E+03
   0.344161E+02   0.276797E+02   0.538514E-02   0.111005E+02   0.826788E+01   0.124768E+02   0.190733E+02   0.139468E+03
   0.343586E+02   0.289201E+02   0.661853E-02   0.123194E+02   0.971959E+01   0.154787E+02   0.161505E+02   0.137648E+03
   0.341681E+02   0.291488E+02   0.694245E-02   0.110041E+02   0.577360E+01   0.123461E+02   0.161505E+02   0.134150E+03
   0.346329E+02   0.276060E+02   0.712609E-02   0.112093E+02   0.116532E+02   0.118321E+02   0.129667E+02   0.136353E+03
   0.340636E+02   0.280667E+02   0.559919E-02   0.105137E+02   0.900331E+01   0.117268E+02   0.220813E+02   0.134873E+03
   0.345410E+02   0.264855E+02   0.565631E-02   0.981086E+01   0.112949E+02   0.149694E+02   0.117621E+02   0.138163E+03
   0.342591E+02   0.280246E+02   0.538381E-02   0.989917E+01   0.104731E+02   0.162504E+02   0.211066E+02   0.138953E+03
   0.342587E+02   0.272681E+02   0.562020E-02   0.530356E+01   0.893659E+01   0.216495E+02   0.168411E+02   0.134032E+03
   0.343187E+02   0.269793E+02   0.590560E-02   0.770147E+01   0.864685E+01   0.918328E+01   0.174424E+02   0.137168E+03
   0.344183E+02   0.280109E+02   0.688049E-02   0.149307E+02   0.797874E+01   0.144630E+02   0.181864E+02   0.136741E+03
   0.344473E+02   0.270699E+02   0.506937E-02   0.956465E+01   0.111820E+02   0.137189E+02   0.179493E+02   0.139327E+03
   0.343461E+02   0.276908E+02   0.469449E-02   0.883370E+01   0.933221E+01   0.212288E+02   0.207043E+02   0.136112E+03
   0.343537E+02   0.273004E+02   0.491401E-02   0.129338E+02   0.711945E+01   0.132547E+02   0.186147E+02   0.137237E+03
   0.343537E+02   0.274885E+02   0.550798E-02   0.114201E+02   0.624096E+01   0.178806E+02   0.155963E+02   0.138375E+03
   0.341403E+02   0.283666E+02   0.632426E-02   0.841537E+01   0.636956E+01   0.108948E+02   0.142335E+02   0.136507E+03
   0.344634E+02   0.275144E+02   0.599114E-02   0.909477E+01   0.122784E+02   0.234919E+02   0.128530E+02   0.137406E+03
   0.344180E+02   0.272353E+02   0.572334E-02   0.921090E+01   0.907953E+01   0.156687E+02   0.128530E+02   0.141274E+03
   0.343490E+02   0.278660E+02   0.540465E-02   0.921090E+01   0.819394E+01   0.127126E+02   0.156906E+02   0.140825E+03
   0.343317E+02   0.279173E+02   0.595143E-02   0.893326E+01   0.822615E+01   0.907753E+01   0.161257E+02   0.138484E+03
   0.341737E+02   0.278060E+02   0.599860E-02   0.702316E+01   0.780071E+01   0.152240E+02   0.173426E+02   0.138233E+03
   0.341974E+02   0.286678E+02   0.586910E-02   0.100007E+02   0.138653E+02   0.158558E+02   0.146735E+02   0.138038E+03
   0.343326E+02   0.286731E+02   0.511700E-02   0.106101E+02   0.175976E+02   0.189579E+02   0.165409E+02   0.132626E+03
   0.342724E+02   0.278580E+02   0.600291E-02   0.673576E+01   0.895641E+01   0.162177E+02   0.182611E+02   0.139044E+03
   0.342468E+02   0.274036E+02   0.639723E-02   0.797669E+01   0.111850E+02   0.127892E+02   0.213874E+02   0.138082E+03
   0.342468E+02   0.272047E+02   0.607188E-02   0.122006E+02   0.136081E+02   0.191097E+02   0.175689E+02   0.137024E+03
   0.344933E+02   0.266532E+02   0.636705E-02   0.825177E+01   0.788456E+01   0.117392E+02   0.174826E+02   0.138347E+03
   0.344926E+02   0.274511E+02   0.630912E-02   0.825177E+01   0.100820E+02   0.165352E+02   0.170987E+02   0.139998E+03
   0.342633E+02   0.274511E+02   0.587052E-02   0.836539E+01   0.827082E+01   0.205796E+02   0.146894E+02   0.139208E+03
   0.344618E+02   0.268793E+02   0.747515E-02   0.813162E+01   0.813419E+01   0.116086E+02   0.157545E+02   0.137778E+03
   0.344327E+02   0.275652E+02   0.687861E-02   0.850569E+01   0.106304E+02   0.117720E+02   0.174154E+02   0.139408E+03
   0.344627E+02   0.274378E+02   0.621373E-02   0.962166E+01   0.130000E+02   0.170843E+02   0.142202E+02   0.139778E+03
   0.341709E+02   0.285037E+02   0.555736E-02   0.146912E+02   0.797907E+01   0.105485E+02   0.168336E+02   0.135466E+03
   0.341981E+02   0.281478E+02   0.646061E-02   0.864203E+01   0.947038E+01   0.101621E+02   0.142223E+02   0.138917E+03
   0.343032E+02   0.278915E+02   0.715893E-02   0.668025E+01   0.101323E+02   0.136266E+02   0.173526E+02   0.138115E+03
   0.342499E+02   0.279556E+02   0.606420E-02   0.746840E+01   0.718922E+01   0.146492E+02   0.179452E+02   0.138914E+03
   0.341369E+02   0.285381E+02   0.873355E-02   0.126635E+02   0.111579E+02   0.233611E+02   0.114154E+02   0.130835E+03
   0.341498E+02   0.281406E+02   0.637178E-02   0.105386E+02   0.987794E+01   0.170630E+02   0.115662E+02   0.139018E+03
   0.344582E+02   0.279847E+02   0.716392E-02   0.770155E+01   0.525600E+01   0.204227E+02   0.138203E+02   0.132832E+03
   0.344582E+02   0.270519E+02   0.853895E-02   0.169484E+02   0.890505E+01   0.187962E+02   0.163348E+02   0.131739E+03
   0.342119E+02   0.287998E+02   0.716813E-02   0.846897E+01   0.117760E+02   0.173251E+02   0.161654E+02   0.137496E+03
   0.343502E+02   0.265552E+02   0.718904E-02   0.989113E+01   0.964932E+01   0.132404E+02   0.784825E+01   0.134070E+03
   0.345442E+02   0.273509E+02   0.612359E-02   0.743784E+01   0.114816E+02   0.247886E+02   0.141957E+02   0.135496E+03
   0.344155E+02   0.267731E+02   0.585301E-02   0.118630E+02   0.104103E+02   0.171907E+02   0.103893E+02   0.138344E+03
   0.343750E+02   0.289507E+02   0.652515E-02   0.947229E+01   0.108156E+02   0.144844E+02   0.133501E+02   0.138118E+03
   0.342576E+02   0.276226E+02   0.700906E-02   0.120570E+02   0.885154E+01   0.121990E+02   0.142644E+02   0.139317E+03
   0.342432E+02   0.272230E+02   0.676798E-02   0.124494E+02   0.818839E+01   0.177528E+02   0.163243E+02   0.138236E+03
   0.342986E+02   0.273573E+02   0.617543E-02   0.869647E+01   0.173296E+02   0.143376E+02   0.125876E+02   0.136757E+03
   0.342986E+02   0.286821E+02   0.616573E-02   0.103201E+02   0.885713E+01   0.144122E+02   0.138284E+02   0.139861E+03
   0.345604E+02   0.286821E+02   0.710331E-02   0.774910E+01   0.103179E+02   0.151084E+02   0.143527E+02   0.135489E+03
   0.346406E+02   0.274188E+02   0.761337E-02   0.871560E+01   0.127996E+02   0.142260E+02   0.130515E+02   0.135883E+03
   0.344660E+02   0.273136E+02   0.544494E-02   0.103610E+02   0.761177E+01   0.125888E+02   0.222543E+02   0.137686E+03
   0.342825E+02   0.266081E+02   0.641465E-02   0.816500E+01   0.108172E+02   0.140029E+02   0.159155E+02   0.138428E+03
   0.344860E+02   0.268673E+02   0.580933E-02   0.918029E+01   0.945837E+01   0.152498E+02   0.138613E+02   0.140584E+03
   0.344978E+02   0.271754E+02   0.653013E-02   0.124461E+02   0.750615E+01   0.105148E+02   0.125765E+02   0.137583E+03
   0.343552E+02   0.272845E+02   0.479086E-02   0.941765E+01   0.110194E+02   0.152271E+02   0.188208E+02   0.138753E+03
   0.344292E+02   0.274472E+02   0.524876E-02   0.760384E+01   0.998453E+01   0.106294E+02   0.165280E+02   0.139007E+03
   0.344292E+02   0.264499E+02   0.715395E-02   0.105395E+02   0.117567E+02   0.153013E+02   0.986319E+01   0.136335E+03
   0.343218E+02   0.273696E+02   0.581095E-02   0.739454E+01   0.128333E+02   0.138069E+02   0.226489E+02   0.137203E+03
   0.343218E+02   0.277725E+02   0.561735E-02   0.112513E+02   0.118633E+02   0.152626E+02   0.134973E+02   0.140784E+03
   0.345411E+02   0.273082E+02   0.630523E-02   0.793133E+01   0.775437E+01   0.126447E+02   0.158210E+02   0.138994E+03
   0.346377E+02   0.271804E+02   0.586720E-02   0.106631E+02   0.775437E+01   0.135012E+02   0.192270E+02   0.136555E+03
   0.344053E+02   0.271982E+02   0.715376E-02   0.778681E+01   0.816566E+01   0.101621E+02   0.182311E+02   0.137127E+03
   0.342636E+02   0.285567E+02   0.619899E-02   0.107834E+02   0.107809E+02   0.101621E+02   0.147201E+02   0.138539E+03
   0.340870E+02   0.270608E+02   0.590603E-02   0.959762E+01   0.845409E+01   0.167823E+02   0.169661E+02   0.135874E+03
   0.342512E+02   0.279929E+02   0.601627E-02   0.107480E+02   0.110981E+02   0.173666E+02   0.126037E+02   0.140280E+03
   0.343331E+02   0.275504E+02   0.583553E-02   0.126092E+02   0.957738E+01   0.151764E+02   0.173121E+02   0.140476E+03
   0.343758E+02   0.273711E+02   0.483030E-02   0.922901E+01   0.941017E+01   0.107854E+02   0.173121E+02   0.138705E+03
   0.343871E+02   0.279277E+02   0.480845E-02   0.682737E+01   0.900712E+01   0.108761E+02   0.171377E+02   0.136721E+03
   0.344880E+02   0.276154E+02   0.600496E-02   0.886641E+01   0.951169E+01   0.156379E+02   0.145188E+02   0.140715E+03
   0.344819E+02   0.276934E+02   0.503992E-02   0.598675E+01   0.111111E+02   0.168325E+02   0.147681E+02   0.136287E+03
   0.343154E+02   0.277029E+02   0.617712E-02   0.108160E+02   0.794516E+01   0.117647E+02   0.140632E+02   0.140564E+03
   0.343794E+02   0.277029E+02   0.531177E-02   0.129355E+02   0.790809E+01   0.847165E+01   0.140323E+02   0.136284E+03
   0.343439E+02   0.275258E+02   0.618663E-02   0.117287E+02   0.105019E+02   0.121454E+02   0.173145E+02   0.140354E+03
   0.343124E+02   0.277548E+02   0.631939E-02   0.111610E+02   0.110815E+02   0.145883E+02   0.127204E+02   0.140831E+03
   0.343375E+02   0.278756E+02   0.642251E-02   0.942853E+01   0.930831E+01   0.184001E+02   0.195988E+02   0.139458E+03
   0.343134E+02   0.278686E+02   0.500025E-02   0.112217E+02   0.101948E+02   0.191524E+02   0.138697E+02   0.139268E+03
   0.343134E+02   0.280829E+02   0.661213E-02   0.115541E+02   0.109364E+02   0.163478E+02   0.235239E+02   0.137146E+03
   0.342725E+02   0.278750E+02   0.542482E-02   0.859407E+01   0.853648E+01   0.136287E+02   0.148720E+02   0.140918E+03
   0.344928E+02   0.273564E+02   0.762810E-02   0.788509E+01   0.101811E+02   0.166071E+02   0.145804E+02   0.138173E+03
   0.345768E+02   0.268428E+02   0.660817E-02   0.103286E+02   0.102320E+02   0.145033E+02   0.242681E+02   0.135949E+03
   0.343983E+02   0.276502E+02   0.536836E-02   0.826199E+01   0.718583E+01   0.142617E+02   0.183486E+02   0.139347E+03
   0.343896E+02   0.279250E+02   0.550167E-02   0.963824E+01   0.118103E+02   0.156233E+02   0.147767E+02   0.140655E+03
   0.344072E+02   0.264972E+02   0.762878E-02   0.907024E+01   0.108154E+02   0.153589E+02   0.153819E+02   0.137789E+03
   0.343409E+02   0.268810E+02   0.527467E-02   0.123246E+02   0.962531E+01   0.115916E+02   0.145575E+02   0.138707E+03
   0.343842E+02   0.276169E+02   0.562634E-02   0.776798E+01   0.154598E+02   0.139031E+02   0.146318E+02   0.138365E+03
   0.342066E+02   0.284158E+02   0.669691E-02   0.950369E+01   0.837015E+01   0.128611E+02   0.156885E+02   0.139623E+03
   0.345041E+02   0.278606E+02   0.604827E-02   0.141423E+02   0.992055E+01   0.170331E+02   0.170104E+02   0.137734E+03
   0.341316E+02   0.276594E+02   0.740516E-02   0.969843E+01   0.992055E+01   0.170331E+02   0.210097E+02   0.136265E+03
   0.344042E+02   0.276594E+02   0.539187E-02   0.937395E+01   0.101294E+02   0.176987E+02   0.163554E+02   0.140669E+03
   0.344042E+02   0.273319E+02   0.561470E-02   0.945381E+01   0.105973E+02   0.145306E+02   0.171929E+02   0.141164E+03
   0.344042E+02   0.273319E+02   0.541641E-02   0.124222E+02   0.790016E+01   0.179842E+02   0.124050E+02   0.139301E+03
   0.344412E+02   0.278314E+02   0.532329E-02   0.115154E+02   0.889304E+01   0.187332E+02   0.176327E+02   0.138833E+03
   0.342488E+02   0.280361E+02   0.594678E-02   0.118410E+02   0.881571E+01   0.144479E+02   0.174916E+02   0.140220E+03
   0.342488E+02   0.284983E+02   0.513195E-02   0.946112E+01   0.104845E+02   0.135781E+02   0.122181E+02   0.138949E+03
   0.342712E+02   0.282639E+02   0.629100E-02   0.136394E+02   0.106405E+02   0.106669E+02   0.209663E+02   0.136439E+03
   0.344154E+02   0.285528E+02   0.610893E-02   0.986419E+01   0.104034E+02   0.131698E+02   0.207303E+02   0.137608E+03
   0.344516E+02   0.268165E+02   0.665274E-02   0.772702E+01   0.101456E+02   0.130584E+02   0.159123E+02   0.139528E+03
   0.343439E+02   0.279367E+02   0.754467E-02   0.805897E+01   0.116092E+02   0.182665E+02   0.171898E+02   0.137552E+03
   0.342956E+02   0.279367E+02   0.663106E-02   0.903465E+01   0.100528E+02   0.172669E+02   0.150642E+02   0.140582E+03
   0.345321E+02   0.270971E+02   0.560583E-02   0.112164E+02   0.110244E+02   0.109655E+02   0.145742E+02   0.138882E+03
   0.343882E+02   0.275028E+02   0.675198E-02   0.940894E+01   0.107829E+02   0.132149E+02   0.193740E+02   0.139698E+03
   0.344073E+02   0.277488E+02   0.491214E-02   0.132451E+02   0.108758E+02   0.141101E+02   0.177544E+02   0.138122E+03
   0.344404E+02   0.272964E+02   0.617581E-02   0.109641E+02   0.102283E+02   0.132181E+02   0.143251E+02   0.141092E+03
   0.344262E+02   0.277935E+02   0.463201E-02   0.938135E+01   0.730729E+01   0.138805E+02   0.176633E+02   0.137146E+03
   0.342073E+02   0.281467E+02   0.578849E-02   0.123958E+02   0.102801E+02   0.173025E+02   0.132005E+02   0.139485E+03
   0.344757E+02   0.281467E+02   0.582355E-02   0.862467E+01   0.742167E+01   0.106335E+02   0.151969E+02   0.137610E+03
   0.343666E+02   0.276119E+02   0.580885E-02   0.864672E+01   0.861642E+01   0.140912E+02   0.142342E+02   0.141566E+03
   0.345921E+02   0.264416E+02   0.711830E-02   0.838523E+01   0.103343E+02   0.225178E+02   0.169286E+02   0.135057E+03
   0.345921E+02   0.275137E+02   0.580378E-02   0.934510E+01   0.130371E+02   0.161982E+02   0.954420E+01   0.135626E+03
   0.344202E+02   0.275137E+02   0.728381E-02   0.142426E+02   0.103785E+02   0.136322E+02   0.154860E+02   0.137914E+03
   0.343273E+02   0.283103E+02   0.552622E-02   0.133680E+02   0.893060E+01   0.110125E+02   0.127640E+02   0.138219E+03
   0.342979E+02   0.275570E+02   0.607147E-02   0.103072E+02   0.121704E+02   0.152508E+02   0.114818E+02   0.140239E+03
   0.343032E+02   0.284711E+02   0.513848E-02   0.107933E+02   0.157635E+02   0.138664E+02   0.184918E+02   0.135552E+03
   0.343032E+02   0.277043E+02   0.562076E-02   0.941895E+01   0.928848E+01   0.127505E+02   0.154035E+02   0.141443E+03
   0.343321E+02   0.275055E+02   0.562076E-02   0.839064E+01   0.132061E+02   0.129667E+02   0.119197E+02   0.139696E+03
   0.343906E+02   0.272763E+02   0.527422E-02   0.736634E+01   0.113072E+02   0.168478E+02   0.119197E+02   0.139299E+03
   0.343410E+02   0.286563E+02   0.553896E-02   0.900724E+01   0.101013E+02   0.123964E+02   0.213550E+02   0.137165E+03
   0.344146E+02   0.285450E+02   0.702674E-02   0.106708E+02   0.135930E+02   0.129417E+02   0.123251E+02   0.136894E+03
   0.344146E+02   0.274043E+02   0.552251E-02   0.100508E+02   0.105617E+02   0.129508E+02   0.179938E+02   0.140706E+03
   0.344135E+02   0.272765E+02   0.550812E-02   0.814087E+01   0.105048E+02   0.164252E+02   0.978750E+01   0.138995E+03
   0.344574E+02   0.272765E+02   0.647744E-02   0.727861E+01   0.980531E+01   0.188269E+02   0.150055E+02   0.139184E+03
   0.342956E+02   0.278521E+02   0.513655E-02   0.862683E+01   0.868324E+01   0.144912E+02   0.164561E+02   0.140488E+03
   0.343095E+02   0.279458E+02   0.523269E-02   0.649052E+01   0.993031E+01   0.121682E+02   0.151296E+02   0.138773E+03
   0.342846E+02   0.276848E+02   0.537021E-02   0.140191E+02   0.964746E+01   0.113065E+02   0.220625E+02   0.136549E+03
   0.341799E+02   0.286212E+02   0.611493E-02   0.102658E+02   0.956044E+01   0.245480E+02   0.195996E+02   0.135116E+03
   0.341799E+02   0.276206E+02   0.568949E-02   0.100273E+02   0.813215E+01   0.178132E+02   0.124384E+02   0.139115E+03
   0.344087E+02   0.278402E+02   0.591795E-02   0.104691E+02   0.124851E+02   0.151124E+02   0.160837E+02   0.140319E+03
   0.345405E+02   0.264193E+02   0.738899E-02   0.826092E+01   0.984960E+01   0.139720E+02   0.132879E+02   0.137727E+03
   0.344739E+02   0.274192E+02   0.515571E-02   0.831216E+01   0.102372E+02   0.250409E+02   0.152784E+02   0.136307E+03
   0.342500E+02   0.277014E+02   0.527740E-02   0.846607E+01   0.861932E+01   0.128509E+02   0.149602E+02   0.140376E+03
   0.345529E+02   0.269503E+02   0.670852E-02   0.128841E+02   0.861932E+01   0.125967E+02   0.149602E+02   0.138360E+03
   0.346393E+02   0.262761E+02   0.733727E-02   0.108510E+02   0.778605E+01   0.182385E+02   0.197842E+02   0.134329E+03
   0.346161E+02   0.270144E+02   0.522489E-02   0.855155E+01   0.115435E+02   0.147008E+02   0.130833E+02   0.136922E+03
   0.343764E+02   0.280414E+02   0.533113E-02   0.123733E+02   0.983065E+01   0.119863E+02   0.134161E+02   0.139572E+03
   0.343407E+02   0.275753E+02   0.645052E-02   0.114137E+02   0.122180E+02   0.127725E+02   0.163799E+02   0.140019E+03
   0.344962E+02   0.277042E+02   0.568655E-02   0.114551E+02   0.120459E+02   0.139262E+02   0.155238E+02   0.139379E+03
   0.343269E+02   0.277235E+02   0.587241E-02   0.947260E+01   0.935591E+01   0.128724E+02   0.204935E+02   0.140124E+03
   0.343269E+02   0.280886E+02   0.657447E-02   0.114994E+02   0.916057E+01   0.147359E+02   0.170551E+02   0.140206E+03
   0.343269E+02   0.262885E+02   0.539681E-02   0.123770E+02   0.947338E+01   0.100899E+02   0.163936E+02   0.134265E+03
   0.344634E+02   0.274796E+02   0.672597E-02   0.151175E+02   0.143261E+02   0.903806E+01   0.809966E+01   0.129311E+03
   0.342525E+02   0.264607E+02   0.733997E-02   0.993704E+01   0.110405E+02   0.154285E+02   0.123013E+02   0.136621E+03
   0.342525E+02   0.270719E+02   0.564940E-02   0.106713E+02   0.867667E+01   0.210354E+02   0.169812E+02   0.137815E+03
   0.343101E+02   0.282564E+02   0.538826E-02   0.112828E+02   0.117309E+02   0.917731E+01   0.111495E+02   0.136555E+03
   0.343523E+02   0.268546E+02   0.694311E-02   0.107057E+02   0.107807E+02   0.144422E+02   0.165323E+02   0.139415E+03
   0.345674E+02   0.261364E+02   0.641371E-02   0.953633E+01   0.821203E+01   0.142856E+02   0.171423E+02   0.137175E+03
   0.340193E+02   0.284140E+02   0.692241E-02   0.855958E+01   0.906262E+01   0.124341E+02   0.151853E+02   0.136926E+03
   0.342750E+02   0.275117E+02   0.546983E-02   0.108120E+02   0.120786E+02   0.167513E+02   0.851704E+01   0.136785E+03
   0.343905E+02   0.272102E+02   0.557580E-02   0.143700E+02   0.108646E+02   0.177535E+02   0.157689E+02   0.138688E+03
   0.344353E+02   0.272102E+02   0.697534E-02   0.140469E+02   0.107445E+02   0.132806E+02   0.156200E+02   0.138335E+03
   0.343159E+02   0.272102E+02   0.525039E-02   0.100371E+02   0.117388E+02   0.163354E+02   0.127825E+02   0.139981E+03
   0.343243E+02   0.274201E+02   0.517434E-02   0.131327E+02   0.730327E+01   0.165418E+02   0.152589E+02   0.138653E+03
   0.344111E+02   0.274201E+02   0.572753E-02   0.114291E+02   0.810176E+01   0.185108E+02   0.128261E+02   0.140032E+03
   0.342983E+02   0.295088E+02   0.564089E-02   0.969061E+01   0.855695E+01   0.160552E+02   0.156688E+02   0.135235E+03
   0.340982E+02   0.301251E+02   0.697579E-02   0.101363E+02   0.750416E+01   0.126730E+02   0.178602E+02   0.132852E+03
   0.341439E+02   0.277598E+02   0.591589E-02   0.100489E+02   0.118902E+02   0.748828E+01   0.221947E+02   0.131589E+03
   0.345299E+02   0.263931E+02   0.600682E-02   0.123231E+02   0.107273E+02   0.145591E+02   0.135384E+02   0.138091E+03
   0.345817E+02   0.267691E+02   0.546746E-02   0.877314E+01   0.139127E+02   0.131325E+02   0.150468E+02   0.136977E+03
   0.343493E+02   0.276264E+02   0.592183E-02   0.106160E+02   0.107291E+02   0.139028E+02   0.150163E+02   0.141557E+03
   0.342270E+02   0.278559E+02   0.633315E-02   0.855502E+01   0.131583E+02   0.121747E+02   0.166242E+02   0.139070E+03
   0.344087E+02   0.278150E+02   0.570939E-02   0.871813E+01   0.867101E+01   0.898497E+01   0.193433E+02   0.137332E+03
   0.342703E+02   0.264103E+02   0.645960E-02   0.929639E+01   0.958194E+01   0.140668E+02   0.172026E+02   0.137549E+03
   0.342703E+02   0.277881E+02   0.552768E-02   0.859012E+01   0.108604E+02   0.150060E+02   0.172026E+02   0.140689E+03
   0.342703E+02   0.282572E+02   0.699500E-02   0.877683E+01   0.980208E+01   0.194284E+02   0.173036E+02   0.138515E+03
   0.343946E+02   0.276165E+02   0.559664E-02   0.127877E+02   0.101063E+02   0.123923E+02   0.128353E+02   0.140213E+03
   0.343946E+02   0.274231E+02   0.499122E-02   0.116278E+02   0.982016E+01   0.168375E+02   0.212875E+02   0.138071E+03
   0.343946E+02   0.283493E+02   0.625611E-02   0.894102E+01   0.112613E+02   0.160520E+02   0.151188E+02   0.139863E+03
   0.342270E+02   0.288090E+02   0.575432E-02   0.906988E+01   0.904020E+01   0.147971E+02   0.144707E+02   0.139386E+03
   0.342270E+02   0.287921E+02   0.540908E-02   0.158843E+02   0.969898E+01   0.116080E+02   0.189510E+02   0.134345E+03
   0.341586E+02   0.286036E+02   0.711829E-02   0.952023E+01   0.903465E+01   0.197831E+02   0.121979E+02   0.137309E+03
   0.340829E+02   0.279787E+02   0.648623E-02   0.145855E+02   0.851414E+01   0.164112E+02   0.196720E+02   0.135058E+03
   0.343447E+02   0.270656E+02   0.609495E-02   0.116735E+02   0.116466E+02   0.139864E+02   0.162214E+02   0.140127E+03
   0.345372E+02   0.277078E+02   0.630663E-02   0.926186E+01   0.108692E+02   0.174978E+02   0.121874E+02   0.138858E+03
   0.344298E+02   0.263592E+02   0.720018E-02   0.829191E+01   0.105638E+02   0.163104E+02   0.148471E+02   0.137846E+03
   0.345622E+02   0.277861E+02   0.627196E-02   0.723543E+01   0.831838E+01   0.125386E+02   0.111499E+02   0.137025E+03
   0.344952E+02   0.288316E+02   0.623124E-02   0.829209E+01   0.106927E+02   0.164977E+02   0.208277E+02   0.134504E+03
   0.346240E+02   0.265840E+02   0.680205E-02   0.894062E+01   0.889188E+01   0.157451E+02   0.114660E+02   0.137530E+03
   0.342939E+02   0.273090E+02   0.561938E-02   0.987884E+01   0.752532E+01   0.183258E+02   0.128557E+02   0.139662E+03
   0.343872E+02   0.274145E+02   0.571141E-02   0.834625E+01   0.976019E+01   0.147250E+02   0.144262E+02   0.141534E+03
   0.344734E+02   0.274145E+02   0.664104E-02   0.124905E+02   0.772319E+01   0.165142E+02   0.223572E+02   0.136702E+03
   0.344250E+02   0.272004E+02   0.695494E-02   0.116901E+02   0.755613E+01   0.170521E+02   0.172365E+02   0.138597E+03
   0.344250E+02   0.271629E+02   0.817308E-02   0.109388E+02   0.814669E+01   0.113411E+02   0.184739E+02   0.135937E+03
   0.344524E+02   0.268927E+02   0.673295E-02   0.111894E+02   0.103567E+02   0.153667E+02   0.137168E+02   0.139990E+03
   0.342576E+02   0.274050E+02   0.606691E-02   0.604293E+01   0.897804E+01   0.123248E+02   0.209826E+02   0.136414E+03
   0.342576E+02   0.278900E+02   0.607972E-02   0.102206E+02   0.129715E+02   0.118572E+02   0.146574E+02   0.139805E+03
   0.344299E+02   0.274282E+02   0.625140E-02   0.112452E+02   0.153158E+02   0.127847E+02   0.174880E+02   0.137804E+03
   0.344651E+02   0.285172E+02   0.740824E-02   0.927500E+01   0.121628E+02   0.151583E+02   0.195215E+02   0.135931E+03
   0.343425E+02   0.277531E+02   0.634284E-02   0.102491E+02   0.102214E+02   0.117485E+02   0.192256E+02   0.139915E+03
   0.343110E+02   0.277531E+02   0.614244E-02   0.947429E+01   0.126464E+02   0.146531E+02   0.139127E+02   0.140734E+03
   0.343123E+02   0.280893E+02   0.807113E-02   0.947429E+01   0.951117E+01   0.168609E+02   0.150095E+02   0.137849E+03
   0.343266E+02   0.279043E+02   0.722387E-02   0.785554E+01   0.144583E+02   0.180865E+02   0.146859E+02   0.136920E+03
   0.343244E+02   0.277078E+02   0.649442E-02   0.144063E+02   0.132941E+02   0.150508E+02   0.167897E+02   0.137726E+03
   0.342033E+02   0.277078E+02   0.744530E-02   0.690748E+01   0.106976E+02   0.162330E+02   0.143983E+02   0.137490E+03
   0.345000E+02   0.280634E+02   0.615463E-02   0.996157E+01   0.892911E+01   0.154085E+02   0.177772E+02   0.139114E+03
   0.344572E+02   0.275731E+02   0.580489E-02   0.103715E+02   0.968254E+01   0.132446E+02   0.157538E+02   0.141029E+03
   0.343719E+02   0.281024E+02   0.570830E-02   0.773124E+01   0.925255E+01   0.171471E+02   0.158062E+02   0.140114E+03
   0.343162E+02   0.269662E+02   0.557452E-02   0.831088E+01   0.749397E+01   0.145459E+02   0.104820E+02   0.138387E+03
   0.343009E+02   0.279621E+02   0.624396E-02   0.922424E+01   0.677108E+01   0.136432E+02   0.126496E+02   0.139675E+03
   0.344224E+02   0.279963E+02   0.545627E-02   0.125522E+02   0.116183E+02   0.169377E+02   0.164724E+02   0.138859E+03
   0.344027E+02   0.286890E+02   0.685691E-02   0.771329E+01   0.756019E+01   0.117836E+02   0.157258E+02   0.136923E+03
   0.343439E+02   0.271436E+02   0.535109E-02   0.857088E+01   0.826374E+01   0.144822E+02   0.126551E+02   0.140377E+03
   0.344841E+02   0.271436E+02   0.718513E-02   0.132277E+02   0.790158E+01   0.152737E+02   0.162418E+02   0.137876E+03
   0.344081E+02   0.278547E+02   0.604504E-02   0.114970E+02   0.146696E+02   0.153928E+02   0.125124E+02   0.138464E+03
   0.343231E+02   0.272405E+02   0.549421E-02   0.708029E+01   0.852593E+01   0.156633E+02   0.107683E+02   0.138816E+03
   0.341229E+02   0.281788E+02   0.617213E-02   0.110800E+02   0.998493E+01   0.166351E+02   0.144432E+02   0.139154E+03
   0.341229E+02   0.277347E+02   0.740354E-02   0.776999E+01   0.140571E+02   0.146182E+02   0.158982E+02   0.135833E+03
   0.343546E+02   0.268947E+02   0.642863E-02   0.964562E+01   0.954603E+01   0.141929E+02   0.125649E+02   0.140430E+03
   0.342640E+02   0.287637E+02   0.589241E-02   0.830281E+01   0.115656E+02   0.150630E+02   0.118924E+02   0.138609E+03
   0.342640E+02   0.283673E+02   0.640473E-02   0.140941E+02   0.111479E+02   0.123962E+02   0.119887E+02   0.137874E+03
   0.342640E+02   0.276611E+02   0.638686E-02   0.127587E+02   0.108547E+02   0.143583E+02   0.176586E+02   0.139542E+03
   0.341341E+02   0.270860E+02   0.699820E-02   0.741057E+01   0.108789E+02   0.148174E+02   0.200904E+02   0.135473E+03
   0.342953E+02   0.273341E+02   0.569698E-02   0.113323E+02   0.832473E+01   0.183361E+02   0.162927E+02   0.139957E+03
   0.342076E+02   0.281944E+02   0.637160E-02   0.923582E+01   0.117053E+02   0.146753E+02   0.156680E+02   0.140112E+03
   0.342599E+02   0.285021E+02   0.722465E-02   0.101960E+02   0.902706E+01   0.160995E+02   0.110708E+02   0.138276E+03
   0.340103E+02   0.284840E+02   0.566357E-02   0.123404E+02   0.103500E+02   0.153189E+02   0.168694E+02   0.135304E+03
   0.343995E+02   0.279493E+02   0.538031E-02   0.107936E+02   0.695359E+01   0.216687E+02   0.147351E+02   0.137416E+03
   0.341980E+02   0.272667E+02   0.727894E-02   0.962289E+01   0.103220E+02   0.102171E+02   0.117111E+02   0.136923E+03
   0.341799E+02   0.280863E+02   0.489036E-02   0.109597E+02   0.142664E+02   0.156845E+02   0.179495E+02   0.135828E+03
   0.343048E+02   0.279010E+02   0.509612E-02   0.919594E+01   0.805452E+01   0.134357E+02   0.115700E+02   0.139760E+03
   0.345287E+02   0.270080E+02   0.608867E-02   0.141326E+02   0.832000E+01   0.111871E+02   0.116868E+02   0.137032E+03
   0.343566E+02   0.270507E+02   0.631965E-02   0.137084E+02   0.126136E+02   0.163747E+02   0.118574E+02   0.137976E+03
   0.343566E+02   0.270507E+02   0.670781E-02   0.117008E+02   0.116847E+02   0.186529E+02   0.203719E+02   0.137449E+03
   0.344473E+02   0.271900E+02   0.615684E-02   0.103417E+02   0.110252E+02   0.100952E+02   0.113520E+02   0.138743E+03
   0.343842E+02   0.283249E+02   0.807479E-02   0.998386E+01   0.109423E+02   0.151418E+02   0.128836E+02   0.137305E+03
   0.343842E+02   0.270300E+02   0.586243E-02   0.998386E+01   0.103572E+02   0.137981E+02   0.970104E+01   0.139271E+03
   0.343748E+02   0.278214E+02   0.558160E-02   0.106400E+02   0.103426E+02   0.982598E+01   0.188664E+02   0.138681E+03
   0.343213E+02   0.279830E+02   0.547905E-02   0.969108E+01   0.105180E+02   0.176496E+02   0.179467E+02   0.140206E+03
   0.342214E+02   0.283692E+02   0.584773E-02   0.114211E+02   0.104290E+02   0.145427E+02   0.199717E+02   0.138869E+03
   0.343201E+02   0.277288E+02   0.566869E-02   0.102621E+02   0.124652E+02   0.159306E+02   0.107476E+02   0.139688E+03
   0.344481E+02   0.271081E+02   0.634059E-02   0.761571E+01   0.101535E+02   0.154463E+02   0.135651E+02   0.140330E+03
   0.344988E+02   0.271081E+02   0.771116E-02   0.114766E+02   0.108195E+02   0.146967E+02   0.234316E+02   0.135154E+03
   0.343176E+02   0.275177E+02   0.720597E-02   0.108667E+02   0.628020E+01   0.147667E+02   0.136687E+02   0.137772E+03
   0.343176E+02   0.270997E+02   0.608257E-02   0.121611E+02   0.791574E+01   0.163788E+02   0.138235E+02   0.139808E+03
   0.343108E+02   0.276697E+02   0.599001E-02   0.116873E+02   0.944129E+01   0.144717E+02   0.192640E+02   0.140248E+03
   0.342588E+02   0.271979E+02   0.680837E-02   0.844964E+01   0.684160E+01   0.138664E+02   0.148585E+02   0.138570E+03
   0.341064E+02   0.275088E+02   0.747990E-02   0.878480E+01   0.933530E+01   0.130561E+02   0.182631E+02   0.136869E+03
   0.341233E+02   0.280230E+02   0.571283E-02   0.784019E+01   0.121088E+02   0.148360E+02   0.202682E+02   0.136818E+03
   0.344641E+02   0.280457E+02   0.797252E-02   0.141296E+02   0.875795E+01   0.148360E+02   0.157816E+02   0.135766E+03
   0.342803E+02   0.283586E+02   0.640119E-02   0.101728E+02   0.153446E+02   0.143863E+02   0.209993E+02   0.136194E+03
   0.344983E+02   0.282115E+02   0.677250E-02   0.948636E+01   0.103697E+02   0.125992E+02   0.202436E+02   0.137318E+03
   0.341572E+02   0.277076E+02   0.597811E-02   0.103724E+02   0.886446E+01   0.123290E+02   0.140089E+02   0.139747E+03
   0.341572E+02   0.285841E+02   0.678063E-02   0.110167E+02   0.121801E+02   0.136307E+02   0.170917E+02   0.138077E+03
   0.341728E+02   0.278659E+02   0.618199E-02   0.113230E+02   0.142965E+02   0.162715E+02   0.156565E+02   0.137893E+03
   0.342379E+02   0.281866E+02   0.585558E-02   0.103178E+02   0.512922E+01   0.107676E+02   0.203943E+02   0.133529E+03
   0.342696E+02   0.275340E+02   0.644281E-02   0.907880E+01   0.989075E+01   0.126383E+02   0.153853E+02   0.140877E+03
   0.344732E+02   0.284888E+02   0.541457E-02   0.872957E+01   0.118009E+02   0.173190E+02   0.195404E+02   0.135745E+03
   0.342754E+02   0.275067E+02   0.684926E-02   0.899376E+01   0.126593E+02   0.131105E+02   0.128927E+02   0.139445E+03
   0.342228E+02   0.273352E+02   0.556063E-02   0.105242E+02   0.124319E+02   0.198950E+02   0.125918E+02   0.137919E+03
   0.345205E+02   0.273352E+02   0.594374E-02   0.126429E+02   0.125310E+02   0.204073E+02   0.183763E+02   0.136629E+03
   0.345205E+02   0.271667E+02   0.655589E-02   0.103720E+02   0.121618E+02   0.147543E+02   0.216005E+02   0.137605E+03
   0.342595E+02   0.274468E+02   0.610887E-02   0.768856E+01   0.909417E+01   0.112585E+02   0.144572E+02   0.139859E+03
   0.344476E+02   0.272389E+02   0.505184E-02   0.111798E+02   0.114963E+02   0.184518E+02   0.199990E+02   0.137620E+03
   0.343176E+02   0.278085E+02   0.532352E-02   0.911333E+01   0.788657E+01   0.164516E+02   0.118576E+02   0.140202E+03
   0.343176E+02   0.277727E+02   0.636298E-02   0.186228E+02   0.112198E+02   0.169151E+02   0.172956E+02   0.135022E+03
   0.345032E+02   0.270809E+02   0.523070E-02   0.143429E+02   0.987323E+01   0.171113E+02   0.171799E+02   0.137379E+03
   0.343187E+02   0.274324E+02   0.713775E-02   0.139336E+02   0.755146E+01   0.221147E+02   0.978121E+01   0.133729E+03
   0.344862E+02   0.271754E+02   0.691220E-02   0.116565E+02   0.830245E+01   0.125324E+02   0.269413E+02   0.134383E+03
   0.344933E+02   0.278745E+02   0.495731E-02   0.104640E+02   0.990946E+01   0.160729E+02   0.152987E+02   0.138398E+03
   0.341746E+02   0.279312E+02   0.739678E-02   0.128056E+02   0.961920E+01   0.117448E+02   0.122955E+02   0.137169E+03
   0.344292E+02   0.280840E+02   0.665159E-02   0.870650E+01   0.917687E+01   0.141004E+02   0.151266E+02   0.140183E+03
   0.343969E+02   0.268016E+02   0.915751E-02   0.102033E+02   0.158152E+02   0.122721E+02   0.119062E+02   0.131237E+03
   0.344109E+02   0.272833E+02   0.592208E-02   0.147633E+02   0.101198E+02   0.126977E+02   0.173296E+02   0.138711E+03
   0.344109E+02   0.271947E+02   0.518062E-02   0.973139E+01   0.105797E+02   0.113759E+02   0.209556E+02   0.138354E+03
   0.345238E+02   0.282573E+02   0.733439E-02   0.104714E+02   0.738005E+01   0.211423E+02   0.108749E+02   0.134152E+03
   0.343054E+02   0.270472E+02   0.584524E-02   0.866034E+01   0.827769E+01   0.150170E+02   0.192048E+02   0.139544E+03
   0.344857E+02   0.266109E+02   0.596832E-02   0.901236E+01   0.817673E+01   0.118053E+02   0.156368E+02   0.139110E+03
   0.344243E+02   0.266110E+02   0.514722E-02   0.791305E+01   0.852128E+01   0.150115E+02   0.167685E+02   0.138041E+03
   0.344243E+02   0.269790E+02   0.606615E-02   0.792893E+01   0.104484E+02   0.192656E+02   0.110750E+02   0.138755E+03
   0.343983E+02   0.275201E+02   0.601413E-02   0.858995E+01   0.118378E+02   0.121470E+02   0.134163E+02   0.140624E+03
   0.343983E+02   0.269835E+02   0.627692E-02   0.119459E+02   0.121844E+02   0.129025E+02   0.184495E+02   0.138916E+03
   0.344189E+02   0.278552E+02   0.545536E-02   0.829434E+01   0.919366E+01   0.110873E+02   0.182654E+02   0.139208E+03
   0.344189E+02   0.274809E+02   0.523904E-02   0.816095E+01   0.111485E+02   0.154740E+02   0.180810E+02   0.139843E+03
   0.343090E+02   0.270492E+02   0.632915E-02   0.956090E+01   0.116927E+02   0.170578E+02   0.161745E+02   0.139876E+03
   0.343028E+02   0.283451E+02   0.798313E-02   0.733636E+01   0.115471E+02   0.177264E+02   0.213212E+02   0.134318E+03
   0.343741E+02   0.279483E+02   0.670844E-02   0.112546E+02   0.149300E+02   0.969867E+01   0.169634E+02   0.135866E+03
   0.342950E+02   0.285760E+02   0.598222E-02   0.156958E+02   0.969521E+01   0.105356E+02   0.188054E+02   0.135212E+03
   0.343088E+02   0.289032E+02   0.534120E-02   0.101722E+02   0.969521E+01   0.165525E+02   0.208806E+02   0.136198E+03
   0.344103E+02   0.281331E+02   0.586571E-02   0.724378E+01   0.826176E+01   0.164484E+02   0.165923E+02   0.139105E+03
   0.344103E+02   0.273682E+02   0.554674E-02   0.901759E+01   0.803426E+01   0.164708E+02   0.141536E+02   0.140935E+03
   0.342959E+02   0.273682E+02   0.586164E-02   0.962321E+01   0.907986E+01   0.184247E+02   0.240082E+02   0.137516E+03
   0.342959E+02   0.283976E+02   0.649489E-02   0.124815E+02   0.929890E+01   0.195409E+02   0.229453E+02   0.135847E+03
   0.341741E+02   0.278866E+02   0.559767E-02   0.895921E+01   0.102492E+02   0.115617E+02   0.127675E+02   0.139369E+03
   0.343079E+02   0.278866E+02   0.536093E-02   0.960738E+01   0.104832E+02   0.158341E+02   0.107569E+02   0.140107E+03
   0.343580E+02   0.277611E+02   0.658841E-02   0.122215E+02   0.889678E+01   0.171615E+02   0.152462E+02   0.140051E+03
   0.344015E+02   0.262885E+02   0.620869E-02   0.124254E+02   0.100983E+02   0.138305E+02   0.119866E+02   0.137433E+03
   0.344821E+02   0.274956E+02   0.600795E-02   0.123489E+02   0.108594E+02   0.141822E+02   0.132726E+02   0.140068E+03
   0.344506E+02   0.276770E+02   0.600795E-02   0.116369E+02   0.766574E+01   0.148841E+02   0.104950E+02   0.138919E+03
   0.343197E+02   0.276166E+02   0.656587E-02   0.755524E+01   0.736578E+01   0.154362E+02   0.123209E+02   0.139358E+03
   0.344436E+02   0.267474E+02   0.694552E-02   0.710751E+01   0.880188E+01   0.113492E+02   0.124869E+02   0.137691E+03
   0.343879E+02   0.274106E+02   0.607999E-02   0.102540E+02   0.903326E+01   0.130612E+02   0.111179E+02   0.140686E+03
   0.342944E+02   0.285059E+02   0.540118E-02   0.107177E+02   0.938563E+01   0.127107E+02   0.159275E+02   0.139578E+03
   0.341372E+02   0.278721E+02   0.639726E-02   0.893178E+01   0.124071E+02   0.130078E+02   0.194119E+02   0.137793E+03
   0.344398E+02   0.272218E+02   0.590870E-02   0.933287E+01   0.882001E+01   0.131282E+02   0.154821E+02   0.141225E+03
   0.342430E+02   0.280325E+02   0.537527E-02   0.877071E+01   0.689383E+01   0.173965E+02   0.189750E+02   0.138005E+03
   0.343977E+02   0.272605E+02   0.578021E-02   0.126550E+02   0.870672E+01   0.110792E+02   0.122592E+02   0.139423E+03
   0.343040E+02   0.277009E+02   0.606228E-02   0.130964E+02   0.100640E+02   0.207533E+02   0.136374E+02   0.138792E+03
   0.343040E+02   0.277009E+02   0.679943E-02   0.146721E+02   0.109834E+02   0.149717E+02   0.133592E+02   0.138389E+03
   0.343517E+02   0.273903E+02   0.583476E-02   0.648429E+01   0.719084E+01   0.150397E+02   0.172778E+02   0.138394E+03
   0.343164E+02   0.267090E+02   0.626433E-02   0.109563E+02   0.126423E+02   0.209456E+02   0.196190E+02   0.135886E+03
   0.345200E+02   0.267326E+02   0.607444E-02   0.932084E+01   0.146234E+02   0.150193E+02   0.172325E+02   0.137549E+03
   0.346187E+02   0.275843E+02   0.699653E-02   0.932084E+01   0.143115E+02   0.130955E+02   0.108840E+02   0.135029E+03
   0.344634E+02   0.277377E+02   0.669223E-02   0.102503E+02   0.105302E+02   0.123285E+02   0.142087E+02   0.140115E+03
   0.342665E+02   0.288594E+02   0.611570E-02   0.860170E+01   0.140334E+02   0.161185E+02   0.200746E+02   0.136038E+03
   0.341564E+02   0.279175E+02   0.588475E-02   0.943506E+01   0.123461E+02   0.133897E+02   0.114656E+02   0.138813E+03
   0.346887E+02   0.266021E+02   0.677977E-02   0.120172E+02   0.847963E+01   0.124811E+02   0.126767E+02   0.136029E+03
   0.341845E+02   0.272703E+02   0.789866E-02   0.122074E+02   0.112891E+02   0.105770E+02   0.139083E+02   0.135357E+03
   0.342492E+02   0.268365E+02   0.669011E-02   0.113125E+02   0.881436E+01   0.199161E+02   0.127689E+02   0.137449E+03
   0.340558E+02   0.276655E+02   0.497589E-02   0.124066E+02   0.101637E+02   0.127261E+02   0.140297E+02   0.134021E+03
   0.343016E+02   0.275268E+02   0.551617E-02   0.105918E+02   0.124705E+02   0.156076E+02   0.179972E+02   0.139909E+03
   0.343016E+02   0.280990E+02   0.662174E-02   0.934061E+01   0.647432E+01   0.145740E+02   0.212380E+02   0.137101E+03
   0.343832E+02   0.281322E+02   0.540603E-02   0.916090E+01   0.123428E+02   0.196405E+02   0.905064E+01   0.136040E+03
   0.343832E+02   0.282812E+02   0.649927E-02   0.920508E+01   0.843002E+01   0.121876E+02   0.129450E+02   0.139775E+03
   0.344194E+02   0.277206E+02   0.580253E-02   0.123484E+02   0.102088E+02   0.150343E+02   0.157860E+02   0.140561E+03
   0.343279E+02   0.276181E+02   0.522051E-02   0.926164E+01   0.101889E+02   0.215362E+02   0.205051E+02   0.137710E+03
   0.342616E+02   0.273609E+02   0.667767E-02   0.684797E+01   0.808076E+01   0.179226E+02   0.961610E+01   0.136220E+03
   0.343049E+02   0.280443E+02   0.537687E-02   0.960950E+01   0.868272E+01   0.147742E+02   0.130312E+02   0.140926E+03
   0.342453E+02   0.274684E+02   0.677966E-02   0.894565E+01   0.118670E+02   0.196396E+02   0.190191E+02   0.137792E+03
   0.343572E+02   0.273825E+02   0.557376E-02   0.128478E+02   0.751488E+01   0.107067E+02   0.197206E+02   0.137584E+03
   0.343572E+02   0.273825E+02   0.712412E-02   0.100693E+02   0.100624E+02   0.159929E+02   0.175522E+02   0.139748E+03
   0.343811E+02   0.265760E+02   0.623992E-02   0.114487E+02   0.957504E+01   0.140790E+02   0.121776E+02   0.139191E+03
   0.344698E+02   0.261444E+02   0.648875E-02   0.764235E+01   0.976662E+01   0.141518E+02   0.146218E+02   0.137532E+03
   0.343926E+02   0.282934E+02   0.582498E-02   0.968935E+01   0.123371E+02   0.120446E+02   0.140765E+02   0.139407E+03
   0.343719E+02   0.277827E+02   0.618242E-02   0.100958E+02   0.905830E+01   0.151772E+02   0.916088E+01   0.138964E+03
   0.343022E+02   0.274356E+02   0.563685E-02   0.945650E+01   0.114026E+02   0.136072E+02   0.144259E+02   0.141172E+03
   0.342253E+02   0.281220E+02   0.590299E-02   0.123983E+02   0.974387E+01   0.194883E+02   0.129093E+02   0.139002E+03
   0.344235E+02   0.265480E+02   0.532175E-02   0.958191E+01   0.107215E+02   0.153121E+02   0.151594E+02   0.138933E+03
   0.343781E+02   0.276449E+02   0.497670E-02   0.133264E+02   0.110462E+02   0.175560E+02   0.793860E+01   0.134194E+03
   0.344367E+02   0.279396E+02   0.711112E-02   0.107982E+02   0.137912E+02   0.997310E+01   0.140860E+02   0.136359E+03
   0.344367E+02   0.270480E+02   0.629782E-02   0.930446E+01   0.812109E+01   0.132289E+02   0.184456E+02   0.139939E+03
   0.344533E+02   0.272666E+02   0.568934E-02   0.940677E+01   0.115304E+02   0.170853E+02   0.139304E+02   0.140616E+03
   0.343432E+02   0.281769E+02   0.657804E-02   0.980151E+01   0.117391E+02   0.180366E+02   0.170174E+02   0.139348E+03
   0.341617E+02   0.286976E+02   0.525026E-02   0.694863E+01   0.102598E+02   0.148436E+02   0.155352E+02   0.136940E+03
   0.342840E+02   0.280977E+02   0.631586E-02   0.644034E+01   0.659614E+01   0.175597E+02   0.108931E+02   0.135990E+03
   0.342199E+02   0.279232E+02   0.575419E-02   0.672809E+01   0.857886E+01   0.147913E+02   0.934201E+01   0.137000E+03
   0.345215E+02   0.268854E+02   0.663196E-02   0.914662E+01   0.939929E+01   0.159891E+02   0.132288E+02   0.139883E+03
   0.343319E+02   0.273871E+02   0.574237E-02   0.779360E+01   0.926634E+01   0.159891E+02   0.126761E+02   0.140835E+03
   0.343831E+02   0.280714E+02   0.585473E-02   0.119367E+02   0.131229E+02   0.120723E+02   0.193948E+02   0.137955E+03
   0.343831E+02   0.275037E+02   0.517117E-02   0.114315E+02   0.128880E+02   0.136597E+02   0.148734E+02   0.139726E+03
   0.343015E+02   0.275037E+02   0.547029E-02   0.888529E+01   0.140157E+02   0.101272E+02   0.108761E+02   0.137102E+03
   0.344069E+02   0.279192E+02   0.550599E-02   0.701027E+01   0.110575E+02   0.107592E+02   0.131669E+02   0.138448E+03
   0.342069E+02   0.279192E+02   0.455190E-02   0.663242E+01   0.812569E+01   0.125482E+02   0.147620E+02   0.135353E+03
   0.343558E+02   0.277053E+02   0.610875E-02   0.110365E+02   0.109520E+02   0.144671E+02   0.246142E+02   0.137722E+03
   0.343472E+02   0.274416E+02   0.535348E-02   0.945136E+01   0.134658E+02   0.104173E+02   0.136862E+02   0.138756E+03
   0.344579E+02   0.274416E+02   0.567003E-02   0.997044E+01   0.117566E+02   0.160510E+02   0.139489E+02   0.140636E+03
   0.344850E+02   0.273028E+02   0.665634E-02   0.111043E+02   0.975148E+01   0.125952E+02   0.170407E+02   0.139868E+03
   0.345254E+02   0.272517E+02   0.569745E-02   0.100551E+02   0.785007E+01   0.163381E+02   0.136915E+02   0.139700E+03
   0.344226E+02   0.271912E+02   0.724379E-02   0.105409E+02   0.116123E+02   0.146960E+02   0.182514E+02   0.138771E+03
   0.342664E+02   0.282273E+02   0.737820E-02   0.787552E+01   0.902490E+01   0.133833E+02   0.111184E+02   0.138057E+03
   0.343240E+02   0.272089E+02   0.648635E-02   0.877118E+01   0.138742E+02   0.162458E+02   0.211952E+02   0.137275E+03
   0.342621E+02   0.278207E+02   0.559354E-02   0.122599E+02   0.833903E+01   0.126765E+02   0.124888E+02   0.139961E+03
   0.343032E+02   0.274973E+02   0.579337E-02   0.989302E+01   0.117756E+02   0.131469E+02   0.145944E+02   0.141060E+03
   0.342690E+02   0.277193E+02   0.579337E-02   0.849088E+01   0.892044E+01   0.139861E+02   0.148413E+02   0.141308E+03
   0.342905E+02   0.277193E+02   0.678852E-02   0.867599E+01   0.845299E+01   0.162484E+02   0.195725E+02   0.139238E+03
   0.342905E+02   0.278442E+02   0.595416E-02   0.125463E+02   0.897607E+01   0.123541E+02   0.158608E+02   0.140317E+03
   0.340782E+02   0.287541E+02   0.678898E-02   0.952662E+01   0.128322E+02   0.117431E+02   0.129634E+02   0.136546E+03
   0.343493E+02   0.277195E+02   0.597101E-02   0.751027E+01   0.909669E+01   0.146638E+02   0.118937E+02   0.140565E+03
   0.341564E+02   0.280593E+02   0.623816E-02   0.974589E+01   0.832655E+01   0.146464E+02   0.183643E+02   0.139325E+03
   0.343016E+02   0.278186E+02   0.608706E-02   0.989981E+01   0.721612E+01   0.150230E+02   0.148804E+02   0.140604E+03
   0.344841E+02   0.277427E+02   0.651268E-02   0.987795E+01   0.906936E+01   0.158882E+02   0.123984E+02   0.140115E+03
   0.343669E+02   0.280957E+02   0.582062E-02   0.982142E+01   0.101176E+02   0.170044E+02   0.208380E+02   0.139168E+03
   0.344222E+02   0.274381E+02   0.539773E-02   0.796171E+01   0.987631E+01   0.174426E+02   0.108785E+02   0.139519E+03
   0.343809E+02   0.274642E+02   0.583308E-02   0.917006E+01   0.659067E+01   0.940129E+01   0.116320E+02   0.137188E+03
   0.342999E+02   0.279869E+02   0.733221E-02   0.735317E+01   0.727811E+01   0.179797E+02   0.178247E+02   0.136839E+03
   0.342999E+02   0.270587E+02   0.564242E-02   0.112955E+02   0.750195E+01   0.100600E+02   0.206630E+02   0.136501E+03
   0.342233E+02   0.288015E+02   0.659156E-02   0.888501E+01   0.955181E+01   0.202751E+02   0.131320E+02   0.137853E+03
   0.342422E+02   0.277424E+02   0.536001E-02   0.930953E+01   0.111988E+02   0.983389E+01   0.193285E+02   0.137735E+03
   0.342422E+02   0.271058E+02   0.611396E-02   0.975576E+01   0.119957E+02   0.120383E+02   0.179872E+02   0.138729E+03
   0.342966E+02   0.275441E+02   0.630291E-02   0.700732E+01   0.876963E+01   0.168942E+02   0.192644E+02   0.138802E+03
   0.342759E+02   0.275441E+02   0.636567E-02   0.110624E+02   0.121647E+02   0.127421E+02   0.165714E+02   0.139970E+03
   0.342392E+02   0.281594E+02   0.562825E-02   0.114917E+02   0.150987E+02   0.219373E+02   0.120319E+02   0.135446E+03
   0.341834E+02   0.285499E+02   0.562825E-02   0.108155E+02   0.714103E+01   0.137209E+02   0.143045E+02   0.138463E+03
   0.343786E+02   0.278304E+02   0.544653E-02   0.179100E+02   0.987423E+01   0.168258E+02   0.173952E+02   0.135831E+03
   0.342611E+02   0.277359E+02   0.517008E-02   0.886892E+01   0.842629E+01   0.122109E+02   0.162326E+02   0.139993E+03
   0.342611E+02   0.273261E+02   0.527498E-02   0.106329E+02   0.113426E+02   0.226191E+02   0.171707E+02   0.137142E+03
   0.343386E+02   0.277517E+02   0.667819E-02   0.156551E+02   0.914274E+01   0.100469E+02   0.141571E+02   0.136531E+03
   0.343342E+02   0.277074E+02   0.579185E-02   0.105162E+02   0.810266E+01   0.160418E+02   0.159009E+02   0.141117E+03
   0.343342E+02   0.272176E+02   0.656893E-02   0.123616E+02   0.105827E+02   0.116709E+02   0.140577E+02   0.139599E+03
   0.340907E+02   0.279590E+02   0.636631E-02   0.166781E+02   0.110876E+02   0.128907E+02   0.179750E+02   0.134244E+03
   0.343283E+02   0.279597E+02   0.524529E-02   0.908455E+01   0.923363E+01   0.183964E+02   0.150215E+02   0.140284E+03
   0.344157E+02   0.283672E+02   0.586251E-02   0.109828E+02   0.126659E+02   0.122599E+02   0.173727E+02   0.138067E+03
   0.342761E+02   0.276195E+02   0.567878E-02   0.109682E+02   0.100714E+02   0.108465E+02   0.126488E+02   0.140128E+03
   0.342937E+02   0.276195E+02   0.573063E-02   0.101831E+02   0.119787E+02   0.126622E+02   0.116986E+02   0.140284E+03
   0.344507E+02   0.276195E+02   0.552102E-02   0.956725E+01   0.103928E+02   0.175561E+02   0.196165E+02   0.139421E+03
   0.342811E+02   0.276195E+02   0.585517E-02   0.107593E+02   0.964160E+01   0.131136E+02   0.106109E+02   0.140197E+03
   0.342811E+02   0.276195E+02   0.650376E-02   0.948555E+01   0.159672E+02   0.142427E+02   0.137516E+02   0.137987E+03
   0.342456E+02   0.282594E+02   0.699999E-02   0.845013E+01   0.909146E+01   0.187547E+02   0.102906E+02   0.137565E+03
   0.343052E+02   0.265154E+02   0.580718E-02   0.118223E+02   0.806671E+01   0.170328E+02   0.192583E+02   0.136530E+03
   0.343052E+02   0.276491E+02   0.475713E-02   0.978240E+01   0.978758E+01   0.164412E+02   0.152489E+02   0.139651E+03
   0.343436E+02   0.276491E+02   0.594918E-02   0.108899E+02   0.128899E+02   0.164300E+02   0.135663E+02   0.140323E+03
   0.344873E+02   0.276491E+02   0.595521E-02   0.144301E+02   0.108914E+02   0.171880E+02   0.176290E+02   0.137681E+03
   0.343032E+02   0.273858E+02   0.663936E-02   0.131292E+02   0.104678E+02   0.142939E+02   0.142892E+02   0.139724E+03
   0.345068E+02   0.273129E+02   0.641945E-02   0.841232E+01   0.145256E+02   0.139897E+02   0.124272E+02   0.138021E+03
   0.344448E+02   0.276135E+02   0.599348E-02   0.118394E+02   0.140625E+02   0.177084E+02   0.121260E+02   0.138194E+03
   0.344448E+02   0.267499E+02   0.627168E-02   0.140338E+02   0.119818E+02   0.174750E+02   0.153302E+02   0.137673E+03
   0.342768E+02   0.276377E+02   0.584375E-02   0.127917E+02   0.128077E+02   0.150719E+02   0.146136E+02   0.139563E+03
   0.345725E+02   0.269032E+02   0.709259E-02   0.115370E+02   0.963276E+01   0.169215E+02   0.125727E+02   0.138106E+03
   0.343470E+02   0.277707E+02   0.596874E-02   0.908343E+01   0.919508E+01   0.170631E+02   0.172355E+02   0.140974E+03
   0.343194E+02   0.277707E+02   0.643436E-02   0.994434E+01   0.103388E+02   0.157513E+02   0.127368E+02   0.141088E+03
   0.343852E+02   0.277707E+02   0.624601E-02   0.122527E+02   0.718981E+01   0.135551E+02   0.157148E+02   0.139590E+03
   0.343176E+02   0.276409E+02   0.700432E-02   0.917120E+01   0.901495E+01   0.124270E+02   0.890279E+01   0.137405E+03
   0.344963E+02   0.277732E+02   0.583996E-02   0.917120E+01   0.673806E+01   0.100022E+02   0.152694E+02   0.137140E+03
   0.344797E+02   0.275897E+02   0.676805E-02   0.981267E+01   0.127006E+02   0.125639E+02   0.169710E+02   0.138894E+03
   0.343698E+02   0.272008E+02   0.646694E-02   0.125590E+02   0.880134E+01   0.125801E+02   0.155017E+02   0.139986E+03
   0.344948E+02   0.266607E+02   0.621078E-02   0.949839E+01   0.932122E+01   0.209972E+02   0.894802E+01   0.135586E+03
   0.343502E+02   0.280397E+02   0.603541E-02   0.122787E+02   0.113233E+02   0.136737E+02   0.108818E+02   0.139339E+03
   0.344342E+02   0.278464E+02   0.635199E-02   0.113094E+02   0.936898E+01   0.146026E+02   0.198968E+02   0.139423E+03
   0.342592E+02   0.284764E+02   0.640294E-02   0.766627E+01   0.106560E+02   0.140271E+02   0.106659E+02   0.138565E+03
   0.343395E+02   0.276736E+02   0.585772E-02   0.960785E+01   0.957353E+01   0.187456E+02   0.131823E+02   0.140905E+03
   0.342976E+02   0.280679E+02   0.567266E-02   0.891011E+01   0.109272E+02   0.127028E+02   0.139195E+02   0.140937E+03
   0.343840E+02   0.276355E+02   0.636791E-02   0.110276E+02   0.110171E+02   0.108067E+02   0.152454E+02   0.139994E+03
   0.343840E+02   0.269551E+02   0.629455E-02   0.954066E+01   0.991308E+01   0.177122E+02   0.152454E+02   0.140467E+03
   0.345850E+02   0.268621E+02   0.649771E-02   0.102166E+02   0.966404E+01   0.141675E+02   0.152454E+02   0.139325E+03
   0.344017E+02   0.273310E+02   0.748843E-02   0.925431E+01   0.143304E+02   0.157863E+02   0.122498E+02   0.137203E+03
   0.342361E+02   0.279097E+02   0.515554E-02   0.103313E+02   0.114832E+02   0.137465E+02   0.112828E+02   0.139293E+03
   0.345336E+02   0.282437E+02   0.698569E-02   0.106701E+02   0.857303E+01   0.216091E+02   0.153945E+02   0.135876E+03
   0.343881E+02   0.283638E+02   0.689218E-02   0.120753E+02   0.984843E+01   0.153843E+02   0.170600E+02   0.138727E+03
   0.344850E+02   0.280167E+02   0.537777E-02   0.746326E+01   0.965463E+01   0.154699E+02   0.175287E+02   0.138275E+03
   0.343149E+02   0.274503E+02   0.617637E-02   0.496188E+01   0.806729E+01   0.158785E+02   0.165756E+02   0.135404E+03
   0.343920E+02   0.272038E+02   0.551306E-02   0.997519E+01   0.101893E+02   0.152793E+02   0.130282E+02   0.141249E+03
   0.343979E+02   0.274594E+02   0.514395E-02   0.105477E+02   0.892292E+01   0.166720E+02   0.126174E+02   0.140429E+03
   0.343908E+02   0.272571E+02   0.654186E-02   0.128328E+02   0.780402E+01   0.139828E+02   0.118959E+02   0.139193E+03
   0.344208E+02   0.273464E+02   0.562990E-02   0.126603E+02   0.946497E+01   0.165725E+02   0.179353E+02   0.139817E+03
   0.341233E+02   0.290574E+02   0.507761E-02   0.855322E+01   0.108225E+02   0.191728E+02   0.165806E+02   0.134297E+03
   0.343037E+02   0.273097E+02   0.564125E-02   0.872417E+01   0.990577E+01   0.139290E+02   0.132819E+02   0.141179E+03
   0.345561E+02   0.271888E+02   0.679142E-02   0.107379E+02   0.850379E+01   0.156384E+02   0.135168E+02   0.139211E+03
   0.344145E+02   0.252292E+02   0.679142E-02   0.109983E+02   0.109079E+02   0.139437E+02   0.162818E+02   0.130746E+03
   0.342788E+02   0.271038E+02   0.560002E-02   0.125150E+02   0.933706E+01   0.139437E+02   0.119617E+02   0.139348E+03
   0.341034E+02   0.279244E+02   0.612795E-02   0.175586E+02   0.683652E+01   0.199634E+02   0.159947E+02   0.131801E+03
   0.346876E+02   0.263780E+02   0.632937E-02   0.156436E+02   0.103510E+02   0.134687E+02   0.194736E+02   0.132732E+03
   0.344252E+02   0.268918E+02   0.707772E-02   0.981157E+01   0.116939E+02   0.142145E+02   0.187043E+02   0.138622E+03
   0.343284E+02   0.280395E+02   0.563588E-02   0.100149E+02   0.127077E+02   0.176290E+02   0.188251E+02   0.139052E+03
   0.342284E+02   0.280289E+02   0.605969E-02   0.135894E+02   0.107188E+02   0.119878E+02   0.143869E+02   0.139093E+03
   0.342370E+02   0.275349E+02   0.490493E-02   0.942699E+01   0.100949E+02   0.147442E+02   0.214091E+02   0.137594E+03
   0.342801E+02   0.280208E+02   0.622633E-02   0.668641E+01   0.100542E+02   0.203267E+02   0.117733E+02   0.137722E+03
   0.339467E+02   0.287799E+02   0.725088E-02   0.110035E+02   0.673169E+01   0.120447E+02   0.154824E+02   0.133320E+03
   0.341783E+02   0.298774E+02   0.751113E-02   0.668860E+01   0.106682E+02   0.135445E+02   0.183329E+02   0.132692E+03
   0.343383E+02   0.273104E+02   0.483483E-02   0.926711E+01   0.106145E+02   0.119685E+02   0.150958E+02   0.139467E+03
   0.343383E+02   0.281923E+02   0.535022E-02   0.877470E+01   0.111031E+02   0.194849E+02   0.133749E+02   0.139203E+03
   0.343848E+02   0.285866E+02   0.610114E-02   0.104437E+02   0.783887E+01   0.122068E+02   0.135420E+02   0.138788E+03
   0.342673E+02   0.273605E+02   0.710697E-02   0.110846E+02   0.964568E+01   0.166709E+02   0.127188E+02   0.139378E+03
   0.341313E+02   0.279410E+02   0.550280E-02   0.977779E+01   0.103816E+02   0.136804E+02   0.156671E+02   0.139162E+03
   0.344192E+02   0.275318E+02   0.572943E-02   0.120827E+02   0.984904E+01   0.193415E+02   0.195249E+02   0.138755E+03
   0.342076E+02   0.277834E+02   0.771087E-02   0.107170E+02   0.103824E+02   0.172220E+02   0.147565E+02   0.138111E+03
   0.342803E+02   0.279463E+02   0.625735E-02   0.984318E+01   0.116717E+02   0.126003E+02   0.163256E+02   0.140517E+03
   0.342209E+02   0.275601E+02   0.669758E-02   0.110573E+02   0.812328E+01   0.162552E+02   0.181268E+02   0.139043E+03
   0.343004E+02   0.282071E+02   0.536455E-02   0.977490E+01   0.140333E+02   0.160247E+02   0.148158E+02   0.138891E+03
   0.343004E+02   0.271719E+02   0.676602E-02   0.831419E+01   0.106814E+02   0.108175E+02   0.149383E+02   0.139130E+03
   0.342350E+02   0.274284E+02   0.516189E-02   0.972113E+01   0.100802E+02   0.144948E+02   0.151430E+02   0.140132E+03
   0.344777E+02   0.280663E+02   0.771789E-02   0.105220E+02   0.151190E+02   0.160360E+02   0.149421E+02   0.135332E+03
   0.342696E+02   0.272001E+02   0.628599E-02   0.112615E+02   0.903424E+01   0.163855E+02   0.144247E+02   0.140310E+03
   0.343755E+02   0.270360E+02   0.709994E-02   0.104461E+02   0.912166E+01   0.176671E+02   0.153713E+02   0.139465E+03
   0.343595E+02   0.270360E+02   0.558900E-02   0.101981E+02   0.834186E+01   0.193629E+02   0.127422E+02   0.139605E+03
   0.343648E+02   0.276546E+02   0.531970E-02   0.950162E+01   0.107934E+02   0.168701E+02   0.120257E+02   0.140620E+03
   0.344574E+02   0.271022E+02   0.560425E-02   0.812815E+01   0.843277E+01   0.162196E+02   0.180739E+02   0.139764E+03
   0.343126E+02   0.272324E+02   0.517773E-02   0.954194E+01   0.878753E+01   0.136433E+02   0.181352E+02   0.139893E+03
   0.343920E+02   0.282971E+02   0.584375E-02   0.971382E+01   0.838100E+01   0.160486E+02   0.159981E+02   0.140061E+03
   0.344175E+02   0.278690E+02   0.577828E-02   0.846097E+01   0.765582E+01   0.143706E+02   0.186289E+02   0.139623E+03
   0.342422E+02   0.278439E+02   0.670695E-02   0.906844E+01   0.803650E+01   0.127440E+02   0.177012E+02   0.139602E+03
   0.344019E+02   0.283729E+02   0.588887E-02   0.114383E+02   0.139489E+02   0.992433E+01   0.216674E+02   0.134334E+03
   0.343542E+02   0.277025E+02   0.674794E-02   0.126823E+02   0.114362E+02   0.142588E+02   0.122813E+02   0.139424E+03
   0.343099E+02   0.274030E+02   0.583845E-02   0.836355E+01   0.742888E+01   0.132685E+02   0.173391E+02   0.140085E+03
   0.343099E+02   0.275939E+02   0.558908E-02   0.126700E+02   0.109371E+02   0.167826E+02   0.148123E+02   0.140252E+03
   0.343514E+02   0.278387E+02   0.608646E-02   0.681439E+01   0.102204E+02   0.247529E+02   0.161935E+02   0.136340E+03
   0.341486E+02   0.286580E+02   0.763473E-02   0.100567E+02   0.909662E+01   0.148185E+02   0.233299E+02   0.134975E+03
   0.344705E+02   0.283895E+02   0.726089E-02   0.127032E+02   0.113567E+02   0.156242E+02   0.115624E+02   0.136381E+03
   0.344705E+02   0.270754E+02   0.567081E-02   0.126507E+02   0.105336E+02   0.186983E+02   0.145307E+02   0.139189E+03
   0.344379E+02   0.279326E+02   0.673455E-02   0.947302E+01   0.108815E+02   0.129042E+02   0.146662E+02   0.140091E+03
   0.343261E+02   0.280777E+02   0.458113E-02   0.112604E+02   0.112422E+02   0.175084E+02   0.159726E+02   0.137304E+03
   0.345000E+02   0.267884E+02   0.753396E-02   0.109894E+02   0.986744E+01   0.135056E+02   0.190175E+02   0.137512E+03
   0.343561E+02   0.265372E+02   0.844595E-02   0.107299E+02   0.819479E+01   0.159948E+02   0.127139E+02   0.135540E+03
   0.341576E+02   0.277901E+02   0.671600E-02   0.106916E+02   0.835984E+01   0.163008E+02   0.126714E+02   0.139121E+03
   0.344224E+02   0.268212E+02   0.661902E-02   0.108061E+02   0.106455E+02   0.173342E+02   0.157591E+02   0.139653E+03
   0.346675E+02   0.277089E+02   0.789600E-02   0.131748E+02   0.144373E+02   0.138948E+02   0.161105E+02   0.132258E+03
   0.341224E+02   0.275779E+02   0.697925E-02   0.939693E+01   0.756825E+01   0.119272E+02   0.121111E+02   0.137231E+03
