Kmin_MC_Up_a0  Kmin_TR_a0     Y1_intercept   Y2_intercept   Y3_intercept   Y4_intercept   Y5_intercept   LogPost        
   0.341202E+02   0.283284E+02   0.717079E-02   0.112127E+02   0.724403E+01   0.146286E+01   0.176727E+02   0.212935E+02
   0.344360E+02   0.292866E+02   0.819274E-02   0.877355E+01   0.790917E+01   0.181004E+01   0.126426E+02   0.174468E+02
   0.344360E+02   0.273991E+02   0.555751E-02   0.892398E+01   0.672479E+01   0.328080E+01   0.109702E+02   0.201290E+02
   0.343462E+02   0.279709E+02   0.632546E-02   0.896512E+01   0.130690E+02   0.116852E+01   0.118467E+02   0.242862E+02
   0.343484E+02   0.279709E+02   0.602162E-02   0.118185E+02   0.769833E+01   0.682612E+00   0.236422E+02   0.223314E+02
   0.342940E+02   0.279709E+02   0.562605E-02   0.142378E+02   0.108264E+02   0.840152E+00   0.120161E+02   0.238820E+02
   0.341836E+02   0.270257E+02   0.607188E-02   0.117596E+02   0.121256E+02   0.117823E+01   0.162503E+02   0.221682E+02
   0.344146E+02   0.273485E+02   0.523441E-02   0.125524E+02   0.827271E+01   0.922142E+00   0.165059E+02   0.245370E+02
   0.341205E+02   0.279929E+02   0.638688E-02   0.927430E+01   0.728317E+01   0.119424E+01   0.950396E+01   0.211252E+02
   0.341205E+02   0.285688E+02   0.573637E-02   0.739739E+01   0.989471E+01   0.130127E+01   0.132655E+02   0.225778E+02
   0.344158E+02   0.267388E+02   0.749553E-02   0.988422E+01   0.110167E+02   0.126563E+01   0.150218E+02   0.229374E+02
   0.341027E+02   0.267388E+02   0.585206E-02   0.104293E+02   0.750969E+01   0.676934E+00   0.126917E+02   0.189289E+02
   0.341027E+02   0.280066E+02   0.567527E-02   0.990451E+01   0.101993E+02   0.151011E+00   0.169636E+02   0.237637E+02
   0.344336E+02   0.277958E+02   0.700582E-02   0.111555E+02   0.114199E+02   0.132408E+00   0.141840E+02   0.247762E+02
   0.342306E+02   0.266511E+02   0.736828E-02   0.781243E+01   0.802697E+01   0.175160E+01   0.174649E+02   0.199611E+02
   0.342306E+02   0.279821E+02   0.524095E-02   0.922243E+01   0.973511E+01   0.971419E+00   0.189833E+02   0.244101E+02
   0.345166E+02   0.278834E+02   0.595501E-02   0.842568E+01   0.845590E+01   0.768723E+00   0.121833E+02   0.240150E+02
   0.344479E+02   0.274043E+02   0.860031E-02   0.791652E+01   0.105884E+02   0.260058E+00   0.156512E+02   0.212864E+02
   0.342857E+02   0.275441E+02   0.556047E-02   0.931661E+01   0.106660E+02   0.163548E-01   0.153715E+02   0.264904E+02
   0.342853E+02   0.280790E+02   0.671464E-02   0.856903E+01   0.980992E+01   0.407942E-01   0.154160E+02   0.257769E+02
   0.342853E+02   0.280766E+02   0.653612E-02   0.103077E+02   0.993730E+01   0.859704E+00   0.165669E+02   0.256184E+02
   0.342853E+02   0.280766E+02   0.638521E-02   0.131690E+02   0.802594E+01   0.945262E+00   0.146034E+02   0.243846E+02
   0.345714E+02   0.278541E+02   0.603782E-02   0.115553E+02   0.111719E+02   0.176722E+01   0.123173E+02   0.218550E+02
   0.345654E+02   0.269612E+02   0.572462E-02   0.872219E+01   0.929590E+01   0.135058E+01   0.205168E+02   0.222717E+02
   0.345654E+02   0.273611E+02   0.582198E-02   0.947505E+01   0.119201E+02   0.196362E+01   0.132507E+02   0.226845E+02
   0.341464E+02   0.286595E+02   0.612214E-02   0.972336E+01   0.863211E+01   0.425198E+00   0.159547E+02   0.242945E+02
   0.341453E+02   0.284412E+02   0.634054E-02   0.879645E+01   0.904683E+01   0.912924E+00   0.121081E+02   0.241607E+02
   0.343815E+02   0.278468E+02   0.580228E-02   0.913717E+01   0.590135E+01   0.454345E+00   0.136790E+02   0.236667E+02
   0.344497E+02   0.284393E+02   0.802223E-02   0.122557E+02   0.125901E+02   0.850665E+00   0.122296E+02   0.199611E+02
   0.344497E+02   0.274884E+02   0.690501E-02   0.735907E+01   0.121321E+02   0.735029E+00   0.166864E+02   0.236014E+02
   0.343179E+02   0.271979E+02   0.561458E-02   0.867940E+01   0.165955E+02   0.321162E+00   0.131603E+02   0.223875E+02
   0.341893E+02   0.281761E+02   0.689785E-02   0.105435E+02   0.841012E+01   0.102167E+01   0.176330E+02   0.239040E+02
   0.342777E+02   0.287396E+02   0.609687E-02   0.806561E+01   0.942526E+01   0.292617E-01   0.139249E+02   0.245743E+02
   0.342777E+02   0.269233E+02   0.506703E-02   0.847402E+01   0.877025E+01   0.133524E+01   0.161794E+02   0.227256E+02
   0.340443E+02   0.296190E+02   0.822344E-02   0.659886E+01   0.100053E+02   0.696464E+00   0.170411E+02   0.168260E+02
   0.343901E+02   0.279991E+02   0.641450E-02   0.807767E+01   0.110396E+02   0.116293E+01   0.123354E+02   0.247854E+02
   0.343174E+02   0.278164E+02   0.644679E-02   0.106747E+02   0.122990E+02   0.894374E+00   0.156342E+02   0.252874E+02
   0.342613E+02   0.268831E+02   0.586689E-02   0.101163E+02   0.120926E+02   0.862069E+00   0.115447E+02   0.232093E+02
   0.344034E+02   0.277173E+02   0.601566E-02   0.866824E+01   0.673144E+01   0.839026E+00   0.183068E+02   0.240789E+02
   0.341905E+02   0.278031E+02   0.656849E-02   0.914370E+01   0.785755E+01   0.640464E-01   0.131848E+02   0.249904E+02
   0.341905E+02   0.282426E+02   0.534661E-02   0.100116E+02   0.927146E+01   0.404637E+00   0.143344E+02   0.250941E+02
   0.341624E+02   0.279699E+02   0.484045E-02   0.106176E+02   0.989074E+01   0.404637E+00   0.167283E+02   0.227991E+02
   0.343416E+02   0.279699E+02   0.603826E-02   0.863864E+01   0.803562E+01   0.102531E+01   0.148376E+02   0.257837E+02
   0.342710E+02   0.279699E+02   0.532724E-02   0.990968E+01   0.962466E+01   0.770716E+00   0.165817E+02   0.257720E+02
   0.342710E+02   0.280680E+02   0.614234E-02   0.106874E+02   0.100332E+02   0.170401E+01   0.159046E+02   0.251137E+02
   0.341310E+02   0.286768E+02   0.554120E-02   0.702490E+01   0.107235E+02   0.115732E+01   0.167846E+02   0.216124E+02
   0.341310E+02   0.268610E+02   0.742445E-02   0.810240E+01   0.106548E+02   0.112637E+01   0.137242E+02   0.206569E+02
   0.341674E+02   0.277145E+02   0.585021E-02   0.123547E+02   0.100567E+02   0.889125E+00   0.142475E+02   0.243946E+02
   0.343056E+02   0.277145E+02   0.478475E-02   0.711115E+01   0.128826E+02   0.221080E+00   0.102144E+02   0.214729E+02
   0.343056E+02   0.279011E+02   0.626141E-02   0.834120E+01   0.106926E+02   0.747197E+00   0.175376E+02   0.256063E+02
   0.345540E+02   0.271410E+02   0.642711E-02   0.834760E+01   0.889828E+01   0.837985E+00   0.171931E+02   0.241764E+02
   0.345781E+02   0.270645E+02   0.562169E-02   0.101991E+02   0.105123E+02   0.293125E+00   0.148788E+02   0.242501E+02
   0.345065E+02   0.271254E+02   0.662775E-02   0.787355E+01   0.831364E+01   0.153677E+01   0.149691E+02   0.237612E+02
   0.340833E+02   0.284107E+02   0.553968E-02   0.675990E+01   0.117718E+02   0.170412E+00   0.151913E+02   0.212243E+02
   0.343868E+02   0.270751E+02   0.638350E-02   0.899592E+01   0.773533E+01   0.148352E+00   0.194638E+02   0.244456E+02
   0.344396E+02   0.270386E+02   0.649782E-02   0.948996E+01   0.113741E+02   0.135431E+01   0.165082E+02   0.246580E+02
   0.343475E+02   0.283512E+02   0.691546E-02   0.103295E+02   0.732887E+01   0.635610E+00   0.155284E+02   0.239603E+02
   0.343475E+02   0.276037E+02   0.552591E-02   0.100418E+02   0.120938E+02   0.101921E+01   0.196123E+02   0.246256E+02
   0.342604E+02   0.276037E+02   0.666082E-02   0.865543E+01   0.940970E+01   0.252356E+00   0.141428E+02   0.258916E+02
   0.342604E+02   0.276687E+02   0.433576E-02   0.109020E+02   0.950618E+01   0.111118E+01   0.154006E+02   0.214679E+02
   0.343940E+02   0.276002E+02   0.664615E-02   0.102472E+02   0.898494E+01   0.192956E+01   0.178640E+02   0.242238E+02
   0.343782E+02   0.279013E+02   0.502360E-02   0.117980E+02   0.131003E+02   0.653496E+00   0.148544E+02   0.237388E+02
   0.343856E+02   0.276401E+02   0.578030E-02   0.767096E+01   0.801781E+01   0.550598E+00   0.123913E+02   0.254692E+02
   0.342394E+02   0.285879E+02   0.528765E-02   0.116860E+02   0.812703E+01   0.404619E+00   0.151556E+02   0.236985E+02
   0.342394E+02   0.286651E+02   0.536212E-02   0.113642E+02   0.100139E+02   0.198314E+01   0.119066E+02   0.221789E+02
   0.344375E+02   0.272714E+02   0.609408E-02   0.113862E+02   0.993270E+01   0.229989E+01   0.156622E+02   0.241096E+02
   0.345219E+02   0.271696E+02   0.511503E-02   0.845695E+01   0.927990E+01   0.290244E+00   0.144155E+02   0.243714E+02
   0.344067E+02   0.279673E+02   0.693104E-02   0.103319E+02   0.109751E+02   0.127289E+01   0.143840E+02   0.245715E+02
   0.343437E+02   0.265454E+02   0.677750E-02   0.816095E+01   0.809051E+01   0.902032E+00   0.212013E+02   0.211265E+02
   0.345171E+02   0.281761E+02   0.685950E-02   0.758086E+01   0.116296E+02   0.927037E+00   0.116834E+02   0.218234E+02
   0.343519E+02   0.279426E+02   0.550221E-02   0.117553E+02   0.103782E+02   0.486611E+00   0.181853E+02   0.252715E+02
   0.343312E+02   0.271498E+02   0.714450E-02   0.154666E+02   0.111123E+02   0.920730E+00   0.211477E+02   0.198755E+02
   0.345188E+02   0.277750E+02   0.553574E-02   0.849766E+01   0.812609E+01   0.235203E+01   0.122689E+02   0.219618E+02
   0.343574E+02   0.271293E+02   0.533990E-02   0.104004E+02   0.102230E+02   0.526643E+00   0.128452E+02   0.257254E+02
   0.343778E+02   0.276640E+02   0.633464E-02   0.768707E+01   0.104824E+02   0.195331E+01   0.218947E+02   0.223518E+02
   0.343777E+02   0.279200E+02   0.486654E-02   0.734421E+01   0.112218E+02   0.394160E+00   0.177741E+02   0.232813E+02
   0.343777E+02   0.278668E+02   0.571507E-02   0.792491E+01   0.882903E+01   0.491675E+00   0.147133E+02   0.260803E+02
   0.342524E+02   0.278026E+02   0.525726E-02   0.889352E+01   0.729454E+01   0.196073E+00   0.149392E+02   0.250067E+02
   0.343750E+02   0.283879E+02   0.623004E-02   0.831742E+01   0.875369E+01   0.169611E+01   0.966158E+01   0.220654E+02
   0.343486E+02   0.272181E+02   0.563670E-02   0.721901E+01   0.116425E+02   0.624908E+00   0.110687E+02   0.240996E+02
   0.343486E+02   0.270587E+02   0.536287E-02   0.871823E+01   0.127360E+02   0.662416E+00   0.148738E+02   0.246271E+02
   0.343395E+02   0.286857E+02   0.565377E-02   0.884854E+01   0.983338E+01   0.230505E+01   0.134970E+02   0.224615E+02
   0.340068E+02   0.279337E+02   0.688699E-02   0.791696E+01   0.909548E+01   0.199919E+00   0.188452E+02   0.208382E+02
   0.343129E+02   0.279337E+02   0.650689E-02   0.103577E+02   0.745310E+01   0.109597E+01   0.233749E+02   0.221632E+02
   0.343429E+02   0.281198E+02   0.522957E-02   0.105312E+02   0.881150E+01   0.153039E+01   0.138297E+02   0.247650E+02
   0.343429E+02   0.275376E+02   0.507216E-02   0.107855E+02   0.123267E+02   0.186845E+01   0.149875E+02   0.238666E+02
   0.341389E+02   0.276771E+02   0.639992E-02   0.876756E+01   0.913345E+01   0.729216E+00   0.148455E+02   0.245708E+02
   0.342281E+02   0.280211E+02   0.652244E-02   0.130410E+02   0.130216E+02   0.228794E+00   0.233405E+02   0.207886E+02
   0.342828E+02   0.278271E+02   0.638501E-02   0.123649E+02   0.969106E+01   0.150853E+01   0.133317E+02   0.247880E+02
   0.343274E+02   0.274588E+02   0.584963E-02   0.862219E+01   0.833915E+01   0.153758E+00   0.159605E+02   0.263932E+02
   0.343274E+02   0.278020E+02   0.510517E-02   0.130014E+02   0.139208E+02   0.491661E-01   0.170850E+02   0.229561E+02
   0.345047E+02   0.270653E+02   0.794277E-02   0.637640E+01   0.848043E+01   0.241112E+01   0.220392E+02   0.164490E+02
   0.344727E+02   0.273169E+02   0.651221E-02   0.155401E+02   0.854343E+01   0.134769E+01   0.173080E+02   0.218385E+02
   0.342528E+02   0.281432E+02   0.699492E-02   0.104969E+02   0.107785E+02   0.143514E+00   0.137571E+02   0.251083E+02
   0.342243E+02   0.280691E+02   0.684540E-02   0.117601E+02   0.975928E+01   0.342686E+00   0.216912E+02   0.228803E+02
   0.343657E+02   0.280691E+02   0.667242E-02   0.792179E+01   0.115805E+02   0.213669E+01   0.161521E+02   0.231556E+02
   0.341954E+02   0.282295E+02   0.541122E-02   0.102378E+02   0.744154E+01   0.221943E+00   0.190393E+02   0.235979E+02
   0.344566E+02   0.281706E+02   0.640392E-02   0.994119E+01   0.768572E+01   0.114548E+01   0.115611E+02   0.234194E+02
   0.344002E+02   0.269796E+02   0.578987E-02   0.114386E+02   0.100441E+02   0.131438E+01   0.165265E+02   0.249116E+02
   0.340537E+02   0.281492E+02   0.703972E-02   0.120671E+02   0.931808E+01   0.133948E+01   0.125195E+02   0.214960E+02
   0.342937E+02   0.277474E+02   0.526613E-02   0.986406E+01   0.127921E+02   0.856425E+00   0.139309E+02   0.250691E+02
   0.343656E+02   0.280261E+02   0.675622E-02   0.110783E+02   0.831652E+01   0.500603E+00   0.135858E+02   0.252343E+02
   0.343656E+02   0.269757E+02   0.562073E-02   0.942037E+01   0.117696E+02   0.353654E+00   0.165163E+02   0.252695E+02
   0.342706E+02   0.280084E+02   0.590392E-02   0.113376E+02   0.102095E+02   0.838120E+00   0.151881E+02   0.259462E+02
   0.343722E+02   0.280971E+02   0.632425E-02   0.759350E+01   0.904474E+01   0.101667E+01   0.172040E+02   0.247201E+02
   0.343722E+02   0.271695E+02   0.685775E-02   0.116842E+02   0.121028E+02   0.164645E+01   0.131613E+02   0.234728E+02
   0.343851E+02   0.276187E+02   0.523494E-02   0.130991E+02   0.815540E+01   0.459233E+00   0.116619E+02   0.242371E+02
   0.343851E+02   0.282515E+02   0.641103E-02   0.103503E+02   0.114341E+02   0.133118E+01   0.156568E+02   0.245033E+02
   0.341037E+02   0.289450E+02   0.669054E-02   0.139106E+02   0.780950E+01   0.171906E+01   0.142448E+02   0.198987E+02
   0.342297E+02   0.284344E+02   0.641790E-02   0.867113E+01   0.973809E+01   0.374514E+00   0.158071E+02   0.253235E+02
   0.344336E+02   0.284344E+02   0.631766E-02   0.120772E+02   0.112174E+02   0.552963E+00   0.114276E+02   0.230824E+02
   0.344336E+02   0.270317E+02   0.552522E-02   0.910371E+01   0.120984E+02   0.758336E+00   0.148436E+02   0.251768E+02
   0.342731E+02   0.272776E+02   0.531401E-02   0.113733E+02   0.989146E+01   0.998419E+00   0.134094E+02   0.248988E+02
   0.341183E+02   0.281427E+02   0.617193E-02   0.135469E+02   0.152526E+02   0.283024E+01   0.200018E+02   0.164712E+02
   0.341494E+02   0.285443E+02   0.539001E-02   0.942950E+01   0.100287E+02   0.123959E+01   0.148139E+02   0.235122E+02
   0.341494E+02   0.284468E+02   0.601778E-02   0.906170E+01   0.888734E+01   0.269797E+00   0.144528E+02   0.248846E+02
   0.342601E+02   0.271445E+02   0.568654E-02   0.127123E+02   0.786878E+01   0.269797E+00   0.220574E+02   0.218874E+02
   0.342601E+02   0.276698E+02   0.561136E-02   0.137921E+02   0.135896E+02   0.104791E+01   0.139113E+02   0.229895E+02
   0.343266E+02   0.272698E+02   0.614926E-02   0.806976E+01   0.109514E+02   0.726849E+00   0.174847E+02   0.253316E+02
   0.344284E+02   0.277653E+02   0.592636E-02   0.801635E+01   0.149223E+02   0.359606E+00   0.949691E+01   0.214602E+02
   0.342590E+02   0.261645E+02   0.669050E-02   0.106875E+02   0.115484E+02   0.149242E+00   0.161347E+02   0.202328E+02
   0.340836E+02   0.285781E+02   0.562859E-02   0.772276E+01   0.891298E+01   0.662584E-01   0.129677E+02   0.224531E+02
   0.341872E+02   0.275836E+02   0.668098E-02   0.146607E+02   0.735923E+01   0.326508E+00   0.183155E+02   0.214442E+02
   0.342862E+02   0.276457E+02   0.522630E-02   0.126587E+02   0.128542E+02   0.673740E+00   0.116101E+02   0.235468E+02
   0.342862E+02   0.284737E+02   0.683569E-02   0.106729E+02   0.901095E+01   0.762392E+00   0.168546E+02   0.244642E+02
   0.344829E+02   0.274008E+02   0.614869E-02   0.916026E+01   0.114276E+02   0.796177E+00   0.160572E+02   0.254212E+02
   0.343854E+02   0.271917E+02   0.585977E-02   0.836843E+01   0.828418E+01   0.796177E+00   0.160572E+02   0.257652E+02
   0.343854E+02   0.273941E+02   0.586758E-02   0.120459E+02   0.893650E+01   0.210056E+00   0.123455E+02   0.258774E+02
   0.344494E+02   0.277419E+02   0.522249E-02   0.827502E+01   0.115057E+02   0.210056E+00   0.108169E+02   0.239329E+02
   0.344494E+02   0.273747E+02   0.554278E-02   0.958732E+01   0.986093E+01   0.247135E+01   0.229681E+02   0.214339E+02
   0.339860E+02   0.278294E+02   0.736507E-02   0.114378E+02   0.148639E+02   0.433433E+00   0.149535E+02   0.184404E+02
   0.343271E+02   0.281535E+02   0.529598E-02   0.936425E+01   0.133945E+02   0.799429E+00   0.126828E+02   0.241400E+02
   0.342775E+02   0.282628E+02   0.530311E-02   0.936425E+01   0.773399E+01   0.113861E+01   0.150468E+02   0.246301E+02
   0.343601E+02   0.279402E+02   0.685599E-02   0.112407E+02   0.132311E+02   0.101241E+00   0.129651E+02   0.241603E+02
   0.343601E+02   0.274579E+02   0.640827E-02   0.851761E+01   0.102922E+02   0.145684E+01   0.136741E+02   0.255504E+02
   0.342939E+02   0.271351E+02   0.541693E-02   0.936907E+01   0.136992E+02   0.421584E+01   0.129106E+02   0.181037E+02
   0.343094E+02   0.268670E+02   0.668730E-02   0.130200E+02   0.110346E+02   0.982191E-01   0.153059E+02   0.236000E+02
   0.344051E+02   0.261722E+02   0.691087E-02   0.998035E+01   0.916106E+01   0.108420E+01   0.108208E+02   0.209925E+02
   0.344713E+02   0.265130E+02   0.586846E-02   0.117196E+02   0.111451E+02   0.160946E+01   0.127432E+02   0.225730E+02
   0.344380E+02   0.277426E+02   0.600802E-02   0.104139E+02   0.106985E+02   0.127944E+01   0.162736E+02   0.254022E+02
   0.342007E+02   0.282039E+02   0.530495E-02   0.118515E+02   0.139343E+02   0.315188E+00   0.108070E+02   0.219459E+02
   0.342007E+02   0.279218E+02   0.858591E-02   0.112980E+02   0.975193E+01   0.282608E+01   0.113661E+02   0.178933E+02
   0.343523E+02   0.279218E+02   0.634249E-02   0.101058E+02   0.755880E+01   0.150384E+01   0.121555E+02   0.245981E+02
   0.343523E+02   0.282362E+02   0.656859E-02   0.104529E+02   0.128140E+02   0.291578E+01   0.166111E+02   0.213896E+02
   0.342223E+02   0.286092E+02   0.842042E-02   0.124356E+02   0.933361E+01   0.594465E+00   0.197887E+02   0.195606E+02
   0.342415E+02   0.275670E+02   0.530367E-02   0.121282E+02   0.110757E+02   0.182090E+01   0.167951E+02   0.233746E+02
   0.342415E+02   0.283777E+02   0.530367E-02   0.848485E+01   0.138368E+02   0.169785E+01   0.108978E+02   0.213596E+02
   0.342394E+02   0.272961E+02   0.618653E-02   0.839772E+01   0.920628E+01   0.224695E+01   0.137650E+02   0.237187E+02
   0.343034E+02   0.283241E+02   0.544602E-02   0.927779E+01   0.110776E+02   0.102851E+01   0.203330E+02   0.236774E+02
   0.344173E+02   0.270124E+02   0.589387E-02   0.983393E+01   0.777516E+01   0.184024E+01   0.159878E+02   0.243043E+02
   0.344173E+02   0.274875E+02   0.585988E-02   0.779148E+01   0.914041E+01   0.215576E+01   0.198045E+02   0.232048E+02
   0.341430E+02   0.280063E+02   0.622134E-02   0.118156E+02   0.837815E+01   0.285713E+00   0.142918E+02   0.244177E+02
   0.341841E+02   0.280063E+02   0.645239E-02   0.711543E+01   0.112070E+02   0.157146E+00   0.120444E+02   0.238078E+02
   0.344127E+02   0.274521E+02   0.654303E-02   0.891962E+01   0.103262E+02   0.150760E+01   0.167277E+02   0.250963E+02
   0.344398E+02   0.266617E+02   0.601492E-02   0.603070E+01   0.107006E+02   0.641452E+00   0.209486E+02   0.204618E+02
   0.344004E+02   0.275181E+02   0.564455E-02   0.786666E+01   0.948221E+01   0.825116E+00   0.160217E+02   0.259448E+02
   0.343916E+02   0.276210E+02   0.538122E-02   0.789556E+01   0.722397E+01   0.598163E+00   0.154339E+02   0.249478E+02
   0.343214E+02   0.272618E+02   0.547192E-02   0.127925E+02   0.152478E+02   0.158148E+00   0.140969E+02   0.226912E+02
   0.343449E+02   0.272618E+02   0.709071E-02   0.884460E+01   0.911535E+01   0.106427E+01   0.166516E+02   0.246095E+02
   0.343449E+02   0.279979E+02   0.533179E-02   0.113843E+02   0.838894E+01   0.986172E+00   0.126309E+02   0.251467E+02
   0.347138E+02   0.273088E+02   0.652906E-02   0.929661E+01   0.973613E+01   0.116802E+01   0.140112E+02   0.211523E+02
   0.343615E+02   0.278389E+02   0.586684E-02   0.880300E+01   0.866151E+01   0.109039E+00   0.157149E+02   0.265573E+02
   0.342431E+02   0.287540E+02   0.654254E-02   0.992635E+01   0.982598E+01   0.469727E+00   0.170605E+02   0.243226E+02
   0.342210E+02   0.282271E+02   0.616645E-02   0.109282E+02   0.868290E+01   0.976662E+00   0.156317E+02   0.252428E+02
   0.342210E+02   0.282271E+02   0.622878E-02   0.113340E+02   0.102438E+02   0.100063E+01   0.156317E+02   0.251387E+02
   0.342863E+02   0.275551E+02   0.500086E-02   0.128968E+02   0.936844E+01   0.108124E+01   0.151407E+02   0.241410E+02
   0.342524E+02   0.281469E+02   0.623900E-02   0.867514E+01   0.813128E+01   0.864344E-01   0.208337E+02   0.241037E+02
   0.343157E+02   0.275280E+02   0.537134E-02   0.809682E+01   0.886074E+01   0.697212E+00   0.102410E+02   0.245563E+02
   0.344165E+02   0.275280E+02   0.716850E-02   0.526350E+01   0.918855E+01   0.338321E+00   0.117958E+02   0.202622E+02
   0.344738E+02   0.276474E+02   0.647262E-02   0.935353E+01   0.105690E+02   0.564184E-01   0.184121E+02   0.250781E+02
   0.345749E+02   0.275804E+02   0.531766E-02   0.109438E+02   0.720629E+01   0.484773E+00   0.172316E+02   0.219703E+02
   0.345408E+02   0.277537E+02   0.631650E-02   0.101566E+02   0.120264E+02   0.612034E-01   0.149506E+02   0.242372E+02
   0.343473E+02   0.277798E+02   0.659766E-02   0.919129E+01   0.938865E+01   0.852800E+00   0.151406E+02   0.260694E+02
   0.344178E+02   0.277705E+02   0.565176E-02   0.812365E+01   0.107836E+02   0.103955E+01   0.171953E+02   0.252091E+02
   0.344219E+02   0.277457E+02   0.623228E-02   0.812365E+01   0.109670E+02   0.970685E+00   0.151347E+02   0.255393E+02
   0.343066E+02   0.275962E+02   0.686421E-02   0.797003E+01   0.119433E+02   0.241581E+01   0.222784E+02   0.204366E+02
   0.342841E+02   0.277419E+02   0.566864E-02   0.116251E+02   0.148798E+02   0.134428E+01   0.148605E+02   0.232199E+02
   0.342841E+02   0.277568E+02   0.560890E-02   0.922806E+01   0.679878E+01   0.709204E+00   0.178647E+02   0.244561E+02
   0.342841E+02   0.275488E+02   0.563857E-02   0.922806E+01   0.113771E+02   0.181333E+01   0.156822E+02   0.249491E+02
   0.344701E+02   0.275845E+02   0.577055E-02   0.109876E+02   0.846196E+01   0.240034E+00   0.134064E+02   0.257524E+02
   0.342930E+02   0.275845E+02   0.619585E-02   0.121738E+02   0.916862E+01   0.805784E+00   0.139437E+02   0.257166E+02
   0.342930E+02   0.292835E+02   0.629779E-02   0.952068E+01   0.853170E+01   0.976342E+00   0.121271E+02   0.217768E+02
   0.340878E+02   0.279408E+02   0.656744E-02   0.151567E+02   0.987131E+01   0.159421E+00   0.163476E+02   0.213496E+02
   0.345722E+02   0.276701E+02   0.644774E-02   0.132683E+02   0.922580E+01   0.603517E+00   0.103398E+02   0.216087E+02
   0.343953E+02   0.277922E+02   0.716603E-02   0.892208E+01   0.674805E+01   0.201541E+01   0.203811E+02   0.206719E+02
   0.343482E+02   0.276199E+02   0.577688E-02   0.761925E+01   0.114913E+02   0.102041E+01   0.161866E+02   0.253706E+02
   0.342726E+02   0.277671E+02   0.615683E-02   0.118874E+02   0.144983E+02   0.369930E+00   0.161671E+02   0.237777E+02
   0.342929E+02   0.270921E+02   0.650578E-02   0.110996E+02   0.788254E+01   0.812827E+00   0.186442E+02   0.238510E+02
   0.343808E+02   0.279440E+02   0.619458E-02   0.114681E+02   0.102870E+02   0.303913E+01   0.105380E+02   0.215603E+02
   0.343808E+02   0.274747E+02   0.570345E-02   0.114025E+02   0.999670E+01   0.278867E+00   0.107412E+02   0.254445E+02
   0.343808E+02   0.277936E+02   0.729530E-02   0.968544E+01   0.971797E+01   0.106352E+01   0.124417E+02   0.244574E+02
   0.344380E+02   0.270825E+02   0.618133E-02   0.107798E+02   0.113190E+02   0.230435E+00   0.175185E+02   0.252801E+02
   0.344380E+02   0.275003E+02   0.581413E-02   0.659698E+01   0.143006E+02   0.438095E+00   0.159580E+02   0.226933E+02
   0.344380E+02   0.272843E+02   0.562669E-02   0.129690E+02   0.898550E+01   0.968355E+00   0.202315E+02   0.235334E+02
   0.344380E+02   0.272843E+02   0.587431E-02   0.881491E+01   0.129152E+02   0.597043E-01   0.153564E+02   0.253609E+02
   0.343917E+02   0.285377E+02   0.587431E-02   0.956200E+01   0.134854E+02   0.578050E+00   0.138791E+02   0.233049E+02
   0.343480E+02   0.286155E+02   0.660258E-02   0.787322E+01   0.106665E+02   0.710599E+00   0.139576E+02   0.239845E+02
   0.344279E+02   0.278005E+02   0.514713E-02   0.785939E+01   0.115399E+02   0.264302E+01   0.138132E+02   0.221374E+02
   0.342866E+02   0.286379E+02   0.502664E-02   0.119154E+02   0.964604E+01   0.210137E+00   0.157787E+02   0.229800E+02
   0.343673E+02   0.270723E+02   0.607515E-02   0.112763E+02   0.129549E+02   0.544265E+00   0.164246E+02   0.246190E+02
   0.343673E+02   0.276361E+02   0.665090E-02   0.986527E+01   0.999001E+01   0.462258E-01   0.162214E+02   0.261612E+02
   0.343673E+02   0.266498E+02   0.594012E-02   0.148904E+02   0.117675E+02   0.152258E+01   0.187908E+02   0.203212E+02
   0.343189E+02   0.275126E+02   0.575317E-02   0.864489E+01   0.107075E+02   0.171140E+00   0.170426E+02   0.262766E+02
   0.343189E+02   0.271200E+02   0.646521E-02   0.844345E+01   0.959442E+01   0.166448E+01   0.119633E+02   0.243105E+02
   0.345786E+02   0.271200E+02   0.654135E-02   0.104747E+02   0.112848E+02   0.812033E-01   0.998106E+01   0.225245E+02
   0.346905E+02   0.263933E+02   0.746234E-02   0.944557E+01   0.866040E+01   0.196095E+01   0.130735E+02   0.193868E+02
   0.342699E+02   0.268167E+02   0.647127E-02   0.890532E+01   0.121018E+02   0.391903E-01   0.139348E+02   0.239069E+02
   0.344014E+02   0.276737E+02   0.647587E-02   0.118889E+02   0.136475E+02   0.175342E+01   0.148770E+02   0.231754E+02
   0.344642E+02   0.272511E+02   0.622301E-02   0.113801E+02   0.151881E+02   0.865372E+00   0.111432E+02   0.222216E+02
   0.343092E+02   0.273537E+02   0.600244E-02   0.132428E+02   0.122369E+02   0.652040E+00   0.196992E+02   0.232800E+02
   0.344260E+02   0.286601E+02   0.623646E-02   0.112598E+02   0.102827E+02   0.862002E+00   0.142449E+02   0.233115E+02
   0.342757E+02   0.286601E+02   0.543304E-02   0.942843E+01   0.154518E+02   0.477702E+00   0.170024E+02   0.214394E+02
   0.343136E+02   0.281884E+02   0.607485E-02   0.895006E+01   0.946491E+01   0.691731E+00   0.129428E+02   0.260246E+02
   0.343771E+02   0.279113E+02   0.636178E-02   0.915739E+01   0.753517E+01   0.420617E+00   0.146857E+02   0.256306E+02
   0.343771E+02   0.282195E+02   0.635333E-02   0.133095E+02   0.107300E+02   0.109951E+01   0.165619E+02   0.237230E+02
   0.343794E+02   0.275458E+02   0.641277E-02   0.104030E+02   0.112009E+02   0.488071E+00   0.121319E+02   0.258057E+02
   0.344311E+02   0.277171E+02   0.641277E-02   0.930871E+01   0.111451E+02   0.816699E+00   0.121205E+02   0.253868E+02
   0.344870E+02   0.268822E+02   0.585200E-02   0.998193E+01   0.944806E+01   0.633574E+00   0.123951E+02   0.251703E+02
   0.344741E+02   0.274025E+02   0.572548E-02   0.998196E+01   0.102337E+02   0.281386E+00   0.191344E+02   0.252348E+02
   0.344083E+02   0.271462E+02   0.532755E-02   0.941813E+01   0.907694E+01   0.256871E+01   0.143612E+02   0.236995E+02
   0.343040E+02   0.275450E+02   0.552285E-02   0.115131E+02   0.122820E+02   0.167908E+01   0.165745E+02   0.242336E+02
   0.342829E+02   0.274309E+02   0.606670E-02   0.123887E+02   0.131338E+02   0.177641E+01   0.143986E+02   0.233329E+02
   0.342829E+02   0.275972E+02   0.593546E-02   0.834106E+01   0.114400E+02   0.159716E+01   0.160407E+02   0.250150E+02
   0.344372E+02   0.286430E+02   0.684960E-02   0.131060E+02   0.113151E+02   0.245298E+00   0.120493E+02   0.216621E+02
   0.343539E+02   0.284956E+02   0.595597E-02   0.104114E+02   0.105767E+02   0.337506E+00   0.164407E+02   0.249968E+02
   0.342747E+02   0.290051E+02   0.658279E-02   0.817269E+01   0.102818E+02   0.805490E-03   0.182165E+02   0.228209E+02
   0.345387E+02   0.275447E+02   0.741773E-02   0.113571E+02   0.100845E+02   0.164018E+01   0.954231E+01   0.203503E+02
   0.340900E+02   0.279201E+02   0.799033E-02   0.142492E+02   0.100845E+02   0.541545E+00   0.179484E+02   0.194683E+02
   0.344253E+02   0.276571E+02   0.663958E-02   0.924761E+01   0.112770E+02   0.847334E+00   0.126239E+02   0.252625E+02
   0.343781E+02   0.273687E+02   0.682197E-02   0.924761E+01   0.119304E+02   0.103704E+01   0.162468E+02   0.248255E+02
   0.344026E+02   0.274454E+02   0.527541E-02   0.135816E+02   0.131770E+02   0.896266E+00   0.157069E+02   0.232980E+02
   0.344026E+02   0.280336E+02   0.535847E-02   0.107033E+02   0.748048E+01   0.216475E+00   0.138911E+02   0.249470E+02
   0.344026E+02   0.275983E+02   0.590668E-02   0.940675E+01   0.756624E+01   0.133762E+00   0.186472E+02   0.253294E+02
   0.344026E+02   0.276118E+02   0.551776E-02   0.101736E+02   0.682008E+01   0.420432E+00   0.131516E+02   0.250608E+02
   0.345545E+02   0.273370E+02   0.605083E-02   0.636291E+01   0.117021E+02   0.150378E+00   0.163731E+02   0.224661E+02
   0.341512E+02   0.274164E+02   0.605083E-02   0.132051E+02   0.109654E+02   0.338226E+00   0.180625E+02   0.225318E+02
   0.346670E+02   0.263818E+02   0.605083E-02   0.927453E+01   0.930582E+01   0.195220E+01   0.143161E+02   0.203563E+02
   0.346684E+02   0.265405E+02   0.518028E-02   0.677451E+01   0.100881E+02   0.352002E+00   0.165131E+02   0.183423E+02
   0.342431E+02   0.279192E+02   0.623013E-02   0.909150E+01   0.105911E+02   0.625349E+00   0.121090E+02   0.257151E+02
   0.343281E+02   0.268033E+02   0.531285E-02   0.916517E+01   0.877352E+01   0.784216E+00   0.164278E+02   0.240585E+02
   0.342709E+02   0.274128E+02   0.746260E-02   0.101027E+02   0.130569E+02   0.165513E+01   0.125880E+02   0.220974E+02
   0.343523E+02   0.278253E+02   0.697511E-02   0.739134E+01   0.851028E+01   0.134310E+01   0.178374E+02   0.234965E+02
   0.342754E+02   0.278253E+02   0.671660E-02   0.114318E+02   0.929464E+01   0.204358E+00   0.126506E+02   0.255226E+02
   0.342732E+02   0.280603E+02   0.639339E-02   0.118184E+02   0.755964E+01   0.131884E+01   0.128481E+02   0.242486E+02
   0.343268E+02   0.271934E+02   0.699863E-02   0.110012E+02   0.911600E+01   0.181408E+01   0.145000E+02   0.239461E+02
   0.343268E+02   0.282783E+02   0.580390E-02   0.122260E+02   0.794951E+01   0.474890E+00   0.966379E+01   0.229203E+02
   0.345099E+02   0.272849E+02   0.655373E-02   0.123797E+02   0.130007E+02   0.257318E+01   0.148252E+02   0.212010E+02
   0.343431E+02   0.272647E+02   0.769856E-02   0.101964E+02   0.101141E+02   0.766875E+00   0.151044E+02   0.238699E+02
   0.342491E+02   0.272613E+02   0.687028E-02   0.984518E+01   0.101778E+02   0.590483E+00   0.144015E+02   0.250677E+02
   0.342565E+02   0.279132E+02   0.520914E-02   0.870277E+01   0.103523E+02   0.853136E-01   0.114793E+02   0.251841E+02
   0.345743E+02   0.271841E+02   0.630876E-02   0.821686E+01   0.915423E+01   0.853136E-01   0.218580E+02   0.224284E+02
   0.345017E+02   0.271841E+02   0.586534E-02   0.105746E+02   0.686448E+01   0.300778E+01   0.204040E+02   0.196983E+02
   0.345134E+02   0.271841E+02   0.542078E-02   0.830407E+01   0.119428E+02   0.209619E+01   0.136293E+02   0.229155E+02
   0.345266E+02   0.277613E+02   0.695197E-02   0.885625E+01   0.777542E+01   0.316715E+00   0.147026E+02   0.238177E+02
   0.347724E+02   0.261739E+02   0.778603E-02   0.100623E+02   0.969424E+01   0.120653E+01   0.134489E+02   0.182624E+02
   0.345254E+02   0.278183E+02   0.554535E-02   0.121622E+02   0.938968E+01   0.117120E+01   0.185105E+02   0.225630E+02
   0.342967E+02   0.278183E+02   0.630272E-02   0.106998E+02   0.100373E+02   0.301288E+00   0.167351E+02   0.262103E+02
   0.343636E+02   0.283427E+02   0.578659E-02   0.826221E+01   0.135054E+02   0.231431E+01   0.156626E+02   0.220104E+02
   0.343636E+02   0.282082E+02   0.607227E-02   0.132395E+02   0.811933E+01   0.317619E+01   0.124645E+02   0.207111E+02
   0.343333E+02   0.276021E+02   0.663579E-02   0.182048E+02   0.971466E+01   0.451193E+00   0.104947E+02   0.199505E+02
   0.343333E+02   0.294100E+02   0.543898E-02   0.870558E+01   0.583478E+01   0.250649E+01   0.179905E+02   0.139833E+02
   0.343736E+02   0.267845E+02   0.598949E-02   0.883674E+01   0.117191E+02   0.931701E+00   0.166642E+02   0.243598E+02
   0.344083E+02   0.276253E+02   0.746833E-02   0.110919E+02   0.956338E+01   0.190923E+00   0.116027E+02   0.239280E+02
   0.343995E+02   0.276253E+02   0.647749E-02   0.110919E+02   0.862866E+01   0.729959E+00   0.150796E+02   0.258516E+02
   0.345639E+02   0.275301E+02   0.723474E-02   0.110919E+02   0.111371E+02   0.821923E+00   0.148653E+02   0.231353E+02
   0.343753E+02   0.281680E+02   0.598365E-02   0.117350E+02   0.868023E+01   0.983832E+00   0.102020E+02   0.236902E+02
   0.341956E+02   0.272524E+02   0.657905E-02   0.976406E+01   0.741982E+01   0.126254E+00   0.144249E+02   0.241286E+02
   0.342870E+02   0.279047E+02   0.515811E-02   0.147162E+02   0.148976E+02   0.183352E+01   0.121523E+02   0.197871E+02
   0.342870E+02   0.282870E+02   0.636818E-02   0.102771E+02   0.771744E+01   0.208951E+01   0.131226E+02   0.236517E+02
   0.343651E+02   0.263772E+02   0.537964E-02   0.895241E+01   0.126219E+02   0.464556E-01   0.212556E+02   0.198134E+02
   0.341832E+02   0.280593E+02   0.584643E-02   0.142737E+02   0.111303E+02   0.881618E+00   0.166195E+02   0.229974E+02
   0.342522E+02   0.286472E+02   0.607864E-02   0.107172E+02   0.111303E+02   0.536033E+00   0.208169E+02   0.230551E+02
   0.343508E+02   0.286083E+02   0.651611E-02   0.861356E+01   0.847617E+01   0.115271E+01   0.160812E+02   0.239138E+02
   0.340793E+02   0.279281E+02   0.689889E-02   0.868934E+01   0.104617E+02   0.114559E+01   0.166447E+02   0.227160E+02
   0.343150E+02   0.281063E+02   0.592238E-02   0.113070E+02   0.138402E+02   0.823666E+00   0.147582E+02   0.243194E+02
   0.344312E+02   0.271340E+02   0.633174E-02   0.104773E+02   0.112679E+02   0.152691E+01   0.135265E+02   0.249270E+02
   0.342691E+02   0.282976E+02   0.747155E-02   0.822866E+01   0.110183E+02   0.719570E+00   0.161011E+02   0.235131E+02
   0.342691E+02   0.278959E+02   0.502117E-02   0.110181E+02   0.117937E+02   0.102542E+01   0.147461E+02   0.244681E+02
   0.342862E+02   0.281233E+02   0.527678E-02   0.129559E+02   0.117401E+02   0.154451E+00   0.130126E+02   0.242798E+02
   0.345635E+02   0.280347E+02   0.678488E-02   0.117099E+02   0.717804E+01   0.331415E+00   0.146078E+02   0.220319E+02
   0.344534E+02   0.275697E+02   0.476367E-02   0.165602E+02   0.735364E+01   0.269705E+01   0.153740E+02   0.171422E+02
   0.345201E+02   0.272299E+02   0.542622E-02   0.130297E+02   0.126665E+02   0.430199E+00   0.125303E+02   0.229045E+02
   0.342429E+02   0.281044E+02   0.598727E-02   0.150019E+02   0.994249E+01   0.784083E+00   0.143547E+02   0.236378E+02
   0.344771E+02   0.273945E+02   0.566426E-02   0.860454E+01   0.994128E+01   0.115926E+00   0.888870E+01   0.230982E+02
   0.342870E+02   0.273945E+02   0.665264E-02   0.860454E+01   0.984975E+01   0.107899E+01   0.147952E+02   0.254484E+02
   0.342520E+02   0.277390E+02   0.639025E-02   0.860454E+01   0.117578E+02   0.110174E+01   0.109794E+02   0.242975E+02
   0.343048E+02   0.272444E+02   0.577382E-02   0.113900E+02   0.930529E+01   0.201219E+00   0.150073E+02   0.260032E+02
   0.343048E+02   0.270299E+02   0.548309E-02   0.886737E+01   0.170681E+02   0.395225E+00   0.225633E+02   0.187960E+02
   0.342837E+02   0.274957E+02   0.549128E-02   0.113115E+02   0.119847E+02   0.138120E+01   0.164110E+02   0.246041E+02
   0.342943E+02   0.278003E+02   0.531218E-02   0.122417E+02   0.119847E+02   0.225250E+00   0.137578E+02   0.250798E+02
   0.343666E+02   0.279478E+02   0.625205E-02   0.896308E+01   0.119539E+02   0.340953E+00   0.151714E+02   0.258212E+02
   0.342860E+02   0.277019E+02   0.553931E-02   0.102833E+02   0.990044E+01   0.160619E+01   0.183779E+02   0.249515E+02
   0.343364E+02   0.272263E+02   0.628943E-02   0.125612E+02   0.694308E+01   0.167488E+01   0.173436E+02   0.227564E+02
   0.343364E+02   0.279590E+02   0.481472E-02   0.874428E+01   0.941417E+01   0.133503E+01   0.126357E+02   0.240179E+02
   0.344147E+02   0.273475E+02   0.558091E-02   0.102967E+02   0.110212E+02   0.984368E+00   0.167640E+02   0.257505E+02
   0.343253E+02   0.281021E+02   0.601874E-02   0.102967E+02   0.983741E+01   0.417343E+00   0.126612E+02   0.262306E+02
   0.342540E+02   0.277532E+02   0.639536E-02   0.896286E+01   0.100418E+02   0.188014E+01   0.147243E+02   0.249169E+02
   0.342540E+02   0.277532E+02   0.621488E-02   0.115004E+02   0.867833E+01   0.259283E+01   0.162423E+02   0.233069E+02
   0.341230E+02   0.277972E+02   0.697493E-02   0.791204E+01   0.146307E+02   0.178542E+00   0.123683E+02   0.212116E+02
   0.343954E+02   0.269763E+02   0.628171E-02   0.109291E+02   0.708728E+01   0.482404E-01   0.224509E+02   0.222821E+02
   0.341361E+02   0.274896E+02   0.585940E-02   0.899813E+01   0.116723E+02   0.755707E+00   0.122151E+02   0.234585E+02
   0.344516E+02   0.274762E+02   0.750563E-02   0.106607E+02   0.896908E+01   0.886262E+00   0.174305E+02   0.235863E+02
   0.344071E+02   0.276308E+02   0.498316E-02   0.119001E+02   0.102160E+02   0.528942E+00   0.115175E+02   0.243101E+02
   0.342286E+02   0.277764E+02   0.546126E-02   0.106365E+02   0.108728E+02   0.528942E+00   0.110560E+02   0.248421E+02
   0.344611E+02   0.279314E+02   0.495976E-02   0.114625E+02   0.850397E+01   0.950802E+00   0.156934E+02   0.232660E+02
   0.344611E+02   0.265749E+02   0.563535E-02   0.820085E+01   0.729745E+01   0.121709E+01   0.151839E+02   0.227342E+02
   0.344611E+02   0.270911E+02   0.589107E-02   0.909525E+01   0.840852E+01   0.181905E+00   0.151826E+02   0.259497E+02
   0.343735E+02   0.281948E+02   0.648060E-02   0.948146E+01   0.144859E+02   0.164924E-01   0.119027E+02   0.233730E+02
   0.344993E+02   0.280249E+02   0.586975E-02   0.122468E+02   0.108974E+02   0.901742E+00   0.141754E+02   0.237238E+02
   0.343190E+02   0.279073E+02   0.609068E-02   0.767324E+01   0.131494E+02   0.103508E+01   0.181229E+02   0.238710E+02
   0.343190E+02   0.279073E+02   0.559588E-02   0.867748E+01   0.906539E+01   0.194889E+01   0.141606E+02   0.251622E+02
   0.343868E+02   0.279582E+02   0.791625E-02   0.111607E+02   0.833653E+01   0.113920E+01   0.193902E+02   0.215260E+02
   0.343868E+02   0.278375E+02   0.514253E-02   0.101685E+02   0.766266E+01   0.188438E+01   0.159062E+02   0.238293E+02
   0.344981E+02   0.271137E+02   0.564473E-02   0.852948E+01   0.933906E+01   0.982857E+00   0.228153E+02   0.226006E+02
   0.344981E+02   0.268448E+02   0.657752E-02   0.110793E+02   0.116538E+02   0.110669E+01   0.123694E+02   0.237070E+02
   0.344279E+02   0.267094E+02   0.629882E-02   0.140274E+02   0.761376E+01   0.233968E+01   0.147591E+02   0.208479E+02
   0.342446E+02   0.281562E+02   0.605999E-02   0.152716E+02   0.964067E+01   0.338650E-01   0.185966E+02   0.227968E+02
   0.342446E+02   0.276301E+02   0.553750E-02   0.999073E+01   0.115692E+02   0.203946E+00   0.168585E+02   0.254902E+02
   0.342446E+02   0.280214E+02   0.587742E-02   0.109080E+02   0.129422E+02   0.264964E+00   0.151344E+02   0.250849E+02
   0.342773E+02   0.289716E+02   0.546094E-02   0.113479E+02   0.137298E+02   0.580293E+00   0.163074E+02   0.210793E+02
   0.343728E+02   0.279561E+02   0.730573E-02   0.992237E+01   0.822403E+01   0.265688E+00   0.254598E+02   0.206518E+02
   0.345797E+02   0.273479E+02   0.629070E-02   0.100101E+02   0.114520E+02   0.143661E+01   0.116740E+02   0.229585E+02
   0.343200E+02   0.274872E+02   0.575140E-02   0.909471E+01   0.109070E+02   0.872856E+00   0.133714E+02   0.262998E+02
   0.344481E+02   0.281482E+02   0.705176E-02   0.122826E+02   0.112402E+02   0.369607E+01   0.122123E+02   0.185165E+02
   0.344481E+02   0.281482E+02   0.628019E-02   0.121060E+02   0.928620E+01   0.154125E+01   0.150387E+02   0.238054E+02
   0.339934E+02   0.287256E+02   0.620817E-02   0.576398E+01   0.112111E+02   0.527005E+00   0.203456E+02   0.165265E+02
   0.343791E+02   0.276856E+02   0.552631E-02   0.924469E+01   0.122908E+02   0.712998E+00   0.134955E+02   0.257773E+02
   0.342588E+02   0.281145E+02   0.592218E-02   0.106756E+02   0.703029E+01   0.262156E+01   0.153229E+02   0.225457E+02
   0.342911E+02   0.276330E+02   0.559092E-02   0.735087E+01   0.759983E+01   0.298600E+00   0.119015E+02   0.246969E+02
   0.343790E+02   0.270570E+02   0.566485E-02   0.118941E+02   0.101098E+02   0.189258E+00   0.250473E+02   0.219119E+02
   0.343790E+02   0.273744E+02   0.528814E-02   0.139525E+02   0.974855E+01   0.189258E+00   0.173766E+02   0.242907E+02
   0.343257E+02   0.282135E+02   0.586444E-02   0.842735E+01   0.861069E+01   0.558973E+00   0.141421E+02   0.258716E+02
   0.343257E+02   0.285069E+02   0.665030E-02   0.104206E+02   0.115174E+02   0.822003E-01   0.170153E+02   0.243720E+02
   0.344017E+02   0.270935E+02   0.625206E-02   0.109807E+02   0.954191E+01   0.115383E+01   0.111584E+02   0.247912E+02
   0.344017E+02   0.274604E+02   0.704853E-02   0.137631E+02   0.112751E+02   0.289054E+00   0.126248E+02   0.234634E+02
   0.343275E+02   0.284092E+02   0.675820E-02   0.993416E+01   0.119938E+02   0.510258E+00   0.152757E+02   0.245606E+02
   0.342009E+02   0.283993E+02   0.552144E-02   0.816244E+01   0.108473E+02   0.791652E-01   0.103169E+02   0.233963E+02
   0.343664E+02   0.274293E+02   0.584112E-02   0.827925E+01   0.787811E+01   0.423097E+01   0.108263E+02   0.192114E+02
   0.341404E+02   0.282425E+02   0.536277E-02   0.104729E+02   0.899185E+01   0.187333E+01   0.154546E+02   0.228684E+02
   0.344676E+02   0.273219E+02   0.570306E-02   0.104729E+02   0.815649E+01   0.182763E+01   0.130152E+02   0.244909E+02
   0.344341E+02   0.268118E+02   0.817472E-02   0.124359E+02   0.940847E+01   0.325958E+00   0.155892E+02   0.215527E+02
   0.345156E+02   0.260648E+02   0.593208E-02   0.108242E+02   0.124408E+02   0.120578E+01   0.165664E+02   0.201385E+02
   0.345215E+02   0.262472E+02   0.822442E-02   0.108467E+02   0.995749E+01   0.144094E+01   0.193247E+02   0.187833E+02
   0.345215E+02   0.262472E+02   0.609454E-02   0.768823E+01   0.116363E+02   0.167920E+00   0.206742E+02   0.204656E+02
   0.341556E+02   0.274137E+02   0.628768E-02   0.130013E+02   0.968248E+01   0.129029E+01   0.191838E+02   0.220476E+02
   0.341556E+02   0.271754E+02   0.766913E-02   0.903327E+01   0.967823E+01   0.705566E+00   0.146011E+02   0.224690E+02
   0.344367E+02   0.278803E+02   0.639642E-02   0.765611E+01   0.969556E+01   0.208996E+01   0.214823E+02   0.217496E+02
   0.344913E+02   0.278803E+02   0.706585E-02   0.765611E+01   0.732450E+01   0.740094E+00   0.161514E+02   0.227300E+02
   0.344916E+02   0.276551E+02   0.617363E-02   0.930143E+01   0.126755E+02   0.206634E+01   0.131320E+02   0.232133E+02
   0.343395E+02   0.272601E+02   0.694408E-02   0.977292E+01   0.988149E+01   0.103678E+01   0.131320E+02   0.251454E+02
   0.343395E+02   0.272490E+02   0.735123E-02   0.117508E+02   0.120031E+02   0.161122E+01   0.149446E+02   0.227861E+02
   0.344567E+02   0.268262E+02   0.714507E-02   0.999814E+01   0.105433E+02   0.328688E+00   0.196289E+02   0.232320E+02
   0.341894E+02   0.275306E+02   0.511422E-02   0.105071E+02   0.794311E+01   0.183517E+01   0.124443E+02   0.223454E+02
   0.341620E+02   0.272604E+02   0.591232E-02   0.119535E+02   0.113376E+02   0.806292E+00   0.130386E+02   0.230753E+02
   0.343639E+02   0.283462E+02   0.449438E-02   0.112700E+02   0.982200E+01   0.293477E+01   0.148766E+02   0.184452E+02
   0.342652E+02   0.285175E+02   0.709607E-02   0.124552E+02   0.103892E+02   0.701099E+00   0.130223E+02   0.234665E+02
   0.342648E+02   0.280051E+02   0.564225E-02   0.121771E+02   0.110910E+02   0.275751E+00   0.184825E+02   0.247517E+02
   0.342930E+02   0.284356E+02   0.683897E-02   0.131217E+02   0.902425E+01   0.275751E+00   0.240737E+02   0.206659E+02
   0.345673E+02   0.273031E+02   0.558055E-02   0.895509E+01   0.986064E+01   0.102311E+01   0.127442E+02   0.239301E+02
   0.343259E+02   0.274294E+02   0.614342E-02   0.813453E+01   0.710994E+01   0.848097E+00   0.189868E+02   0.240941E+02
   0.342171E+02   0.283301E+02   0.640354E-02   0.818516E+01   0.111244E+02   0.527623E+00   0.183689E+02   0.243172E+02
   0.342869E+02   0.277191E+02   0.676649E-02   0.776888E+01   0.744902E+01   0.983517E+00   0.113186E+02   0.236349E+02
   0.344077E+02   0.273747E+02   0.571645E-02   0.971667E+01   0.121938E+02   0.968385E+00   0.128029E+02   0.255426E+02
   0.342359E+02   0.278989E+02   0.571645E-02   0.845445E+01   0.914299E+01   0.181894E+01   0.169960E+02   0.246315E+02
   0.342623E+02   0.271113E+02   0.562127E-02   0.807821E+01   0.862409E+01   0.108792E+01   0.193613E+02   0.234276E+02
   0.344240E+02   0.281023E+02   0.741505E-02   0.590900E+01   0.111050E+02   0.495932E+00   0.140879E+02   0.210529E+02
   0.342689E+02   0.281326E+02   0.696198E-02   0.830541E+01   0.116957E+02   0.122849E+01   0.183054E+02   0.234821E+02
   0.345546E+02   0.271084E+02   0.627147E-02   0.104068E+02   0.982437E+01   0.155518E+01   0.173571E+02   0.237868E+02
   0.345546E+02   0.276825E+02   0.570905E-02   0.110985E+02   0.989455E+01   0.100493E+01   0.128797E+02   0.238566E+02
   0.344145E+02   0.279814E+02   0.570905E-02   0.118134E+02   0.121599E+02   0.362397E+00   0.154604E+02   0.249595E+02
   0.343189E+02   0.278958E+02   0.517794E-02   0.103099E+02   0.120810E+02   0.112192E+01   0.142335E+02   0.250205E+02
   0.343129E+02   0.273649E+02   0.451582E-02   0.943947E+01   0.748026E+01   0.733243E+00   0.167498E+02   0.222477E+02
   0.344100E+02   0.274586E+02   0.631014E-02   0.131312E+02   0.100993E+02   0.194276E+01   0.124290E+02   0.236766E+02
   0.341812E+02   0.277854E+02   0.720923E-02   0.116368E+02   0.139024E+02   0.228905E+01   0.187502E+02   0.196224E+02
   0.346354E+02   0.256374E+02   0.688107E-02   0.120000E+02   0.122691E+02   0.591633E+00   0.136822E+02   0.174744E+02
   0.344646E+02   0.271251E+02   0.675871E-02   0.888191E+01   0.100117E+02   0.140398E+01   0.149824E+02   0.247798E+02
   0.344377E+02   0.275830E+02   0.704343E-02   0.121265E+02   0.101801E+02   0.969339E+00   0.140818E+02   0.243697E+02
   0.344377E+02   0.270179E+02   0.706046E-02   0.857221E+01   0.920893E+01   0.191239E+00   0.126191E+02   0.247163E+02
   0.343352E+02   0.277444E+02   0.593810E-02   0.659760E+01   0.106631E+02   0.935745E+00   0.173030E+02   0.243219E+02
   0.344310E+02   0.277444E+02   0.677336E-02   0.800198E+01   0.783877E+01   0.424859E+00   0.188024E+02   0.239663E+02
   0.344440E+02   0.269034E+02   0.596909E-02   0.786194E+01   0.146302E+02   0.105872E+01   0.185720E+02   0.220244E+02
   0.344366E+02   0.275037E+02   0.641361E-02   0.866509E+01   0.951363E+01   0.804495E+00   0.126832E+02   0.257718E+02
   0.344004E+02   0.277257E+02   0.646332E-02   0.147721E+02   0.108644E+02   0.100624E+01   0.171075E+02   0.231819E+02
   0.342849E+02   0.284382E+02   0.569268E-02   0.934648E+01   0.143726E+02   0.715735E+00   0.152779E+02   0.234960E+02
   0.343244E+02   0.276838E+02   0.641211E-02   0.922244E+01   0.856489E+01   0.192397E+01   0.161890E+02   0.248954E+02
   0.344633E+02   0.279954E+02   0.629772E-02   0.128211E+02   0.123644E+02   0.853063E+00   0.162715E+02   0.233463E+02
   0.343717E+02   0.279954E+02   0.663674E-02   0.777409E+01   0.134850E+02   0.559577E+00   0.128742E+02   0.238131E+02
   0.342402E+02   0.285202E+02   0.615364E-02   0.842675E+01   0.940379E+01   0.859262E+00   0.176224E+02   0.245809E+02
   0.342473E+02   0.278113E+02   0.548799E-02   0.895420E+01   0.865775E+01   0.660184E+00   0.135238E+02   0.259854E+02
   0.343483E+02   0.276121E+02   0.727192E-02   0.945162E+01   0.107344E+02   0.969918E+00   0.148163E+02   0.247878E+02
   0.342302E+02   0.278587E+02   0.579383E-02   0.743948E+01   0.113761E+02   0.235571E+01   0.127220E+02   0.229715E+02
   0.342187E+02   0.272908E+02   0.710090E-02   0.105761E+02   0.968904E+01   0.639013E+00   0.197183E+02   0.231490E+02
   0.344301E+02   0.268575E+02   0.615959E-02   0.988106E+01   0.915186E+01   0.336500E+00   0.968117E+01   0.237886E+02
   0.343534E+02   0.278447E+02   0.624686E-02   0.839604E+01   0.886128E+01   0.125330E+01   0.179212E+02   0.252319E+02
   0.342529E+02   0.290547E+02   0.695928E-02   0.103480E+02   0.996091E+01   0.115633E+00   0.108817E+02   0.223903E+02
   0.342076E+02   0.287036E+02   0.666496E-02   0.996506E+01   0.687087E+01   0.306159E-01   0.126803E+02   0.231040E+02
   0.342076E+02   0.276052E+02   0.569052E-02   0.995496E+01   0.109485E+02   0.278316E+00   0.158395E+02   0.255932E+02
   0.344066E+02   0.272214E+02   0.632851E-02   0.117293E+02   0.990197E+01   0.434433E+00   0.166648E+02   0.256164E+02
   0.343598E+02   0.277593E+02   0.546366E-02   0.123432E+02   0.117163E+02   0.194358E+00   0.205446E+02   0.239087E+02
   0.343234E+02   0.275758E+02   0.582979E-02   0.918911E+01   0.100088E+02   0.145265E+00   0.119413E+02   0.264764E+02
   0.343061E+02   0.277108E+02   0.616951E-02   0.755590E+01   0.781438E+01   0.134709E+01   0.131024E+02   0.247738E+02
   0.343061E+02   0.273786E+02   0.590482E-02   0.954488E+01   0.147162E+02   0.260023E+00   0.162900E+02   0.242605E+02
   0.344204E+02   0.273786E+02   0.580080E-02   0.916536E+01   0.121760E+02   0.172205E+01   0.146047E+02   0.249036E+02
   0.342543E+02   0.282802E+02   0.726720E-02   0.856595E+01   0.106950E+02   0.851737E-02   0.165513E+02   0.242308E+02
   0.343998E+02   0.271157E+02   0.572636E-02   0.124737E+02   0.727237E+01   0.889133E+00   0.156690E+02   0.242947E+02
   0.343998E+02   0.279645E+02   0.639385E-02   0.108994E+02   0.120356E+02   0.602298E-01   0.247182E+02   0.217791E+02
   0.345131E+02   0.274691E+02   0.633704E-02   0.844396E+01   0.114873E+02   0.342121E+00   0.125949E+02   0.248493E+02
   0.345131E+02   0.280537E+02   0.620299E-02   0.128669E+02   0.101425E+02   0.625464E+00   0.140699E+02   0.235219E+02
   0.343933E+02   0.271967E+02   0.578508E-02   0.139970E+02   0.982204E+01   0.682904E+00   0.153431E+02   0.246705E+02
   0.343070E+02   0.282268E+02   0.687267E-02   0.765974E+01   0.848699E+01   0.100800E+00   0.157585E+02   0.246375E+02
   0.343733E+02   0.280534E+02   0.694032E-02   0.111653E+02   0.984413E+01   0.130885E+01   0.123112E+02   0.243154E+02
   0.342634E+02   0.278561E+02   0.778200E-02   0.733332E+01   0.715408E+01   0.440713E+00   0.163185E+02   0.217785E+02
   0.342881E+02   0.278561E+02   0.567624E-02   0.937390E+01   0.742411E+01   0.315055E+00   0.110230E+02   0.250291E+02
   0.344465E+02   0.267963E+02   0.718328E-02   0.968618E+01   0.910197E+01   0.724746E+00   0.176648E+02   0.237342E+02
   0.344529E+02   0.269842E+02   0.678277E-02   0.129830E+02   0.101540E+02   0.563104E+00   0.111688E+02   0.233618E+02
   0.344529E+02   0.267296E+02   0.613878E-02   0.105707E+02   0.108332E+02   0.113204E+01   0.172618E+02   0.242409E+02
   0.343524E+02   0.271645E+02   0.636989E-02   0.135041E+02   0.132188E+02   0.477243E+00   0.203427E+02   0.220249E+02
   0.343715E+02   0.274390E+02   0.759409E-02   0.130562E+02   0.118476E+02   0.104620E+01   0.159889E+02   0.223109E+02
   0.343664E+02   0.274390E+02   0.526570E-02   0.133905E+02   0.113324E+02   0.314238E-01   0.133609E+02   0.247272E+02
   0.344189E+02   0.274390E+02   0.664192E-02   0.811717E+01   0.126613E+02   0.116140E+00   0.261156E+02   0.204832E+02
   0.342057E+02   0.280287E+02   0.587350E-02   0.125445E+02   0.138194E+02   0.868087E+00   0.147644E+02   0.233280E+02
   0.345786E+02   0.274091E+02   0.741607E-02   0.120517E+02   0.993655E+01   0.750754E+00   0.152452E+02   0.225418E+02
   0.342734E+02   0.279995E+02   0.672062E-02   0.128894E+02   0.103764E+02   0.757233E+00   0.212317E+02   0.227596E+02
   0.342734E+02   0.279995E+02   0.664575E-02   0.138615E+02   0.122166E+02   0.194286E-01   0.161668E+02   0.235511E+02
   0.342734E+02   0.282282E+02   0.540409E-02   0.612250E+01   0.117078E+02   0.701091E+00   0.167165E+02   0.224744E+02
   0.344145E+02   0.266924E+02   0.589909E-02   0.982916E+01   0.767450E+01   0.161714E+01   0.135318E+02   0.236282E+02
   0.340914E+02   0.268379E+02   0.725985E-02   0.723477E+01   0.103592E+02   0.270466E+01   0.232320E+02   0.143857E+02
   0.342751E+02   0.282488E+02   0.583348E-02   0.123962E+02   0.975751E+01   0.245091E+00   0.159772E+02   0.253401E+02
   0.343031E+02   0.277563E+02   0.562586E-02   0.119503E+02   0.116294E+02   0.620818E+00   0.141499E+02   0.256522E+02
   0.341289E+02   0.283206E+02   0.607356E-02   0.119899E+02   0.116247E+02   0.316148E+00   0.145379E+02   0.238208E+02
   0.343410E+02   0.274066E+02   0.469976E-02   0.600674E+01   0.108215E+02   0.192431E+00   0.145379E+02   0.218194E+02
   0.342767E+02   0.274066E+02   0.550067E-02   0.914049E+01   0.844511E+01   0.582724E+00   0.114853E+02   0.253629E+02
   0.341812E+02   0.272478E+02   0.677630E-02   0.136964E+02   0.777057E+01   0.939066E+00   0.190155E+02   0.210406E+02
   0.342714E+02   0.284692E+02   0.561579E-02   0.743423E+01   0.983038E+01   0.166256E+01   0.172220E+02   0.233284E+02
   0.344347E+02   0.274159E+02   0.704418E-02   0.128958E+02   0.106224E+02   0.256345E+00   0.218646E+02   0.221267E+02
   0.342080E+02   0.280898E+02   0.721992E-02   0.993657E+01   0.121999E+02   0.321963E+00   0.163960E+02   0.238693E+02
   0.344474E+02   0.270944E+02   0.552403E-02   0.776781E+01   0.993208E+01   0.785566E+00   0.133642E+02   0.252378E+02
   0.344705E+02   0.274209E+02   0.585487E-02   0.105040E+02   0.849205E+01   0.114922E+01   0.173880E+02   0.251293E+02
   0.342515E+02   0.274653E+02   0.532708E-02   0.105040E+02   0.109541E+02   0.125625E+01   0.136168E+02   0.249223E+02
   0.341641E+02   0.274653E+02   0.683908E-02   0.867518E+01   0.961792E+01   0.128622E+01   0.211056E+02   0.219664E+02
   0.341641E+02   0.283346E+02   0.729642E-02   0.103991E+02   0.961792E+01   0.536125E+00   0.140398E+02   0.239479E+02
   0.344660E+02   0.275375E+02   0.635477E-02   0.970099E+01   0.841149E+01   0.429176E+00   0.121003E+02   0.254665E+02
   0.342186E+02   0.282537E+02   0.607658E-02   0.129773E+02   0.104281E+02   0.376857E+00   0.138143E+02   0.247444E+02
   0.342716E+02   0.272489E+02   0.794923E-02   0.984904E+01   0.120136E+02   0.134699E+01   0.157062E+02   0.219112E+02
   0.343621E+02   0.277045E+02   0.833541E-02   0.719047E+01   0.139955E+02   0.719414E+00   0.187119E+02   0.190110E+02
   0.343308E+02   0.277045E+02   0.512973E-02   0.103909E+02   0.828563E+01   0.411628E+00   0.141392E+02   0.258720E+02
   0.345174E+02   0.272362E+02   0.627665E-02   0.100606E+02   0.929823E+01   0.110973E+00   0.113347E+02   0.249179E+02
   0.340847E+02   0.271350E+02   0.665195E-02   0.857054E+01   0.135051E+02   0.519794E+00   0.196510E+02   0.192817E+02
   0.343834E+02   0.281805E+02   0.581445E-02   0.937408E+01   0.125027E+02   0.243660E+01   0.156763E+02   0.229710E+02
   0.343902E+02   0.274056E+02   0.598474E-02   0.117004E+02   0.778307E+01   0.969773E+00   0.153024E+02   0.254325E+02
   0.343902E+02   0.279301E+02   0.561755E-02   0.104053E+02   0.121437E+02   0.639741E+00   0.176298E+02   0.250836E+02
   0.343826E+02   0.280115E+02   0.566757E-02   0.976934E+01   0.894637E+01   0.166563E+01   0.180989E+02   0.246849E+02
   0.345345E+02   0.280115E+02   0.615563E-02   0.169463E+02   0.139952E+02   0.603797E+00   0.194438E+02   0.174602E+02
   0.343148E+02   0.276920E+02   0.581145E-02   0.997399E+01   0.148954E+02   0.115596E+01   0.125844E+02   0.237880E+02
   0.343089E+02   0.268712E+02   0.676105E-02   0.110194E+02   0.733728E+01   0.336517E+00   0.190292E+02   0.228054E+02
   0.343942E+02   0.286562E+02   0.600208E-02   0.760320E+01   0.102969E+02   0.130277E+00   0.130702E+02   0.236008E+02
   0.340926E+02   0.282168E+02   0.572091E-02   0.972053E+01   0.118720E+02   0.142519E+01   0.149573E+02   0.226287E+02
   0.341436E+02   0.269033E+02   0.587979E-02   0.130584E+02   0.114770E+02   0.253195E+00   0.195482E+02   0.195971E+02
   0.342822E+02   0.286556E+02   0.639987E-02   0.113556E+02   0.922846E+01   0.376250E+00   0.193909E+02   0.236210E+02
   0.343955E+02   0.277667E+02   0.579012E-02   0.956741E+01   0.830593E+01   0.602241E+00   0.130991E+02   0.262348E+02
   0.343067E+02   0.279710E+02   0.602090E-02   0.102375E+02   0.115309E+02   0.163205E+01   0.121766E+02   0.249243E+02
   0.343241E+02   0.279710E+02   0.616698E-02   0.109875E+02   0.967590E+01   0.250864E+00   0.972045E+01   0.245178E+02
   0.343361E+02   0.280752E+02   0.582838E-02   0.109875E+02   0.103095E+02   0.398294E+00   0.170896E+02   0.258839E+02
   0.344140E+02   0.276544E+02   0.590579E-02   0.757238E+01   0.955091E+01   0.821090E+00   0.154441E+02   0.257662E+02
   0.343768E+02   0.272438E+02   0.628737E-02   0.900513E+01   0.102897E+02   0.131150E+01   0.140521E+02   0.257775E+02
   0.341274E+02   0.282718E+02   0.603381E-02   0.104244E+02   0.812489E+01   0.217767E+00   0.272615E+02   0.194344E+02
   0.341274E+02   0.282718E+02   0.516021E-02   0.798980E+01   0.916877E+01   0.147664E+01   0.179836E+02   0.217368E+02
   0.342017E+02   0.277589E+02   0.676242E-02   0.138407E+02   0.916877E+01   0.125952E+01   0.154988E+02   0.231132E+02
   0.341939E+02   0.268371E+02   0.924002E-02   0.962376E+01   0.725563E+01   0.627761E+00   0.148064E+02   0.177507E+02
   0.345799E+02   0.267689E+02   0.745074E-02   0.124608E+02   0.124907E+02   0.159224E+01   0.179906E+02   0.198649E+02
   0.343931E+02   0.267689E+02   0.652296E-02   0.124849E+02   0.954486E+01   0.796346E+00   0.226023E+02   0.216842E+02
   0.343841E+02   0.275056E+02   0.763940E-02   0.147059E+02   0.125444E+02   0.583532E+00   0.116190E+02   0.206409E+02
   0.343430E+02   0.279156E+02   0.610909E-02   0.775595E+01   0.993782E+01   0.520326E+00   0.158378E+02   0.259718E+02
   0.343485E+02   0.279156E+02   0.624899E-02   0.118941E+02   0.134393E+02   0.251088E+00   0.198542E+02   0.233821E+02
   0.343485E+02   0.280669E+02   0.572961E-02   0.767189E+01   0.102758E+02   0.394086E+00   0.181766E+02   0.251266E+02
   0.343485E+02   0.274464E+02   0.635847E-02   0.770500E+01   0.131113E+02   0.963248E+00   0.190430E+02   0.235354E+02
   0.343485E+02   0.272212E+02   0.652695E-02   0.129482E+02   0.687327E+01   0.471250E+00   0.142010E+02   0.236499E+02
   0.341783E+02   0.280332E+02   0.564026E-02   0.974455E+01   0.848051E+01   0.140337E+01   0.144142E+02   0.246990E+02
   0.344214E+02   0.277026E+02   0.589788E-02   0.161020E+02   0.102143E+02   0.238046E+00   0.182791E+02   0.225797E+02
   0.344214E+02   0.277875E+02   0.565074E-02   0.710673E+01   0.847910E+01   0.192322E+01   0.172209E+02   0.233750E+02
   0.343198E+02   0.272022E+02   0.572236E-02   0.833908E+01   0.755321E+01   0.326629E+00   0.129380E+02   0.252949E+02
   0.343301E+02   0.278716E+02   0.505218E-02   0.936585E+01   0.503043E+01   0.570764E+00   0.144284E+02   0.206037E+02
   0.343301E+02   0.278716E+02   0.575002E-02   0.101519E+02   0.113360E+02   0.241587E+00   0.111514E+02   0.256714E+02
   0.344010E+02   0.272534E+02   0.658382E-02   0.962930E+01   0.930940E+01   0.302720E+00   0.164531E+02   0.259735E+02
   0.344010E+02   0.268022E+02   0.648574E-02   0.984189E+01   0.806240E+01   0.449438E+00   0.123655E+02   0.247036E+02
   0.341394E+02   0.284438E+02   0.562907E-02   0.984189E+01   0.129265E+02   0.119235E+01   0.137209E+02   0.229181E+02
   0.343593E+02   0.282241E+02   0.650798E-02   0.874211E+01   0.103536E+02   0.145433E+01   0.184405E+02   0.241446E+02
   0.343593E+02   0.271633E+02   0.597395E-02   0.105432E+02   0.939075E+01   0.138014E+01   0.149681E+02   0.257111E+02
   0.343709E+02   0.272814E+02   0.548168E-02   0.106714E+02   0.651103E+01   0.160659E+01   0.110293E+02   0.227122E+02
   0.345546E+02   0.283657E+02   0.648742E-02   0.164320E+02   0.115712E+02   0.931320E+00   0.184394E+02   0.177498E+02
   0.342663E+02   0.272495E+02   0.629901E-02   0.104016E+02   0.107021E+02   0.221894E+01   0.891066E+01   0.210882E+02
   0.342663E+02   0.280005E+02   0.589058E-02   0.106132E+02   0.111888E+02   0.164924E+00   0.152496E+02   0.261928E+02
   0.343391E+02   0.274902E+02   0.492515E-02   0.107827E+02   0.104077E+02   0.372263E+00   0.173796E+02   0.249757E+02
   0.343001E+02   0.269961E+02   0.679714E-02   0.114809E+02   0.111398E+02   0.133852E+01   0.184868E+02   0.230642E+02
   0.342749E+02   0.275658E+02   0.714046E-02   0.942418E+01   0.772953E+01   0.911225E+00   0.198690E+02   0.231338E+02
   0.344102E+02   0.273731E+02   0.560322E-02   0.868689E+01   0.933077E+01   0.145077E+01   0.136752E+02   0.257552E+02
   0.344674E+02   0.280948E+02   0.743761E-02   0.134904E+02   0.102682E+02   0.710034E+00   0.158071E+02   0.221049E+02
   0.344375E+02   0.271777E+02   0.526359E-02   0.135668E+02   0.785558E+01   0.165634E+00   0.185883E+02   0.231470E+02
   0.344375E+02   0.271777E+02   0.535425E-02   0.990285E+01   0.121192E+02   0.635048E+00   0.135503E+02   0.252256E+02
   0.344375E+02   0.277176E+02   0.570149E-02   0.842659E+01   0.101227E+02   0.477236E+00   0.191140E+02   0.250975E+02
