X1_obs         X1_true        Y1_obs         Y2_obs         Y3_obs         Y4_obs         Y1_unbiased    Y2_unbiased    Y3_unbiased    Y4_unbiased    Y1_sim         Y2_sim         Y3_sim         Y4_sim         Y1_res         Y2_res         Y3_res         Y4_res         Y1_stdres      Y2_stdres      Y3_stdres      Y4_stdres      
   0.000000E+00   0.000000E+00  -0.999900E+04  -0.999900E+04  -0.999900E+04  -0.999900E+04  -0.999900E+04  -0.999900E+04  -0.999900E+04  -0.999900E+04   0.112444E+00   0.785461E-01   0.576292E-01   0.426985E-01  -0.999900E+04  -0.999900E+04  -0.999900E+04  -0.999900E+04  -0.999900E+04  -0.999900E+04  -0.999900E+04  -0.999900E+04
   0.600000E-01   0.600000E-01   0.112546E+00   0.782550E-01   0.572459E-01   0.435692E-01   0.112546E+00   0.782550E-01   0.572459E-01   0.435692E-01   0.112381E+00   0.784791E-01   0.575649E-01   0.426351E-01   0.165501E-03  -0.224107E-03  -0.319059E-03   0.934027E-03   0.179935E+00  -0.404395E+00  -0.695393E+00   0.646389E+00
   0.504000E+00   0.504000E+00  -0.999900E+04  -0.999900E+04  -0.999900E+04  -0.999900E+04  -0.999900E+04  -0.999900E+04  -0.999900E+04  -0.999900E+04   0.111915E+00   0.779834E-01   0.570896E-01   0.421667E-01  -0.999900E+04  -0.999900E+04  -0.999900E+04  -0.999900E+04  -0.999900E+04  -0.999900E+04  -0.999900E+04  -0.999900E+04
   0.604000E+00   0.604000E+00  -0.999900E+04  -0.999900E+04  -0.999900E+04  -0.999900E+04  -0.999900E+04  -0.999900E+04  -0.999900E+04  -0.999900E+04   0.111810E+00   0.778718E-01   0.569826E-01   0.420613E-01  -0.999900E+04  -0.999900E+04  -0.999900E+04  -0.999900E+04  -0.999900E+04  -0.999900E+04  -0.999900E+04  -0.999900E+04
   0.650000E+00   0.650000E+00   0.111933E+00   0.776414E-01   0.566323E-01   0.429556E-01   0.111933E+00   0.776414E-01   0.566323E-01   0.429556E-01   0.111762E+00   0.778204E-01   0.569334E-01   0.420128E-01   0.170401E-03  -0.178957E-03  -0.301129E-03   0.942757E-03   0.185262E+00  -0.322923E+00  -0.656315E+00   0.652431E+00
   0.704000E+00   0.704000E+00  -0.999900E+04  -0.999900E+04  -0.999900E+04  -0.999900E+04  -0.999900E+04  -0.999900E+04  -0.999900E+04  -0.999900E+04   0.111706E+00   0.777601E-01   0.568756E-01   0.419559E-01  -0.999900E+04  -0.999900E+04  -0.999900E+04  -0.999900E+04  -0.999900E+04  -0.999900E+04  -0.999900E+04  -0.999900E+04
   0.804000E+00   0.804000E+00  -0.999900E+04  -0.999900E+04  -0.999900E+04  -0.999900E+04  -0.999900E+04  -0.999900E+04  -0.999900E+04  -0.999900E+04   0.111601E+00   0.776484E-01   0.567686E-01   0.418505E-01  -0.999900E+04  -0.999900E+04  -0.999900E+04  -0.999900E+04  -0.999900E+04  -0.999900E+04  -0.999900E+04  -0.999900E+04
   0.904000E+00   0.904000E+00  -0.999900E+04  -0.999900E+04  -0.999900E+04  -0.999900E+04  -0.999900E+04  -0.999900E+04  -0.999900E+04  -0.999900E+04   0.111496E+00   0.775367E-01   0.566617E-01   0.417452E-01  -0.999900E+04  -0.999900E+04  -0.999900E+04  -0.999900E+04  -0.999900E+04  -0.999900E+04  -0.999900E+04  -0.999900E+04
   0.100400E+01   0.100400E+01  -0.999900E+04  -0.999900E+04  -0.999900E+04  -0.999900E+04  -0.999900E+04  -0.999900E+04  -0.999900E+04  -0.999900E+04   0.111392E+00   0.774250E-01   0.565548E-01   0.416398E-01  -0.999900E+04  -0.999900E+04  -0.999900E+04  -0.999900E+04  -0.999900E+04  -0.999900E+04  -0.999900E+04  -0.999900E+04
   0.110400E+01   0.110400E+01  -0.999900E+04  -0.999900E+04  -0.999900E+04  -0.999900E+04  -0.999900E+04  -0.999900E+04  -0.999900E+04  -0.999900E+04   0.111288E+00   0.773132E-01   0.564478E-01   0.415345E-01  -0.999900E+04  -0.999900E+04  -0.999900E+04  -0.999900E+04  -0.999900E+04  -0.999900E+04  -0.999900E+04  -0.999900E+04
   0.120400E+01   0.120400E+01  -0.999900E+04  -0.999900E+04  -0.999900E+04  -0.999900E+04  -0.999900E+04  -0.999900E+04  -0.999900E+04  -0.999900E+04   0.111183E+00   0.772014E-01   0.563409E-01   0.414293E-01  -0.999900E+04  -0.999900E+04  -0.999900E+04  -0.999900E+04  -0.999900E+04  -0.999900E+04  -0.999900E+04  -0.999900E+04
   0.130400E+01   0.130400E+01  -0.999900E+04  -0.999900E+04  -0.999900E+04  -0.999900E+04  -0.999900E+04  -0.999900E+04  -0.999900E+04  -0.999900E+04   0.111079E+00   0.770897E-01   0.562340E-01   0.413240E-01  -0.999900E+04  -0.999900E+04  -0.999900E+04  -0.999900E+04  -0.999900E+04  -0.999900E+04  -0.999900E+04  -0.999900E+04
   0.140400E+01   0.140400E+01  -0.999900E+04  -0.999900E+04  -0.999900E+04  -0.999900E+04  -0.999900E+04  -0.999900E+04  -0.999900E+04  -0.999900E+04   0.110975E+00   0.769779E-01   0.561272E-01   0.412188E-01  -0.999900E+04  -0.999900E+04  -0.999900E+04  -0.999900E+04  -0.999900E+04  -0.999900E+04  -0.999900E+04  -0.999900E+04
   0.150400E+01   0.150400E+01  -0.999900E+04  -0.999900E+04  -0.999900E+04  -0.999900E+04  -0.999900E+04  -0.999900E+04  -0.999900E+04  -0.999900E+04   0.110870E+00   0.768661E-01   0.560203E-01   0.411136E-01  -0.999900E+04  -0.999900E+04  -0.999900E+04  -0.999900E+04  -0.999900E+04  -0.999900E+04  -0.999900E+04  -0.999900E+04
   0.160400E+01   0.160400E+01  -0.999900E+04  -0.999900E+04  -0.999900E+04  -0.999900E+04  -0.999900E+04  -0.999900E+04  -0.999900E+04  -0.999900E+04   0.110766E+00   0.767543E-01   0.559135E-01   0.410084E-01  -0.999900E+04  -0.999900E+04  -0.999900E+04  -0.999900E+04  -0.999900E+04  -0.999900E+04  -0.999900E+04  -0.999900E+04
   0.165000E+01   0.165000E+01   0.111046E+00   0.766031E-01   0.560822E-01   0.422574E-01   0.111046E+00   0.766031E-01   0.560822E-01   0.422574E-01   0.110718E+00   0.767028E-01   0.558643E-01   0.409600E-01   0.327337E-03  -0.997218E-04   0.217854E-03   0.129733E-02   0.355886E+00  -0.179945E+00   0.474815E+00   0.897813E+00
   0.170400E+01   0.170400E+01  -0.999900E+04  -0.999900E+04  -0.999900E+04  -0.999900E+04  -0.999900E+04  -0.999900E+04  -0.999900E+04  -0.999900E+04   0.110662E+00   0.766425E-01   0.558066E-01   0.409033E-01  -0.999900E+04  -0.999900E+04  -0.999900E+04  -0.999900E+04  -0.999900E+04  -0.999900E+04  -0.999900E+04  -0.999900E+04
   0.180400E+01   0.180400E+01  -0.999900E+04  -0.999900E+04  -0.999900E+04  -0.999900E+04  -0.999900E+04  -0.999900E+04  -0.999900E+04  -0.999900E+04   0.110558E+00   0.765306E-01   0.556999E-01   0.407982E-01  -0.999900E+04  -0.999900E+04  -0.999900E+04  -0.999900E+04  -0.999900E+04  -0.999900E+04  -0.999900E+04  -0.999900E+04
   0.190400E+01   0.190400E+01  -0.999900E+04  -0.999900E+04  -0.999900E+04  -0.999900E+04  -0.999900E+04  -0.999900E+04  -0.999900E+04  -0.999900E+04   0.110454E+00   0.764188E-01   0.555931E-01   0.406931E-01  -0.999900E+04  -0.999900E+04  -0.999900E+04  -0.999900E+04  -0.999900E+04  -0.999900E+04  -0.999900E+04  -0.999900E+04
   0.200400E+01   0.200400E+01  -0.999900E+04  -0.999900E+04  -0.999900E+04  -0.999900E+04  -0.999900E+04  -0.999900E+04  -0.999900E+04  -0.999900E+04   0.110351E+00   0.763069E-01   0.554863E-01   0.405881E-01  -0.999900E+04  -0.999900E+04  -0.999900E+04  -0.999900E+04  -0.999900E+04  -0.999900E+04  -0.999900E+04  -0.999900E+04
   0.210400E+01   0.210400E+01  -0.999900E+04  -0.999900E+04  -0.999900E+04  -0.999900E+04  -0.999900E+04  -0.999900E+04  -0.999900E+04  -0.999900E+04   0.110247E+00   0.761950E-01   0.553796E-01   0.404830E-01  -0.999900E+04  -0.999900E+04  -0.999900E+04  -0.999900E+04  -0.999900E+04  -0.999900E+04  -0.999900E+04  -0.999900E+04
   0.220400E+01   0.220400E+01  -0.999900E+04  -0.999900E+04  -0.999900E+04  -0.999900E+04  -0.999900E+04  -0.999900E+04  -0.999900E+04  -0.999900E+04   0.110143E+00   0.760831E-01   0.552728E-01   0.403781E-01  -0.999900E+04  -0.999900E+04  -0.999900E+04  -0.999900E+04  -0.999900E+04  -0.999900E+04  -0.999900E+04  -0.999900E+04
   0.230400E+01   0.230400E+01  -0.999900E+04  -0.999900E+04  -0.999900E+04  -0.999900E+04  -0.999900E+04  -0.999900E+04  -0.999900E+04  -0.999900E+04   0.110039E+00   0.759712E-01   0.551662E-01   0.402731E-01  -0.999900E+04  -0.999900E+04  -0.999900E+04  -0.999900E+04  -0.999900E+04  -0.999900E+04  -0.999900E+04  -0.999900E+04
   0.240400E+01   0.240400E+01  -0.999900E+04  -0.999900E+04  -0.999900E+04  -0.999900E+04  -0.999900E+04  -0.999900E+04  -0.999900E+04  -0.999900E+04   0.109936E+00   0.758593E-01   0.550595E-01   0.401682E-01  -0.999900E+04  -0.999900E+04  -0.999900E+04  -0.999900E+04  -0.999900E+04  -0.999900E+04  -0.999900E+04  -0.999900E+04
   0.250400E+01   0.250400E+01  -0.999900E+04  -0.999900E+04  -0.999900E+04  -0.999900E+04  -0.999900E+04  -0.999900E+04  -0.999900E+04  -0.999900E+04   0.109832E+00   0.757473E-01   0.549528E-01   0.400633E-01  -0.999900E+04  -0.999900E+04  -0.999900E+04  -0.999900E+04  -0.999900E+04  -0.999900E+04  -0.999900E+04  -0.999900E+04
   0.260400E+01   0.260400E+01  -0.999900E+04  -0.999900E+04  -0.999900E+04  -0.999900E+04  -0.999900E+04  -0.999900E+04  -0.999900E+04  -0.999900E+04   0.109729E+00   0.756353E-01   0.548462E-01   0.399585E-01  -0.999900E+04  -0.999900E+04  -0.999900E+04  -0.999900E+04  -0.999900E+04  -0.999900E+04  -0.999900E+04  -0.999900E+04
   0.270400E+01   0.270400E+01  -0.999900E+04  -0.999900E+04  -0.999900E+04  -0.999900E+04  -0.999900E+04  -0.999900E+04  -0.999900E+04  -0.999900E+04   0.109625E+00   0.755233E-01   0.547396E-01   0.398537E-01  -0.999900E+04  -0.999900E+04  -0.999900E+04  -0.999900E+04  -0.999900E+04  -0.999900E+04  -0.999900E+04  -0.999900E+04
   0.280400E+01   0.280400E+01  -0.999900E+04  -0.999900E+04  -0.999900E+04  -0.999900E+04  -0.999900E+04  -0.999900E+04  -0.999900E+04  -0.999900E+04   0.109522E+00   0.754114E-01   0.546330E-01   0.397489E-01  -0.999900E+04  -0.999900E+04  -0.999900E+04  -0.999900E+04  -0.999900E+04  -0.999900E+04  -0.999900E+04  -0.999900E+04
   0.290400E+01   0.290400E+01  -0.999900E+04  -0.999900E+04  -0.999900E+04  -0.999900E+04  -0.999900E+04  -0.999900E+04  -0.999900E+04  -0.999900E+04   0.109419E+00   0.752994E-01   0.545264E-01   0.396442E-01  -0.999900E+04  -0.999900E+04  -0.999900E+04  -0.999900E+04  -0.999900E+04  -0.999900E+04  -0.999900E+04  -0.999900E+04
   0.300400E+01   0.300400E+01  -0.999900E+04  -0.999900E+04  -0.999900E+04  -0.999900E+04  -0.999900E+04  -0.999900E+04  -0.999900E+04  -0.999900E+04   0.109315E+00   0.751873E-01   0.544199E-01   0.395395E-01  -0.999900E+04  -0.999900E+04  -0.999900E+04  -0.999900E+04  -0.999900E+04  -0.999900E+04  -0.999900E+04  -0.999900E+04
   0.310400E+01   0.310400E+01  -0.999900E+04  -0.999900E+04  -0.999900E+04  -0.999900E+04  -0.999900E+04  -0.999900E+04  -0.999900E+04  -0.999900E+04   0.109212E+00   0.750752E-01   0.543133E-01   0.394348E-01  -0.999900E+04  -0.999900E+04  -0.999900E+04  -0.999900E+04  -0.999900E+04  -0.999900E+04  -0.999900E+04  -0.999900E+04
   0.320400E+01   0.320400E+01  -0.999900E+04  -0.999900E+04  -0.999900E+04  -0.999900E+04  -0.999900E+04  -0.999900E+04  -0.999900E+04  -0.999900E+04   0.109109E+00   0.749632E-01   0.542068E-01   0.393302E-01  -0.999900E+04  -0.999900E+04  -0.999900E+04  -0.999900E+04  -0.999900E+04  -0.999900E+04  -0.999900E+04  -0.999900E+04
   0.330400E+01   0.330400E+01  -0.999900E+04  -0.999900E+04  -0.999900E+04  -0.999900E+04  -0.999900E+04  -0.999900E+04  -0.999900E+04  -0.999900E+04   0.109006E+00   0.748511E-01   0.541003E-01   0.392256E-01  -0.999900E+04  -0.999900E+04  -0.999900E+04  -0.999900E+04  -0.999900E+04  -0.999900E+04  -0.999900E+04  -0.999900E+04
   0.340400E+01   0.340400E+01  -0.999900E+04  -0.999900E+04  -0.999900E+04  -0.999900E+04  -0.999900E+04  -0.999900E+04  -0.999900E+04  -0.999900E+04   0.108903E+00   0.747390E-01   0.539939E-01   0.391211E-01  -0.999900E+04  -0.999900E+04  -0.999900E+04  -0.999900E+04  -0.999900E+04  -0.999900E+04  -0.999900E+04  -0.999900E+04
   0.350400E+01   0.350400E+01  -0.999900E+04  -0.999900E+04  -0.999900E+04  -0.999900E+04  -0.999900E+04  -0.999900E+04  -0.999900E+04  -0.999900E+04   0.108800E+00   0.746269E-01   0.538874E-01   0.390166E-01  -0.999900E+04  -0.999900E+04  -0.999900E+04  -0.999900E+04  -0.999900E+04  -0.999900E+04  -0.999900E+04  -0.999900E+04
   0.360400E+01   0.360400E+01  -0.999900E+04  -0.999900E+04  -0.999900E+04  -0.999900E+04  -0.999900E+04  -0.999900E+04  -0.999900E+04  -0.999900E+04   0.108698E+00   0.745147E-01   0.537810E-01   0.389121E-01  -0.999900E+04  -0.999900E+04  -0.999900E+04  -0.999900E+04  -0.999900E+04  -0.999900E+04  -0.999900E+04  -0.999900E+04
   0.365000E+01   0.365000E+01   0.108083E+00   0.738700E-01   0.539269E-01   0.402545E-01   0.108083E+00   0.738700E-01   0.539269E-01   0.402545E-01   0.108650E+00   0.744631E-01   0.537321E-01   0.388641E-01  -0.566840E-03  -0.593095E-03   0.194793E-03   0.139047E-02  -0.616277E+00  -0.107023E+01   0.424553E+00   0.962271E+00
   0.370400E+01   0.370400E+01  -0.999900E+04  -0.999900E+04  -0.999900E+04  -0.999900E+04  -0.999900E+04  -0.999900E+04  -0.999900E+04  -0.999900E+04   0.108595E+00   0.744026E-01   0.536746E-01   0.388077E-01  -0.999900E+04  -0.999900E+04  -0.999900E+04  -0.999900E+04  -0.999900E+04  -0.999900E+04  -0.999900E+04  -0.999900E+04
   0.380400E+01   0.380400E+01  -0.999900E+04  -0.999900E+04  -0.999900E+04  -0.999900E+04  -0.999900E+04  -0.999900E+04  -0.999900E+04  -0.999900E+04   0.108492E+00   0.742904E-01   0.535683E-01   0.387033E-01  -0.999900E+04  -0.999900E+04  -0.999900E+04  -0.999900E+04  -0.999900E+04  -0.999900E+04  -0.999900E+04  -0.999900E+04
   0.390400E+01   0.390400E+01  -0.999900E+04  -0.999900E+04  -0.999900E+04  -0.999900E+04  -0.999900E+04  -0.999900E+04  -0.999900E+04  -0.999900E+04   0.108389E+00   0.741782E-01   0.534619E-01   0.385990E-01  -0.999900E+04  -0.999900E+04  -0.999900E+04  -0.999900E+04  -0.999900E+04  -0.999900E+04  -0.999900E+04  -0.999900E+04
   0.400400E+01   0.400400E+01  -0.999900E+04  -0.999900E+04  -0.999900E+04  -0.999900E+04  -0.999900E+04  -0.999900E+04  -0.999900E+04  -0.999900E+04   0.108287E+00   0.740660E-01   0.533556E-01   0.384947E-01  -0.999900E+04  -0.999900E+04  -0.999900E+04  -0.999900E+04  -0.999900E+04  -0.999900E+04  -0.999900E+04  -0.999900E+04
   0.410400E+01   0.410400E+01  -0.999900E+04  -0.999900E+04  -0.999900E+04  -0.999900E+04  -0.999900E+04  -0.999900E+04  -0.999900E+04  -0.999900E+04   0.108185E+00   0.739537E-01   0.532493E-01   0.383905E-01  -0.999900E+04  -0.999900E+04  -0.999900E+04  -0.999900E+04  -0.999900E+04  -0.999900E+04  -0.999900E+04  -0.999900E+04
   0.420400E+01   0.420400E+01  -0.999900E+04  -0.999900E+04  -0.999900E+04  -0.999900E+04  -0.999900E+04  -0.999900E+04  -0.999900E+04  -0.999900E+04   0.108082E+00   0.738415E-01   0.531430E-01   0.382863E-01  -0.999900E+04  -0.999900E+04  -0.999900E+04  -0.999900E+04  -0.999900E+04  -0.999900E+04  -0.999900E+04  -0.999900E+04
   0.430400E+01   0.430400E+01  -0.999900E+04  -0.999900E+04  -0.999900E+04  -0.999900E+04  -0.999900E+04  -0.999900E+04  -0.999900E+04  -0.999900E+04   0.107980E+00   0.737292E-01   0.530368E-01   0.381822E-01  -0.999900E+04  -0.999900E+04  -0.999900E+04  -0.999900E+04  -0.999900E+04  -0.999900E+04  -0.999900E+04  -0.999900E+04
   0.440400E+01   0.440400E+01  -0.999900E+04  -0.999900E+04  -0.999900E+04  -0.999900E+04  -0.999900E+04  -0.999900E+04  -0.999900E+04  -0.999900E+04   0.107878E+00   0.736169E-01   0.529306E-01   0.380781E-01  -0.999900E+04  -0.999900E+04  -0.999900E+04  -0.999900E+04  -0.999900E+04  -0.999900E+04  -0.999900E+04  -0.999900E+04
   0.450400E+01   0.450400E+01  -0.999900E+04  -0.999900E+04  -0.999900E+04  -0.999900E+04  -0.999900E+04  -0.999900E+04  -0.999900E+04  -0.999900E+04   0.107775E+00   0.735046E-01   0.528244E-01   0.379741E-01  -0.999900E+04  -0.999900E+04  -0.999900E+04  -0.999900E+04  -0.999900E+04  -0.999900E+04  -0.999900E+04  -0.999900E+04
   0.460400E+01   0.460400E+01  -0.999900E+04  -0.999900E+04  -0.999900E+04  -0.999900E+04  -0.999900E+04  -0.999900E+04  -0.999900E+04  -0.999900E+04   0.107673E+00   0.733923E-01   0.527183E-01   0.378701E-01  -0.999900E+04  -0.999900E+04  -0.999900E+04  -0.999900E+04  -0.999900E+04  -0.999900E+04  -0.999900E+04  -0.999900E+04
   0.470400E+01   0.470400E+01  -0.999900E+04  -0.999900E+04  -0.999900E+04  -0.999900E+04  -0.999900E+04  -0.999900E+04  -0.999900E+04  -0.999900E+04   0.107571E+00   0.732800E-01   0.526122E-01   0.377662E-01  -0.999900E+04  -0.999900E+04  -0.999900E+04  -0.999900E+04  -0.999900E+04  -0.999900E+04  -0.999900E+04  -0.999900E+04
   0.480400E+01   0.480400E+01  -0.999900E+04  -0.999900E+04  -0.999900E+04  -0.999900E+04  -0.999900E+04  -0.999900E+04  -0.999900E+04  -0.999900E+04   0.107469E+00   0.731676E-01   0.525061E-01   0.376623E-01  -0.999900E+04  -0.999900E+04  -0.999900E+04  -0.999900E+04  -0.999900E+04  -0.999900E+04  -0.999900E+04  -0.999900E+04
   0.490400E+01   0.490400E+01  -0.999900E+04  -0.999900E+04  -0.999900E+04  -0.999900E+04  -0.999900E+04  -0.999900E+04  -0.999900E+04  -0.999900E+04   0.107368E+00   0.730552E-01   0.524000E-01   0.375585E-01  -0.999900E+04  -0.999900E+04  -0.999900E+04  -0.999900E+04  -0.999900E+04  -0.999900E+04  -0.999900E+04  -0.999900E+04
   0.500400E+01   0.500400E+01  -0.999900E+04  -0.999900E+04  -0.999900E+04  -0.999900E+04  -0.999900E+04  -0.999900E+04  -0.999900E+04  -0.999900E+04   0.107266E+00   0.729428E-01   0.522939E-01   0.374547E-01  -0.999900E+04  -0.999900E+04  -0.999900E+04  -0.999900E+04  -0.999900E+04  -0.999900E+04  -0.999900E+04  -0.999900E+04
   0.510400E+01   0.510400E+01  -0.999900E+04  -0.999900E+04  -0.999900E+04  -0.999900E+04  -0.999900E+04  -0.999900E+04  -0.999900E+04  -0.999900E+04   0.107164E+00   0.728303E-01   0.521879E-01   0.373510E-01  -0.999900E+04  -0.999900E+04  -0.999900E+04  -0.999900E+04  -0.999900E+04  -0.999900E+04  -0.999900E+04  -0.999900E+04
   0.520400E+01   0.520400E+01  -0.999900E+04  -0.999900E+04  -0.999900E+04  -0.999900E+04  -0.999900E+04  -0.999900E+04  -0.999900E+04  -0.999900E+04   0.107062E+00   0.727179E-01   0.520819E-01   0.372473E-01  -0.999900E+04  -0.999900E+04  -0.999900E+04  -0.999900E+04  -0.999900E+04  -0.999900E+04  -0.999900E+04  -0.999900E+04
   0.530400E+01   0.530400E+01  -0.999900E+04  -0.999900E+04  -0.999900E+04  -0.999900E+04  -0.999900E+04  -0.999900E+04  -0.999900E+04  -0.999900E+04   0.106961E+00   0.726054E-01   0.519760E-01   0.371438E-01  -0.999900E+04  -0.999900E+04  -0.999900E+04  -0.999900E+04  -0.999900E+04  -0.999900E+04  -0.999900E+04  -0.999900E+04
   0.540400E+01   0.540400E+01  -0.999900E+04  -0.999900E+04  -0.999900E+04  -0.999900E+04  -0.999900E+04  -0.999900E+04  -0.999900E+04  -0.999900E+04   0.106859E+00   0.724929E-01   0.518701E-01   0.370402E-01  -0.999900E+04  -0.999900E+04  -0.999900E+04  -0.999900E+04  -0.999900E+04  -0.999900E+04  -0.999900E+04  -0.999900E+04
   0.550400E+01   0.550400E+01  -0.999900E+04  -0.999900E+04  -0.999900E+04  -0.999900E+04  -0.999900E+04  -0.999900E+04  -0.999900E+04  -0.999900E+04   0.106758E+00   0.723803E-01   0.517641E-01   0.369367E-01  -0.999900E+04  -0.999900E+04  -0.999900E+04  -0.999900E+04  -0.999900E+04  -0.999900E+04  -0.999900E+04  -0.999900E+04
   0.560400E+01   0.560400E+01  -0.999900E+04  -0.999900E+04  -0.999900E+04  -0.999900E+04  -0.999900E+04  -0.999900E+04  -0.999900E+04  -0.999900E+04   0.106657E+00   0.722678E-01   0.516583E-01   0.368333E-01  -0.999900E+04  -0.999900E+04  -0.999900E+04  -0.999900E+04  -0.999900E+04  -0.999900E+04  -0.999900E+04  -0.999900E+04
   0.565000E+01   0.565000E+01   0.106061E+00   0.716777E-01   0.515902E-01   0.379333E-01   0.106061E+00   0.716777E-01   0.515902E-01   0.379333E-01   0.106610E+00   0.722160E-01   0.516096E-01   0.367858E-01  -0.548864E-03  -0.538361E-03  -0.193730E-04   0.114753E-02  -0.596733E+00  -0.971458E+00  -0.422236E-01   0.794144E+00
   0.570400E+01   0.570400E+01  -0.999900E+04  -0.999900E+04  -0.999900E+04  -0.999900E+04  -0.999900E+04  -0.999900E+04  -0.999900E+04  -0.999900E+04   0.106555E+00   0.721552E-01   0.515524E-01   0.367300E-01  -0.999900E+04  -0.999900E+04  -0.999900E+04  -0.999900E+04  -0.999900E+04  -0.999900E+04  -0.999900E+04  -0.999900E+04
   0.580400E+01   0.580400E+01  -0.999900E+04  -0.999900E+04  -0.999900E+04  -0.999900E+04  -0.999900E+04  -0.999900E+04  -0.999900E+04  -0.999900E+04   0.106454E+00   0.720426E-01   0.514467E-01   0.366267E-01  -0.999900E+04  -0.999900E+04  -0.999900E+04  -0.999900E+04  -0.999900E+04  -0.999900E+04  -0.999900E+04  -0.999900E+04
   0.590400E+01   0.590400E+01  -0.999900E+04  -0.999900E+04  -0.999900E+04  -0.999900E+04  -0.999900E+04  -0.999900E+04  -0.999900E+04  -0.999900E+04   0.106353E+00   0.719300E-01   0.513409E-01   0.365235E-01  -0.999900E+04  -0.999900E+04  -0.999900E+04  -0.999900E+04  -0.999900E+04  -0.999900E+04  -0.999900E+04  -0.999900E+04
   0.600400E+01   0.600400E+01  -0.999900E+04  -0.999900E+04  -0.999900E+04  -0.999900E+04  -0.999900E+04  -0.999900E+04  -0.999900E+04  -0.999900E+04   0.106252E+00   0.718174E-01   0.512351E-01   0.364203E-01  -0.999900E+04  -0.999900E+04  -0.999900E+04  -0.999900E+04  -0.999900E+04  -0.999900E+04  -0.999900E+04  -0.999900E+04
   0.610400E+01   0.610400E+01  -0.999900E+04  -0.999900E+04  -0.999900E+04  -0.999900E+04  -0.999900E+04  -0.999900E+04  -0.999900E+04  -0.999900E+04   0.106151E+00   0.717047E-01   0.511294E-01   0.363172E-01  -0.999900E+04  -0.999900E+04  -0.999900E+04  -0.999900E+04  -0.999900E+04  -0.999900E+04  -0.999900E+04  -0.999900E+04
   0.620400E+01   0.620400E+01  -0.999900E+04  -0.999900E+04  -0.999900E+04  -0.999900E+04  -0.999900E+04  -0.999900E+04  -0.999900E+04  -0.999900E+04   0.106050E+00   0.715920E-01   0.510237E-01   0.362142E-01  -0.999900E+04  -0.999900E+04  -0.999900E+04  -0.999900E+04  -0.999900E+04  -0.999900E+04  -0.999900E+04  -0.999900E+04
   0.630400E+01   0.630400E+01  -0.999900E+04  -0.999900E+04  -0.999900E+04  -0.999900E+04  -0.999900E+04  -0.999900E+04  -0.999900E+04  -0.999900E+04   0.105949E+00   0.714793E-01   0.509181E-01   0.361112E-01  -0.999900E+04  -0.999900E+04  -0.999900E+04  -0.999900E+04  -0.999900E+04  -0.999900E+04  -0.999900E+04  -0.999900E+04
   0.640400E+01   0.640400E+01  -0.999900E+04  -0.999900E+04  -0.999900E+04  -0.999900E+04  -0.999900E+04  -0.999900E+04  -0.999900E+04  -0.999900E+04   0.105848E+00   0.713665E-01   0.508125E-01   0.360083E-01  -0.999900E+04  -0.999900E+04  -0.999900E+04  -0.999900E+04  -0.999900E+04  -0.999900E+04  -0.999900E+04  -0.999900E+04
   0.650400E+01   0.650400E+01  -0.999900E+04  -0.999900E+04  -0.999900E+04  -0.999900E+04  -0.999900E+04  -0.999900E+04  -0.999900E+04  -0.999900E+04   0.105748E+00   0.712538E-01   0.507069E-01   0.359055E-01  -0.999900E+04  -0.999900E+04  -0.999900E+04  -0.999900E+04  -0.999900E+04  -0.999900E+04  -0.999900E+04  -0.999900E+04
   0.660400E+01   0.660400E+01  -0.999900E+04  -0.999900E+04  -0.999900E+04  -0.999900E+04  -0.999900E+04  -0.999900E+04  -0.999900E+04  -0.999900E+04   0.105647E+00   0.711409E-01   0.506014E-01   0.358028E-01  -0.999900E+04  -0.999900E+04  -0.999900E+04  -0.999900E+04  -0.999900E+04  -0.999900E+04  -0.999900E+04  -0.999900E+04
   0.670400E+01   0.670400E+01  -0.999900E+04  -0.999900E+04  -0.999900E+04  -0.999900E+04  -0.999900E+04  -0.999900E+04  -0.999900E+04  -0.999900E+04   0.105547E+00   0.710281E-01   0.504959E-01   0.357001E-01  -0.999900E+04  -0.999900E+04  -0.999900E+04  -0.999900E+04  -0.999900E+04  -0.999900E+04  -0.999900E+04  -0.999900E+04
   0.680400E+01   0.680400E+01  -0.999900E+04  -0.999900E+04  -0.999900E+04  -0.999900E+04  -0.999900E+04  -0.999900E+04  -0.999900E+04  -0.999900E+04   0.105446E+00   0.709153E-01   0.503904E-01   0.355976E-01  -0.999900E+04  -0.999900E+04  -0.999900E+04  -0.999900E+04  -0.999900E+04  -0.999900E+04  -0.999900E+04  -0.999900E+04
   0.690400E+01   0.690400E+01  -0.999900E+04  -0.999900E+04  -0.999900E+04  -0.999900E+04  -0.999900E+04  -0.999900E+04  -0.999900E+04  -0.999900E+04   0.105346E+00   0.708024E-01   0.502850E-01   0.354951E-01  -0.999900E+04  -0.999900E+04  -0.999900E+04  -0.999900E+04  -0.999900E+04  -0.999900E+04  -0.999900E+04  -0.999900E+04
   0.700400E+01   0.700400E+01  -0.999900E+04  -0.999900E+04  -0.999900E+04  -0.999900E+04  -0.999900E+04  -0.999900E+04  -0.999900E+04  -0.999900E+04   0.105246E+00   0.706895E-01   0.501796E-01   0.353926E-01  -0.999900E+04  -0.999900E+04  -0.999900E+04  -0.999900E+04  -0.999900E+04  -0.999900E+04  -0.999900E+04  -0.999900E+04
   0.710400E+01   0.710400E+01  -0.999900E+04  -0.999900E+04  -0.999900E+04  -0.999900E+04  -0.999900E+04  -0.999900E+04  -0.999900E+04  -0.999900E+04   0.105146E+00   0.705766E-01   0.500742E-01   0.352903E-01  -0.999900E+04  -0.999900E+04  -0.999900E+04  -0.999900E+04  -0.999900E+04  -0.999900E+04  -0.999900E+04  -0.999900E+04
   0.720400E+01   0.720400E+01  -0.999900E+04  -0.999900E+04  -0.999900E+04  -0.999900E+04  -0.999900E+04  -0.999900E+04  -0.999900E+04  -0.999900E+04   0.105046E+00   0.704636E-01   0.499689E-01   0.351880E-01  -0.999900E+04  -0.999900E+04  -0.999900E+04  -0.999900E+04  -0.999900E+04  -0.999900E+04  -0.999900E+04  -0.999900E+04
   0.730400E+01   0.730400E+01  -0.999900E+04  -0.999900E+04  -0.999900E+04  -0.999900E+04  -0.999900E+04  -0.999900E+04  -0.999900E+04  -0.999900E+04   0.104946E+00   0.703506E-01   0.498637E-01   0.350859E-01  -0.999900E+04  -0.999900E+04  -0.999900E+04  -0.999900E+04  -0.999900E+04  -0.999900E+04  -0.999900E+04  -0.999900E+04
   0.740400E+01   0.740400E+01  -0.999900E+04  -0.999900E+04  -0.999900E+04  -0.999900E+04  -0.999900E+04  -0.999900E+04  -0.999900E+04  -0.999900E+04   0.104846E+00   0.702376E-01   0.497584E-01   0.349838E-01  -0.999900E+04  -0.999900E+04  -0.999900E+04  -0.999900E+04  -0.999900E+04  -0.999900E+04  -0.999900E+04  -0.999900E+04
   0.750400E+01   0.750400E+01  -0.999900E+04  -0.999900E+04  -0.999900E+04  -0.999900E+04  -0.999900E+04  -0.999900E+04  -0.999900E+04  -0.999900E+04   0.104746E+00   0.701245E-01   0.496532E-01   0.348817E-01  -0.999900E+04  -0.999900E+04  -0.999900E+04  -0.999900E+04  -0.999900E+04  -0.999900E+04  -0.999900E+04  -0.999900E+04
   0.760400E+01   0.760400E+01  -0.999900E+04  -0.999900E+04  -0.999900E+04  -0.999900E+04  -0.999900E+04  -0.999900E+04  -0.999900E+04  -0.999900E+04   0.104646E+00   0.700114E-01   0.495480E-01   0.347798E-01  -0.999900E+04  -0.999900E+04  -0.999900E+04  -0.999900E+04  -0.999900E+04  -0.999900E+04  -0.999900E+04  -0.999900E+04
   0.765000E+01   0.765000E+01   0.104516E+00   0.698072E-01   0.499854E-01   0.363895E-01   0.104516E+00   0.698072E-01   0.499854E-01   0.363895E-01   0.104600E+00   0.699594E-01   0.494997E-01   0.347330E-01  -0.842745E-04  -0.152225E-03   0.485717E-03   0.165649E-02  -0.916245E-01  -0.274686E+00   0.105863E+01   0.114637E+01
   0.770400E+01   0.770400E+01  -0.999900E+04  -0.999900E+04  -0.999900E+04  -0.999900E+04  -0.999900E+04  -0.999900E+04  -0.999900E+04  -0.999900E+04   0.104547E+00   0.698983E-01   0.494429E-01   0.346780E-01  -0.999900E+04  -0.999900E+04  -0.999900E+04  -0.999900E+04  -0.999900E+04  -0.999900E+04  -0.999900E+04  -0.999900E+04
   0.780400E+01   0.780400E+01  -0.999900E+04  -0.999900E+04  -0.999900E+04  -0.999900E+04  -0.999900E+04  -0.999900E+04  -0.999900E+04  -0.999900E+04   0.104447E+00   0.697852E-01   0.493378E-01   0.345763E-01  -0.999900E+04  -0.999900E+04  -0.999900E+04  -0.999900E+04  -0.999900E+04  -0.999900E+04  -0.999900E+04  -0.999900E+04
   0.790400E+01   0.790400E+01  -0.999900E+04  -0.999900E+04  -0.999900E+04  -0.999900E+04  -0.999900E+04  -0.999900E+04  -0.999900E+04  -0.999900E+04   0.104347E+00   0.696720E-01   0.492327E-01   0.344746E-01  -0.999900E+04  -0.999900E+04  -0.999900E+04  -0.999900E+04  -0.999900E+04  -0.999900E+04  -0.999900E+04  -0.999900E+04
   0.800400E+01   0.800400E+01  -0.999900E+04  -0.999900E+04  -0.999900E+04  -0.999900E+04  -0.999900E+04  -0.999900E+04  -0.999900E+04  -0.999900E+04   0.104248E+00   0.695588E-01   0.491277E-01   0.343731E-01  -0.999900E+04  -0.999900E+04  -0.999900E+04  -0.999900E+04  -0.999900E+04  -0.999900E+04  -0.999900E+04  -0.999900E+04
   0.810400E+01   0.810400E+01  -0.999900E+04  -0.999900E+04  -0.999900E+04  -0.999900E+04  -0.999900E+04  -0.999900E+04  -0.999900E+04  -0.999900E+04   0.104149E+00   0.694456E-01   0.490228E-01   0.342716E-01  -0.999900E+04  -0.999900E+04  -0.999900E+04  -0.999900E+04  -0.999900E+04  -0.999900E+04  -0.999900E+04  -0.999900E+04
   0.820400E+01   0.820400E+01  -0.999900E+04  -0.999900E+04  -0.999900E+04  -0.999900E+04  -0.999900E+04  -0.999900E+04  -0.999900E+04  -0.999900E+04   0.104050E+00   0.693324E-01   0.489179E-01   0.341703E-01  -0.999900E+04  -0.999900E+04  -0.999900E+04  -0.999900E+04  -0.999900E+04  -0.999900E+04  -0.999900E+04  -0.999900E+04
   0.830400E+01   0.830400E+01  -0.999900E+04  -0.999900E+04  -0.999900E+04  -0.999900E+04  -0.999900E+04  -0.999900E+04  -0.999900E+04  -0.999900E+04   0.103951E+00   0.692191E-01   0.488130E-01   0.340690E-01  -0.999900E+04  -0.999900E+04  -0.999900E+04  -0.999900E+04  -0.999900E+04  -0.999900E+04  -0.999900E+04  -0.999900E+04
   0.840400E+01   0.840400E+01  -0.999900E+04  -0.999900E+04  -0.999900E+04  -0.999900E+04  -0.999900E+04  -0.999900E+04  -0.999900E+04  -0.999900E+04   0.103851E+00   0.691057E-01   0.487082E-01   0.339679E-01  -0.999900E+04  -0.999900E+04  -0.999900E+04  -0.999900E+04  -0.999900E+04  -0.999900E+04  -0.999900E+04  -0.999900E+04
   0.850400E+01   0.850400E+01  -0.999900E+04  -0.999900E+04  -0.999900E+04  -0.999900E+04  -0.999900E+04  -0.999900E+04  -0.999900E+04  -0.999900E+04   0.103752E+00   0.689924E-01   0.486034E-01   0.338668E-01  -0.999900E+04  -0.999900E+04  -0.999900E+04  -0.999900E+04  -0.999900E+04  -0.999900E+04  -0.999900E+04  -0.999900E+04
   0.860400E+01   0.860400E+01  -0.999900E+04  -0.999900E+04  -0.999900E+04  -0.999900E+04  -0.999900E+04  -0.999900E+04  -0.999900E+04  -0.999900E+04   0.103654E+00   0.688790E-01   0.484987E-01   0.337659E-01  -0.999900E+04  -0.999900E+04  -0.999900E+04  -0.999900E+04  -0.999900E+04  -0.999900E+04  -0.999900E+04  -0.999900E+04
   0.870400E+01   0.870400E+01  -0.999900E+04  -0.999900E+04  -0.999900E+04  -0.999900E+04  -0.999900E+04  -0.999900E+04  -0.999900E+04  -0.999900E+04   0.103555E+00   0.687656E-01   0.483940E-01   0.336651E-01  -0.999900E+04  -0.999900E+04  -0.999900E+04  -0.999900E+04  -0.999900E+04  -0.999900E+04  -0.999900E+04  -0.999900E+04
   0.880400E+01   0.880400E+01  -0.999900E+04  -0.999900E+04  -0.999900E+04  -0.999900E+04  -0.999900E+04  -0.999900E+04  -0.999900E+04  -0.999900E+04   0.103456E+00   0.686522E-01   0.482894E-01   0.335644E-01  -0.999900E+04  -0.999900E+04  -0.999900E+04  -0.999900E+04  -0.999900E+04  -0.999900E+04  -0.999900E+04  -0.999900E+04
   0.890400E+01   0.890400E+01  -0.999900E+04  -0.999900E+04  -0.999900E+04  -0.999900E+04  -0.999900E+04  -0.999900E+04  -0.999900E+04  -0.999900E+04   0.103358E+00   0.685387E-01   0.481848E-01   0.334638E-01  -0.999900E+04  -0.999900E+04  -0.999900E+04  -0.999900E+04  -0.999900E+04  -0.999900E+04  -0.999900E+04  -0.999900E+04
   0.900400E+01   0.900400E+01  -0.999900E+04  -0.999900E+04  -0.999900E+04  -0.999900E+04  -0.999900E+04  -0.999900E+04  -0.999900E+04  -0.999900E+04   0.103259E+00   0.684251E-01   0.480802E-01   0.333633E-01  -0.999900E+04  -0.999900E+04  -0.999900E+04  -0.999900E+04  -0.999900E+04  -0.999900E+04  -0.999900E+04  -0.999900E+04
   0.910400E+01   0.910400E+01  -0.999900E+04  -0.999900E+04  -0.999900E+04  -0.999900E+04  -0.999900E+04  -0.999900E+04  -0.999900E+04  -0.999900E+04   0.103161E+00   0.683116E-01   0.479757E-01   0.332629E-01  -0.999900E+04  -0.999900E+04  -0.999900E+04  -0.999900E+04  -0.999900E+04  -0.999900E+04  -0.999900E+04  -0.999900E+04
   0.920400E+01   0.920400E+01  -0.999900E+04  -0.999900E+04  -0.999900E+04  -0.999900E+04  -0.999900E+04  -0.999900E+04  -0.999900E+04  -0.999900E+04   0.103063E+00   0.681980E-01   0.478713E-01   0.331627E-01  -0.999900E+04  -0.999900E+04  -0.999900E+04  -0.999900E+04  -0.999900E+04  -0.999900E+04  -0.999900E+04  -0.999900E+04
   0.930400E+01   0.930400E+01  -0.999900E+04  -0.999900E+04  -0.999900E+04  -0.999900E+04  -0.999900E+04  -0.999900E+04  -0.999900E+04  -0.999900E+04   0.102964E+00   0.680844E-01   0.477669E-01   0.330625E-01  -0.999900E+04  -0.999900E+04  -0.999900E+04  -0.999900E+04  -0.999900E+04  -0.999900E+04  -0.999900E+04  -0.999900E+04
   0.940400E+01   0.940400E+01  -0.999900E+04  -0.999900E+04  -0.999900E+04  -0.999900E+04  -0.999900E+04  -0.999900E+04  -0.999900E+04  -0.999900E+04   0.102866E+00   0.679707E-01   0.476625E-01   0.329625E-01  -0.999900E+04  -0.999900E+04  -0.999900E+04  -0.999900E+04  -0.999900E+04  -0.999900E+04  -0.999900E+04  -0.999900E+04
   0.950400E+01   0.950400E+01  -0.999900E+04  -0.999900E+04  -0.999900E+04  -0.999900E+04  -0.999900E+04  -0.999900E+04  -0.999900E+04  -0.999900E+04   0.102768E+00   0.678570E-01   0.475582E-01   0.328626E-01  -0.999900E+04  -0.999900E+04  -0.999900E+04  -0.999900E+04  -0.999900E+04  -0.999900E+04  -0.999900E+04  -0.999900E+04
   0.960400E+01   0.960400E+01  -0.999900E+04  -0.999900E+04  -0.999900E+04  -0.999900E+04  -0.999900E+04  -0.999900E+04  -0.999900E+04  -0.999900E+04   0.102670E+00   0.677433E-01   0.474540E-01   0.327629E-01  -0.999900E+04  -0.999900E+04  -0.999900E+04  -0.999900E+04  -0.999900E+04  -0.999900E+04  -0.999900E+04  -0.999900E+04
   0.965000E+01   0.965000E+01   0.102142E+00   0.672428E-01   0.476209E-01   0.339301E-01   0.102142E+00   0.672428E-01   0.476209E-01   0.339301E-01   0.102625E+00   0.676909E-01   0.474061E-01   0.327170E-01  -0.483163E-03  -0.448105E-03   0.214816E-03   0.121307E-02  -0.525302E+00  -0.808594E+00   0.468194E+00   0.839498E+00
   0.970400E+01   0.970400E+01  -0.999900E+04  -0.999900E+04  -0.999900E+04  -0.999900E+04  -0.999900E+04  -0.999900E+04  -0.999900E+04  -0.999900E+04   0.102572E+00   0.676295E-01   0.473498E-01   0.326632E-01  -0.999900E+04  -0.999900E+04  -0.999900E+04  -0.999900E+04  -0.999900E+04  -0.999900E+04  -0.999900E+04  -0.999900E+04
   0.980400E+01   0.980400E+01  -0.999900E+04  -0.999900E+04  -0.999900E+04  -0.999900E+04  -0.999900E+04  -0.999900E+04  -0.999900E+04  -0.999900E+04   0.102475E+00   0.675157E-01   0.472456E-01   0.325637E-01  -0.999900E+04  -0.999900E+04  -0.999900E+04  -0.999900E+04  -0.999900E+04  -0.999900E+04  -0.999900E+04  -0.999900E+04
   0.990400E+01   0.990400E+01  -0.999900E+04  -0.999900E+04  -0.999900E+04  -0.999900E+04  -0.999900E+04  -0.999900E+04  -0.999900E+04  -0.999900E+04   0.102377E+00   0.674018E-01   0.471415E-01   0.324643E-01  -0.999900E+04  -0.999900E+04  -0.999900E+04  -0.999900E+04  -0.999900E+04  -0.999900E+04  -0.999900E+04  -0.999900E+04
   0.100040E+02   0.100040E+02  -0.999900E+04  -0.999900E+04  -0.999900E+04  -0.999900E+04  -0.999900E+04  -0.999900E+04  -0.999900E+04  -0.999900E+04   0.102279E+00   0.672879E-01   0.470375E-01   0.323651E-01  -0.999900E+04  -0.999900E+04  -0.999900E+04  -0.999900E+04  -0.999900E+04  -0.999900E+04  -0.999900E+04  -0.999900E+04
   0.101040E+02   0.101040E+02  -0.999900E+04  -0.999900E+04  -0.999900E+04  -0.999900E+04  -0.999900E+04  -0.999900E+04  -0.999900E+04  -0.999900E+04   0.102182E+00   0.671740E-01   0.469335E-01   0.322660E-01  -0.999900E+04  -0.999900E+04  -0.999900E+04  -0.999900E+04  -0.999900E+04  -0.999900E+04  -0.999900E+04  -0.999900E+04
   0.102040E+02   0.102040E+02  -0.999900E+04  -0.999900E+04  -0.999900E+04  -0.999900E+04  -0.999900E+04  -0.999900E+04  -0.999900E+04  -0.999900E+04   0.102084E+00   0.670600E-01   0.468296E-01   0.321670E-01  -0.999900E+04  -0.999900E+04  -0.999900E+04  -0.999900E+04  -0.999900E+04  -0.999900E+04  -0.999900E+04  -0.999900E+04
   0.103040E+02   0.103040E+02  -0.999900E+04  -0.999900E+04  -0.999900E+04  -0.999900E+04  -0.999900E+04  -0.999900E+04  -0.999900E+04  -0.999900E+04   0.101987E+00   0.669460E-01   0.467257E-01   0.320682E-01  -0.999900E+04  -0.999900E+04  -0.999900E+04  -0.999900E+04  -0.999900E+04  -0.999900E+04  -0.999900E+04  -0.999900E+04
   0.104040E+02   0.104040E+02  -0.999900E+04  -0.999900E+04  -0.999900E+04  -0.999900E+04  -0.999900E+04  -0.999900E+04  -0.999900E+04  -0.999900E+04   0.101890E+00   0.668319E-01   0.466219E-01   0.319695E-01  -0.999900E+04  -0.999900E+04  -0.999900E+04  -0.999900E+04  -0.999900E+04  -0.999900E+04  -0.999900E+04  -0.999900E+04
   0.105040E+02   0.105040E+02  -0.999900E+04  -0.999900E+04  -0.999900E+04  -0.999900E+04  -0.999900E+04  -0.999900E+04  -0.999900E+04  -0.999900E+04   0.101793E+00   0.667178E-01   0.465181E-01   0.318710E-01  -0.999900E+04  -0.999900E+04  -0.999900E+04  -0.999900E+04  -0.999900E+04  -0.999900E+04  -0.999900E+04  -0.999900E+04
   0.106040E+02   0.106040E+02  -0.999900E+04  -0.999900E+04  -0.999900E+04  -0.999900E+04  -0.999900E+04  -0.999900E+04  -0.999900E+04  -0.999900E+04   0.101696E+00   0.666037E-01   0.464144E-01   0.317726E-01  -0.999900E+04  -0.999900E+04  -0.999900E+04  -0.999900E+04  -0.999900E+04  -0.999900E+04  -0.999900E+04  -0.999900E+04
   0.107040E+02   0.107040E+02  -0.999900E+04  -0.999900E+04  -0.999900E+04  -0.999900E+04  -0.999900E+04  -0.999900E+04  -0.999900E+04  -0.999900E+04   0.101599E+00   0.664895E-01   0.463108E-01   0.316743E-01  -0.999900E+04  -0.999900E+04  -0.999900E+04  -0.999900E+04  -0.999900E+04  -0.999900E+04  -0.999900E+04  -0.999900E+04
   0.108040E+02   0.108040E+02  -0.999900E+04  -0.999900E+04  -0.999900E+04  -0.999900E+04  -0.999900E+04  -0.999900E+04  -0.999900E+04  -0.999900E+04   0.101502E+00   0.663753E-01   0.462072E-01   0.315762E-01  -0.999900E+04  -0.999900E+04  -0.999900E+04  -0.999900E+04  -0.999900E+04  -0.999900E+04  -0.999900E+04  -0.999900E+04
   0.109040E+02   0.109040E+02  -0.999900E+04  -0.999900E+04  -0.999900E+04  -0.999900E+04  -0.999900E+04  -0.999900E+04  -0.999900E+04  -0.999900E+04   0.101406E+00   0.662610E-01   0.461036E-01   0.314783E-01  -0.999900E+04  -0.999900E+04  -0.999900E+04  -0.999900E+04  -0.999900E+04  -0.999900E+04  -0.999900E+04  -0.999900E+04
   0.110040E+02   0.110040E+02  -0.999900E+04  -0.999900E+04  -0.999900E+04  -0.999900E+04  -0.999900E+04  -0.999900E+04  -0.999900E+04  -0.999900E+04   0.101309E+00   0.661467E-01   0.460002E-01   0.313805E-01  -0.999900E+04  -0.999900E+04  -0.999900E+04  -0.999900E+04  -0.999900E+04  -0.999900E+04  -0.999900E+04  -0.999900E+04
   0.111040E+02   0.111040E+02  -0.999900E+04  -0.999900E+04  -0.999900E+04  -0.999900E+04  -0.999900E+04  -0.999900E+04  -0.999900E+04  -0.999900E+04   0.101213E+00   0.660324E-01   0.458968E-01   0.312829E-01  -0.999900E+04  -0.999900E+04  -0.999900E+04  -0.999900E+04  -0.999900E+04  -0.999900E+04  -0.999900E+04  -0.999900E+04
   0.112040E+02   0.112040E+02  -0.999900E+04  -0.999900E+04  -0.999900E+04  -0.999900E+04  -0.999900E+04  -0.999900E+04  -0.999900E+04  -0.999900E+04   0.101116E+00   0.659179E-01   0.457935E-01   0.311855E-01  -0.999900E+04  -0.999900E+04  -0.999900E+04  -0.999900E+04  -0.999900E+04  -0.999900E+04  -0.999900E+04  -0.999900E+04
   0.113040E+02   0.113040E+02  -0.999900E+04  -0.999900E+04  -0.999900E+04  -0.999900E+04  -0.999900E+04  -0.999900E+04  -0.999900E+04  -0.999900E+04   0.101020E+00   0.658035E-01   0.456902E-01   0.310882E-01  -0.999900E+04  -0.999900E+04  -0.999900E+04  -0.999900E+04  -0.999900E+04  -0.999900E+04  -0.999900E+04  -0.999900E+04
   0.114040E+02   0.114040E+02  -0.999900E+04  -0.999900E+04  -0.999900E+04  -0.999900E+04  -0.999900E+04  -0.999900E+04  -0.999900E+04  -0.999900E+04   0.100924E+00   0.656890E-01   0.455870E-01   0.309911E-01  -0.999900E+04  -0.999900E+04  -0.999900E+04  -0.999900E+04  -0.999900E+04  -0.999900E+04  -0.999900E+04  -0.999900E+04
   0.115040E+02   0.115040E+02  -0.999900E+04  -0.999900E+04  -0.999900E+04  -0.999900E+04  -0.999900E+04  -0.999900E+04  -0.999900E+04  -0.999900E+04   0.100828E+00   0.655745E-01   0.454838E-01   0.308942E-01  -0.999900E+04  -0.999900E+04  -0.999900E+04  -0.999900E+04  -0.999900E+04  -0.999900E+04  -0.999900E+04  -0.999900E+04
   0.116040E+02   0.116040E+02  -0.999900E+04  -0.999900E+04  -0.999900E+04  -0.999900E+04  -0.999900E+04  -0.999900E+04  -0.999900E+04  -0.999900E+04   0.100732E+00   0.654599E-01   0.453808E-01   0.307974E-01  -0.999900E+04  -0.999900E+04  -0.999900E+04  -0.999900E+04  -0.999900E+04  -0.999900E+04  -0.999900E+04  -0.999900E+04
   0.116500E+02   0.116500E+02   0.100660E+00   0.650094E-01   0.456141E-01   0.320205E-01   0.100660E+00   0.650094E-01   0.456141E-01   0.320205E-01   0.100688E+00   0.654072E-01   0.453334E-01   0.307530E-01  -0.274085E-04  -0.397789E-03   0.280697E-03   0.126756E-02  -0.297989E-01  -0.717801E+00   0.611783E+00   0.877208E+00
   0.117040E+02   0.117040E+02  -0.999900E+04  -0.999900E+04  -0.999900E+04  -0.999900E+04  -0.999900E+04  -0.999900E+04  -0.999900E+04  -0.999900E+04   0.100636E+00   0.653453E-01   0.452778E-01   0.307008E-01  -0.999900E+04  -0.999900E+04  -0.999900E+04  -0.999900E+04  -0.999900E+04  -0.999900E+04  -0.999900E+04  -0.999900E+04
   0.118040E+02   0.118040E+02  -0.999900E+04  -0.999900E+04  -0.999900E+04  -0.999900E+04  -0.999900E+04  -0.999900E+04  -0.999900E+04  -0.999900E+04   0.100540E+00   0.652306E-01   0.451748E-01   0.306044E-01  -0.999900E+04  -0.999900E+04  -0.999900E+04  -0.999900E+04  -0.999900E+04  -0.999900E+04  -0.999900E+04  -0.999900E+04
   0.119040E+02   0.119040E+02  -0.999900E+04  -0.999900E+04  -0.999900E+04  -0.999900E+04  -0.999900E+04  -0.999900E+04  -0.999900E+04  -0.999900E+04   0.100445E+00   0.651159E-01   0.450719E-01   0.305082E-01  -0.999900E+04  -0.999900E+04  -0.999900E+04  -0.999900E+04  -0.999900E+04  -0.999900E+04  -0.999900E+04  -0.999900E+04
   0.120040E+02   0.120040E+02  -0.999900E+04  -0.999900E+04  -0.999900E+04  -0.999900E+04  -0.999900E+04  -0.999900E+04  -0.999900E+04  -0.999900E+04   0.100349E+00   0.650011E-01   0.449691E-01   0.304122E-01  -0.999900E+04  -0.999900E+04  -0.999900E+04  -0.999900E+04  -0.999900E+04  -0.999900E+04  -0.999900E+04  -0.999900E+04
   0.121040E+02   0.121040E+02  -0.999900E+04  -0.999900E+04  -0.999900E+04  -0.999900E+04  -0.999900E+04  -0.999900E+04  -0.999900E+04  -0.999900E+04   0.100253E+00   0.648863E-01   0.448664E-01   0.303163E-01  -0.999900E+04  -0.999900E+04  -0.999900E+04  -0.999900E+04  -0.999900E+04  -0.999900E+04  -0.999900E+04  -0.999900E+04
   0.122040E+02   0.122040E+02  -0.999900E+04  -0.999900E+04  -0.999900E+04  -0.999900E+04  -0.999900E+04  -0.999900E+04  -0.999900E+04  -0.999900E+04   0.100158E+00   0.647714E-01   0.447637E-01   0.302207E-01  -0.999900E+04  -0.999900E+04  -0.999900E+04  -0.999900E+04  -0.999900E+04  -0.999900E+04  -0.999900E+04  -0.999900E+04
   0.123040E+02   0.123040E+02  -0.999900E+04  -0.999900E+04  -0.999900E+04  -0.999900E+04  -0.999900E+04  -0.999900E+04  -0.999900E+04  -0.999900E+04   0.100063E+00   0.646565E-01   0.446611E-01   0.301252E-01  -0.999900E+04  -0.999900E+04  -0.999900E+04  -0.999900E+04  -0.999900E+04  -0.999900E+04  -0.999900E+04  -0.999900E+04
   0.124040E+02   0.124040E+02  -0.999900E+04  -0.999900E+04  -0.999900E+04  -0.999900E+04  -0.999900E+04  -0.999900E+04  -0.999900E+04  -0.999900E+04   0.999678E-01   0.645415E-01   0.445586E-01   0.300299E-01  -0.999900E+04  -0.999900E+04  -0.999900E+04  -0.999900E+04  -0.999900E+04  -0.999900E+04  -0.999900E+04  -0.999900E+04
   0.125040E+02   0.125040E+02  -0.999900E+04  -0.999900E+04  -0.999900E+04  -0.999900E+04  -0.999900E+04  -0.999900E+04  -0.999900E+04  -0.999900E+04   0.998728E-01   0.644265E-01   0.444562E-01   0.299349E-01  -0.999900E+04  -0.999900E+04  -0.999900E+04  -0.999900E+04  -0.999900E+04  -0.999900E+04  -0.999900E+04  -0.999900E+04
   0.126040E+02   0.126040E+02  -0.999900E+04  -0.999900E+04  -0.999900E+04  -0.999900E+04  -0.999900E+04  -0.999900E+04  -0.999900E+04  -0.999900E+04   0.997779E-01   0.643114E-01   0.443538E-01   0.298400E-01  -0.999900E+04  -0.999900E+04  -0.999900E+04  -0.999900E+04  -0.999900E+04  -0.999900E+04  -0.999900E+04  -0.999900E+04
   0.127040E+02   0.127040E+02  -0.999900E+04  -0.999900E+04  -0.999900E+04  -0.999900E+04  -0.999900E+04  -0.999900E+04  -0.999900E+04  -0.999900E+04   0.996831E-01   0.641962E-01   0.442515E-01   0.297453E-01  -0.999900E+04  -0.999900E+04  -0.999900E+04  -0.999900E+04  -0.999900E+04  -0.999900E+04  -0.999900E+04  -0.999900E+04
   0.128040E+02   0.128040E+02  -0.999900E+04  -0.999900E+04  -0.999900E+04  -0.999900E+04  -0.999900E+04  -0.999900E+04  -0.999900E+04  -0.999900E+04   0.995884E-01   0.640810E-01   0.441493E-01   0.296509E-01  -0.999900E+04  -0.999900E+04  -0.999900E+04  -0.999900E+04  -0.999900E+04  -0.999900E+04  -0.999900E+04  -0.999900E+04
   0.129040E+02   0.129040E+02  -0.999900E+04  -0.999900E+04  -0.999900E+04  -0.999900E+04  -0.999900E+04  -0.999900E+04  -0.999900E+04  -0.999900E+04   0.994938E-01   0.639658E-01   0.440471E-01   0.295566E-01  -0.999900E+04  -0.999900E+04  -0.999900E+04  -0.999900E+04  -0.999900E+04  -0.999900E+04  -0.999900E+04  -0.999900E+04
   0.130040E+02   0.130040E+02  -0.999900E+04  -0.999900E+04  -0.999900E+04  -0.999900E+04  -0.999900E+04  -0.999900E+04  -0.999900E+04  -0.999900E+04   0.993994E-01   0.638505E-01   0.439451E-01   0.294626E-01  -0.999900E+04  -0.999900E+04  -0.999900E+04  -0.999900E+04  -0.999900E+04  -0.999900E+04  -0.999900E+04  -0.999900E+04
   0.131040E+02   0.131040E+02  -0.999900E+04  -0.999900E+04  -0.999900E+04  -0.999900E+04  -0.999900E+04  -0.999900E+04  -0.999900E+04  -0.999900E+04   0.993050E-01   0.637351E-01   0.438431E-01   0.293688E-01  -0.999900E+04  -0.999900E+04  -0.999900E+04  -0.999900E+04  -0.999900E+04  -0.999900E+04  -0.999900E+04  -0.999900E+04
   0.132040E+02   0.132040E+02  -0.999900E+04  -0.999900E+04  -0.999900E+04  -0.999900E+04  -0.999900E+04  -0.999900E+04  -0.999900E+04  -0.999900E+04   0.992107E-01   0.636197E-01   0.437412E-01   0.292752E-01  -0.999900E+04  -0.999900E+04  -0.999900E+04  -0.999900E+04  -0.999900E+04  -0.999900E+04  -0.999900E+04  -0.999900E+04
   0.133040E+02   0.133040E+02  -0.999900E+04  -0.999900E+04  -0.999900E+04  -0.999900E+04  -0.999900E+04  -0.999900E+04  -0.999900E+04  -0.999900E+04   0.991166E-01   0.635042E-01   0.436393E-01   0.291818E-01  -0.999900E+04  -0.999900E+04  -0.999900E+04  -0.999900E+04  -0.999900E+04  -0.999900E+04  -0.999900E+04  -0.999900E+04
   0.134040E+02   0.134040E+02  -0.999900E+04  -0.999900E+04  -0.999900E+04  -0.999900E+04  -0.999900E+04  -0.999900E+04  -0.999900E+04  -0.999900E+04   0.990225E-01   0.633886E-01   0.435376E-01   0.290887E-01  -0.999900E+04  -0.999900E+04  -0.999900E+04  -0.999900E+04  -0.999900E+04  -0.999900E+04  -0.999900E+04  -0.999900E+04
   0.135040E+02   0.135040E+02  -0.999900E+04  -0.999900E+04  -0.999900E+04  -0.999900E+04  -0.999900E+04  -0.999900E+04  -0.999900E+04  -0.999900E+04   0.989286E-01   0.632730E-01   0.434359E-01   0.289958E-01  -0.999900E+04  -0.999900E+04  -0.999900E+04  -0.999900E+04  -0.999900E+04  -0.999900E+04  -0.999900E+04  -0.999900E+04
   0.136040E+02   0.136040E+02  -0.999900E+04  -0.999900E+04  -0.999900E+04  -0.999900E+04  -0.999900E+04  -0.999900E+04  -0.999900E+04  -0.999900E+04   0.988348E-01   0.631574E-01   0.433343E-01   0.289031E-01  -0.999900E+04  -0.999900E+04  -0.999900E+04  -0.999900E+04  -0.999900E+04  -0.999900E+04  -0.999900E+04  -0.999900E+04
   0.137040E+02   0.137040E+02  -0.999900E+04  -0.999900E+04  -0.999900E+04  -0.999900E+04  -0.999900E+04  -0.999900E+04  -0.999900E+04  -0.999900E+04   0.987411E-01   0.630416E-01   0.432328E-01   0.288106E-01  -0.999900E+04  -0.999900E+04  -0.999900E+04  -0.999900E+04  -0.999900E+04  -0.999900E+04  -0.999900E+04  -0.999900E+04
   0.138040E+02   0.138040E+02  -0.999900E+04  -0.999900E+04  -0.999900E+04  -0.999900E+04  -0.999900E+04  -0.999900E+04  -0.999900E+04  -0.999900E+04   0.986475E-01   0.629258E-01   0.431314E-01   0.287184E-01  -0.999900E+04  -0.999900E+04  -0.999900E+04  -0.999900E+04  -0.999900E+04  -0.999900E+04  -0.999900E+04  -0.999900E+04
   0.139040E+02   0.139040E+02  -0.999900E+04  -0.999900E+04  -0.999900E+04  -0.999900E+04  -0.999900E+04  -0.999900E+04  -0.999900E+04  -0.999900E+04   0.985540E-01   0.628100E-01   0.430301E-01   0.286264E-01  -0.999900E+04  -0.999900E+04  -0.999900E+04  -0.999900E+04  -0.999900E+04  -0.999900E+04  -0.999900E+04  -0.999900E+04
   0.140040E+02   0.140040E+02  -0.999900E+04  -0.999900E+04  -0.999900E+04  -0.999900E+04  -0.999900E+04  -0.999900E+04  -0.999900E+04  -0.999900E+04   0.984606E-01   0.626941E-01   0.429288E-01   0.285347E-01  -0.999900E+04  -0.999900E+04  -0.999900E+04  -0.999900E+04  -0.999900E+04  -0.999900E+04  -0.999900E+04  -0.999900E+04
   0.141040E+02   0.141040E+02  -0.999900E+04  -0.999900E+04  -0.999900E+04  -0.999900E+04  -0.999900E+04  -0.999900E+04  -0.999900E+04  -0.999900E+04   0.983674E-01   0.625781E-01   0.428277E-01   0.284432E-01  -0.999900E+04  -0.999900E+04  -0.999900E+04  -0.999900E+04  -0.999900E+04  -0.999900E+04  -0.999900E+04  -0.999900E+04
   0.142040E+02   0.142040E+02  -0.999900E+04  -0.999900E+04  -0.999900E+04  -0.999900E+04  -0.999900E+04  -0.999900E+04  -0.999900E+04  -0.999900E+04   0.982742E-01   0.624620E-01   0.427266E-01   0.283520E-01  -0.999900E+04  -0.999900E+04  -0.999900E+04  -0.999900E+04  -0.999900E+04  -0.999900E+04  -0.999900E+04  -0.999900E+04
   0.143040E+02   0.143040E+02  -0.999900E+04  -0.999900E+04  -0.999900E+04  -0.999900E+04  -0.999900E+04  -0.999900E+04  -0.999900E+04  -0.999900E+04   0.981812E-01   0.623459E-01   0.426256E-01   0.282610E-01  -0.999900E+04  -0.999900E+04  -0.999900E+04  -0.999900E+04  -0.999900E+04  -0.999900E+04  -0.999900E+04  -0.999900E+04
   0.144040E+02   0.144040E+02  -0.999900E+04  -0.999900E+04  -0.999900E+04  -0.999900E+04  -0.999900E+04  -0.999900E+04  -0.999900E+04  -0.999900E+04   0.980883E-01   0.622297E-01   0.425247E-01   0.281703E-01  -0.999900E+04  -0.999900E+04  -0.999900E+04  -0.999900E+04  -0.999900E+04  -0.999900E+04  -0.999900E+04  -0.999900E+04
   0.145040E+02   0.145040E+02  -0.999900E+04  -0.999900E+04  -0.999900E+04  -0.999900E+04  -0.999900E+04  -0.999900E+04  -0.999900E+04  -0.999900E+04   0.979955E-01   0.621135E-01   0.424240E-01   0.280798E-01  -0.999900E+04  -0.999900E+04  -0.999900E+04  -0.999900E+04  -0.999900E+04  -0.999900E+04  -0.999900E+04  -0.999900E+04
   0.146040E+02   0.146040E+02  -0.999900E+04  -0.999900E+04  -0.999900E+04  -0.999900E+04  -0.999900E+04  -0.999900E+04  -0.999900E+04  -0.999900E+04   0.979028E-01   0.619971E-01   0.423233E-01   0.279897E-01  -0.999900E+04  -0.999900E+04  -0.999900E+04  -0.999900E+04  -0.999900E+04  -0.999900E+04  -0.999900E+04  -0.999900E+04
   0.147040E+02   0.147040E+02  -0.999900E+04  -0.999900E+04  -0.999900E+04  -0.999900E+04  -0.999900E+04  -0.999900E+04  -0.999900E+04  -0.999900E+04   0.978103E-01   0.618807E-01   0.422227E-01   0.278997E-01  -0.999900E+04  -0.999900E+04  -0.999900E+04  -0.999900E+04  -0.999900E+04  -0.999900E+04  -0.999900E+04  -0.999900E+04
   0.148040E+02   0.148040E+02  -0.999900E+04  -0.999900E+04  -0.999900E+04  -0.999900E+04  -0.999900E+04  -0.999900E+04  -0.999900E+04  -0.999900E+04   0.977178E-01   0.617643E-01   0.421221E-01   0.278101E-01  -0.999900E+04  -0.999900E+04  -0.999900E+04  -0.999900E+04  -0.999900E+04  -0.999900E+04  -0.999900E+04  -0.999900E+04
   0.149040E+02   0.149040E+02  -0.999900E+04  -0.999900E+04  -0.999900E+04  -0.999900E+04  -0.999900E+04  -0.999900E+04  -0.999900E+04  -0.999900E+04   0.976256E-01   0.616478E-01   0.420218E-01   0.277207E-01  -0.999900E+04  -0.999900E+04  -0.999900E+04  -0.999900E+04  -0.999900E+04  -0.999900E+04  -0.999900E+04  -0.999900E+04
   0.150040E+02   0.150040E+02  -0.999900E+04  -0.999900E+04  -0.999900E+04  -0.999900E+04  -0.999900E+04  -0.999900E+04  -0.999900E+04  -0.999900E+04   0.975334E-01   0.615312E-01   0.419215E-01   0.276317E-01  -0.999900E+04  -0.999900E+04  -0.999900E+04  -0.999900E+04  -0.999900E+04  -0.999900E+04  -0.999900E+04  -0.999900E+04
   0.151040E+02   0.151040E+02  -0.999900E+04  -0.999900E+04  -0.999900E+04  -0.999900E+04  -0.999900E+04  -0.999900E+04  -0.999900E+04  -0.999900E+04   0.974413E-01   0.614145E-01   0.418213E-01   0.275428E-01  -0.999900E+04  -0.999900E+04  -0.999900E+04  -0.999900E+04  -0.999900E+04  -0.999900E+04  -0.999900E+04  -0.999900E+04
   0.152040E+02   0.152040E+02  -0.999900E+04  -0.999900E+04  -0.999900E+04  -0.999900E+04  -0.999900E+04  -0.999900E+04  -0.999900E+04  -0.999900E+04   0.973493E-01   0.612977E-01   0.417211E-01   0.274543E-01  -0.999900E+04  -0.999900E+04  -0.999900E+04  -0.999900E+04  -0.999900E+04  -0.999900E+04  -0.999900E+04  -0.999900E+04
   0.153040E+02   0.153040E+02  -0.999900E+04  -0.999900E+04  -0.999900E+04  -0.999900E+04  -0.999900E+04  -0.999900E+04  -0.999900E+04  -0.999900E+04   0.972575E-01   0.611809E-01   0.416212E-01   0.273661E-01  -0.999900E+04  -0.999900E+04  -0.999900E+04  -0.999900E+04  -0.999900E+04  -0.999900E+04  -0.999900E+04  -0.999900E+04
   0.154040E+02   0.154040E+02  -0.999900E+04  -0.999900E+04  -0.999900E+04  -0.999900E+04  -0.999900E+04  -0.999900E+04  -0.999900E+04  -0.999900E+04   0.971658E-01   0.610641E-01   0.415213E-01   0.272781E-01  -0.999900E+04  -0.999900E+04  -0.999900E+04  -0.999900E+04  -0.999900E+04  -0.999900E+04  -0.999900E+04  -0.999900E+04
   0.155040E+02   0.155040E+02  -0.999900E+04  -0.999900E+04  -0.999900E+04  -0.999900E+04  -0.999900E+04  -0.999900E+04  -0.999900E+04  -0.999900E+04   0.970742E-01   0.609471E-01   0.414215E-01   0.271905E-01  -0.999900E+04  -0.999900E+04  -0.999900E+04  -0.999900E+04  -0.999900E+04  -0.999900E+04  -0.999900E+04  -0.999900E+04
   0.156040E+02   0.156040E+02  -0.999900E+04  -0.999900E+04  -0.999900E+04  -0.999900E+04  -0.999900E+04  -0.999900E+04  -0.999900E+04  -0.999900E+04   0.969827E-01   0.608300E-01   0.413218E-01   0.271031E-01  -0.999900E+04  -0.999900E+04  -0.999900E+04  -0.999900E+04  -0.999900E+04  -0.999900E+04  -0.999900E+04  -0.999900E+04
   0.156500E+02   0.156500E+02  -0.999900E+04  -0.999900E+04  -0.999900E+04  -0.999900E+04  -0.999900E+04  -0.999900E+04  -0.999900E+04  -0.999900E+04   0.969407E-01   0.607762E-01   0.412760E-01   0.270630E-01  -0.999900E+04  -0.999900E+04  -0.999900E+04  -0.999900E+04  -0.999900E+04  -0.999900E+04  -0.999900E+04  -0.999900E+04
   0.157040E+02   0.157040E+02  -0.999900E+04  -0.999900E+04  -0.999900E+04  -0.999900E+04  -0.999900E+04  -0.999900E+04  -0.999900E+04  -0.999900E+04   0.968913E-01   0.607129E-01   0.412222E-01   0.270160E-01  -0.999900E+04  -0.999900E+04  -0.999900E+04  -0.999900E+04  -0.999900E+04  -0.999900E+04  -0.999900E+04  -0.999900E+04
   0.158040E+02   0.158040E+02  -0.999900E+04  -0.999900E+04  -0.999900E+04  -0.999900E+04  -0.999900E+04  -0.999900E+04  -0.999900E+04  -0.999900E+04   0.968001E-01   0.605957E-01   0.411227E-01   0.269293E-01  -0.999900E+04  -0.999900E+04  -0.999900E+04  -0.999900E+04  -0.999900E+04  -0.999900E+04  -0.999900E+04  -0.999900E+04
   0.159040E+02   0.159040E+02  -0.999900E+04  -0.999900E+04  -0.999900E+04  -0.999900E+04  -0.999900E+04  -0.999900E+04  -0.999900E+04  -0.999900E+04   0.967090E-01   0.604784E-01   0.410234E-01   0.268429E-01  -0.999900E+04  -0.999900E+04  -0.999900E+04  -0.999900E+04  -0.999900E+04  -0.999900E+04  -0.999900E+04  -0.999900E+04
   0.160040E+02   0.160040E+02  -0.999900E+04  -0.999900E+04  -0.999900E+04  -0.999900E+04  -0.999900E+04  -0.999900E+04  -0.999900E+04  -0.999900E+04   0.966180E-01   0.603610E-01   0.409241E-01   0.267567E-01  -0.999900E+04  -0.999900E+04  -0.999900E+04  -0.999900E+04  -0.999900E+04  -0.999900E+04  -0.999900E+04  -0.999900E+04
   0.161040E+02   0.161040E+02  -0.999900E+04  -0.999900E+04  -0.999900E+04  -0.999900E+04  -0.999900E+04  -0.999900E+04  -0.999900E+04  -0.999900E+04   0.965272E-01   0.602436E-01   0.408250E-01   0.266709E-01  -0.999900E+04  -0.999900E+04  -0.999900E+04  -0.999900E+04  -0.999900E+04  -0.999900E+04  -0.999900E+04  -0.999900E+04
   0.162040E+02   0.162040E+02  -0.999900E+04  -0.999900E+04  -0.999900E+04  -0.999900E+04  -0.999900E+04  -0.999900E+04  -0.999900E+04  -0.999900E+04   0.964364E-01   0.601260E-01   0.407260E-01   0.265854E-01  -0.999900E+04  -0.999900E+04  -0.999900E+04  -0.999900E+04  -0.999900E+04  -0.999900E+04  -0.999900E+04  -0.999900E+04
   0.163040E+02   0.163040E+02  -0.999900E+04  -0.999900E+04  -0.999900E+04  -0.999900E+04  -0.999900E+04  -0.999900E+04  -0.999900E+04  -0.999900E+04   0.963458E-01   0.600084E-01   0.406270E-01   0.265002E-01  -0.999900E+04  -0.999900E+04  -0.999900E+04  -0.999900E+04  -0.999900E+04  -0.999900E+04  -0.999900E+04  -0.999900E+04
   0.164040E+02   0.164040E+02  -0.999900E+04  -0.999900E+04  -0.999900E+04  -0.999900E+04  -0.999900E+04  -0.999900E+04  -0.999900E+04  -0.999900E+04   0.962553E-01   0.598907E-01   0.405283E-01   0.264153E-01  -0.999900E+04  -0.999900E+04  -0.999900E+04  -0.999900E+04  -0.999900E+04  -0.999900E+04  -0.999900E+04  -0.999900E+04
   0.165040E+02   0.165040E+02  -0.999900E+04  -0.999900E+04  -0.999900E+04  -0.999900E+04  -0.999900E+04  -0.999900E+04  -0.999900E+04  -0.999900E+04   0.961649E-01   0.597729E-01   0.404296E-01   0.263308E-01  -0.999900E+04  -0.999900E+04  -0.999900E+04  -0.999900E+04  -0.999900E+04  -0.999900E+04  -0.999900E+04  -0.999900E+04
