a0_min         Y1_intercept   Y2_intercept   Y3_intercept   Y4_intercept   Y5_intercept   Y6_intercept   Y7_intercept   Y8_intercept   LogPost        LogPrior       LogHyper       LogLkh         Deviance       
   0.999862E+02   0.693906E-03   0.121632E-03   0.177249E-02   0.974284E-03   0.405392E-03   0.170888E-02   0.108155E-02   0.396647E-05   0.182593E+03   0.000000E+00   0.000000E+00   0.182593E+03  -0.365186E+03
   0.999862E+02   0.693906E-03   0.121632E-03   0.177249E-02   0.974284E-03   0.405392E-03   0.170888E-02   0.108155E-02   0.396647E-05   0.182593E+03   0.000000E+00   0.000000E+00   0.182593E+03  -0.365186E+03
   0.999862E+02   0.450980E-03   0.121632E-03   0.177249E-02   0.974284E-03   0.405392E-03   0.101466E-02   0.108155E-02   0.396647E-05   0.184191E+03   0.000000E+00   0.000000E+00   0.184191E+03  -0.368382E+03
   0.999862E+02   0.450980E-03   0.121632E-03   0.177249E-02   0.974284E-03   0.405392E-03   0.101466E-02   0.108155E-02   0.396647E-05   0.184191E+03   0.000000E+00   0.000000E+00   0.184191E+03  -0.368382E+03
   0.999862E+02   0.450980E-03   0.121632E-03   0.300953E-03   0.152190E-02   0.405392E-03   0.101466E-02   0.108155E-02   0.396647E-05   0.185172E+03   0.000000E+00   0.000000E+00   0.185172E+03  -0.370344E+03
   0.999862E+02   0.450980E-03   0.121632E-03   0.300953E-03   0.152190E-02   0.405392E-03   0.562768E-03   0.108155E-02   0.396647E-05   0.185569E+03   0.000000E+00   0.000000E+00   0.185569E+03  -0.371138E+03
   0.999862E+02   0.450980E-03   0.121632E-03   0.950867E-04   0.264767E-02   0.405392E-03   0.562768E-03   0.108155E-02   0.842412E-03   0.182263E+03   0.000000E+00   0.000000E+00   0.182263E+03  -0.364526E+03
   0.999862E+02   0.450980E-03   0.121632E-03   0.950867E-04   0.595464E-03   0.405392E-03   0.562768E-03   0.108155E-02   0.529245E-03   0.185794E+03   0.000000E+00   0.000000E+00   0.185794E+03  -0.371588E+03
   0.999862E+02   0.277567E-03   0.121632E-03   0.950867E-04   0.595464E-03   0.405392E-03   0.562768E-03   0.333715E-04   0.529245E-03   0.186942E+03   0.000000E+00   0.000000E+00   0.186942E+03  -0.373884E+03
   0.999862E+02   0.277567E-03   0.121632E-03   0.616791E-03   0.595464E-03   0.405392E-03   0.562768E-03   0.333715E-04   0.529245E-03   0.187709E+03   0.000000E+00   0.000000E+00   0.187709E+03  -0.375418E+03
   0.999862E+02   0.277567E-03   0.121632E-03   0.616791E-03   0.595464E-03   0.405392E-03   0.562768E-03   0.114870E-02   0.529245E-03   0.186445E+03   0.000000E+00   0.000000E+00   0.186445E+03  -0.372890E+03
   0.999862E+02   0.277567E-03   0.447837E-03   0.616791E-03   0.595464E-03   0.983588E-03   0.562768E-03   0.114870E-02   0.529245E-03   0.185889E+03   0.000000E+00   0.000000E+00   0.185889E+03  -0.371778E+03
   0.999862E+02   0.683160E-03   0.447837E-03   0.616791E-03   0.595464E-03   0.983588E-03   0.562768E-03   0.114870E-02   0.529245E-03   0.185519E+03   0.000000E+00   0.000000E+00   0.185519E+03  -0.371038E+03
   0.100300E+03   0.683160E-03   0.447837E-03   0.616791E-03   0.595464E-03   0.983588E-03   0.562768E-03   0.114870E-02   0.529245E-03   0.185456E+03   0.000000E+00   0.000000E+00   0.185456E+03  -0.370912E+03
   0.100300E+03   0.683160E-03   0.447837E-03   0.616791E-03   0.725008E-03   0.429012E-03   0.562768E-03   0.114870E-02   0.529245E-03   0.186141E+03   0.000000E+00   0.000000E+00   0.186141E+03  -0.372282E+03
   0.100300E+03   0.683160E-03   0.447837E-03   0.616791E-03   0.725008E-03   0.429012E-03   0.773325E-03   0.114870E-02   0.529245E-03   0.186102E+03   0.000000E+00   0.000000E+00   0.186102E+03  -0.372204E+03
   0.101109E+03   0.683160E-03   0.447837E-03   0.616791E-03   0.104544E-02   0.429012E-03   0.773325E-03   0.114870E-02   0.529245E-03   0.184905E+03   0.000000E+00   0.000000E+00   0.184905E+03  -0.369810E+03
   0.101109E+03   0.683160E-03   0.716433E-03   0.616791E-03   0.104544E-02   0.429012E-03   0.129377E-02   0.314177E-02   0.529245E-03   0.180612E+03   0.000000E+00   0.000000E+00   0.180612E+03  -0.361224E+03
   0.101109E+03   0.683160E-03   0.716433E-03   0.616791E-03   0.990516E-03   0.429012E-03   0.129377E-02   0.314177E-02   0.529245E-03   0.180692E+03   0.000000E+00   0.000000E+00   0.180692E+03  -0.361384E+03
   0.101109E+03   0.683160E-03   0.632607E-03   0.616791E-03   0.990516E-03   0.158738E-03   0.129377E-02   0.314177E-02   0.529245E-03   0.180481E+03   0.000000E+00   0.000000E+00   0.180481E+03  -0.360962E+03
   0.101109E+03   0.189153E-03   0.632607E-03   0.616791E-03   0.954641E-03   0.158738E-03   0.156641E-02   0.314177E-02   0.529245E-03   0.180083E+03   0.000000E+00   0.000000E+00   0.180083E+03  -0.360166E+03
   0.101109E+03   0.152594E-02   0.632607E-03   0.616791E-03   0.954641E-03   0.158738E-03   0.156641E-02   0.124994E-03   0.529245E-03   0.182879E+03   0.000000E+00   0.000000E+00   0.182879E+03  -0.365758E+03
   0.102676E+03   0.152594E-02   0.429314E-03   0.480715E-03   0.954641E-03   0.396727E-03   0.511596E-02   0.124994E-03   0.529245E-03   0.174274E+03   0.000000E+00   0.000000E+00   0.174274E+03  -0.348548E+03
   0.102676E+03   0.152594E-02   0.429314E-03   0.265955E-02   0.112648E-02   0.396727E-03   0.242886E-02   0.124994E-03   0.529245E-03   0.175596E+03   0.000000E+00   0.000000E+00   0.175596E+03  -0.351192E+03
   0.102676E+03   0.152594E-02   0.429314E-03   0.279270E-02   0.112648E-02   0.396727E-03   0.242886E-02   0.124994E-03   0.529245E-03   0.175437E+03   0.000000E+00   0.000000E+00   0.175437E+03  -0.350874E+03
   0.102676E+03   0.107624E-02   0.429314E-03   0.262728E-02   0.112648E-02   0.880651E-03   0.239948E-02   0.124994E-03   0.112213E-03   0.176154E+03   0.000000E+00   0.000000E+00   0.176154E+03  -0.352308E+03
   0.102676E+03   0.122627E-02   0.429314E-03   0.262728E-02   0.112648E-02   0.934677E-03   0.239948E-02   0.538015E-03   0.477749E-03   0.176307E+03   0.000000E+00   0.000000E+00   0.176307E+03  -0.352614E+03
   0.102841E+03   0.122627E-02   0.429314E-03   0.262728E-02   0.112648E-02   0.934677E-03   0.215587E-02   0.538015E-03   0.477749E-03   0.176214E+03   0.000000E+00   0.000000E+00   0.176214E+03  -0.352428E+03
   0.100145E+03   0.913483E-03   0.429314E-03   0.262728E-02   0.112648E-02   0.888747E-03   0.215587E-02   0.538015E-03   0.477749E-03   0.180333E+03   0.000000E+00   0.000000E+00   0.180333E+03  -0.360666E+03
   0.100145E+03   0.913483E-03   0.429314E-03   0.282901E-03   0.112648E-02   0.334613E-03   0.215587E-02   0.538015E-03   0.488671E-03   0.183811E+03   0.000000E+00   0.000000E+00   0.183811E+03  -0.367622E+03
   0.100145E+03   0.913483E-03   0.429314E-03   0.282901E-03   0.112648E-02   0.135261E-02   0.215587E-02   0.538015E-03   0.488671E-03   0.182476E+03   0.000000E+00   0.000000E+00   0.182476E+03  -0.364952E+03
   0.100145E+03   0.168327E-02   0.600637E-04   0.718199E-03   0.112648E-02   0.135261E-02   0.215587E-02   0.141146E-03   0.488671E-03   0.180987E+03   0.000000E+00   0.000000E+00   0.180987E+03  -0.361974E+03
   0.100145E+03   0.168327E-02   0.600637E-04   0.718199E-03   0.112648E-02   0.135261E-02   0.277261E-02   0.163206E-02   0.488671E-03   0.177818E+03   0.000000E+00   0.000000E+00   0.177818E+03  -0.355636E+03
   0.100145E+03   0.116791E-02   0.600637E-04   0.718199E-03   0.112648E-02   0.692524E-03   0.156013E-02   0.163206E-02   0.488671E-03   0.181959E+03   0.000000E+00   0.000000E+00   0.181959E+03  -0.363918E+03
   0.100145E+03   0.116791E-02   0.600637E-04   0.718199E-03   0.112648E-02   0.692524E-03   0.156013E-02   0.163206E-02   0.488671E-03   0.181959E+03   0.000000E+00   0.000000E+00   0.181959E+03  -0.363918E+03
   0.100145E+03   0.116791E-02   0.600637E-04   0.718199E-03   0.112648E-02   0.692524E-03   0.156013E-02   0.163206E-02   0.488671E-03   0.181959E+03   0.000000E+00   0.000000E+00   0.181959E+03  -0.363918E+03
   0.999007E+02   0.159564E-03   0.600637E-04   0.718199E-03   0.112648E-02   0.692524E-03   0.156013E-02   0.163206E-02   0.488671E-03   0.183264E+03   0.000000E+00   0.000000E+00   0.183264E+03  -0.366528E+03
   0.999007E+02   0.159564E-03   0.600637E-04   0.718199E-03   0.305204E-03   0.980067E-03   0.156013E-02   0.163206E-02   0.488671E-03   0.182685E+03   0.000000E+00   0.000000E+00   0.182685E+03  -0.365370E+03
   0.999007E+02   0.159564E-03   0.600637E-04   0.718199E-03   0.305204E-03   0.980067E-03   0.156013E-02   0.315606E-02   0.488671E-03   0.180420E+03   0.000000E+00   0.000000E+00   0.180420E+03  -0.360840E+03
   0.999007E+02   0.159564E-03   0.600637E-04   0.718199E-03   0.305204E-03   0.980067E-03   0.131235E-02   0.313011E-02   0.488671E-03   0.180900E+03   0.000000E+00   0.000000E+00   0.180900E+03  -0.361800E+03
   0.999007E+02   0.159564E-03   0.600637E-04   0.718199E-03   0.305204E-03   0.980067E-03   0.131235E-02   0.731145E-02   0.398686E-03   0.177772E+03   0.000000E+00   0.000000E+00   0.177772E+03  -0.355544E+03
   0.999007E+02   0.929637E-04   0.600637E-04   0.687614E-03   0.125482E-02   0.980067E-03   0.131235E-02   0.909787E-03   0.398686E-03   0.184638E+03   0.000000E+00   0.000000E+00   0.184638E+03  -0.369276E+03
   0.999007E+02   0.929637E-04   0.600637E-04   0.687614E-03   0.342134E-02   0.980067E-03   0.713028E-03   0.909787E-03   0.398686E-03   0.182499E+03   0.000000E+00   0.000000E+00   0.182499E+03  -0.364998E+03
   0.999007E+02   0.521480E-03   0.374587E-03   0.469413E-03   0.342134E-02   0.980067E-03   0.713028E-03   0.909787E-03   0.398686E-03   0.182834E+03   0.000000E+00   0.000000E+00   0.182834E+03  -0.365668E+03
   0.999007E+02   0.521480E-03   0.374587E-03   0.469413E-03   0.914067E-03   0.102407E-04   0.109946E-02   0.909787E-03   0.398686E-03   0.186016E+03   0.000000E+00   0.000000E+00   0.186016E+03  -0.372032E+03
   0.999007E+02   0.521480E-03   0.374587E-03   0.469413E-03   0.914067E-03   0.102407E-04   0.109946E-02   0.112105E-02   0.398686E-03   0.185567E+03   0.000000E+00   0.000000E+00   0.185567E+03  -0.371134E+03
   0.999007E+02   0.521480E-03   0.374587E-03   0.469413E-03   0.914067E-03   0.102407E-04   0.109946E-02   0.109156E-02   0.398686E-03   0.185629E+03   0.000000E+00   0.000000E+00   0.185629E+03  -0.371258E+03
   0.999475E+02   0.521480E-03   0.536682E-03   0.551073E-03   0.914067E-03   0.953421E-03   0.109946E-02   0.109156E-02   0.398686E-03   0.185387E+03   0.000000E+00   0.000000E+00   0.185387E+03  -0.370774E+03
   0.100330E+03   0.521480E-03   0.536682E-03   0.551073E-03   0.914067E-03   0.953421E-03   0.109946E-02   0.109156E-02   0.398686E-03   0.185348E+03   0.000000E+00   0.000000E+00   0.185348E+03  -0.370696E+03
   0.100330E+03   0.521480E-03   0.536682E-03   0.551073E-03   0.479060E-03   0.953421E-03   0.109946E-02   0.902088E-03   0.398686E-03   0.185814E+03   0.000000E+00   0.000000E+00   0.185814E+03  -0.371628E+03
   0.100330E+03   0.521480E-03   0.536682E-03   0.551073E-03   0.479060E-03   0.953421E-03   0.606858E-03   0.902088E-03   0.654085E-03   0.185852E+03   0.000000E+00   0.000000E+00   0.185852E+03  -0.371704E+03
   0.100330E+03   0.521480E-03   0.679805E-03   0.551073E-03   0.887154E-03   0.953421E-03   0.606858E-03   0.435610E-03   0.538751E-03   0.186631E+03   0.000000E+00   0.000000E+00   0.186631E+03  -0.373262E+03
   0.100330E+03   0.521480E-03   0.679805E-03   0.551073E-03   0.887154E-03   0.953421E-03   0.606858E-03   0.435610E-03   0.538751E-03   0.186631E+03   0.000000E+00   0.000000E+00   0.186631E+03  -0.373262E+03
   0.100330E+03   0.521480E-03   0.679805E-03   0.551073E-03   0.887154E-03   0.640260E-03   0.606858E-03   0.435610E-03   0.776395E-03   0.186615E+03   0.000000E+00   0.000000E+00   0.186615E+03  -0.373230E+03
   0.100330E+03   0.521480E-03   0.679805E-03   0.176878E-03   0.887154E-03   0.848060E-03   0.606858E-03   0.435610E-03   0.776395E-03   0.185551E+03   0.000000E+00   0.000000E+00   0.185551E+03  -0.371102E+03
   0.100330E+03   0.521480E-03   0.679805E-03   0.176878E-03   0.887154E-03   0.848060E-03   0.606858E-03   0.435610E-03   0.776395E-03   0.185551E+03   0.000000E+00   0.000000E+00   0.185551E+03  -0.371102E+03
   0.100330E+03   0.521480E-03   0.200274E-03   0.176878E-03   0.887154E-03   0.848060E-03   0.606858E-03   0.435610E-03   0.776395E-03   0.185860E+03   0.000000E+00   0.000000E+00   0.185860E+03  -0.371720E+03
   0.100330E+03   0.521480E-03   0.200274E-03   0.176878E-03   0.188475E-03   0.848060E-03   0.528641E-03   0.435610E-03   0.776395E-03   0.184848E+03   0.000000E+00   0.000000E+00   0.184848E+03  -0.369696E+03
   0.997852E+02   0.521480E-03   0.200274E-03   0.176878E-03   0.188475E-03   0.848060E-03   0.528641E-03   0.435610E-03   0.776395E-03   0.185171E+03   0.000000E+00   0.000000E+00   0.185171E+03  -0.370342E+03
   0.999080E+02   0.521480E-03   0.420270E-04   0.176878E-03   0.142992E-03   0.848060E-03   0.528641E-03   0.435610E-03   0.776395E-03   0.184875E+03   0.000000E+00   0.000000E+00   0.184875E+03  -0.369750E+03
   0.999080E+02   0.228924E-03   0.420270E-04   0.176878E-03   0.142992E-03   0.848060E-03   0.528641E-03   0.435610E-03   0.776395E-03   0.184945E+03   0.000000E+00   0.000000E+00   0.184945E+03  -0.369890E+03
   0.999080E+02   0.228924E-03   0.420270E-04   0.176878E-03   0.132082E-03   0.848060E-03   0.528641E-03   0.435610E-03   0.776395E-03   0.184907E+03   0.000000E+00   0.000000E+00   0.184907E+03  -0.369814E+03
   0.999080E+02   0.158771E-02   0.420270E-04   0.176878E-03   0.132082E-03   0.848060E-03   0.528641E-03   0.109214E-02   0.776395E-03   0.181418E+03   0.000000E+00   0.000000E+00   0.181418E+03  -0.362836E+03
   0.994786E+02   0.158771E-02   0.420270E-04   0.176878E-03   0.440725E-02   0.848060E-03   0.528641E-03   0.109214E-02   0.179178E-04   0.178916E+03   0.000000E+00   0.000000E+00   0.178916E+03  -0.357832E+03
   0.100116E+03   0.440766E-03   0.420270E-04   0.500553E-03   0.440725E-02   0.848060E-03   0.528641E-03   0.109214E-02   0.179178E-04   0.181727E+03   0.000000E+00   0.000000E+00   0.181727E+03  -0.363454E+03
   0.100116E+03   0.440766E-03   0.420270E-04   0.500553E-03   0.440725E-02   0.848060E-03   0.528641E-03   0.109214E-02   0.179178E-04   0.181727E+03   0.000000E+00   0.000000E+00   0.181727E+03  -0.363454E+03
   0.100116E+03   0.534969E-03   0.420270E-04   0.500553E-03   0.376749E-02   0.848060E-03   0.528641E-03   0.109214E-02   0.179178E-04   0.182216E+03   0.000000E+00   0.000000E+00   0.182216E+03  -0.364432E+03
   0.100116E+03   0.534969E-03   0.420270E-04   0.500553E-03   0.376749E-02   0.848060E-03   0.528641E-03   0.109214E-02   0.286992E-03   0.182192E+03   0.000000E+00   0.000000E+00   0.182192E+03  -0.364384E+03
   0.100116E+03   0.534969E-03   0.420270E-04   0.500553E-03   0.376749E-02   0.105495E-02   0.528641E-03   0.109214E-02   0.286992E-03   0.181809E+03   0.000000E+00   0.000000E+00   0.181809E+03  -0.363618E+03
   0.991626E+02   0.534969E-03   0.420270E-04   0.500553E-03   0.126214E-02   0.181304E-02   0.528641E-03   0.109214E-02   0.302902E-03   0.183324E+03   0.000000E+00   0.000000E+00   0.183324E+03  -0.366648E+03
   0.991626E+02   0.836840E-03   0.420270E-04   0.500553E-03   0.126214E-02   0.181304E-02   0.528641E-03   0.109214E-02   0.302902E-03   0.182807E+03   0.000000E+00   0.000000E+00   0.182807E+03  -0.365614E+03
   0.991626E+02   0.836840E-03   0.420270E-04   0.500553E-03   0.154840E-03   0.142852E-02   0.248906E-04   0.109214E-02   0.302902E-03   0.181652E+03   0.000000E+00   0.000000E+00   0.181652E+03  -0.363304E+03
   0.991626E+02   0.776786E-03   0.420270E-04   0.500553E-03   0.154840E-03   0.154180E-02   0.248906E-04   0.437503E-02   0.302902E-03   0.177077E+03   0.000000E+00   0.000000E+00   0.177077E+03  -0.354154E+03
   0.991626E+02   0.776786E-03   0.420270E-04   0.464725E-03   0.154840E-03   0.763918E-03   0.248906E-04   0.502714E-02   0.302902E-03   0.177813E+03   0.000000E+00   0.000000E+00   0.177813E+03  -0.355626E+03
   0.990003E+02   0.776786E-03   0.420270E-04   0.464725E-03   0.154840E-03   0.763918E-03   0.248906E-04   0.502714E-02   0.302902E-03   0.177507E+03   0.000000E+00   0.000000E+00   0.177507E+03  -0.355014E+03
   0.990003E+02   0.776786E-03   0.420270E-04   0.464725E-03   0.154840E-03   0.763918E-03   0.119845E-02   0.502714E-02   0.302902E-03   0.177846E+03   0.000000E+00   0.000000E+00   0.177846E+03  -0.355692E+03
   0.100421E+03   0.776786E-03   0.420270E-04   0.773875E-04   0.154840E-03   0.763918E-03   0.119845E-02   0.217544E-02   0.302902E-03   0.180790E+03   0.000000E+00   0.000000E+00   0.180790E+03  -0.361580E+03
   0.996838E+02   0.776786E-03   0.146690E-03   0.215023E-02   0.154840E-03   0.763918E-03   0.119845E-02   0.217544E-02   0.302902E-03   0.179228E+03   0.000000E+00   0.000000E+00   0.179228E+03  -0.358456E+03
   0.996838E+02   0.776786E-03   0.118592E-02   0.215023E-02   0.154840E-03   0.763918E-03   0.119845E-02   0.143220E-02   0.302902E-03   0.179120E+03   0.000000E+00   0.000000E+00   0.179120E+03  -0.358240E+03
   0.996838E+02   0.185158E-03   0.118592E-02   0.993672E-03   0.243964E-04   0.578080E-03   0.479322E-03   0.439986E-03   0.302902E-03   0.184187E+03   0.000000E+00   0.000000E+00   0.184187E+03  -0.368374E+03
   0.996838E+02   0.393529E-03   0.118592E-02   0.993672E-03   0.590396E-03   0.578080E-03   0.479322E-03   0.439986E-03   0.302902E-03   0.185751E+03   0.000000E+00   0.000000E+00   0.185751E+03  -0.371502E+03
   0.996838E+02   0.393529E-03   0.118592E-02   0.993672E-03   0.653045E-03   0.578080E-03   0.479322E-03   0.439986E-03   0.302902E-03   0.185769E+03   0.000000E+00   0.000000E+00   0.185769E+03  -0.371538E+03
   0.996838E+02   0.393529E-03   0.118592E-02   0.993672E-03   0.653045E-03   0.578080E-03   0.479322E-03   0.439986E-03   0.306631E-03   0.185766E+03   0.000000E+00   0.000000E+00   0.185766E+03  -0.371532E+03
   0.996838E+02   0.393529E-03   0.438679E-03   0.887114E-03   0.653045E-03   0.578080E-03   0.479322E-03   0.439986E-03   0.306631E-03   0.187457E+03   0.000000E+00   0.000000E+00   0.187457E+03  -0.374914E+03
   0.100001E+03   0.393529E-03   0.586010E-03   0.887114E-03   0.653045E-03   0.578080E-03   0.479322E-03   0.517584E-03   0.306631E-03   0.187413E+03   0.000000E+00   0.000000E+00   0.187413E+03  -0.374826E+03
   0.100001E+03   0.393529E-03   0.586010E-03   0.184506E-02   0.653045E-03   0.578080E-03   0.479322E-03   0.517584E-03   0.306631E-03   0.185582E+03   0.000000E+00   0.000000E+00   0.185582E+03  -0.371164E+03
   0.100580E+03   0.393529E-03   0.681747E-03   0.184506E-02   0.653045E-03   0.578080E-03   0.479322E-03   0.517584E-03   0.306631E-03   0.185345E+03   0.000000E+00   0.000000E+00   0.185345E+03  -0.370690E+03
   0.100580E+03   0.393529E-03   0.681747E-03   0.184506E-02   0.653045E-03   0.578080E-03   0.479322E-03   0.517584E-03   0.306631E-03   0.185345E+03   0.000000E+00   0.000000E+00   0.185345E+03  -0.370690E+03
   0.100580E+03   0.393529E-03   0.681747E-03   0.184506E-02   0.653045E-03   0.578080E-03   0.479322E-03   0.188189E-03   0.344034E-03   0.185413E+03   0.000000E+00   0.000000E+00   0.185413E+03  -0.370826E+03
   0.100580E+03   0.393529E-03   0.681747E-03   0.184506E-02   0.653045E-03   0.578080E-03   0.479322E-03   0.188189E-03   0.344034E-03   0.185413E+03   0.000000E+00   0.000000E+00   0.185413E+03  -0.370826E+03
   0.100580E+03   0.393529E-03   0.681747E-03   0.184506E-02   0.653045E-03   0.578080E-03   0.479322E-03   0.188189E-03   0.344034E-03   0.185413E+03   0.000000E+00   0.000000E+00   0.185413E+03  -0.370826E+03
   0.100580E+03   0.393529E-03   0.681747E-03   0.200191E-02   0.653045E-03   0.578080E-03   0.479322E-03   0.188189E-03   0.344034E-03   0.185152E+03   0.000000E+00   0.000000E+00   0.185152E+03  -0.370304E+03
   0.100580E+03   0.393529E-03   0.678648E-04   0.200191E-02   0.653045E-03   0.578080E-03   0.573500E-03   0.188189E-03   0.344034E-03   0.185399E+03   0.000000E+00   0.000000E+00   0.185399E+03  -0.370798E+03
   0.100254E+03   0.987126E-03   0.678648E-04   0.173245E-02   0.653045E-03   0.578080E-03   0.573500E-03   0.188189E-03   0.344034E-03   0.185011E+03   0.000000E+00   0.000000E+00   0.185011E+03  -0.370022E+03
   0.100254E+03   0.987126E-03   0.678648E-04   0.173245E-02   0.653045E-03   0.578080E-03   0.573500E-03   0.188189E-03   0.897776E-03   0.183898E+03   0.000000E+00   0.000000E+00   0.183898E+03  -0.367796E+03
   0.100254E+03   0.987126E-03   0.678648E-04   0.173245E-02   0.653045E-03   0.578080E-03   0.573500E-03   0.188189E-03   0.897776E-03   0.183898E+03   0.000000E+00   0.000000E+00   0.183898E+03  -0.367796E+03
   0.100254E+03   0.119239E-02   0.678648E-04   0.173245E-02   0.119883E-02   0.578080E-03   0.573500E-03   0.188189E-03   0.131417E-02   0.181832E+03   0.000000E+00   0.000000E+00   0.181832E+03  -0.363664E+03
   0.100254E+03   0.119239E-02   0.678648E-04   0.739282E-04   0.119883E-02   0.578080E-03   0.573500E-03   0.188189E-03   0.131417E-02   0.182798E+03   0.000000E+00   0.000000E+00   0.182798E+03  -0.365596E+03
   0.100254E+03   0.119239E-02   0.678648E-04   0.739282E-04   0.119883E-02   0.578080E-03   0.573500E-03   0.188189E-03   0.626839E-03   0.184422E+03   0.000000E+00   0.000000E+00   0.184422E+03  -0.368844E+03
   0.100254E+03   0.119239E-02   0.678648E-04   0.739282E-04   0.119883E-02   0.578080E-03   0.242021E-03   0.188189E-03   0.626839E-03   0.183554E+03   0.000000E+00   0.000000E+00   0.183554E+03  -0.367108E+03
   0.100254E+03   0.119239E-02   0.426063E-03   0.739282E-04   0.119883E-02   0.578080E-03   0.380513E-03   0.188189E-03   0.626839E-03   0.184256E+03   0.000000E+00   0.000000E+00   0.184256E+03  -0.368512E+03
   0.100254E+03   0.590382E-03   0.426063E-03   0.739282E-04   0.119883E-02   0.578080E-03   0.380513E-03   0.188189E-03   0.389468E-03   0.185972E+03   0.000000E+00   0.000000E+00   0.185972E+03  -0.371944E+03
   0.100254E+03   0.590382E-03   0.426063E-03   0.739282E-04   0.154859E-02   0.578080E-03   0.380513E-03   0.610543E-03   0.953486E-04   0.185251E+03   0.000000E+00   0.000000E+00   0.185251E+03  -0.370502E+03
   0.101411E+03   0.590382E-03   0.426063E-03   0.739282E-04   0.154859E-02   0.578080E-03   0.157479E-02   0.610543E-03   0.953486E-04   0.181748E+03   0.000000E+00   0.000000E+00   0.181748E+03  -0.363496E+03
   0.101411E+03   0.590382E-03   0.426063E-03   0.739282E-04   0.154859E-02   0.578080E-03   0.157479E-02   0.610543E-03   0.953486E-04   0.181748E+03   0.000000E+00   0.000000E+00   0.181748E+03  -0.363496E+03
   0.101411E+03   0.260484E-03   0.142518E-03   0.739282E-04   0.154859E-02   0.792086E-03   0.437022E-03   0.610543E-03   0.176648E-03   0.181684E+03   0.000000E+00   0.000000E+00   0.181684E+03  -0.363368E+03
   0.101411E+03   0.260484E-03   0.142518E-03   0.869971E-03   0.154859E-02   0.583775E-03   0.437022E-03   0.610543E-03   0.176648E-03   0.183885E+03   0.000000E+00   0.000000E+00   0.183885E+03  -0.367770E+03
   0.101411E+03   0.260484E-03   0.142518E-03   0.869971E-03   0.851848E-03   0.583775E-03   0.437022E-03   0.610543E-03   0.209654E-03   0.184967E+03   0.000000E+00   0.000000E+00   0.184967E+03  -0.369934E+03
   0.997203E+02   0.705525E-04   0.142518E-03   0.869971E-03   0.851848E-03   0.826947E-03   0.437022E-03   0.931927E-03   0.209654E-03   0.186044E+03   0.000000E+00   0.000000E+00   0.186044E+03  -0.372088E+03
   0.994216E+02   0.705525E-04   0.142518E-03   0.147007E-02   0.851848E-03   0.826947E-03   0.437022E-03   0.931927E-03   0.209654E-03   0.184492E+03   0.000000E+00   0.000000E+00   0.184492E+03  -0.368984E+03
   0.994216E+02   0.705525E-04   0.142518E-03   0.147007E-02   0.851848E-03   0.575246E-03   0.579779E-03   0.931927E-03   0.209654E-03   0.184866E+03   0.000000E+00   0.000000E+00   0.184866E+03  -0.369732E+03
   0.101533E+03   0.705525E-04   0.703355E-03   0.147007E-02   0.341918E-03   0.575246E-03   0.579779E-03   0.139421E-02   0.209654E-03   0.181597E+03   0.000000E+00   0.000000E+00   0.181597E+03  -0.363194E+03
   0.101533E+03   0.705525E-04   0.703355E-03   0.158433E-02   0.340447E-02   0.575246E-03   0.579779E-03   0.139421E-02   0.209654E-03   0.178435E+03   0.000000E+00   0.000000E+00   0.178435E+03  -0.356870E+03
   0.101724E+03   0.705525E-04   0.703355E-03   0.158433E-02   0.340447E-02   0.575246E-03   0.579779E-03   0.102387E-02   0.209654E-03   0.178710E+03   0.000000E+00   0.000000E+00   0.178710E+03  -0.357420E+03
   0.101724E+03   0.705525E-04   0.703355E-03   0.621549E-03   0.123538E-02   0.575246E-03   0.579779E-03   0.102387E-02   0.209654E-03   0.182788E+03   0.000000E+00   0.000000E+00   0.182788E+03  -0.365576E+03
   0.101724E+03   0.705525E-04   0.703355E-03   0.621549E-03   0.123538E-02   0.575246E-03   0.579779E-03   0.130795E-02   0.209654E-03   0.182169E+03   0.000000E+00   0.000000E+00   0.182169E+03  -0.364338E+03
   0.101717E+03   0.705525E-04   0.164043E-03   0.621549E-03   0.952258E-03   0.575246E-03   0.579779E-03   0.130795E-02   0.209654E-03   0.182270E+03   0.000000E+00   0.000000E+00   0.182270E+03  -0.364540E+03
   0.101717E+03   0.705525E-04   0.164043E-03   0.451930E-03   0.924649E-03   0.575246E-03   0.579779E-03   0.130795E-02   0.589926E-03   0.181617E+03   0.000000E+00   0.000000E+00   0.181617E+03  -0.363234E+03
   0.101717E+03   0.705525E-04   0.164043E-03   0.811031E-03   0.924649E-03   0.575246E-03   0.579779E-03   0.130795E-02   0.961810E-04   0.182289E+03   0.000000E+00   0.000000E+00   0.182289E+03  -0.364578E+03
   0.101717E+03   0.705525E-04   0.164043E-03   0.199735E-02   0.924649E-03   0.682664E-03   0.579779E-03   0.811558E-03   0.961810E-04   0.181570E+03   0.000000E+00   0.000000E+00   0.181570E+03  -0.363140E+03
   0.101717E+03   0.705525E-04   0.234433E-03   0.199735E-02   0.924649E-03   0.682664E-03   0.579779E-03   0.690725E-04   0.961810E-04   0.182068E+03   0.000000E+00   0.000000E+00   0.182068E+03  -0.364136E+03
   0.101717E+03   0.107088E-02   0.146282E-02   0.878281E-03   0.924649E-03   0.682664E-03   0.579779E-03   0.268157E-03   0.961810E-04   0.182555E+03   0.000000E+00   0.000000E+00   0.182555E+03  -0.365110E+03
   0.995943E+02   0.107088E-02   0.146282E-02   0.878281E-03   0.924649E-03   0.682664E-03   0.579779E-03   0.268157E-03   0.961810E-04   0.183993E+03   0.000000E+00   0.000000E+00   0.183993E+03  -0.367986E+03
   0.995943E+02   0.232524E-02   0.143402E-02   0.878281E-03   0.924649E-03   0.682664E-03   0.579779E-03   0.268157E-03   0.961810E-04   0.181662E+03   0.000000E+00   0.000000E+00   0.181662E+03  -0.363324E+03
   0.995943E+02   0.232524E-02   0.143402E-02   0.259464E-03   0.924649E-03   0.165431E-02   0.157695E-02   0.268157E-03   0.961810E-04   0.178740E+03   0.000000E+00   0.000000E+00   0.178740E+03  -0.357480E+03
   0.995943E+02   0.909166E-03   0.143402E-02   0.259464E-03   0.924649E-03   0.165431E-02   0.157695E-02   0.320368E-03   0.862353E-03   0.180387E+03   0.000000E+00   0.000000E+00   0.180387E+03  -0.360774E+03
   0.100528E+03   0.909166E-03   0.132096E-02   0.259464E-03   0.924649E-03   0.154356E-03   0.323400E-04   0.320368E-03   0.862353E-03   0.181617E+03   0.000000E+00   0.000000E+00   0.181617E+03  -0.363234E+03
   0.100528E+03   0.909166E-03   0.132096E-02   0.259464E-03   0.924649E-03   0.154356E-03   0.323400E-04   0.320368E-03   0.862353E-03   0.181617E+03   0.000000E+00   0.000000E+00   0.181617E+03  -0.363234E+03
   0.100528E+03   0.749830E-03   0.196203E-02   0.259464E-03   0.924649E-03   0.107080E-02   0.323400E-04   0.100437E-02   0.862353E-03   0.179048E+03   0.000000E+00   0.000000E+00   0.179048E+03  -0.358096E+03
   0.100528E+03   0.749830E-03   0.196203E-02   0.259464E-03   0.924649E-03   0.107080E-02   0.131055E-02   0.100437E-02   0.862353E-03   0.180009E+03   0.000000E+00   0.000000E+00   0.180009E+03  -0.360018E+03
   0.100528E+03   0.749830E-03   0.129771E-02   0.847243E-03   0.924649E-03   0.107080E-02   0.131055E-02   0.100437E-02   0.862353E-03   0.181627E+03   0.000000E+00   0.000000E+00   0.181627E+03  -0.363254E+03
   0.100528E+03   0.323719E-05   0.902907E-03   0.847243E-03   0.924649E-03   0.818512E-03   0.131055E-02   0.133996E-03   0.925796E-03   0.184048E+03   0.000000E+00   0.000000E+00   0.184048E+03  -0.368096E+03
   0.100528E+03   0.160853E-02   0.934778E-03   0.847243E-03   0.924649E-03   0.818512E-03   0.131055E-02   0.133996E-03   0.925796E-03   0.181927E+03   0.000000E+00   0.000000E+00   0.181927E+03  -0.363854E+03
   0.100528E+03   0.160853E-02   0.934778E-03   0.847243E-03   0.924649E-03   0.818512E-03   0.131055E-02   0.133996E-03   0.129015E-02   0.181064E+03   0.000000E+00   0.000000E+00   0.181064E+03  -0.362128E+03
   0.100524E+03   0.160853E-02   0.934778E-03   0.847243E-03   0.924649E-03   0.818512E-03   0.131055E-02   0.133996E-03   0.129015E-02   0.181067E+03   0.000000E+00   0.000000E+00   0.181067E+03  -0.362134E+03
   0.100524E+03   0.160853E-02   0.934778E-03   0.630614E-03   0.924649E-03   0.544664E-03   0.131055E-02   0.133996E-03   0.129015E-02   0.181657E+03   0.000000E+00   0.000000E+00   0.181657E+03  -0.363314E+03
   0.100524E+03   0.144176E-02   0.934778E-03   0.389436E-03   0.924649E-03   0.544664E-03   0.131055E-02   0.133996E-03   0.129015E-02   0.181829E+03   0.000000E+00   0.000000E+00   0.181829E+03  -0.363658E+03
   0.100524E+03   0.144176E-02   0.151981E-02   0.389436E-03   0.924649E-03   0.544664E-03   0.131055E-02   0.133996E-03   0.129015E-02   0.180544E+03   0.000000E+00   0.000000E+00   0.180544E+03  -0.361088E+03
   0.100440E+03   0.144176E-02   0.151981E-02   0.389436E-03   0.924649E-03   0.609332E-03   0.131055E-02   0.133996E-03   0.129015E-02   0.180529E+03   0.000000E+00   0.000000E+00   0.180529E+03  -0.361058E+03
   0.100440E+03   0.144176E-02   0.151981E-02   0.389436E-03   0.924649E-03   0.609332E-03   0.128951E-02   0.605252E-03   0.153590E-03   0.182474E+03   0.000000E+00   0.000000E+00   0.182474E+03  -0.364948E+03
   0.100440E+03   0.128866E-02   0.151981E-02   0.389436E-03   0.924649E-03   0.148029E-04   0.128951E-02   0.605252E-03   0.153590E-03   0.182439E+03   0.000000E+00   0.000000E+00   0.182439E+03  -0.364878E+03
   0.100440E+03   0.128866E-02   0.687817E-03   0.389436E-03   0.880775E-03   0.148029E-04   0.128951E-02   0.448410E-03   0.153590E-03   0.184525E+03   0.000000E+00   0.000000E+00   0.184525E+03  -0.369050E+03
   0.100440E+03   0.128866E-02   0.687817E-03   0.389436E-03   0.880775E-03   0.148029E-04   0.128951E-02   0.127891E-02   0.498535E-03   0.182632E+03   0.000000E+00   0.000000E+00   0.182632E+03  -0.365264E+03
   0.100440E+03   0.128866E-02   0.687817E-03   0.389436E-03   0.880775E-03   0.148029E-04   0.128951E-02   0.127891E-02   0.498535E-03   0.182632E+03   0.000000E+00   0.000000E+00   0.182632E+03  -0.365264E+03
   0.998520E+02   0.128866E-02   0.687817E-03   0.199260E-02   0.880775E-03   0.784967E-03   0.128951E-02   0.127891E-02   0.507591E-03   0.180367E+03   0.000000E+00   0.000000E+00   0.180367E+03  -0.360734E+03
   0.100913E+03   0.128866E-02   0.687817E-03   0.415504E-03   0.880775E-03   0.784967E-03   0.128951E-02   0.127891E-02   0.382396E-03   0.182517E+03   0.000000E+00   0.000000E+00   0.182517E+03  -0.365034E+03
   0.100913E+03   0.128866E-02   0.687817E-03   0.415504E-03   0.880775E-03   0.784967E-03   0.128951E-02   0.127891E-02   0.382396E-03   0.182517E+03   0.000000E+00   0.000000E+00   0.182517E+03  -0.365034E+03
   0.995677E+02   0.128866E-02   0.687817E-03   0.415504E-03   0.814661E-03   0.784967E-03   0.518126E-03   0.503694E-03   0.109483E-02   0.183808E+03   0.000000E+00   0.000000E+00   0.183808E+03  -0.367616E+03
   0.995677E+02   0.128866E-02   0.687817E-03   0.415504E-03   0.814661E-03   0.784967E-03   0.518126E-03   0.503694E-03   0.109483E-02   0.183808E+03   0.000000E+00   0.000000E+00   0.183808E+03  -0.367616E+03
   0.995677E+02   0.128866E-02   0.687817E-03   0.955140E-03   0.814661E-03   0.784967E-03   0.518126E-03   0.503694E-03   0.109483E-02   0.183222E+03   0.000000E+00   0.000000E+00   0.183222E+03  -0.366444E+03
   0.995677E+02   0.768160E-03   0.687817E-03   0.955140E-03   0.814661E-03   0.784967E-03   0.518126E-03   0.503694E-03   0.109483E-02   0.184376E+03   0.000000E+00   0.000000E+00   0.184376E+03  -0.368752E+03
   0.995677E+02   0.768160E-03   0.220615E-03   0.278356E-03   0.814661E-03   0.784967E-03   0.518126E-03   0.503694E-03   0.172321E-02   0.183786E+03   0.000000E+00   0.000000E+00   0.183786E+03  -0.367572E+03
   0.993045E+02   0.768160E-03   0.794733E-03   0.278356E-03   0.814661E-03   0.589498E-03   0.518126E-03   0.503694E-03   0.172321E-02   0.183136E+03   0.000000E+00   0.000000E+00   0.183136E+03  -0.366272E+03
   0.100552E+03   0.768160E-03   0.794733E-03   0.278356E-03   0.814661E-03   0.589498E-03   0.851154E-03   0.503694E-03   0.243961E-04   0.186127E+03   0.000000E+00   0.000000E+00   0.186127E+03  -0.372254E+03
   0.100552E+03   0.768160E-03   0.794733E-03   0.599172E-03   0.814661E-03   0.589498E-03   0.215032E-02   0.503694E-03   0.233783E-02   0.180440E+03   0.000000E+00   0.000000E+00   0.180440E+03  -0.360880E+03
   0.100552E+03   0.768160E-03   0.794733E-03   0.599172E-03   0.624305E-03   0.765352E-03   0.215032E-02   0.503694E-03   0.233783E-02   0.180278E+03   0.000000E+00   0.000000E+00   0.180278E+03  -0.360556E+03
   0.100552E+03   0.768160E-03   0.794733E-03   0.599172E-03   0.624305E-03   0.765352E-03   0.215032E-02   0.114744E-03   0.166234E-02   0.181489E+03   0.000000E+00   0.000000E+00   0.181489E+03  -0.362978E+03
   0.997255E+02   0.768160E-03   0.794733E-03   0.599172E-03   0.108290E-02   0.765352E-03   0.215032E-02   0.192159E-04   0.166234E-02   0.180953E+03   0.000000E+00   0.000000E+00   0.180953E+03  -0.361906E+03
   0.101167E+03   0.768160E-03   0.794733E-03   0.599172E-03   0.165150E-02   0.765352E-03   0.187936E-02   0.192159E-04   0.126678E-02   0.180684E+03   0.000000E+00   0.000000E+00   0.180684E+03  -0.361368E+03
   0.101167E+03   0.768160E-03   0.794733E-03   0.471413E-03   0.119764E-02   0.765352E-03   0.200084E-02   0.192159E-04   0.126678E-02   0.181110E+03   0.000000E+00   0.000000E+00   0.181110E+03  -0.362220E+03
   0.101167E+03   0.768160E-03   0.187639E-02   0.471413E-03   0.166206E-02   0.765352E-03   0.200084E-02   0.192159E-04   0.126678E-02   0.178134E+03   0.000000E+00   0.000000E+00   0.178134E+03  -0.356268E+03
   0.101167E+03   0.768160E-03   0.187639E-02   0.613112E-03   0.166206E-02   0.123153E-02   0.207513E-02   0.192159E-04   0.126678E-02   0.177266E+03   0.000000E+00   0.000000E+00   0.177266E+03  -0.354532E+03
   0.101167E+03   0.768160E-03   0.552889E-03   0.613112E-03   0.166206E-02   0.123153E-02   0.207513E-02   0.192159E-04   0.120077E-02   0.179980E+03   0.000000E+00   0.000000E+00   0.179980E+03  -0.359960E+03
   0.101167E+03   0.768160E-03   0.552889E-03   0.613112E-03   0.166206E-02   0.123153E-02   0.207513E-02   0.192159E-04   0.120077E-02   0.179980E+03   0.000000E+00   0.000000E+00   0.179980E+03  -0.359960E+03
   0.101167E+03   0.122729E-02   0.552889E-03   0.613112E-03   0.117777E-02   0.123153E-02   0.207513E-02   0.192159E-04   0.120077E-02   0.179853E+03   0.000000E+00   0.000000E+00   0.179853E+03  -0.359706E+03
   0.101167E+03   0.122729E-02   0.707068E-03   0.613112E-03   0.117777E-02   0.123153E-02   0.322597E-03   0.192159E-04   0.956598E-03   0.181353E+03   0.000000E+00   0.000000E+00   0.181353E+03  -0.362706E+03
   0.101167E+03   0.122729E-02   0.707068E-03   0.373714E-03   0.117777E-02   0.123153E-02   0.322597E-03   0.192159E-04   0.956598E-03   0.180922E+03   0.000000E+00   0.000000E+00   0.180922E+03  -0.361844E+03
   0.101167E+03   0.403886E-03   0.707068E-03   0.373714E-03   0.117777E-02   0.123153E-02   0.477584E-03   0.192159E-04   0.956598E-03   0.182857E+03   0.000000E+00   0.000000E+00   0.182857E+03  -0.365714E+03
   0.101167E+03   0.403886E-03   0.707068E-03   0.333044E-03   0.117777E-02   0.123153E-02   0.477584E-03   0.192159E-04   0.956598E-03   0.182705E+03   0.000000E+00   0.000000E+00   0.182705E+03  -0.365410E+03
   0.101167E+03   0.403886E-03   0.285421E-03   0.333044E-03   0.117777E-02   0.123153E-02   0.477584E-03   0.192159E-04   0.956598E-03   0.182922E+03   0.000000E+00   0.000000E+00   0.182922E+03  -0.365844E+03
   0.991877E+02   0.403886E-03   0.285421E-03   0.333044E-03   0.117777E-02   0.123153E-02   0.696419E-03   0.192159E-04   0.956598E-03   0.184408E+03   0.000000E+00   0.000000E+00   0.184408E+03  -0.368816E+03
   0.991877E+02   0.403886E-03   0.285421E-03   0.333044E-03   0.443203E-03   0.123153E-02   0.696419E-03   0.192159E-04   0.956598E-03   0.184638E+03   0.000000E+00   0.000000E+00   0.184638E+03  -0.369276E+03
   0.100628E+03   0.403886E-03   0.603043E-02   0.295803E-03   0.443203E-03   0.123153E-02   0.696419E-03   0.192159E-04   0.956598E-03   0.177490E+03   0.000000E+00   0.000000E+00   0.177490E+03  -0.354980E+03
   0.984169E+02   0.135044E-03   0.159798E-02   0.295803E-03   0.925344E-03   0.123153E-02   0.696419E-03   0.192159E-04   0.956598E-03   0.180358E+03   0.000000E+00   0.000000E+00   0.180358E+03  -0.360716E+03
   0.984169E+02   0.135044E-03   0.159798E-02   0.295803E-03   0.925344E-03   0.112511E-02   0.696419E-03   0.192159E-04   0.144676E-02   0.179439E+03   0.000000E+00   0.000000E+00   0.179439E+03  -0.358878E+03
   0.984169E+02   0.135044E-03   0.119276E-03   0.295803E-03   0.925344E-03   0.126186E-02   0.696419E-03   0.192159E-04   0.633854E-04   0.183077E+03   0.000000E+00   0.000000E+00   0.183077E+03  -0.366154E+03
   0.984169E+02   0.135044E-03   0.119276E-03   0.982809E-03   0.325246E-03   0.364692E-03   0.812190E-03   0.192159E-04   0.633854E-04   0.182055E+03   0.000000E+00   0.000000E+00   0.182055E+03  -0.364110E+03
   0.984169E+02   0.839735E-03   0.119276E-03   0.982809E-03   0.325246E-03   0.688115E-03   0.812190E-03   0.192159E-04   0.633854E-04   0.182273E+03   0.000000E+00   0.000000E+00   0.182273E+03  -0.364546E+03
   0.984169E+02   0.839735E-03   0.119276E-03   0.982809E-03   0.331129E-02   0.688115E-03   0.812190E-03   0.192159E-04   0.633854E-04   0.179954E+03   0.000000E+00   0.000000E+00   0.179954E+03  -0.359908E+03
   0.982023E+02   0.119880E-02   0.525947E-04   0.982809E-03   0.626385E-03   0.375383E-03   0.812190E-03   0.192159E-04   0.633854E-04   0.180973E+03   0.000000E+00   0.000000E+00   0.180973E+03  -0.361946E+03
   0.982023E+02   0.119880E-02   0.525947E-04   0.874428E-03   0.626385E-03   0.375383E-03   0.865697E-03   0.192159E-04   0.633854E-04   0.181107E+03   0.000000E+00   0.000000E+00   0.181107E+03  -0.362214E+03
   0.982023E+02   0.119880E-02   0.525947E-04   0.874428E-03   0.626385E-03   0.375383E-03   0.772068E-03   0.119732E-02   0.633854E-04   0.180462E+03   0.000000E+00   0.000000E+00   0.180462E+03  -0.360924E+03
   0.980991E+02   0.310178E-03   0.525947E-04   0.874428E-03   0.626385E-03   0.892968E-03   0.772068E-03   0.119732E-02   0.666550E-04   0.181010E+03   0.000000E+00   0.000000E+00   0.181010E+03  -0.362020E+03
   0.980991E+02   0.310178E-03   0.525947E-04   0.874428E-03   0.238814E-02   0.892968E-03   0.772068E-03   0.119732E-02   0.666550E-04   0.179259E+03   0.000000E+00   0.000000E+00   0.179259E+03  -0.358518E+03
   0.980991E+02   0.310178E-03   0.525947E-04   0.113758E-02   0.238814E-02   0.124801E-02   0.772068E-03   0.119732E-02   0.666550E-04   0.178347E+03   0.000000E+00   0.000000E+00   0.178347E+03  -0.356694E+03
   0.101331E+03   0.688554E-03   0.525947E-04   0.113758E-02   0.238814E-02   0.937134E-03   0.772068E-03   0.191309E-02   0.395696E-03   0.179426E+03   0.000000E+00   0.000000E+00   0.179426E+03  -0.358852E+03
   0.101331E+03   0.688554E-03   0.525947E-04   0.124989E-03   0.118702E-02   0.421410E-03   0.772068E-03   0.191309E-02   0.395696E-03   0.180722E+03   0.000000E+00   0.000000E+00   0.180722E+03  -0.361444E+03
   0.101331E+03   0.688554E-03   0.525947E-04   0.365495E-03   0.118702E-02   0.421410E-03   0.772068E-03   0.191309E-02   0.395696E-03   0.181903E+03   0.000000E+00   0.000000E+00   0.181903E+03  -0.363806E+03
   0.101331E+03   0.688554E-03   0.525947E-04   0.365495E-03   0.118702E-02   0.421410E-03   0.772068E-03   0.325304E-02   0.103711E-03   0.180042E+03   0.000000E+00   0.000000E+00   0.180042E+03  -0.360084E+03
   0.100032E+03   0.688554E-03   0.525947E-04   0.365495E-03   0.118702E-02   0.421410E-03   0.772068E-03   0.775383E-03   0.103711E-03   0.186446E+03   0.000000E+00   0.000000E+00   0.186446E+03  -0.372892E+03
   0.100032E+03   0.688554E-03   0.525947E-04   0.365495E-03   0.118702E-02   0.421410E-03   0.772068E-03   0.539659E-03   0.103711E-03   0.186856E+03   0.000000E+00   0.000000E+00   0.186856E+03  -0.373712E+03
   0.101087E+03   0.688554E-03   0.525947E-04   0.365495E-03   0.118702E-02   0.421410E-03   0.772068E-03   0.539659E-03   0.103711E-03   0.185397E+03   0.000000E+00   0.000000E+00   0.185397E+03  -0.370794E+03
   0.101087E+03   0.105377E-02   0.525947E-04   0.365495E-03   0.118702E-02   0.421410E-03   0.772068E-03   0.539659E-03   0.428652E-03   0.184561E+03   0.000000E+00   0.000000E+00   0.184561E+03  -0.369122E+03
   0.101087E+03   0.862167E-03   0.481840E-03   0.512842E-03   0.118702E-02   0.421410E-03   0.772068E-03   0.279695E-03   0.428652E-03   0.185813E+03   0.000000E+00   0.000000E+00   0.185813E+03  -0.371626E+03
   0.101087E+03   0.862167E-03   0.481840E-03   0.804111E-03   0.164740E-02   0.421410E-03   0.772068E-03   0.279695E-03   0.428652E-03   0.185028E+03   0.000000E+00   0.000000E+00   0.185028E+03  -0.370056E+03
   0.101087E+03   0.862167E-03   0.131791E-03   0.804111E-03   0.164740E-02   0.132815E-02   0.448545E-03   0.279695E-03   0.428652E-03   0.183035E+03   0.000000E+00   0.000000E+00   0.183035E+03  -0.366070E+03
   0.101087E+03   0.862167E-03   0.131791E-03   0.349266E-03   0.164740E-02   0.132815E-02   0.448545E-03   0.112527E-03   0.428652E-03   0.182508E+03   0.000000E+00   0.000000E+00   0.182508E+03  -0.365016E+03
   0.101087E+03   0.695141E-03   0.131791E-03   0.349266E-03   0.164740E-02   0.132815E-02   0.448545E-03   0.112527E-03   0.218594E-03   0.182954E+03   0.000000E+00   0.000000E+00   0.182954E+03  -0.365908E+03
   0.101087E+03   0.695141E-03   0.131791E-03   0.349266E-03   0.164740E-02   0.132815E-02   0.448545E-03   0.112527E-03   0.218594E-03   0.182954E+03   0.000000E+00   0.000000E+00   0.182954E+03  -0.365908E+03
   0.101087E+03   0.235057E-04   0.131791E-03   0.349266E-03   0.346668E-02   0.132815E-02   0.448545E-03   0.112527E-03   0.218594E-03   0.180322E+03   0.000000E+00   0.000000E+00   0.180322E+03  -0.360644E+03
   0.101087E+03   0.925053E-03   0.131791E-03   0.349266E-03   0.346668E-02   0.140688E-02   0.113410E-02   0.112527E-03   0.581970E-04   0.179706E+03   0.000000E+00   0.000000E+00   0.179706E+03  -0.359412E+03
   0.101159E+03   0.586576E-04   0.117055E-02   0.349266E-03   0.391120E-02   0.201248E-02   0.113410E-02   0.112527E-03   0.298134E-03   0.177322E+03   0.000000E+00   0.000000E+00   0.177322E+03  -0.354644E+03
   0.101159E+03   0.586576E-04   0.152323E-02   0.349266E-03   0.423856E-03   0.211558E-02   0.113410E-02   0.112527E-03   0.449190E-03   0.180227E+03   0.000000E+00   0.000000E+00   0.180227E+03  -0.360454E+03
   0.101159E+03   0.586576E-04   0.152323E-02   0.349266E-03   0.453431E-03   0.211558E-02   0.352655E-03   0.112527E-03   0.449190E-03   0.180040E+03   0.000000E+00   0.000000E+00   0.180040E+03  -0.360080E+03
   0.101159E+03   0.817536E-03   0.152323E-02   0.349266E-03   0.453431E-03   0.211558E-02   0.159385E-02   0.173824E-02   0.449190E-03   0.177042E+03   0.000000E+00   0.000000E+00   0.177042E+03  -0.354084E+03
   0.101159E+03   0.152763E-03   0.152323E-02   0.539775E-03   0.117795E-02   0.275973E-02   0.120651E-02   0.173824E-02   0.740239E-04   0.177220E+03   0.000000E+00   0.000000E+00   0.177220E+03  -0.354440E+03
   0.100598E+03   0.152763E-03   0.152323E-02   0.539775E-03   0.117795E-02   0.173418E-02   0.120651E-02   0.173824E-02   0.740239E-04   0.179703E+03   0.000000E+00   0.000000E+00   0.179703E+03  -0.359406E+03
   0.100903E+03   0.152763E-03   0.152323E-02   0.863242E-03   0.117795E-02   0.173418E-02   0.812283E-03   0.247345E-02   0.740239E-04   0.178475E+03   0.000000E+00   0.000000E+00   0.178475E+03  -0.356950E+03
   0.100903E+03   0.152763E-03   0.152323E-02   0.863242E-03   0.117795E-02   0.173418E-02   0.812283E-03   0.499840E-02   0.740239E-04   0.175827E+03   0.000000E+00   0.000000E+00   0.175827E+03  -0.351654E+03
   0.100903E+03   0.152763E-03   0.152323E-02   0.863242E-03   0.117795E-02   0.173418E-02   0.105385E-02   0.623873E-03   0.440813E-04   0.181676E+03   0.000000E+00   0.000000E+00   0.181676E+03  -0.363352E+03
   0.100903E+03   0.126359E-02   0.122117E-02   0.863242E-03   0.960222E-03   0.173418E-02   0.105385E-02   0.623873E-03   0.440813E-04   0.181364E+03   0.000000E+00   0.000000E+00   0.181364E+03  -0.362728E+03
   0.101311E+03   0.126359E-02   0.122117E-02   0.863242E-03   0.353738E-03   0.173418E-02   0.105385E-02   0.728503E-04   0.440813E-04   0.180606E+03   0.000000E+00   0.000000E+00   0.180606E+03  -0.361212E+03
   0.101311E+03   0.126359E-02   0.302740E-03   0.813873E-03   0.140128E-02   0.173418E-02   0.105385E-02   0.728503E-04   0.440813E-04   0.181573E+03   0.000000E+00   0.000000E+00   0.181573E+03  -0.363146E+03
   0.101311E+03   0.126359E-02   0.302740E-03   0.813873E-03   0.154222E-02   0.173541E-02   0.105385E-02   0.728503E-04   0.440813E-04   0.181329E+03   0.000000E+00   0.000000E+00   0.181329E+03  -0.362658E+03
   0.101311E+03   0.126359E-02   0.302740E-03   0.813873E-03   0.154222E-02   0.131521E-03   0.105385E-02   0.226666E-03   0.440813E-04   0.183229E+03   0.000000E+00   0.000000E+00   0.183229E+03  -0.366458E+03
   0.101311E+03   0.126359E-02   0.729041E-03   0.813873E-03   0.154222E-02   0.131521E-03   0.105385E-02   0.226666E-03   0.953846E-03   0.181846E+03   0.000000E+00   0.000000E+00   0.181846E+03  -0.363692E+03
   0.992316E+02   0.126359E-02   0.729041E-03   0.813873E-03   0.120983E-02   0.131521E-03   0.105385E-02   0.226666E-03   0.953846E-03   0.182190E+03   0.000000E+00   0.000000E+00   0.182190E+03  -0.364380E+03
   0.101357E+03   0.240078E-03   0.695499E-03   0.813873E-03   0.127306E-02   0.131521E-03   0.105385E-02   0.226666E-03   0.953846E-03   0.183410E+03   0.000000E+00   0.000000E+00   0.183410E+03  -0.366820E+03
   0.101357E+03   0.240078E-03   0.695499E-03   0.813873E-03   0.127306E-02   0.131521E-03   0.706172E-03   0.628185E-03   0.953846E-03   0.183483E+03   0.000000E+00   0.000000E+00   0.183483E+03  -0.366966E+03
   0.101312E+03   0.709660E-03   0.119808E-03   0.813873E-03   0.127306E-02   0.198915E-02   0.706172E-03   0.628185E-03   0.953846E-03   0.181196E+03   0.000000E+00   0.000000E+00   0.181196E+03  -0.362392E+03
   0.101312E+03   0.763140E-03   0.119808E-03   0.813873E-03   0.127306E-02   0.367656E-03   0.706172E-03   0.628185E-03   0.953846E-03   0.183710E+03   0.000000E+00   0.000000E+00   0.183710E+03  -0.367420E+03
   0.101312E+03   0.763140E-03   0.324585E-03   0.813873E-03   0.127306E-02   0.367656E-03   0.706172E-03   0.628185E-03   0.953846E-03   0.184039E+03   0.000000E+00   0.000000E+00   0.184039E+03  -0.368078E+03
   0.101312E+03   0.763140E-03   0.324585E-03   0.212077E-02   0.127306E-02   0.367656E-03   0.706172E-03   0.628185E-03   0.953846E-03   0.181994E+03   0.000000E+00   0.000000E+00   0.181994E+03  -0.363988E+03
   0.100871E+03   0.763140E-03   0.324585E-03   0.226585E-02   0.127306E-02   0.367656E-03   0.706172E-03   0.451609E-03   0.953846E-03   0.182583E+03   0.000000E+00   0.000000E+00   0.182583E+03  -0.365166E+03
   0.100871E+03   0.763140E-03   0.324585E-03   0.226585E-02   0.127306E-02   0.367656E-03   0.706172E-03   0.451609E-03   0.953846E-03   0.182583E+03   0.000000E+00   0.000000E+00   0.182583E+03  -0.365166E+03
   0.100871E+03   0.763140E-03   0.324585E-03   0.226585E-02   0.127306E-02   0.367656E-03   0.706172E-03   0.451609E-03   0.953846E-03   0.182583E+03   0.000000E+00   0.000000E+00   0.182583E+03  -0.365166E+03
   0.100253E+03   0.763140E-03   0.324585E-03   0.273111E-03   0.127306E-02   0.467360E-03   0.706172E-03   0.451609E-03   0.536805E-03   0.186252E+03   0.000000E+00   0.000000E+00   0.186252E+03  -0.372504E+03
   0.990954E+02   0.763140E-03   0.324585E-03   0.273111E-03   0.127306E-02   0.922081E-03   0.706172E-03   0.451609E-03   0.536805E-03   0.185090E+03   0.000000E+00   0.000000E+00   0.185090E+03  -0.370180E+03
   0.993546E+02   0.763140E-03   0.324585E-03   0.273111E-03   0.127306E-02   0.922081E-03   0.706172E-03   0.947580E-04   0.536805E-03   0.185428E+03   0.000000E+00   0.000000E+00   0.185428E+03  -0.370856E+03
   0.993546E+02   0.763140E-03   0.324585E-03   0.273111E-03   0.127306E-02   0.922081E-03   0.103124E-02   0.947580E-04   0.536805E-03   0.184987E+03   0.000000E+00   0.000000E+00   0.184987E+03  -0.369974E+03
   0.993546E+02   0.763140E-03   0.324585E-03   0.273111E-03   0.127306E-02   0.922081E-03   0.103124E-02   0.947580E-04   0.536805E-03   0.184987E+03   0.000000E+00   0.000000E+00   0.184987E+03  -0.369974E+03
   0.994835E+02   0.763140E-03   0.324585E-03   0.273111E-03   0.127306E-02   0.922081E-03   0.103124E-02   0.947580E-04   0.536805E-03   0.185140E+03   0.000000E+00   0.000000E+00   0.185140E+03  -0.370280E+03
   0.994835E+02   0.763140E-03   0.324585E-03   0.268210E-03   0.127306E-02   0.922081E-03   0.103124E-02   0.947580E-04   0.883822E-03   0.184350E+03   0.000000E+00   0.000000E+00   0.184350E+03  -0.368700E+03
   0.994835E+02   0.763140E-03   0.324585E-03   0.268210E-03   0.127306E-02   0.922081E-03   0.103124E-02   0.947580E-04   0.883822E-03   0.184350E+03   0.000000E+00   0.000000E+00   0.184350E+03  -0.368700E+03
   0.994835E+02   0.763140E-03   0.324585E-03   0.268210E-03   0.127306E-02   0.922081E-03   0.103124E-02   0.947580E-04   0.883822E-03   0.184350E+03   0.000000E+00   0.000000E+00   0.184350E+03  -0.368700E+03
   0.994835E+02   0.763140E-03   0.324585E-03   0.268210E-03   0.844241E-03   0.922081E-03   0.188832E-02   0.978160E-03   0.428852E-03   0.183516E+03   0.000000E+00   0.000000E+00   0.183516E+03  -0.367032E+03
   0.994835E+02   0.763140E-03   0.324585E-03   0.427948E-03   0.844241E-03   0.922081E-03   0.188832E-02   0.159718E-03   0.616340E-03   0.184269E+03   0.000000E+00   0.000000E+00   0.184269E+03  -0.368538E+03
   0.994835E+02   0.763140E-03   0.324585E-03   0.873211E-03   0.844241E-03   0.922081E-03   0.151120E-02   0.159718E-03   0.213972E-03   0.185003E+03   0.000000E+00   0.000000E+00   0.185003E+03  -0.370006E+03
   0.994835E+02   0.763140E-03   0.324585E-03   0.873211E-03   0.844241E-03   0.922081E-03   0.151120E-02   0.159718E-03   0.213972E-03   0.185003E+03   0.000000E+00   0.000000E+00   0.185003E+03  -0.370006E+03
   0.994835E+02   0.763140E-03   0.324585E-03   0.873211E-03   0.844241E-03   0.922081E-03   0.151120E-02   0.159718E-03   0.213972E-03   0.185003E+03   0.000000E+00   0.000000E+00   0.185003E+03  -0.370006E+03
   0.994835E+02   0.763140E-03   0.324585E-03   0.873211E-03   0.844241E-03   0.922081E-03   0.151120E-02   0.159718E-03   0.213972E-03   0.185003E+03   0.000000E+00   0.000000E+00   0.185003E+03  -0.370006E+03
   0.994835E+02   0.462801E-03   0.324585E-03   0.684046E-03   0.844241E-03   0.755384E-03   0.462636E-04   0.113213E-02   0.213972E-03   0.184916E+03   0.000000E+00   0.000000E+00   0.184916E+03  -0.369832E+03
   0.994835E+02   0.462801E-03   0.324585E-03   0.684046E-03   0.100566E-02   0.755384E-03   0.156764E-02   0.195165E-02   0.213972E-03   0.182999E+03   0.000000E+00   0.000000E+00   0.182999E+03  -0.365998E+03
   0.994835E+02   0.462801E-03   0.324585E-03   0.684046E-03   0.100566E-02   0.755384E-03   0.177253E-02   0.195165E-02   0.213972E-03   0.182641E+03   0.000000E+00   0.000000E+00   0.182641E+03  -0.365282E+03
   0.100982E+03   0.462801E-03   0.324585E-03   0.684046E-03   0.100566E-02   0.834253E-03   0.177253E-02   0.818823E-03   0.213972E-03   0.184470E+03   0.000000E+00   0.000000E+00   0.184470E+03  -0.368940E+03
   0.100982E+03   0.462801E-03   0.324585E-03   0.684046E-03   0.100566E-02   0.834253E-03   0.971715E-03   0.818823E-03   0.213972E-03   0.185803E+03   0.000000E+00   0.000000E+00   0.185803E+03  -0.371606E+03
   0.100982E+03   0.480745E-03   0.324585E-03   0.684046E-03   0.100681E-02   0.834253E-03   0.971715E-03   0.159397E-02   0.213972E-03   0.184142E+03   0.000000E+00   0.000000E+00   0.184142E+03  -0.368284E+03
   0.100982E+03   0.859658E-03   0.324585E-03   0.709997E-03   0.100681E-02   0.834253E-03   0.975543E-03   0.114226E-02   0.213972E-03   0.184474E+03   0.000000E+00   0.000000E+00   0.184474E+03  -0.368948E+03
   0.100982E+03   0.859658E-03   0.324585E-03   0.899432E-03   0.100681E-02   0.590859E-03   0.975543E-03   0.114226E-02   0.141119E-02   0.182323E+03   0.000000E+00   0.000000E+00   0.182323E+03  -0.364646E+03
   0.100982E+03   0.178461E-03   0.324585E-03   0.899432E-03   0.100681E-02   0.291731E-03   0.975543E-03   0.114226E-02   0.141119E-02   0.182692E+03   0.000000E+00   0.000000E+00   0.182692E+03  -0.365384E+03
   0.101185E+03   0.178461E-03   0.324585E-03   0.899432E-03   0.100681E-02   0.291731E-03   0.975543E-03   0.114226E-02   0.141119E-02   0.182295E+03   0.000000E+00   0.000000E+00   0.182295E+03  -0.364590E+03
   0.100546E+03   0.178461E-03   0.324585E-03   0.899432E-03   0.100681E-02   0.291731E-03   0.334443E-02   0.114226E-02   0.501271E-04   0.182074E+03   0.000000E+00   0.000000E+00   0.182074E+03  -0.364148E+03
   0.100546E+03   0.347479E-03   0.324585E-03   0.652862E-03   0.100681E-02   0.291731E-03   0.334443E-02   0.114226E-02   0.501271E-04   0.182501E+03   0.000000E+00   0.000000E+00   0.182501E+03  -0.365002E+03
   0.100546E+03   0.347479E-03   0.324585E-03   0.195801E-02   0.100681E-02   0.291731E-03   0.334443E-02   0.114226E-02   0.501271E-04   0.180303E+03   0.000000E+00   0.000000E+00   0.180303E+03  -0.360606E+03
   0.100546E+03   0.347479E-03   0.324585E-03   0.241810E-02   0.100681E-02   0.291731E-03   0.260631E-02   0.114226E-02   0.208270E-03   0.180509E+03   0.000000E+00   0.000000E+00   0.180509E+03  -0.361018E+03
   0.100546E+03   0.583780E-03   0.324585E-03   0.241810E-02   0.100681E-02   0.291731E-03   0.260631E-02   0.114226E-02   0.208270E-03   0.180333E+03   0.000000E+00   0.000000E+00   0.180333E+03  -0.360666E+03
   0.100546E+03   0.583780E-03   0.324585E-03   0.241810E-02   0.100681E-02   0.291731E-03   0.344378E-02   0.114226E-02   0.208270E-03   0.179328E+03   0.000000E+00   0.000000E+00   0.179328E+03  -0.358656E+03
   0.100546E+03   0.583780E-03   0.324585E-03   0.241810E-02   0.244076E-02   0.710573E-03   0.252855E-02   0.114226E-02   0.208270E-03   0.178012E+03   0.000000E+00   0.000000E+00   0.178012E+03  -0.356024E+03
   0.100546E+03   0.583780E-03   0.760977E-03   0.110858E-02   0.244076E-02   0.778292E-03   0.402507E-02   0.114226E-02   0.665262E-03   0.177327E+03   0.000000E+00   0.000000E+00   0.177327E+03  -0.354654E+03
   0.100546E+03   0.583780E-03   0.135756E-03   0.110858E-02   0.372225E-02   0.778292E-03   0.248885E-02   0.114226E-02   0.665262E-03   0.177922E+03   0.000000E+00   0.000000E+00   0.177922E+03  -0.355844E+03
   0.100546E+03   0.583780E-03   0.135756E-03   0.110858E-02   0.372225E-02   0.778292E-03   0.248885E-02   0.114226E-02   0.665262E-03   0.177922E+03   0.000000E+00   0.000000E+00   0.177922E+03  -0.355844E+03
   0.101245E+03   0.583780E-03   0.139535E-02   0.110858E-02   0.386219E-02   0.778292E-03   0.248885E-02   0.114226E-02   0.665262E-03   0.175621E+03   0.000000E+00   0.000000E+00   0.175621E+03  -0.351242E+03
   0.101245E+03   0.583780E-03   0.139535E-02   0.781979E-03   0.386219E-02   0.778292E-03   0.313939E-02   0.114226E-02   0.665262E-03   0.175216E+03   0.000000E+00   0.000000E+00   0.175216E+03  -0.350432E+03
   0.101245E+03   0.583780E-03   0.139535E-02   0.781979E-03   0.386219E-02   0.392868E-03   0.264851E-02   0.114226E-02   0.132585E-02   0.174582E+03   0.000000E+00   0.000000E+00   0.174582E+03  -0.349164E+03
   0.101870E+03   0.583780E-03   0.270900E-02   0.781979E-03   0.386219E-02   0.888574E-04   0.281130E-02   0.114226E-02   0.132585E-02   0.170685E+03   0.000000E+00   0.000000E+00   0.170685E+03  -0.341370E+03
   0.101870E+03   0.583780E-03   0.127555E-02   0.781979E-03   0.799828E-03   0.121856E-05   0.377135E-02   0.965399E-03   0.132585E-02   0.176358E+03   0.000000E+00   0.000000E+00   0.176358E+03  -0.352716E+03
   0.985613E+02   0.583780E-03   0.127555E-02   0.781979E-03   0.799828E-03   0.121856E-05   0.230109E-02   0.109554E-02   0.132585E-02   0.177115E+03   0.000000E+00   0.000000E+00   0.177115E+03  -0.354230E+03
   0.985613E+02   0.253478E-02   0.127555E-02   0.431149E-03   0.799828E-03   0.319023E-02   0.291687E-02   0.558280E-03   0.132585E-02   0.171581E+03   0.000000E+00   0.000000E+00   0.171581E+03  -0.343162E+03
   0.985613E+02   0.726732E-03   0.127555E-02   0.431149E-03   0.799828E-03   0.319023E-02   0.291687E-02   0.558280E-03   0.132585E-02   0.174773E+03   0.000000E+00   0.000000E+00   0.174773E+03  -0.349546E+03
   0.985613E+02   0.726732E-03   0.127555E-02   0.431149E-03   0.799828E-03   0.285438E-02   0.190477E-04   0.558280E-03   0.128273E-02   0.177671E+03   0.000000E+00   0.000000E+00   0.177671E+03  -0.355342E+03
   0.985613E+02   0.726732E-03   0.163656E-02   0.431149E-03   0.799828E-03   0.294173E-02   0.281148E-02   0.558280E-03   0.128273E-02   0.174580E+03   0.000000E+00   0.000000E+00   0.174580E+03  -0.349160E+03
   0.985613E+02   0.726732E-03   0.163656E-02   0.431149E-03   0.799828E-03   0.121684E-02   0.699741E-02   0.558280E-03   0.103143E-02   0.174171E+03   0.000000E+00   0.000000E+00   0.174171E+03  -0.348342E+03
   0.985613E+02   0.726732E-03   0.163656E-02   0.431149E-03   0.799828E-03   0.263990E-02   0.214251E-02   0.158165E-03   0.103143E-02   0.176424E+03   0.000000E+00   0.000000E+00   0.176424E+03  -0.352848E+03
   0.985613E+02   0.726732E-03   0.316019E-03   0.431149E-03   0.799828E-03   0.408245E-02   0.121395E-02   0.158165E-03   0.348124E-03   0.179791E+03   0.000000E+00   0.000000E+00   0.179791E+03  -0.359582E+03
   0.988257E+02   0.726732E-03   0.685081E-03   0.431149E-03   0.799828E-03   0.408245E-02   0.121395E-02   0.158165E-03   0.348124E-03   0.180257E+03   0.000000E+00   0.000000E+00   0.180257E+03  -0.360514E+03
   0.101087E+03   0.562757E-03   0.685081E-03   0.431149E-03   0.799828E-03   0.429174E-02   0.121395E-02   0.158165E-03   0.348124E-03   0.180433E+03   0.000000E+00   0.000000E+00   0.180433E+03  -0.360866E+03
   0.101087E+03   0.562757E-03   0.685081E-03   0.431149E-03   0.799828E-03   0.228742E-02   0.121395E-02   0.158165E-03   0.266580E-04   0.182753E+03   0.000000E+00   0.000000E+00   0.182753E+03  -0.365506E+03
   0.101087E+03   0.562757E-03   0.150053E-02   0.431149E-03   0.799828E-03   0.228742E-02   0.121395E-02   0.158165E-03   0.266580E-04   0.181059E+03   0.000000E+00   0.000000E+00   0.181059E+03  -0.362118E+03
   0.101087E+03   0.562757E-03   0.150053E-02   0.431149E-03   0.505883E-03   0.847629E-03   0.121395E-02   0.334862E-03   0.304141E-03   0.183758E+03   0.000000E+00   0.000000E+00   0.183758E+03  -0.367516E+03
   0.101023E+03   0.562757E-03   0.121322E-02   0.431149E-03   0.505883E-03   0.847629E-03   0.121395E-02   0.334862E-03   0.304141E-03   0.184482E+03   0.000000E+00   0.000000E+00   0.184482E+03  -0.368964E+03
   0.100502E+03   0.562757E-03   0.207844E-03   0.431149E-03   0.505883E-03   0.847629E-03   0.121395E-02   0.334862E-03   0.304141E-03   0.186600E+03   0.000000E+00   0.000000E+00   0.186600E+03  -0.373200E+03
   0.100502E+03   0.261363E-03   0.207844E-03   0.431149E-03   0.785148E-03   0.822783E-03   0.121395E-02   0.334862E-03   0.453229E-03   0.186627E+03   0.000000E+00   0.000000E+00   0.186627E+03  -0.373254E+03
   0.100502E+03   0.261363E-03   0.207844E-03   0.431149E-03   0.100701E-02   0.822783E-03   0.121395E-02   0.334862E-03   0.453229E-03   0.186367E+03   0.000000E+00   0.000000E+00   0.186367E+03  -0.372734E+03
   0.100502E+03   0.261363E-03   0.102990E-02   0.431149E-03   0.100701E-02   0.822783E-03   0.121395E-02   0.818448E-03   0.690752E-04   0.184825E+03   0.000000E+00   0.000000E+00   0.184825E+03  -0.369650E+03
   0.100502E+03   0.261363E-03   0.512921E-04   0.431149E-03   0.100701E-02   0.822783E-03   0.121395E-02   0.818448E-03   0.690752E-04   0.185722E+03   0.000000E+00   0.000000E+00   0.185722E+03  -0.371444E+03
   0.100502E+03   0.261363E-03   0.512921E-04   0.431149E-03   0.100701E-02   0.822783E-03   0.121395E-02   0.818448E-03   0.752425E-03   0.184914E+03   0.000000E+00   0.000000E+00   0.184914E+03  -0.369828E+03
   0.100502E+03   0.261363E-03   0.512921E-04   0.431149E-03   0.109364E-02   0.822783E-03   0.194506E-02   0.672763E-05   0.752425E-03   0.184072E+03   0.000000E+00   0.000000E+00   0.184072E+03  -0.368144E+03
   0.100502E+03   0.261363E-03   0.512921E-04   0.431149E-03   0.109364E-02   0.822783E-03   0.197335E-02   0.672763E-05   0.752425E-03   0.184026E+03   0.000000E+00   0.000000E+00   0.184026E+03  -0.368052E+03
   0.100502E+03   0.261363E-03   0.512921E-04   0.431149E-03   0.104825E-02   0.733554E-03   0.922071E-03   0.129949E-02   0.752425E-03   0.184429E+03   0.000000E+00   0.000000E+00   0.184429E+03  -0.368858E+03
   0.993624E+02   0.384012E-03   0.512921E-04   0.431149E-03   0.104825E-02   0.733554E-03   0.922071E-03   0.108374E-02   0.752425E-03   0.184764E+03   0.000000E+00   0.000000E+00   0.184764E+03  -0.369528E+03
   0.993624E+02   0.384012E-03   0.100297E-02   0.431149E-03   0.104825E-02   0.866102E-03   0.922071E-03   0.108374E-02   0.752425E-03   0.183719E+03   0.000000E+00   0.000000E+00   0.183719E+03  -0.367438E+03
   0.994840E+02   0.884650E-03   0.100297E-02   0.267097E-03   0.104825E-02   0.312745E-03   0.180358E-02   0.108374E-02   0.752425E-03   0.181521E+03   0.000000E+00   0.000000E+00   0.181521E+03  -0.363042E+03
   0.994840E+02   0.884650E-03   0.100297E-02   0.267097E-03   0.151000E-02   0.312745E-03   0.180358E-02   0.108374E-02   0.752425E-03   0.180797E+03   0.000000E+00   0.000000E+00   0.180797E+03  -0.361594E+03
   0.994840E+02   0.884650E-03   0.404687E-04   0.267097E-03   0.151000E-02   0.312745E-03   0.180358E-02   0.108374E-02   0.752425E-03   0.181693E+03   0.000000E+00   0.000000E+00   0.181693E+03  -0.363386E+03
   0.998288E+02   0.884650E-03   0.158675E-03   0.267097E-03   0.151000E-02   0.103969E-02   0.180358E-02   0.104045E-02   0.275460E-03   0.182311E+03   0.000000E+00   0.000000E+00   0.182311E+03  -0.364622E+03
   0.998288E+02   0.884650E-03   0.135864E-03   0.267097E-03   0.726767E-03   0.186484E-04   0.715505E-03   0.154347E-02   0.275460E-03   0.184383E+03   0.000000E+00   0.000000E+00   0.184383E+03  -0.368766E+03
   0.998288E+02   0.884650E-03   0.135864E-03   0.727036E-03   0.726767E-03   0.186484E-04   0.715505E-03   0.154347E-02   0.275460E-03   0.184501E+03   0.000000E+00   0.000000E+00   0.184501E+03  -0.369002E+03
   0.998288E+02   0.163881E-02   0.135864E-03   0.298312E-03   0.726767E-03   0.186484E-04   0.715505E-03   0.154347E-02   0.275460E-03   0.182818E+03   0.000000E+00   0.000000E+00   0.182818E+03  -0.365636E+03
   0.998288E+02   0.163881E-02   0.689055E-03   0.298312E-03   0.726767E-03   0.186484E-04   0.715505E-03   0.154347E-02   0.275460E-03   0.182511E+03   0.000000E+00   0.000000E+00   0.182511E+03  -0.365022E+03
   0.998288E+02   0.817090E-03   0.689055E-03   0.298312E-03   0.726767E-03   0.186484E-04   0.715505E-03   0.479555E-03   0.275460E-03   0.186351E+03   0.000000E+00   0.000000E+00   0.186351E+03  -0.372702E+03
   0.998288E+02   0.817090E-03   0.128580E-02   0.298312E-03   0.808142E-03   0.155886E-02   0.715505E-03   0.479555E-03   0.275460E-03   0.183741E+03   0.000000E+00   0.000000E+00   0.183741E+03  -0.367482E+03
   0.998288E+02   0.817090E-03   0.128580E-02   0.298312E-03   0.808142E-03   0.155886E-02   0.659106E-03   0.479555E-03   0.260521E-03   0.183780E+03   0.000000E+00   0.000000E+00   0.183780E+03  -0.367560E+03
   0.998288E+02   0.356526E-04   0.128580E-02   0.298312E-03   0.808142E-03   0.155886E-02   0.659106E-03   0.460624E-03   0.260521E-03   0.184254E+03   0.000000E+00   0.000000E+00   0.184254E+03  -0.368508E+03
   0.998288E+02   0.356526E-04   0.368258E-03   0.298312E-03   0.808142E-03   0.107933E-02   0.294643E-03   0.328213E-03   0.260521E-03   0.186451E+03   0.000000E+00   0.000000E+00   0.186451E+03  -0.372902E+03
   0.100603E+03   0.905396E-04   0.368258E-03   0.298312E-03   0.270616E-02   0.119902E-02   0.294643E-03   0.328213E-03   0.153285E-02   0.179893E+03   0.000000E+00   0.000000E+00   0.179893E+03  -0.359786E+03
   0.100603E+03   0.905396E-04   0.368258E-03   0.298312E-03   0.102850E-02   0.119902E-02   0.294643E-03   0.328213E-03   0.181937E-02   0.181951E+03   0.000000E+00   0.000000E+00   0.181951E+03  -0.363902E+03
   0.994605E+02   0.153069E-03   0.452996E-03   0.298312E-03   0.102850E-02   0.119902E-02   0.294643E-03   0.328213E-03   0.181937E-02   0.182678E+03   0.000000E+00   0.000000E+00   0.182678E+03  -0.365356E+03
   0.994605E+02   0.453810E-04   0.215055E-03   0.298312E-03   0.102850E-02   0.119902E-02   0.369700E-03   0.533740E-04   0.181937E-02   0.182703E+03   0.000000E+00   0.000000E+00   0.182703E+03  -0.365406E+03
   0.100363E+03   0.453810E-04   0.215055E-03   0.298312E-03   0.816209E-03   0.119902E-02   0.491905E-03   0.533740E-04   0.181937E-02   0.183028E+03   0.000000E+00   0.000000E+00   0.183028E+03  -0.366056E+03
   0.100363E+03   0.555464E-03   0.215055E-03   0.298312E-03   0.816209E-03   0.119902E-02   0.491905E-03   0.533740E-04   0.181937E-02   0.183122E+03   0.000000E+00   0.000000E+00   0.183122E+03  -0.366244E+03
   0.100363E+03   0.103591E-03   0.215055E-03   0.298312E-03   0.816209E-03   0.181298E-02   0.991879E-03   0.265855E-03   0.548100E-03   0.184619E+03   0.000000E+00   0.000000E+00   0.184619E+03  -0.369238E+03
   0.100363E+03   0.103591E-03   0.169758E-03   0.298312E-03   0.816209E-03   0.181298E-02   0.991879E-03   0.265855E-03   0.548100E-03   0.184573E+03   0.000000E+00   0.000000E+00   0.184573E+03  -0.369146E+03
   0.100363E+03   0.103591E-03   0.169758E-03   0.440427E-03   0.816209E-03   0.182319E-02   0.991879E-03   0.265855E-03   0.316980E-03   0.185181E+03   0.000000E+00   0.000000E+00   0.185181E+03  -0.370362E+03
   0.100363E+03   0.106458E-02   0.169758E-03   0.440427E-03   0.133615E-02   0.128597E-02   0.232672E-02   0.265855E-03   0.316980E-03   0.182182E+03   0.000000E+00   0.000000E+00   0.182182E+03  -0.364364E+03
   0.100363E+03   0.106458E-02   0.794187E-04   0.440427E-03   0.133615E-02   0.128597E-02   0.126360E-03   0.437037E-03   0.316980E-03   0.183156E+03   0.000000E+00   0.000000E+00   0.183156E+03  -0.366312E+03
   0.100363E+03   0.798628E-03   0.794187E-04   0.440427E-03   0.133615E-02   0.128597E-02   0.126360E-03   0.127036E-02   0.316980E-03   0.182155E+03   0.000000E+00   0.000000E+00   0.182155E+03  -0.364310E+03
   0.100363E+03   0.798628E-03   0.794187E-04   0.457017E-03   0.133615E-02   0.423781E-03   0.126360E-03   0.127036E-02   0.316980E-03   0.183467E+03   0.000000E+00   0.000000E+00   0.183467E+03  -0.366934E+03
   0.100363E+03   0.797341E-03   0.794187E-04   0.457017E-03   0.144236E-02   0.423781E-03   0.126360E-03   0.127036E-02   0.316980E-03   0.183288E+03   0.000000E+00   0.000000E+00   0.183288E+03  -0.366576E+03
   0.996706E+02   0.797341E-03   0.794187E-04   0.457017E-03   0.144236E-02   0.423781E-03   0.126360E-03   0.127036E-02   0.316980E-03   0.183636E+03   0.000000E+00   0.000000E+00   0.183636E+03  -0.367272E+03
   0.996706E+02   0.797341E-03   0.794187E-04   0.457017E-03   0.144236E-02   0.157376E-02   0.126360E-03   0.127036E-02   0.316980E-03   0.181978E+03   0.000000E+00   0.000000E+00   0.181978E+03  -0.363956E+03
   0.996706E+02   0.797341E-03   0.794187E-04   0.860561E-03   0.144236E-02   0.116369E-02   0.202164E-02   0.127036E-02   0.316980E-03   0.181261E+03   0.000000E+00   0.000000E+00   0.181261E+03  -0.362522E+03
   0.996706E+02   0.797341E-03   0.794187E-04   0.860561E-03   0.144236E-02   0.109969E-02   0.202164E-02   0.127036E-02   0.316980E-03   0.181379E+03   0.000000E+00   0.000000E+00   0.181379E+03  -0.362758E+03
   0.100911E+03   0.797341E-03   0.187362E-02   0.860561E-03   0.144236E-02   0.109969E-02   0.237333E-02   0.981236E-03   0.316980E-03   0.178639E+03   0.000000E+00   0.000000E+00   0.178639E+03  -0.357278E+03
   0.999045E+02   0.797341E-03   0.949457E-03   0.860561E-03   0.290794E-02   0.109969E-02   0.237333E-02   0.594685E-03   0.378713E-02   0.173520E+03   0.000000E+00   0.000000E+00   0.173520E+03  -0.347040E+03
   0.999045E+02   0.797341E-03   0.784060E-03   0.807221E-03   0.290794E-02   0.109969E-02   0.237333E-02   0.443255E-03   0.163749E-02   0.177195E+03   0.000000E+00   0.000000E+00   0.177195E+03  -0.354390E+03
   0.999045E+02   0.797341E-03   0.292591E-03   0.807221E-03   0.514847E-02   0.166076E-02   0.127996E-02   0.242808E-03   0.140247E-02   0.177009E+03   0.000000E+00   0.000000E+00   0.177009E+03  -0.354018E+03
   0.999045E+02   0.797341E-03   0.292591E-03   0.373892E-03   0.363424E-02   0.166076E-02   0.127996E-02   0.242808E-03   0.140247E-02   0.178517E+03   0.000000E+00   0.000000E+00   0.178517E+03  -0.357034E+03
   0.996635E+02   0.797341E-03   0.292591E-03   0.330208E-03   0.196401E-02   0.166076E-02   0.125602E-02   0.242808E-03   0.140247E-02   0.180545E+03   0.000000E+00   0.000000E+00   0.180545E+03  -0.361090E+03
   0.996635E+02   0.797341E-03   0.234716E-03   0.330208E-03   0.105909E-02   0.142680E-02   0.125602E-02   0.737876E-03   0.140247E-02   0.181915E+03   0.000000E+00   0.000000E+00   0.181915E+03  -0.363830E+03
   0.996635E+02   0.797341E-03   0.234716E-03   0.840881E-03   0.105909E-02   0.142680E-02   0.295428E-03   0.737876E-03   0.319005E-02   0.179179E+03   0.000000E+00   0.000000E+00   0.179179E+03  -0.358358E+03
   0.996635E+02   0.109737E-02   0.738958E-03   0.840881E-03   0.105909E-02   0.142680E-02   0.295428E-03   0.737876E-03   0.120352E-04   0.183234E+03   0.000000E+00   0.000000E+00   0.183234E+03  -0.366468E+03
   0.996635E+02   0.109737E-02   0.738958E-03   0.840881E-03   0.105909E-02   0.142680E-02   0.295428E-03   0.737876E-03   0.120352E-04   0.183234E+03   0.000000E+00   0.000000E+00   0.183234E+03  -0.366468E+03
   0.997171E+02   0.109737E-02   0.738958E-03   0.840881E-03   0.105909E-02   0.142680E-02   0.273662E-04   0.180086E-03   0.120352E-04   0.182839E+03   0.000000E+00   0.000000E+00   0.182839E+03  -0.365678E+03
   0.997171E+02   0.109737E-02   0.738958E-03   0.840881E-03   0.159602E-02   0.176900E-02   0.273662E-04   0.544021E-04   0.120352E-04   0.181302E+03   0.000000E+00   0.000000E+00   0.181302E+03  -0.362604E+03
   0.997171E+02   0.109737E-02   0.738958E-03   0.840881E-03   0.159602E-02   0.118912E-02   0.273662E-04   0.544021E-04   0.120352E-04   0.182354E+03   0.000000E+00   0.000000E+00   0.182354E+03  -0.364708E+03
   0.997171E+02   0.109737E-02   0.738958E-03   0.368296E-03   0.150767E-02   0.118912E-02   0.273662E-04   0.544021E-04   0.229343E-03   0.182784E+03   0.000000E+00   0.000000E+00   0.182784E+03  -0.365568E+03
   0.997171E+02   0.199142E-04   0.814769E-03   0.696880E-03   0.150767E-02   0.108792E-02   0.273662E-04   0.544021E-04   0.229343E-03   0.183820E+03   0.000000E+00   0.000000E+00   0.183820E+03  -0.367640E+03
   0.997171E+02   0.199142E-04   0.814769E-03   0.696880E-03   0.150767E-02   0.131733E-02   0.273662E-04   0.544021E-04   0.229343E-03   0.183391E+03   0.000000E+00   0.000000E+00   0.183391E+03  -0.366782E+03
   0.997171E+02   0.199142E-04   0.814769E-03   0.696880E-03   0.150767E-02   0.131733E-02   0.133529E-02   0.544021E-04   0.209998E-04   0.183772E+03   0.000000E+00   0.000000E+00   0.183772E+03  -0.367544E+03
   0.997171E+02   0.199142E-04   0.814769E-03   0.696880E-03   0.244522E-03   0.131733E-02   0.133529E-02   0.544021E-04   0.209998E-04   0.184028E+03   0.000000E+00   0.000000E+00   0.184028E+03  -0.368056E+03
   0.995955E+02   0.199142E-04   0.814769E-03   0.696880E-03   0.396190E-03   0.131733E-02   0.189402E-02   0.544021E-04   0.209998E-04   0.183440E+03   0.000000E+00   0.000000E+00   0.183440E+03  -0.366880E+03
   0.995955E+02   0.199142E-04   0.172363E-03   0.696880E-03   0.396190E-03   0.491329E-03   0.189402E-02   0.900676E-04   0.209998E-04   0.185222E+03   0.000000E+00   0.000000E+00   0.185222E+03  -0.370444E+03
   0.995955E+02   0.199142E-04   0.172363E-03   0.696880E-03   0.396190E-03   0.491329E-03   0.189402E-02   0.900676E-04   0.209998E-04   0.185222E+03   0.000000E+00   0.000000E+00   0.185222E+03  -0.370444E+03
   0.995955E+02   0.199142E-04   0.172363E-03   0.696880E-03   0.396190E-03   0.491329E-03   0.684526E-03   0.900676E-04   0.209998E-04   0.187199E+03   0.000000E+00   0.000000E+00   0.187199E+03  -0.374398E+03
   0.995955E+02   0.199142E-04   0.290441E-03   0.261218E-04   0.396190E-03   0.491329E-03   0.684526E-03   0.398889E-03   0.209998E-04   0.186766E+03   0.000000E+00   0.000000E+00   0.186766E+03  -0.373532E+03
   0.100452E+03   0.199142E-04   0.210285E-04   0.261218E-04   0.396190E-03   0.114127E-02   0.684526E-03   0.398889E-03   0.209998E-04   0.185163E+03   0.000000E+00   0.000000E+00   0.185163E+03  -0.370326E+03
   0.100452E+03   0.199142E-04   0.210285E-04   0.261218E-04   0.396190E-03   0.114127E-02   0.684526E-03   0.108140E-03   0.209998E-04   0.185102E+03   0.000000E+00   0.000000E+00   0.185102E+03  -0.370204E+03
   0.100452E+03   0.255846E-03   0.210285E-04   0.261218E-04   0.396190E-03   0.283839E-03   0.684526E-03   0.816160E-03   0.104656E-02   0.184128E+03   0.000000E+00   0.000000E+00   0.184128E+03  -0.368256E+03
   0.100452E+03   0.255846E-03   0.210285E-04   0.128215E-03   0.112169E-02   0.283839E-03   0.684526E-03   0.816160E-03   0.104656E-02   0.184174E+03   0.000000E+00   0.000000E+00   0.184174E+03  -0.368348E+03
   0.100452E+03   0.255846E-03   0.210285E-04   0.106602E-02   0.112169E-02   0.268453E-03   0.315645E-03   0.401024E-03   0.988772E-03   0.184666E+03   0.000000E+00   0.000000E+00   0.184666E+03  -0.369332E+03
   0.100452E+03   0.547378E-04   0.210285E-04   0.325290E-03   0.112169E-02   0.823969E-03   0.631384E-03   0.401024E-03   0.988772E-03   0.185118E+03   0.000000E+00   0.000000E+00   0.185118E+03  -0.370236E+03
   0.100452E+03   0.547378E-04   0.210285E-04   0.325290E-03   0.112169E-02   0.823969E-03   0.631384E-03   0.401024E-03   0.988772E-03   0.185118E+03   0.000000E+00   0.000000E+00   0.185118E+03  -0.370236E+03
   0.100452E+03   0.547378E-04   0.210285E-04   0.325290E-03   0.139170E-02   0.823969E-03   0.631384E-03   0.401024E-03   0.784026E-03   0.185162E+03   0.000000E+00   0.000000E+00   0.185162E+03  -0.370324E+03
   0.100452E+03   0.547378E-04   0.210285E-04   0.325290E-03   0.938365E-03   0.122218E-03   0.631384E-03   0.401024E-03   0.784026E-03   0.185940E+03   0.000000E+00   0.000000E+00   0.185940E+03  -0.371880E+03
   0.100452E+03   0.547378E-04   0.330198E-03   0.325290E-03   0.938365E-03   0.122218E-03   0.631384E-03   0.401024E-03   0.784026E-03   0.186179E+03   0.000000E+00   0.000000E+00   0.186179E+03  -0.372358E+03
   0.100452E+03   0.138875E-02   0.330198E-03   0.396022E-03   0.938365E-03   0.122218E-03   0.631384E-03   0.401024E-03   0.784026E-03   0.184695E+03   0.000000E+00   0.000000E+00   0.184695E+03  -0.369390E+03
   0.100452E+03   0.163100E-02   0.330198E-03   0.193717E-02   0.938365E-03   0.108050E-02   0.619677E-03   0.401024E-03   0.784026E-03   0.181580E+03   0.000000E+00   0.000000E+00   0.181580E+03  -0.363160E+03
   0.995290E+02   0.732383E-03   0.330198E-03   0.193717E-02   0.938365E-03   0.117066E-02   0.619677E-03   0.170269E-02   0.784026E-03   0.180634E+03   0.000000E+00   0.000000E+00   0.180634E+03  -0.361268E+03
   0.995290E+02   0.732383E-03   0.122265E-03   0.193717E-02   0.938365E-03   0.117066E-02   0.996127E-03   0.170269E-02   0.226733E-05   0.181003E+03   0.000000E+00   0.000000E+00   0.181003E+03  -0.362006E+03
   0.995290E+02   0.724305E-03   0.122265E-03   0.193717E-02   0.938365E-03   0.117066E-02   0.996127E-03   0.170269E-02   0.226733E-05   0.181019E+03   0.000000E+00   0.000000E+00   0.181019E+03  -0.362038E+03
   0.101975E+03   0.724305E-03   0.137318E-02   0.193717E-02   0.938365E-03   0.117066E-02   0.996127E-03   0.135846E-02   0.226733E-05   0.178655E+03   0.000000E+00   0.000000E+00   0.178655E+03  -0.357310E+03
   0.101975E+03   0.724305E-03   0.137318E-02   0.216725E-02   0.938365E-03   0.111531E-02   0.996127E-03   0.135846E-02   0.226733E-05   0.178430E+03   0.000000E+00   0.000000E+00   0.178430E+03  -0.356860E+03
   0.995139E+02   0.932507E-03   0.137318E-02   0.216725E-02   0.938365E-03   0.111531E-02   0.996127E-03   0.135846E-02   0.226733E-05   0.179152E+03   0.000000E+00   0.000000E+00   0.179152E+03  -0.358304E+03
   0.995139E+02   0.932507E-03   0.137318E-02   0.208557E-03   0.938365E-03   0.111531E-02   0.996127E-03   0.135846E-02   0.226733E-05   0.181689E+03   0.000000E+00   0.000000E+00   0.181689E+03  -0.363378E+03
   0.995139E+02   0.965849E-03   0.137318E-02   0.208557E-03   0.938365E-03   0.111531E-02   0.996127E-03   0.135846E-02   0.131559E-03   0.181619E+03   0.000000E+00   0.000000E+00   0.181619E+03  -0.363238E+03
   0.995139E+02   0.965849E-03   0.131370E-02   0.208557E-03   0.938365E-03   0.111531E-02   0.996127E-03   0.135846E-02   0.131559E-03   0.181746E+03   0.000000E+00   0.000000E+00   0.181746E+03  -0.363492E+03
   0.995139E+02   0.965849E-03   0.131370E-02   0.133158E-02   0.938365E-03   0.102638E-03   0.996127E-03   0.474621E-03   0.131559E-03   0.182691E+03   0.000000E+00   0.000000E+00   0.182691E+03  -0.365382E+03
   0.995139E+02   0.739173E-03   0.180067E-02   0.723286E-03   0.938365E-03   0.981081E-03   0.996127E-03   0.112683E-03   0.131559E-03   0.183305E+03   0.000000E+00   0.000000E+00   0.183305E+03  -0.366610E+03
   0.995139E+02   0.739173E-03   0.144089E-02   0.360585E-03   0.938365E-03   0.981081E-03   0.996127E-03   0.112683E-03   0.131559E-03   0.184143E+03   0.000000E+00   0.000000E+00   0.184143E+03  -0.368286E+03
   0.995139E+02   0.739173E-03   0.144089E-02   0.360585E-03   0.938365E-03   0.884234E-04   0.996127E-03   0.112683E-03   0.131559E-03   0.184214E+03   0.000000E+00   0.000000E+00   0.184214E+03  -0.368428E+03
   0.995139E+02   0.739173E-03   0.144089E-02   0.936635E-03   0.938365E-03   0.271302E-03   0.211509E-02   0.112683E-03   0.131559E-03   0.182054E+03   0.000000E+00   0.000000E+00   0.182054E+03  -0.364108E+03
   0.995139E+02   0.780333E-03   0.713485E-03   0.936635E-03   0.938365E-03   0.271302E-03   0.211509E-02   0.118627E-02   0.131559E-03   0.182273E+03   0.000000E+00   0.000000E+00   0.182273E+03  -0.364546E+03
   0.995139E+02   0.780333E-03   0.713485E-03   0.936635E-03   0.938365E-03   0.271302E-03   0.959734E-03   0.118627E-02   0.131559E-03   0.184277E+03   0.000000E+00   0.000000E+00   0.184277E+03  -0.368554E+03
   0.995139E+02   0.139216E-02   0.713485E-03   0.936635E-03   0.938365E-03   0.271302E-03   0.959734E-03   0.118627E-02   0.131559E-03   0.182932E+03   0.000000E+00   0.000000E+00   0.182932E+03  -0.365864E+03
   0.995139E+02   0.722788E-03   0.623059E-03   0.936635E-03   0.938365E-03   0.271302E-03   0.959734E-03   0.118627E-02   0.131559E-03   0.184565E+03   0.000000E+00   0.000000E+00   0.184565E+03  -0.369130E+03
   0.995139E+02   0.722788E-03   0.623059E-03   0.281670E-03   0.938365E-03   0.271302E-03   0.959734E-03   0.118627E-02   0.131559E-03   0.184947E+03   0.000000E+00   0.000000E+00   0.184947E+03  -0.369894E+03
   0.995139E+02   0.722788E-03   0.623059E-03   0.227575E-03   0.938365E-03   0.271302E-03   0.959734E-03   0.118627E-02   0.131559E-03   0.184828E+03   0.000000E+00   0.000000E+00   0.184828E+03  -0.369656E+03
   0.100933E+03   0.722788E-03   0.623059E-03   0.227575E-03   0.938365E-03   0.271302E-03   0.153389E-02   0.118627E-02   0.528004E-03   0.182833E+03   0.000000E+00   0.000000E+00   0.182833E+03  -0.365666E+03
   0.100933E+03   0.722788E-03   0.623059E-03   0.227575E-03   0.115939E-02   0.271302E-03   0.153389E-02   0.198129E-02   0.286587E-04   0.181217E+03   0.000000E+00   0.000000E+00   0.181217E+03  -0.362434E+03
   0.100933E+03   0.722788E-03   0.623059E-03   0.227575E-03   0.115939E-02   0.867716E-03   0.153389E-02   0.945147E-03   0.152010E-03   0.182957E+03   0.000000E+00   0.000000E+00   0.182957E+03  -0.365914E+03
   0.100933E+03   0.722788E-03   0.623059E-03   0.227575E-03   0.666938E-03   0.867716E-03   0.234415E-02   0.945147E-03   0.152010E-03   0.182201E+03   0.000000E+00   0.000000E+00   0.182201E+03  -0.364402E+03
   0.100933E+03   0.722788E-03   0.424770E-03   0.227575E-03   0.706189E-03   0.867716E-03   0.234415E-02   0.945147E-03   0.152010E-03   0.182394E+03   0.000000E+00   0.000000E+00   0.182394E+03  -0.364788E+03
   0.100253E+03   0.722788E-03   0.424770E-03   0.227575E-03   0.706189E-03   0.867716E-03   0.208709E-02   0.945147E-03   0.152010E-03   0.183704E+03   0.000000E+00   0.000000E+00   0.183704E+03  -0.367408E+03
   0.987251E+02   0.722788E-03   0.652080E-03   0.227575E-03   0.749098E-03   0.867716E-03   0.208709E-02   0.945147E-03   0.152010E-03   0.182054E+03   0.000000E+00   0.000000E+00   0.182054E+03  -0.364108E+03
   0.987251E+02   0.140339E-02   0.397452E-03   0.227575E-03   0.749098E-03   0.867716E-03   0.216072E-02   0.909226E-03   0.152010E-03   0.180864E+03   0.000000E+00   0.000000E+00   0.180864E+03  -0.361728E+03
   0.100340E+03   0.140339E-02   0.397452E-03   0.227575E-03   0.749098E-03   0.867716E-03   0.995974E-03   0.726543E-03   0.152010E-03   0.184448E+03   0.000000E+00   0.000000E+00   0.184448E+03  -0.368896E+03
   0.100340E+03   0.154615E-02   0.397452E-03   0.227575E-03   0.749098E-03   0.172401E-03   0.995974E-03   0.448396E-03   0.152010E-03   0.184782E+03   0.000000E+00   0.000000E+00   0.184782E+03  -0.369564E+03
   0.100340E+03   0.653853E-03   0.397452E-03   0.227575E-03   0.749098E-03   0.172401E-03   0.103259E-03   0.448396E-03   0.152010E-03   0.185532E+03   0.000000E+00   0.000000E+00   0.185532E+03  -0.371064E+03
   0.100340E+03   0.396472E-03   0.397452E-03   0.227575E-03   0.749098E-03   0.172401E-03   0.896442E-03   0.448396E-03   0.152010E-03   0.187166E+03   0.000000E+00   0.000000E+00   0.187166E+03  -0.374332E+03
   0.100340E+03   0.396472E-03   0.397452E-03   0.227575E-03   0.749098E-03   0.172401E-03   0.896442E-03   0.448396E-03   0.152010E-03   0.187166E+03   0.000000E+00   0.000000E+00   0.187166E+03  -0.374332E+03
   0.100340E+03   0.396472E-03   0.397452E-03   0.227575E-03   0.749098E-03   0.172401E-03   0.896442E-03   0.448396E-03   0.152010E-03   0.187166E+03   0.000000E+00   0.000000E+00   0.187166E+03  -0.374332E+03
   0.100340E+03   0.812666E-03   0.397452E-03   0.227575E-03   0.749098E-03   0.172401E-03   0.187044E-03   0.212573E-03   0.152010E-03   0.185603E+03   0.000000E+00   0.000000E+00   0.185603E+03  -0.371206E+03
   0.100340E+03   0.812666E-03   0.397452E-03   0.227575E-03   0.949083E-03   0.172401E-03   0.187044E-03   0.461876E-03   0.152010E-03   0.185342E+03   0.000000E+00   0.000000E+00   0.185342E+03  -0.370684E+03
   0.100340E+03   0.772715E-03   0.397452E-03   0.227575E-03   0.949083E-03   0.172401E-03   0.187044E-03   0.461876E-03   0.152010E-03   0.185428E+03   0.000000E+00   0.000000E+00   0.185428E+03  -0.370856E+03
   0.998276E+02   0.727001E-03   0.397452E-03   0.227575E-03   0.949083E-03   0.172401E-03   0.187044E-03   0.461876E-03   0.152010E-03   0.185864E+03   0.000000E+00   0.000000E+00   0.185864E+03  -0.371728E+03
   0.998276E+02   0.143831E-02   0.397452E-03   0.748096E-03   0.949083E-03   0.784213E-03   0.187044E-03   0.461876E-03   0.152010E-03   0.184502E+03   0.000000E+00   0.000000E+00   0.184502E+03  -0.369004E+03
   0.998276E+02   0.241358E-03   0.404299E-03   0.748096E-03   0.949083E-03   0.784213E-03   0.104584E-02   0.461876E-03   0.152010E-03   0.186998E+03   0.000000E+00   0.000000E+00   0.186998E+03  -0.373996E+03
   0.995352E+02   0.241358E-03   0.404299E-03   0.748096E-03   0.949083E-03   0.118805E-02   0.104584E-02   0.461876E-03   0.152010E-03   0.186018E+03   0.000000E+00   0.000000E+00   0.186018E+03  -0.372036E+03
   0.995352E+02   0.241358E-03   0.404299E-03   0.734500E-03   0.756974E-03   0.118805E-02   0.104584E-02   0.461876E-03   0.152010E-03   0.186214E+03   0.000000E+00   0.000000E+00   0.186214E+03  -0.372428E+03
   0.995352E+02   0.241358E-03   0.404299E-03   0.352256E-03   0.756974E-03   0.819567E-03   0.104584E-02   0.461876E-03   0.152010E-03   0.186979E+03   0.000000E+00   0.000000E+00   0.186979E+03  -0.373958E+03
   0.990824E+02   0.241358E-03   0.404299E-03   0.352256E-03   0.172825E-02   0.819567E-03   0.934434E-03   0.461876E-03   0.152010E-03   0.185049E+03   0.000000E+00   0.000000E+00   0.185049E+03  -0.370098E+03
