a0_min         a1_min         a2_min         Y1_intercept   Y2_intercept   Y3_intercept   LogPost        
   0.996027E+02   0.166055E+01  -0.662071E+01   0.515219E-03   0.196390E-03   0.753873E-04   0.147373E+03
   0.996027E+02   0.166055E+01  -0.637085E+01   0.515219E-03   0.196390E-03   0.753873E-04   0.147426E+03
   0.100036E+03   0.166055E+01  -0.362272E+01   0.447288E-03   0.319832E-03   0.753873E-04   0.148943E+03
   0.997512E+02   0.166055E+01  -0.362272E+01   0.447288E-03   0.319832E-03   0.753873E-04   0.148190E+03
   0.101600E+03   0.236368E+00   0.380091E+01   0.447288E-03   0.319832E-03   0.753873E-04   0.149872E+03
   0.101600E+03  -0.120697E+01   0.380091E+01   0.447288E-03   0.319832E-03   0.753873E-04   0.149359E+03
   0.101600E+03  -0.120697E+01  -0.297347E+01   0.247288E-03   0.319832E-03   0.753873E-04   0.148986E+03
   0.101600E+03  -0.120697E+01  -0.297347E+01   0.247288E-03   0.319832E-03   0.753873E-04   0.148986E+03
   0.101600E+03  -0.120697E+01  -0.446911E+01   0.247288E-03   0.319832E-03   0.753873E-04   0.148501E+03
   0.101600E+03   0.195940E+01  -0.446911E+01   0.247288E-03   0.319832E-03   0.753873E-04   0.148710E+03
   0.101600E+03   0.195940E+01  -0.446911E+01   0.247288E-03   0.319832E-03   0.753873E-04   0.148710E+03
   0.101600E+03   0.583703E+00  -0.446911E+01   0.247288E-03   0.319832E-03   0.753873E-04   0.148939E+03
   0.101600E+03   0.583703E+00  -0.446911E+01   0.247288E-03   0.319832E-03   0.753873E-04   0.148939E+03
   0.101600E+03  -0.550876E+00  -0.446911E+01   0.247288E-03   0.319832E-03   0.753873E-04   0.148757E+03
   0.101600E+03  -0.550876E+00  -0.467099E+01   0.455636E-03   0.319832E-03   0.753873E-04   0.148234E+03
   0.101600E+03   0.325669E+01  -0.467099E+01   0.455636E-03   0.319832E-03   0.383761E-03   0.147358E+03
   0.101090E+03   0.568728E+01  -0.147855E+01   0.455636E-03   0.319832E-03   0.383761E-03   0.147133E+03
   0.101090E+03   0.568728E+01   0.697782E+01   0.455636E-03   0.319832E-03   0.383761E-03   0.146165E+03
   0.101090E+03   0.104183E+01   0.379621E+01   0.455636E-03   0.319832E-03   0.244594E-05   0.149975E+03
   0.101090E+03   0.104183E+01  -0.595882E+00   0.455636E-03   0.319832E-03   0.244594E-05   0.150203E+03
   0.101090E+03   0.104183E+01  -0.595882E+00   0.455636E-03   0.159579E-03   0.244594E-05   0.150845E+03
   0.101090E+03   0.104183E+01   0.430580E+00   0.190593E-03   0.159579E-03   0.244594E-05   0.151496E+03
   0.101090E+03   0.104183E+01  -0.106261E+01   0.190593E-03   0.159579E-03   0.244594E-05   0.151418E+03
   0.101090E+03   0.104183E+01   0.314701E+01   0.190593E-03   0.159579E-03   0.244594E-05   0.151216E+03
   0.101090E+03   0.104183E+01   0.314701E+01   0.190593E-03   0.159579E-03   0.244594E-05   0.151216E+03
   0.101090E+03  -0.153630E+01   0.314701E+01   0.210972E-04   0.159579E-03   0.244594E-05   0.150110E+03
   0.101090E+03  -0.745920E+00  -0.251391E+00   0.210972E-04   0.159579E-03   0.244594E-05   0.151026E+03
   0.101090E+03  -0.745920E+00  -0.251391E+00   0.210972E-04   0.159579E-03   0.244594E-05   0.151026E+03
   0.101090E+03  -0.745920E+00  -0.251391E+00   0.105992E-03   0.159579E-03   0.244594E-05   0.150988E+03
   0.101090E+03  -0.113837E+01  -0.251391E+00   0.105992E-03   0.159579E-03   0.244594E-05   0.150735E+03
   0.101090E+03  -0.113837E+01  -0.251391E+00   0.105992E-03   0.159579E-03   0.244594E-05   0.150735E+03
   0.101090E+03  -0.113837E+01  -0.251391E+00   0.105992E-03   0.159579E-03   0.244594E-05   0.150735E+03
   0.101090E+03  -0.113837E+01   0.105255E+01   0.105992E-03   0.159579E-03   0.244594E-05   0.150703E+03
   0.101090E+03   0.277005E+01   0.105255E+01   0.105992E-03   0.159579E-03   0.244594E-05   0.151302E+03
   0.101090E+03   0.163568E+01   0.105255E+01   0.105992E-03   0.159579E-03   0.244594E-05   0.151580E+03
   0.101090E+03  -0.856121E+00   0.401088E+01   0.105992E-03   0.159579E-03   0.244594E-05   0.150354E+03
   0.101090E+03  -0.856121E+00   0.204522E+00   0.105992E-03   0.159579E-03   0.244594E-05   0.150926E+03
   0.101090E+03  -0.856121E+00   0.204522E+00   0.105992E-03   0.159579E-03   0.244594E-05   0.150926E+03
   0.101090E+03   0.320555E+01   0.601821E+01   0.105992E-03   0.159579E-03   0.244594E-05   0.150027E+03
   0.101090E+03  -0.104356E+01   0.138639E+01   0.105992E-03   0.159579E-03   0.244594E-05   0.150742E+03
   0.101090E+03  -0.104356E+01  -0.194324E+01   0.105992E-03   0.159579E-03   0.244594E-05   0.150665E+03
   0.101090E+03   0.256809E+01  -0.740191E+01   0.105992E-03   0.159579E-03   0.244594E-05   0.149165E+03
   0.101090E+03   0.256809E+01  -0.740191E+01   0.105992E-03   0.159579E-03   0.446016E-03   0.148707E+03
   0.101090E+03   0.136739E+01  -0.740191E+01   0.105992E-03   0.159579E-03   0.446016E-03   0.148758E+03
   0.100358E+03   0.136739E+01  -0.740191E+01   0.105992E-03   0.159579E-03   0.446016E-03   0.148578E+03
   0.100358E+03   0.136739E+01  -0.110654E+02   0.101786E-02   0.159579E-03   0.446016E-03   0.144546E+03
   0.100358E+03   0.136739E+01  -0.458994E+01   0.704695E-03   0.159579E-03   0.446016E-03   0.147423E+03
   0.100358E+03   0.222411E+00  -0.458994E+01   0.704695E-03   0.159579E-03   0.446016E-03   0.147063E+03
   0.100358E+03   0.222411E+00  -0.252537E+01   0.704695E-03   0.159579E-03   0.446016E-03   0.147097E+03
   0.100358E+03   0.361197E+01   0.141567E+01   0.704695E-03   0.159579E-03   0.446016E-03   0.146782E+03
   0.101297E+03   0.361197E+01   0.141567E+01   0.704695E-03   0.159579E-03   0.446016E-03   0.148044E+03
   0.101297E+03   0.423801E+01   0.141567E+01   0.704695E-03   0.159579E-03   0.446016E-03   0.147800E+03
   0.101297E+03   0.423801E+01   0.141567E+01   0.704695E-03   0.159579E-03   0.446016E-03   0.147800E+03
   0.101297E+03   0.423801E+01   0.459460E+01   0.704695E-03   0.159579E-03   0.446016E-03   0.147380E+03
   0.101297E+03   0.411277E+01   0.459460E+01   0.704695E-03   0.300776E-03   0.446016E-03   0.146908E+03
   0.101297E+03   0.411277E+01   0.146014E+01   0.704695E-03   0.300776E-03   0.446016E-03   0.147240E+03
   0.100398E+03   0.411277E+01  -0.724294E+01   0.704695E-03   0.300776E-03   0.446016E-03   0.145974E+03
   0.100398E+03   0.411277E+01   0.150052E+01   0.704695E-03   0.300776E-03   0.446016E-03   0.146298E+03
   0.100398E+03   0.411277E+01   0.150052E+01   0.704695E-03   0.300776E-03   0.446016E-03   0.146298E+03
   0.100398E+03  -0.265358E+00  -0.357211E+01   0.704695E-03   0.300776E-03   0.446016E-03   0.146605E+03
   0.100398E+03  -0.265358E+00  -0.357211E+01   0.704695E-03   0.300776E-03   0.446016E-03   0.146605E+03
   0.100398E+03   0.775522E+00   0.129985E+01   0.704695E-03   0.300776E-03   0.446016E-03   0.146539E+03
   0.100398E+03   0.432072E+01  -0.697702E+01   0.704695E-03   0.232877E-03   0.446016E-03   0.146191E+03
   0.100398E+03   0.372011E+01  -0.134979E+01   0.704695E-03   0.232877E-03   0.446016E-03   0.147071E+03
   0.100398E+03  -0.217443E+01  -0.269153E+01   0.704695E-03   0.837824E-03   0.419864E-03   0.143654E+03
   0.100398E+03   0.125412E+01   0.822927E+01   0.704695E-03   0.837824E-03   0.419864E-03   0.142534E+03
   0.100398E+03  -0.173441E+01  -0.112846E+02   0.704695E-03   0.780763E-03   0.419864E-03   0.142676E+03
   0.100292E+03   0.136658E+01  -0.209478E+01   0.704695E-03   0.780763E-03   0.255196E-03   0.145691E+03
   0.100292E+03   0.136658E+01  -0.109560E+02   0.704695E-03   0.780763E-03   0.534720E-03   0.142736E+03
   0.100292E+03   0.142963E+01   0.262023E+01   0.907771E-03   0.780763E-03   0.534720E-03   0.142709E+03
   0.100292E+03   0.142963E+01   0.262023E+01   0.907771E-03   0.780763E-03   0.439498E-03   0.143406E+03
   0.100292E+03   0.319262E+00   0.262023E+01   0.373948E-03   0.142308E-03   0.439498E-03   0.146915E+03
   0.100249E+03   0.319262E+00   0.121891E+01   0.373948E-03   0.277332E-03   0.439498E-03   0.147122E+03
   0.100567E+03   0.122182E+01   0.121891E+01   0.373948E-03   0.277332E-03   0.439498E-03   0.148201E+03
   0.100567E+03   0.186829E+01   0.121891E+01   0.373948E-03   0.351465E-03   0.439498E-03   0.148016E+03
   0.100567E+03   0.186829E+01  -0.253432E+01   0.373948E-03   0.351465E-03   0.439498E-03   0.148312E+03
   0.100567E+03   0.186829E+01  -0.253432E+01   0.246520E-03   0.351465E-03   0.439498E-03   0.148614E+03
   0.100567E+03   0.186829E+01  -0.542141E+01   0.246520E-03   0.351465E-03   0.439498E-03   0.148348E+03
   0.100567E+03   0.186829E+01  -0.293297E+01   0.246520E-03   0.351465E-03   0.439498E-03   0.148602E+03
   0.100567E+03   0.589818E+01  -0.140846E+01   0.246520E-03   0.351465E-03   0.439498E-03   0.147013E+03
   0.101781E+03   0.589818E+01  -0.383377E+01   0.246520E-03   0.351465E-03   0.439498E-03   0.145774E+03
   0.101781E+03   0.313159E+01  -0.333472E+01   0.246520E-03   0.351465E-03   0.439498E-03   0.147564E+03
   0.101781E+03   0.313159E+01  -0.972173E+01   0.154515E-03   0.351465E-03   0.439498E-03   0.145356E+03
   0.101640E+03   0.565355E+00  -0.972173E+01   0.154515E-03   0.515003E-03   0.439498E-03   0.145291E+03
   0.999321E+02   0.633854E+01  -0.157286E+00   0.154515E-03   0.515003E-03   0.439498E-03   0.144893E+03
   0.999321E+02   0.633854E+01  -0.629016E+01   0.154515E-03   0.515003E-03   0.439498E-03   0.144614E+03
   0.999321E+02   0.286931E+01  -0.629016E+01   0.444174E-04   0.515003E-03   0.439498E-03   0.146819E+03
   0.999321E+02   0.700684E-01  -0.558727E+01   0.444174E-04   0.515003E-03   0.439498E-03   0.146602E+03
   0.999321E+02  -0.894614E+00  -0.558727E+01   0.444174E-04   0.515003E-03   0.439498E-03   0.146088E+03
   0.999321E+02  -0.894614E+00  -0.504441E+01   0.444174E-04   0.417471E-03   0.439498E-03   0.146408E+03
   0.999321E+02  -0.952292E+00   0.365849E+01   0.444174E-04   0.417471E-03   0.439498E-03   0.144535E+03
   0.100697E+03  -0.952292E+00  -0.631078E+00   0.444174E-04   0.417471E-03   0.439498E-03   0.147684E+03
   0.100535E+03   0.833957E+01  -0.631078E+00   0.444174E-04   0.417471E-03   0.439498E-03   0.144295E+03
   0.101743E+03   0.817513E+01   0.988549E+01   0.444174E-04   0.417471E-03   0.439498E-03   0.143995E+03
   0.101743E+03  -0.371527E+01   0.448808E+01   0.444174E-04   0.417471E-03   0.439498E-03   0.145581E+03
   0.101743E+03  -0.396463E+01   0.693230E+01   0.444174E-04   0.417471E-03   0.259220E-05   0.146899E+03
   0.102252E+03  -0.396463E+01   0.235780E+01   0.444174E-04   0.417471E-03   0.259220E-05   0.146395E+03
   0.102252E+03  -0.396463E+01   0.235780E+01   0.444174E-04   0.417471E-03   0.284303E-03   0.145796E+03
   0.102252E+03   0.191936E+01   0.339340E+01   0.444174E-04   0.417471E-03   0.284303E-03   0.148345E+03
   0.102252E+03   0.191936E+01   0.105143E+02   0.444174E-04   0.417471E-03   0.284303E-03   0.147839E+03
   0.102252E+03   0.191936E+01   0.105143E+02   0.444174E-04   0.417471E-03   0.284303E-03   0.147839E+03
   0.102205E+03   0.191936E+01   0.105779E+02   0.444174E-04   0.417471E-03   0.284303E-03   0.147832E+03
   0.102205E+03   0.191936E+01   0.387412E+01   0.444174E-04   0.417471E-03   0.284303E-03   0.148507E+03
   0.101201E+03   0.191936E+01  -0.187789E+01   0.444174E-04   0.572506E-03   0.284303E-03   0.148414E+03
   0.101201E+03   0.191936E+01   0.439831E+01   0.444174E-04   0.572506E-03   0.146179E-03   0.149029E+03
   0.101201E+03   0.191936E+01   0.216465E+00   0.444174E-04   0.572506E-03   0.146179E-03   0.149138E+03
   0.101201E+03  -0.316133E+01   0.216465E+00   0.160347E-03   0.249309E-03   0.413929E-03   0.146753E+03
   0.101201E+03  -0.234626E+01  -0.288669E+01   0.160347E-03   0.249309E-03   0.413929E-03   0.147496E+03
   0.101201E+03   0.218387E+01   0.282590E+01   0.160347E-03   0.249309E-03   0.413929E-03   0.149507E+03
   0.100754E+03   0.218387E+01  -0.405785E+00   0.160347E-03   0.249309E-03   0.413929E-03   0.149521E+03
   0.100754E+03   0.349013E+01  -0.405785E+00   0.160347E-03   0.249309E-03   0.413929E-03   0.149308E+03
   0.100754E+03   0.349013E+01  -0.333226E+01   0.160347E-03   0.249309E-03   0.413929E-03   0.149208E+03
   0.100754E+03   0.349013E+01   0.208224E+00   0.160347E-03   0.249309E-03   0.413929E-03   0.149265E+03
   0.100754E+03   0.349013E+01   0.208224E+00   0.160347E-03   0.249309E-03   0.413929E-03   0.149265E+03
   0.100754E+03   0.230610E+01  -0.352644E+01   0.160347E-03   0.230388E-03   0.413929E-03   0.149528E+03
   0.997352E+02   0.343050E+01  -0.352644E+01   0.160347E-03   0.179070E-03   0.413929E-03   0.147505E+03
   0.997352E+02   0.343050E+01  -0.881776E+01   0.160347E-03   0.179070E-03   0.413929E-03   0.146833E+03
   0.997352E+02   0.343050E+01  -0.101331E+02   0.160347E-03   0.179070E-03   0.413929E-03   0.146372E+03
   0.998580E+02  -0.528927E+00  -0.621849E+01   0.130506E-03   0.179070E-03   0.413929E-03   0.146862E+03
   0.999282E+02  -0.528927E+00  -0.621849E+01   0.130506E-03   0.179070E-03   0.413929E-03   0.147078E+03
   0.999123E+02  -0.528927E+00  -0.621849E+01   0.130506E-03   0.179070E-03   0.413929E-03   0.147031E+03
   0.999123E+02   0.384240E+01  -0.477041E+00   0.526601E-03   0.179070E-03   0.413929E-03   0.146636E+03
   0.102032E+03   0.976480E+00   0.262499E+01   0.526601E-03   0.179070E-03   0.220698E-03   0.149331E+03
   0.102032E+03   0.565830E+01   0.262499E+01   0.526601E-03   0.179070E-03   0.220698E-03   0.147222E+03
   0.102032E+03  -0.454604E-02  -0.264031E+01   0.526601E-03   0.179070E-03   0.220698E-03   0.148042E+03
   0.100188E+03   0.714732E+00  -0.159540E+01   0.526601E-03   0.179070E-03   0.220698E-03   0.148860E+03
   0.100188E+03   0.714732E+00  -0.159540E+01   0.258896E-03   0.179070E-03   0.118929E-03   0.149959E+03
   0.101382E+03   0.714732E+00  -0.274702E+01   0.258896E-03   0.179070E-03   0.118929E-03   0.150510E+03
   0.101382E+03   0.714732E+00  -0.316034E+01   0.258896E-03   0.421236E-03   0.118929E-03   0.149212E+03
   0.101382E+03   0.714732E+00  -0.316034E+01   0.258896E-03   0.421236E-03   0.269755E-03   0.148801E+03
   0.101382E+03   0.714732E+00  -0.844192E+01   0.783890E-03   0.551525E-04   0.146564E-03   0.146935E+03
   0.101414E+03  -0.593614E+00  -0.100167E+02   0.783890E-03   0.131401E-03   0.146564E-03   0.145707E+03
   0.101414E+03  -0.593614E+00  -0.100167E+02   0.102840E-02   0.131401E-03   0.146564E-03   0.144820E+03
   0.101414E+03  -0.593614E+00  -0.100167E+02   0.102840E-02   0.131401E-03   0.146564E-03   0.144820E+03
   0.101414E+03  -0.593614E+00  -0.293759E+01   0.102840E-02   0.131401E-03   0.146564E-03   0.147655E+03
   0.101414E+03  -0.593614E+00  -0.140670E+01   0.730361E-03   0.131401E-03   0.146564E-03   0.149080E+03
   0.101414E+03  -0.593614E+00  -0.506459E+00   0.728781E-03   0.131401E-03   0.225789E-03   0.148903E+03
   0.101252E+03   0.195308E+01   0.487746E+01   0.728781E-03   0.131401E-03   0.225789E-03   0.148927E+03
   0.101252E+03   0.195308E+01   0.258743E+01   0.190730E-03   0.131401E-03   0.225789E-03   0.150941E+03
   0.101252E+03  -0.776593E+00  -0.308125E+01   0.190730E-03   0.131401E-03   0.225789E-03   0.149989E+03
   0.101252E+03  -0.776593E+00   0.734773E+01   0.190730E-03   0.131401E-03   0.225789E-03   0.148541E+03
   0.101252E+03   0.477664E+01  -0.669104E+01   0.190730E-03   0.131401E-03   0.225789E-03   0.147622E+03
   0.100515E+03   0.471980E+01  -0.669104E+01   0.190730E-03   0.131401E-03   0.225789E-03   0.148197E+03
   0.100515E+03   0.167225E+01  -0.236725E+01   0.190730E-03   0.131401E-03   0.225789E-03   0.150594E+03
   0.100515E+03   0.167225E+01  -0.184448E+01   0.133121E-03   0.131401E-03   0.225789E-03   0.150675E+03
   0.100515E+03   0.167225E+01  -0.184448E+01   0.133121E-03   0.131401E-03   0.225789E-03   0.150675E+03
   0.100515E+03   0.167225E+01  -0.163671E+01   0.133121E-03   0.131401E-03   0.225789E-03   0.150672E+03
   0.100515E+03   0.496260E+01   0.291998E+01   0.133121E-03   0.131401E-03   0.225789E-03   0.148517E+03
   0.100515E+03  -0.103281E+01  -0.109506E+01   0.133121E-03   0.131401E-03   0.225789E-03   0.149493E+03
   0.100515E+03  -0.103281E+01  -0.381610E+01   0.133121E-03   0.131401E-03   0.225789E-03   0.149477E+03
   0.100515E+03  -0.103281E+01  -0.381610E+01   0.195774E-04   0.131401E-03   0.225789E-03   0.149536E+03
   0.100515E+03   0.485049E+01  -0.573018E+01   0.761465E-04   0.259945E-03   0.410199E-04   0.147986E+03
   0.100515E+03   0.485049E+01   0.334013E+01   0.761465E-04   0.888451E-03   0.410199E-04   0.145471E+03
   0.100515E+03  -0.391935E+01   0.334013E+01   0.761465E-04   0.888451E-03   0.410199E-04   0.145066E+03
   0.101094E+03  -0.546173E+01   0.360016E+01   0.761465E-04   0.888451E-03   0.410199E-04   0.144166E+03
   0.101094E+03  -0.546173E+01   0.911038E+01   0.761465E-04   0.888451E-03   0.410199E-04   0.142583E+03
   0.101094E+03  -0.473515E+01   0.911038E+01   0.761465E-04   0.888451E-03   0.410199E-04   0.143390E+03
   0.102201E+03   0.552502E+01   0.830519E+01   0.761465E-04   0.888451E-03   0.410199E-04   0.144170E+03
   0.102201E+03  -0.758958E+01   0.573199E+01   0.761465E-04   0.888451E-03   0.410199E-04   0.141234E+03
   0.102201E+03   0.120993E+01   0.147245E+02   0.761465E-04   0.888451E-03   0.410199E-04   0.144640E+03
   0.102201E+03  -0.184175E+01  -0.122737E+01   0.761465E-04   0.888451E-03   0.410199E-04   0.144677E+03
   0.102201E+03   0.419379E+00   0.114854E+02   0.761465E-04   0.302034E-03   0.410199E-04   0.148475E+03
   0.102201E+03   0.119164E+01   0.187917E+01   0.761465E-04   0.302034E-03   0.410199E-04   0.149348E+03
   0.102201E+03   0.119164E+01   0.107959E+02   0.761465E-04   0.302034E-03   0.410199E-04   0.148858E+03
   0.102201E+03   0.119164E+01   0.130845E+02   0.659230E-03   0.302034E-03   0.410199E-04   0.146603E+03
   0.102201E+03   0.119164E+01   0.147556E+02   0.659230E-03   0.302034E-03   0.410199E-04   0.145498E+03
   0.102201E+03   0.341849E+00   0.448691E+01   0.659230E-03   0.302034E-03   0.410199E-04   0.148499E+03
   0.102201E+03   0.341849E+00   0.504441E+01   0.659230E-03   0.302034E-03   0.410199E-04   0.148530E+03
   0.102201E+03   0.143342E+01   0.707818E+01   0.659230E-03   0.302034E-03   0.410199E-04   0.148492E+03
   0.102201E+03   0.263020E+01   0.378620E+01   0.659230E-03   0.302034E-03   0.410199E-04   0.148087E+03
   0.101058E+03   0.263020E+01   0.378620E+01   0.659230E-03   0.302034E-03   0.410199E-04   0.149052E+03
   0.101058E+03  -0.703931E+00   0.378620E+01   0.659230E-03   0.302034E-03   0.410199E-04   0.148929E+03
   0.101058E+03  -0.136689E+01  -0.689770E+01   0.659230E-03   0.302034E-03   0.410199E-04   0.147500E+03
   0.101058E+03   0.341395E+01   0.412416E+01   0.659230E-03   0.383812E-03   0.410199E-04   0.148241E+03
   0.101058E+03   0.341395E+01   0.412416E+01   0.659230E-03   0.383812E-03   0.410199E-04   0.148241E+03
   0.101058E+03  -0.311414E+01  -0.163344E+01   0.176291E-03   0.383812E-03   0.247551E-03   0.147543E+03
   0.101058E+03  -0.311414E+01   0.463427E+01   0.176291E-03   0.119104E-03   0.247551E-03   0.146936E+03
   0.101058E+03  -0.152702E+01   0.425370E+01   0.176291E-03   0.119104E-03   0.247551E-03   0.148815E+03
   0.101058E+03   0.483365E+01   0.425370E+01   0.176291E-03   0.119104E-03   0.247551E-03   0.149244E+03
   0.101058E+03   0.182732E+01  -0.249517E+01   0.176291E-03   0.275115E-03   0.247551E-03   0.150261E+03
   0.101058E+03   0.207514E+01   0.448621E+01   0.176291E-03   0.275115E-03   0.178793E-04   0.150479E+03
   0.101058E+03   0.207514E+01   0.448621E+01   0.176291E-03   0.275115E-03   0.178793E-04   0.150479E+03
   0.101058E+03   0.230633E+01   0.116377E+01   0.176291E-03   0.275115E-03   0.178793E-04   0.150926E+03
   0.101058E+03   0.230633E+01   0.116377E+01   0.176291E-03   0.275115E-03   0.178793E-04   0.150926E+03
   0.101058E+03   0.230633E+01   0.182424E+01   0.176291E-03   0.275115E-03   0.178793E-04   0.150895E+03
   0.100759E+03   0.230633E+01  -0.457353E+01   0.613767E-03   0.275115E-03   0.178793E-04   0.148968E+03
   0.100759E+03   0.230633E+01  -0.553364E+01   0.613767E-03   0.275115E-03   0.178793E-04   0.148671E+03
   0.100759E+03   0.230633E+01  -0.553364E+01   0.613767E-03   0.170883E-05   0.178793E-04   0.149360E+03
   0.100759E+03   0.384498E+01   0.306858E+01   0.279202E-03   0.170883E-05   0.873089E-03   0.146052E+03
   0.100759E+03   0.141198E+01   0.306858E+01   0.279202E-03   0.170883E-05   0.754477E-03   0.146520E+03
   0.100759E+03   0.141198E+01  -0.577912E+01   0.279202E-03   0.170883E-05   0.754477E-03   0.147346E+03
   0.100759E+03   0.141198E+01  -0.577912E+01   0.279202E-03   0.170883E-05   0.754477E-03   0.147346E+03
   0.100759E+03   0.160592E+01  -0.577912E+01   0.279202E-03   0.170883E-05   0.754477E-03   0.147400E+03
   0.100759E+03   0.160592E+01  -0.577912E+01   0.279202E-03   0.170883E-05   0.961577E-03   0.146146E+03
   0.100759E+03   0.160592E+01  -0.118473E+02   0.279202E-03   0.170883E-05   0.961577E-03   0.144657E+03
   0.100759E+03   0.160592E+01  -0.960052E+01   0.279202E-03   0.170883E-05   0.961577E-03   0.145389E+03
   0.100759E+03  -0.311944E+00  -0.334925E+01   0.765487E-03   0.170883E-05   0.507618E-03   0.146922E+03
   0.100759E+03   0.512707E+01  -0.208981E+01   0.765487E-03   0.170883E-05   0.507618E-03   0.146756E+03
   0.100365E+03   0.645140E+01  -0.208981E+01   0.657038E-04   0.170883E-05   0.585925E-03   0.146780E+03
   0.102287E+03   0.322395E+00  -0.208981E+01   0.657038E-04   0.246683E-04   0.585925E-03   0.147235E+03
   0.102287E+03   0.197136E+01   0.428595E+01   0.657038E-04   0.246683E-04   0.585925E-03   0.148399E+03
   0.102287E+03   0.635182E+01   0.151641E+01   0.657038E-04   0.246683E-04   0.222393E-03   0.146684E+03
   0.102609E+03   0.635182E+01   0.151641E+01   0.794942E-03   0.246683E-04   0.222393E-03   0.143917E+03
   0.102666E+03   0.370402E+01   0.151641E+01   0.794942E-03   0.246683E-04   0.222393E-03   0.145941E+03
   0.102666E+03   0.370402E+01   0.578221E+01   0.771618E-03   0.246683E-04   0.222393E-03   0.147032E+03
   0.102154E+03  -0.180260E+01   0.578221E+01   0.771618E-03   0.246683E-04   0.222393E-03   0.147498E+03
   0.101783E+03  -0.180260E+01   0.578221E+01   0.771618E-03   0.246683E-04   0.222393E-03   0.147653E+03
   0.101783E+03  -0.180260E+01  -0.297680E+01   0.771618E-03   0.246683E-04   0.222393E-03   0.147212E+03
   0.101783E+03   0.402597E+00  -0.297680E+01   0.771618E-03   0.246683E-04   0.222393E-03   0.148183E+03
   0.101783E+03   0.168373E+01   0.890499E+01   0.680035E-03   0.246683E-04   0.222393E-03   0.148285E+03
   0.101783E+03   0.168373E+01   0.185268E+01   0.680035E-03   0.246683E-04   0.222393E-03   0.149499E+03
   0.101783E+03   0.900375E+00   0.371047E+01   0.680035E-03   0.246683E-04   0.222393E-03   0.149483E+03
   0.101783E+03   0.900375E+00   0.371047E+01   0.712768E-03   0.246683E-04   0.222393E-03   0.149366E+03
   0.101783E+03   0.900375E+00   0.751212E+01   0.712768E-03   0.246683E-04   0.222393E-03   0.148642E+03
   0.101783E+03   0.900375E+00   0.751212E+01   0.712768E-03   0.371746E-03   0.222393E-03   0.147770E+03
   0.101783E+03   0.277443E+00  -0.908054E+00   0.782626E-04   0.371746E-03   0.222393E-03   0.149176E+03
   0.100700E+03  -0.805701E+00  -0.685967E+01   0.104078E-03   0.371746E-03   0.222393E-03   0.148580E+03
   0.100700E+03  -0.805701E+00  -0.635023E+01   0.104078E-03   0.371746E-03   0.222393E-03   0.148725E+03
   0.100700E+03   0.304966E+00  -0.881254E+00   0.104078E-03   0.371746E-03   0.222393E-03   0.149896E+03
   0.100700E+03   0.304966E+00   0.402760E+01   0.104078E-03   0.371746E-03   0.222393E-03   0.149036E+03
   0.100700E+03   0.304966E+00   0.402140E+01   0.104078E-03   0.371746E-03   0.222393E-03   0.149038E+03
   0.100700E+03   0.304966E+00  -0.217555E+01   0.104078E-03   0.192074E-03   0.222393E-03   0.150533E+03
   0.100700E+03   0.304966E+00  -0.489589E+01   0.104078E-03   0.192074E-03   0.799794E-04   0.150584E+03
   0.100700E+03   0.304966E+00  -0.313037E+01   0.104078E-03   0.210574E-03   0.799794E-04   0.150874E+03
   0.100700E+03   0.304966E+00  -0.313037E+01   0.104078E-03   0.210574E-03   0.491768E-04   0.150918E+03
   0.100700E+03   0.304966E+00  -0.615162E+01   0.104078E-03   0.210574E-03   0.491768E-04   0.150200E+03
   0.100700E+03   0.304966E+00  -0.615162E+01   0.104078E-03   0.210574E-03   0.491768E-04   0.150200E+03
   0.100700E+03   0.304966E+00  -0.412154E+00   0.104078E-03   0.210574E-03   0.491768E-04   0.151047E+03
   0.100452E+03   0.251593E+01  -0.267857E+01   0.104078E-03   0.210574E-03   0.491768E-04   0.150653E+03
   0.100452E+03   0.251593E+01   0.308901E+01   0.104078E-03   0.210574E-03   0.491768E-04   0.149864E+03
   0.100452E+03   0.251593E+01   0.231116E+01   0.104078E-03   0.210574E-03   0.491768E-04   0.150135E+03
   0.100452E+03   0.555983E+00  -0.185392E+00   0.104078E-03   0.210574E-03   0.491768E-04   0.150689E+03
   0.100452E+03   0.323820E+01  -0.185392E+00   0.104078E-03   0.210574E-03   0.491768E-04   0.150336E+03
   0.100452E+03   0.323820E+01  -0.185392E+00   0.830461E-03   0.210574E-03   0.491768E-04   0.148173E+03
   0.100900E+03   0.323820E+01   0.168091E+01   0.838611E-03   0.210574E-03   0.342086E-03   0.147725E+03
   0.100900E+03   0.301815E+01  -0.141714E+01   0.838611E-03   0.210574E-03   0.240678E-03   0.148294E+03
   0.100900E+03   0.301815E+01   0.350488E+01   0.838611E-03   0.210574E-03   0.240678E-03   0.147930E+03
   0.100900E+03   0.301815E+01   0.191510E+01   0.740953E-03   0.210574E-03   0.240678E-03   0.148616E+03
   0.100900E+03   0.301815E+01  -0.200088E+01   0.175822E-03   0.210574E-03   0.240678E-03   0.150374E+03
   0.100900E+03   0.301815E+01  -0.226800E+01   0.175822E-03   0.210574E-03   0.240678E-03   0.150342E+03
   0.100900E+03   0.301815E+01   0.130782E+01   0.175822E-03   0.210574E-03   0.240678E-03   0.150390E+03
   0.100900E+03   0.504911E+01   0.262693E+01   0.175822E-03   0.210574E-03   0.240678E-03   0.149012E+03
   0.100900E+03   0.256562E+01   0.262693E+01   0.175822E-03   0.210574E-03   0.240678E-03   0.150300E+03
   0.100900E+03   0.256562E+01   0.688929E+00   0.175822E-03   0.210574E-03   0.240678E-03   0.150574E+03
   0.100900E+03   0.256562E+01   0.242152E+01   0.175822E-03   0.210574E-03   0.112430E-03   0.150761E+03
   0.100900E+03   0.132136E+01   0.242152E+01   0.243001E-03   0.210574E-03   0.112430E-03   0.150807E+03
   0.102022E+03  -0.119110E+01   0.242152E+01   0.243001E-03   0.210574E-03   0.112430E-03   0.149502E+03
   0.102022E+03  -0.119110E+01   0.242152E+01   0.243001E-03   0.210574E-03   0.301869E-03   0.148806E+03
   0.102022E+03  -0.306526E+00   0.539594E+01   0.243001E-03   0.210574E-03   0.301869E-03   0.149198E+03
   0.101444E+03  -0.266637E+01   0.497715E+01   0.371199E-03   0.210574E-03   0.301869E-03   0.147360E+03
   0.102272E+03   0.182056E+01   0.497715E+01   0.371199E-03   0.210574E-03   0.301869E-03   0.149007E+03
   0.101361E+03   0.370671E+00  -0.364288E+00   0.371199E-03   0.429920E-03   0.301869E-03   0.148756E+03
   0.101361E+03   0.370671E+00   0.421208E+01   0.371199E-03   0.373511E-03   0.301869E-03   0.148885E+03
   0.100922E+03   0.370671E+00   0.421208E+01   0.173482E-03   0.373511E-03   0.301869E-03   0.148841E+03
   0.101669E+03   0.370671E+00   0.290165E-01   0.151810E-03   0.373511E-03   0.301869E-03   0.149172E+03
   0.101669E+03  -0.144531E+01   0.440923E+01   0.151810E-03   0.156427E-03   0.301869E-03   0.149067E+03
   0.101669E+03  -0.144531E+01  -0.725750E+01   0.151810E-03   0.156427E-03   0.301869E-03   0.147302E+03
   0.101789E+03  -0.144531E+01  -0.123224E+01   0.244779E-03   0.156427E-03   0.577140E-03   0.147115E+03
   0.101789E+03   0.350121E+01  -0.123224E+01   0.244779E-03   0.156427E-03   0.577140E-03   0.148296E+03
   0.101657E+03   0.350121E+01  -0.317073E+01   0.244779E-03   0.156427E-03   0.577140E-03   0.148156E+03
   0.101657E+03   0.350121E+01  -0.142453E+02   0.244779E-03   0.156427E-03   0.577140E-03   0.143636E+03
   0.100730E+03   0.350121E+01  -0.142453E+02   0.244779E-03   0.156427E-03   0.577140E-03   0.144927E+03
   0.100730E+03   0.253264E+01  -0.342280E+01   0.244779E-03   0.156427E-03   0.577140E-03   0.148676E+03
   0.100730E+03   0.253264E+01  -0.342280E+01   0.244779E-03   0.156427E-03   0.577140E-03   0.148676E+03
   0.100730E+03   0.253264E+01   0.410559E+00   0.244779E-03   0.156427E-03   0.577140E-03   0.148501E+03
   0.100730E+03   0.253264E+01   0.184838E+01   0.244779E-03   0.156427E-03   0.577140E-03   0.148212E+03
   0.100981E+03   0.253264E+01  -0.143446E+01   0.244779E-03   0.156427E-03   0.577140E-03   0.148892E+03
   0.100981E+03   0.253264E+01  -0.153387E+01   0.244779E-03   0.156427E-03   0.577140E-03   0.148892E+03
   0.100981E+03   0.253264E+01  -0.153387E+01   0.244779E-03   0.156427E-03   0.141823E-03   0.150925E+03
   0.100981E+03   0.253264E+01   0.269891E+01   0.244779E-03   0.156427E-03   0.141823E-03   0.150783E+03
   0.101645E+03   0.144402E+01   0.351523E+01   0.244779E-03   0.285648E-03   0.141823E-03   0.150410E+03
   0.101645E+03   0.144402E+01   0.102729E+02   0.244779E-03   0.285648E-03   0.141823E-03   0.148452E+03
   0.101645E+03   0.144402E+01   0.102729E+02   0.244779E-03   0.265856E-03   0.141823E-03   0.148495E+03
   0.102065E+03   0.144402E+01   0.897519E+00   0.244779E-03   0.265856E-03   0.141823E-03   0.149444E+03
   0.102065E+03   0.144402E+01  -0.243942E+01   0.487936E-04   0.496463E-03   0.141823E-03   0.147252E+03
   0.100331E+03   0.144402E+01   0.108844E+01   0.487936E-04   0.496463E-03   0.141823E-03   0.149131E+03
   0.101507E+03   0.114635E+01   0.108844E+01   0.487936E-04   0.496463E-03   0.789856E-04   0.149639E+03
   0.101507E+03   0.114635E+01   0.108844E+01   0.735992E-03   0.496463E-03   0.789856E-04   0.147958E+03
   0.101507E+03   0.114635E+01   0.257307E+01   0.735992E-03   0.296222E-03   0.789856E-04   0.149187E+03
   0.100719E+03  -0.210391E+01   0.257307E+01   0.243938E-03   0.296222E-03   0.789856E-04   0.148672E+03
   0.100852E+03   0.481796E+01   0.700795E+00   0.243938E-03   0.296222E-03   0.789856E-04   0.149028E+03
   0.100852E+03   0.474040E+01  -0.417934E+01   0.243938E-03   0.225816E-03   0.291008E-03   0.148618E+03
   0.100852E+03   0.474040E+01  -0.438058E+01   0.265704E-03   0.225816E-03   0.887118E-04   0.148471E+03
   0.100852E+03   0.190632E+00  -0.423525E+01   0.265704E-03   0.225816E-03   0.887118E-04   0.150383E+03
   0.100852E+03   0.190632E+00  -0.397003E+01   0.265704E-03   0.152018E-04   0.887118E-04   0.150834E+03
   0.100852E+03   0.515972E+00  -0.397003E+01   0.101394E-03   0.710858E-03   0.887118E-04   0.148139E+03
   0.100852E+03  -0.166818E+01  -0.596314E+01   0.101394E-03   0.496727E-03   0.887118E-04   0.148199E+03
   0.100852E+03   0.505198E+00   0.686170E+01   0.101394E-03   0.496727E-03   0.887118E-04   0.148376E+03
   0.100852E+03   0.505198E+00   0.155197E+01   0.101394E-03   0.592085E-03   0.887118E-04   0.149320E+03
   0.100852E+03   0.108998E+01   0.155197E+01   0.360222E-03   0.592085E-03   0.887118E-04   0.148892E+03
   0.100348E+03   0.108998E+01   0.155197E+01   0.360222E-03   0.592085E-03   0.887118E-04   0.148345E+03
   0.101006E+03  -0.116349E+01   0.356993E+01   0.360222E-03   0.112851E-05   0.887118E-04   0.149737E+03
   0.101006E+03  -0.341370E+01   0.356993E+01   0.360222E-03   0.112851E-05   0.887118E-04   0.147269E+03
   0.101006E+03   0.619102E+01   0.356993E+01   0.360222E-03   0.112851E-05   0.116014E-03   0.147769E+03
   0.101357E+03   0.298722E+01   0.356993E+01   0.360222E-03   0.112851E-05   0.116014E-03   0.150736E+03
   0.101357E+03   0.209716E+01   0.356993E+01   0.360222E-03   0.112851E-05   0.116014E-03   0.150984E+03
   0.101357E+03   0.209716E+01   0.286215E+01   0.360222E-03   0.112851E-05   0.116014E-03   0.151076E+03
   0.101357E+03   0.217841E+00   0.507552E+01   0.360222E-03   0.112851E-05   0.116014E-03   0.150443E+03
   0.101357E+03   0.320913E+01   0.427075E+01   0.360222E-03   0.112851E-05   0.116014E-03   0.150521E+03
   0.101357E+03   0.320913E+01   0.395654E-01   0.360222E-03   0.112851E-05   0.116014E-03   0.150662E+03
   0.101357E+03   0.320913E+01  -0.485654E+01   0.626465E-03   0.112851E-05   0.116014E-03   0.148456E+03
   0.101357E+03   0.241765E+01  -0.485654E+01   0.278840E-03   0.112851E-05   0.116014E-03   0.149917E+03
   0.101357E+03   0.194456E+01   0.997622E+00   0.278840E-03   0.112851E-05   0.116014E-03   0.151356E+03
   0.101961E+03  -0.100689E+00   0.150568E+01   0.278840E-03   0.112851E-05   0.116014E-03   0.150310E+03
   0.101961E+03   0.309873E+00   0.691529E+01   0.278840E-03   0.456395E-04   0.116014E-03   0.150234E+03
   0.101961E+03   0.309873E+00   0.522086E+01   0.278840E-03   0.456395E-04   0.116014E-03   0.150515E+03
   0.101961E+03   0.309873E+00   0.117897E+02   0.278840E-03   0.456395E-04   0.116014E-03   0.148020E+03
   0.101961E+03   0.111553E+01   0.108539E+02   0.278840E-03   0.456395E-04   0.116014E-03   0.148811E+03
   0.100653E+03   0.383659E+01  -0.100900E+02   0.278840E-03   0.456395E-04   0.116014E-03   0.147126E+03
   0.100653E+03  -0.101077E+01  -0.927327E+00   0.278840E-03   0.456395E-04   0.116014E-03   0.150131E+03
   0.100653E+03   0.277796E+01  -0.927327E+00   0.278840E-03   0.456395E-04   0.116014E-03   0.150878E+03
   0.100653E+03   0.277796E+01  -0.927327E+00   0.278840E-03   0.456395E-04   0.116014E-03   0.150878E+03
   0.100653E+03   0.297235E+01   0.237340E+01   0.278840E-03   0.378417E-03   0.116014E-03   0.149428E+03
   0.100653E+03   0.297235E+01  -0.892848E+01   0.278840E-03   0.378417E-03   0.289423E-03   0.147429E+03
   0.100653E+03   0.297235E+01   0.510728E+01   0.462483E-03   0.378417E-03   0.289423E-03   0.147536E+03
   0.100820E+03   0.297235E+01  -0.446540E+01   0.462483E-03   0.378417E-03   0.289423E-03   0.148283E+03
   0.100820E+03   0.297235E+01  -0.446540E+01   0.462483E-03   0.378417E-03   0.302154E-03   0.148245E+03
   0.100820E+03   0.266440E+01  -0.750201E+01   0.462483E-03   0.378417E-03   0.302154E-03   0.147505E+03
   0.100820E+03   0.321442E+01  -0.750201E+01   0.462483E-03   0.386065E-03   0.302154E-03   0.147216E+03
   0.100594E+03   0.466346E+01  -0.575246E+01   0.462483E-03   0.386065E-03   0.302154E-03   0.146871E+03
   0.100594E+03   0.328505E+01   0.739757E+00   0.368704E-03   0.386065E-03   0.302154E-03   0.148578E+03
   0.100868E+03  -0.281155E+01   0.153045E+01   0.813142E-04   0.868434E-03   0.302154E-03   0.145523E+03
   0.100868E+03   0.411559E+01  -0.417722E+01   0.813142E-04   0.868434E-03   0.302154E-03   0.145376E+03
   0.100868E+03   0.787892E+01   0.774909E+01   0.813142E-04   0.868434E-03   0.430530E-03   0.142048E+03
   0.100868E+03   0.296467E+01   0.774909E+01   0.813142E-04   0.868434E-03   0.430530E-03   0.144625E+03
   0.102667E+03   0.296467E+01   0.774909E+01   0.291214E-03   0.868434E-03   0.336805E-03   0.144275E+03
   0.102667E+03   0.556782E+01   0.112404E+02   0.291214E-03   0.868434E-03   0.457414E-03   0.142891E+03
   0.102667E+03   0.556782E+01   0.132155E+02   0.291214E-03   0.868434E-03   0.457414E-03   0.142629E+03
   0.102696E+03   0.556782E+01   0.466264E+01   0.291214E-03   0.535509E-03   0.457414E-03   0.144579E+03
   0.102696E+03   0.556782E+01   0.569626E+01   0.374435E-03   0.536238E-03   0.457414E-03   0.144569E+03
   0.102696E+03  -0.676750E+00   0.278231E+01   0.374435E-03   0.315581E-03   0.457414E-03   0.146153E+03
   0.102696E+03  -0.676750E+00   0.214070E+01   0.347384E-03   0.315581E-03   0.828358E-04   0.146931E+03
   0.102696E+03   0.218863E+01   0.214070E+01   0.347384E-03   0.315581E-03   0.679732E-03   0.145504E+03
   0.100825E+03   0.218863E+01   0.214070E+01   0.347384E-03   0.315581E-03   0.679732E-03   0.146793E+03
   0.100328E+03   0.218863E+01  -0.313056E+00   0.347384E-03   0.315581E-03   0.135795E-03   0.149571E+03
   0.100411E+03   0.218863E+01  -0.313056E+00   0.347384E-03   0.315581E-03   0.135795E-03   0.149727E+03
   0.100411E+03   0.218863E+01  -0.115035E+01   0.347384E-03   0.170756E-03   0.135795E-03   0.150253E+03
   0.100411E+03   0.218863E+01  -0.115035E+01   0.347384E-03   0.156055E-03   0.135795E-03   0.150287E+03
   0.100411E+03   0.347613E+01   0.125053E+00   0.347384E-03   0.156055E-03   0.135795E-03   0.149683E+03
   0.100411E+03   0.360818E+01   0.188270E+01   0.347384E-03   0.156055E-03   0.135795E-03   0.149251E+03
   0.100411E+03   0.360818E+01   0.188270E+01   0.347384E-03   0.156055E-03   0.135795E-03   0.149251E+03
   0.100814E+03   0.360818E+01  -0.101732E+02   0.347384E-03   0.156055E-03   0.135795E-03   0.146866E+03
   0.100814E+03   0.360818E+01  -0.101732E+02   0.347384E-03   0.156055E-03   0.760881E-03   0.145884E+03
   0.100418E+03   0.412184E+01  -0.101732E+02   0.347384E-03   0.156055E-03   0.760881E-03   0.145561E+03
   0.100418E+03   0.412184E+01  -0.181115E+01   0.347384E-03   0.156055E-03   0.760881E-03   0.146671E+03
   0.100418E+03  -0.135655E+01   0.226210E+01   0.347384E-03   0.156055E-03   0.760881E-03   0.143754E+03
   0.100418E+03  -0.135655E+01  -0.710913E+01   0.347384E-03   0.142979E-03   0.760881E-03   0.144636E+03
   0.100579E+03  -0.135655E+01  -0.710913E+01   0.347384E-03   0.142979E-03   0.210070E-03   0.148322E+03
   0.100870E+03   0.152286E+01   0.265427E+01   0.347384E-03   0.142979E-03   0.210070E-03   0.150306E+03
   0.100870E+03   0.152286E+01  -0.294900E+01   0.347384E-03   0.142979E-03   0.210070E-03   0.150534E+03
   0.100228E+03   0.152286E+01  -0.266116E+01   0.347384E-03   0.142979E-03   0.210070E-03   0.149774E+03
   0.100228E+03   0.152286E+01  -0.177827E+01   0.347384E-03   0.142979E-03   0.210070E-03   0.149739E+03
   0.100228E+03   0.152286E+01  -0.133340E+01   0.347384E-03   0.142979E-03   0.210070E-03   0.149699E+03
   0.100228E+03   0.152286E+01  -0.133340E+01   0.347384E-03   0.142979E-03   0.210070E-03   0.149699E+03
   0.100228E+03   0.197376E+00  -0.133340E+01   0.347384E-03   0.142979E-03   0.210070E-03   0.149343E+03
   0.100744E+03   0.197376E+00   0.162271E+01   0.347384E-03   0.927965E-05   0.210070E-03   0.150123E+03
   0.100744E+03   0.197376E+00  -0.251143E+01   0.347384E-03   0.927965E-05   0.210070E-03   0.150432E+03
   0.100744E+03   0.197376E+00  -0.251143E+01   0.347384E-03   0.927965E-05   0.210070E-03   0.150432E+03
   0.100744E+03   0.248047E+01  -0.251143E+01   0.494504E-03   0.927965E-05   0.210070E-03   0.150153E+03
   0.100744E+03   0.459673E+01   0.154535E+00   0.432550E-03   0.927965E-05   0.210070E-03   0.149280E+03
   0.100744E+03   0.381894E+01  -0.324125E+01   0.432550E-03   0.927965E-05   0.210070E-03   0.149617E+03
   0.100744E+03   0.381894E+01   0.942893E+00   0.432550E-03   0.609971E-03   0.508169E-04   0.147554E+03
   0.100749E+03   0.259239E+01   0.293565E+01   0.902482E-05   0.609971E-03   0.508169E-04   0.148791E+03
   0.100749E+03   0.231760E+01   0.293565E+01   0.902482E-05   0.609971E-03   0.508169E-04   0.148886E+03
   0.100749E+03   0.231760E+01   0.271943E+01   0.902482E-05   0.609971E-03   0.508169E-04   0.148918E+03
   0.100749E+03   0.231760E+01   0.271943E+01   0.902482E-05   0.609971E-03   0.508169E-04   0.148918E+03
   0.100749E+03   0.231760E+01   0.524346E+00   0.902482E-05   0.609971E-03   0.508169E-04   0.149077E+03
   0.100749E+03   0.231760E+01   0.599340E+01   0.902482E-05   0.609971E-03   0.709264E-04   0.148044E+03
   0.100749E+03   0.231760E+01   0.120144E+01   0.902482E-05   0.609971E-03   0.709264E-04   0.149036E+03
   0.100749E+03   0.264045E+01  -0.311317E+01   0.902482E-05   0.609971E-03   0.168926E-03   0.148407E+03
   0.100749E+03   0.264045E+01  -0.311317E+01   0.471970E-03   0.609971E-03   0.168926E-03   0.147542E+03
   0.100749E+03   0.264045E+01  -0.534016E+01   0.471970E-03   0.609971E-03   0.168926E-03   0.147015E+03
   0.100749E+03   0.112597E+01  -0.679540E+01   0.260569E-03   0.737827E-03   0.168926E-03   0.146842E+03
   0.100749E+03  -0.176727E+01   0.425723E+01   0.260569E-03   0.161119E-03   0.168926E-03   0.148179E+03
   0.100749E+03   0.142546E+01   0.568837E+00   0.260569E-03   0.161119E-03   0.168926E-03   0.150823E+03
   0.100786E+03   0.142546E+01   0.277030E+00   0.354180E-03   0.161119E-03   0.168926E-03   0.150685E+03
   0.100786E+03   0.824482E+00   0.277030E+00   0.354180E-03   0.161119E-03   0.168926E-03   0.150616E+03
   0.100786E+03   0.824482E+00   0.139011E+01   0.354180E-03   0.161119E-03   0.168926E-03   0.150472E+03
   0.100786E+03   0.824482E+00   0.139011E+01   0.354180E-03   0.161119E-03   0.168926E-03   0.150472E+03
   0.100969E+03   0.824482E+00  -0.269925E+01   0.354180E-03   0.161119E-03   0.168926E-03   0.150602E+03
   0.100969E+03   0.824482E+00  -0.269925E+01   0.354180E-03   0.161119E-03   0.168926E-03   0.150602E+03
   0.100969E+03   0.824482E+00  -0.269925E+01   0.354180E-03   0.161119E-03   0.168926E-03   0.150602E+03
   0.100609E+03   0.824482E+00  -0.416571E+01   0.354180E-03   0.260922E-03   0.168926E-03   0.149937E+03
   0.100609E+03  -0.977029E-01  -0.402925E+01   0.354180E-03   0.260922E-03   0.168926E-03   0.149727E+03
   0.100609E+03  -0.977029E-01  -0.402925E+01   0.394771E-03   0.260922E-03   0.262308E-03   0.149204E+03
   0.100609E+03   0.164685E+01  -0.402925E+01   0.394771E-03   0.260922E-03   0.262308E-03   0.149530E+03
   0.100609E+03   0.164685E+01  -0.402925E+01   0.394771E-03   0.260922E-03   0.262308E-03   0.149530E+03
   0.101597E+03   0.164685E+01  -0.509385E+01   0.394771E-03   0.260922E-03   0.262308E-03   0.148410E+03
   0.100419E+03   0.444209E+00  -0.447467E+01   0.394771E-03   0.260922E-03   0.262308E-03   0.149139E+03
   0.102301E+03   0.147839E+01  -0.164800E+01   0.394771E-03   0.260922E-03   0.262308E-03   0.147499E+03
   0.102301E+03   0.147839E+01  -0.164800E+01   0.394771E-03   0.260922E-03   0.700140E-04   0.147514E+03
   0.102301E+03   0.141714E+01   0.106589E+02   0.394771E-03   0.437251E-03   0.700140E-04   0.147853E+03
   0.102306E+03   0.141714E+01   0.106589E+02   0.394771E-03   0.437251E-03   0.700140E-04   0.147849E+03
   0.102306E+03   0.141714E+01   0.441885E+01   0.394771E-03   0.437251E-03   0.700140E-04   0.148211E+03
   0.102306E+03   0.141714E+01   0.472670E+01   0.325181E-03   0.437251E-03   0.700140E-04   0.148400E+03
   0.102306E+03   0.141714E+01   0.196612E+01   0.325181E-03   0.437251E-03   0.700140E-04   0.147879E+03
   0.100696E+03   0.691355E+00   0.196612E+01   0.325181E-03   0.437251E-03   0.700140E-04   0.149642E+03
   0.100696E+03   0.691355E+00   0.196612E+01   0.325181E-03   0.437251E-03   0.700140E-04   0.149642E+03
   0.100696E+03   0.691355E+00   0.196612E+01   0.325181E-03   0.437251E-03   0.700140E-04   0.149642E+03
   0.100960E+03  -0.419244E+00  -0.919294E+01   0.325181E-03   0.437251E-03   0.700140E-04   0.147355E+03
   0.100960E+03  -0.888464E+00  -0.845379E+01   0.325181E-03   0.437251E-03   0.352447E-03   0.146818E+03
