a0_min        Y1_intercept  Y2_intercept  Y3_intercept  LogPost       
  0.100000E+03  0.100000E-02  0.100000E-02  0.100000E-02  0.137784E+03
  0.100000E+03  0.100000E-02  0.100000E-02  0.100000E-02  0.137784E+03
  0.100000E+03  0.125884E-02  0.100000E-02  0.100000E-02  0.136819E+03
  0.101102E+03  0.125884E-02  0.100000E-02  0.100000E-02  0.137450E+03
  0.101102E+03  0.125884E-02  0.100000E-02  0.100000E-02  0.137450E+03
  0.101102E+03  0.125884E-02  0.496885E-03  0.100000E-02  0.140379E+03
  0.101102E+03  0.125884E-02  0.496885E-03  0.100000E-02  0.140379E+03
  0.101226E+03  0.125884E-02  0.496885E-03  0.100000E-02  0.140432E+03
  0.101226E+03  0.125884E-02  0.496885E-03  0.761389E-03  0.141999E+03
  0.101226E+03  0.125884E-02  0.496885E-03  0.761389E-03  0.141999E+03
  0.100896E+03  0.125884E-02  0.496885E-03  0.761389E-03  0.141849E+03
  0.100896E+03  0.125884E-02  0.496885E-03  0.761389E-03  0.141849E+03
  0.100896E+03  0.125884E-02  0.496885E-03  0.647464E-03  0.142678E+03
  0.100896E+03  0.125884E-02  0.496885E-03  0.647464E-03  0.142678E+03
  0.100896E+03  0.110003E-02  0.496885E-03  0.904003E-04  0.146793E+03
  0.100896E+03  0.110003E-02  0.496885E-03  0.904003E-04  0.146793E+03
  0.100896E+03  0.110003E-02  0.496885E-03  0.904003E-04  0.146793E+03
  0.100896E+03  0.110003E-02  0.496885E-03  0.904003E-04  0.146793E+03
  0.100896E+03  0.110003E-02  0.827970E-04  0.904003E-04  0.148270E+03
  0.100896E+03  0.110003E-02  0.827970E-04  0.904003E-04  0.148270E+03
  0.100896E+03  0.110003E-02  0.827970E-04  0.904003E-04  0.148270E+03
  0.100896E+03  0.110003E-02  0.827970E-04  0.904003E-04  0.148270E+03
  0.100896E+03  0.110003E-02  0.827970E-04  0.904003E-04  0.148270E+03
  0.100896E+03  0.110003E-02  0.827970E-04  0.904003E-04  0.148270E+03
  0.100896E+03  0.110003E-02  0.827970E-04  0.904003E-04  0.148270E+03
  0.100896E+03  0.110003E-02  0.827970E-04  0.904003E-04  0.148270E+03
  0.100896E+03  0.110003E-02  0.827970E-04  0.904003E-04  0.148270E+03
  0.100896E+03  0.110003E-02  0.827970E-04  0.904003E-04  0.148270E+03
  0.100896E+03  0.110003E-02  0.827970E-04  0.904003E-04  0.148270E+03
  0.100896E+03  0.110003E-02  0.827970E-04  0.904003E-04  0.148270E+03
  0.100896E+03  0.110003E-02  0.426020E-03  0.904003E-04  0.147157E+03
  0.101343E+03  0.110003E-02  0.426020E-03  0.904003E-04  0.147026E+03
  0.100516E+03  0.110003E-02  0.426020E-03  0.904003E-04  0.146873E+03
  0.100516E+03  0.279723E-03  0.426020E-03  0.904003E-04  0.149608E+03
  0.100516E+03  0.279723E-03  0.426020E-03  0.904003E-04  0.149608E+03
  0.100516E+03  0.279723E-03  0.426020E-03  0.904003E-04  0.149608E+03
  0.100516E+03  0.279723E-03  0.426020E-03  0.904003E-04  0.149608E+03
  0.100516E+03  0.279723E-03  0.426020E-03  0.338188E-03  0.148322E+03
  0.100516E+03  0.279723E-03  0.426020E-03  0.338188E-03  0.148322E+03
  0.100516E+03  0.279723E-03  0.426020E-03  0.338188E-03  0.148322E+03
  0.100516E+03  0.279723E-03  0.426020E-03  0.338188E-03  0.148322E+03
  0.100516E+03  0.279723E-03  0.426020E-03  0.338188E-03  0.148322E+03
  0.100516E+03  0.279723E-03  0.426020E-03  0.338188E-03  0.148322E+03
  0.100516E+03  0.279723E-03  0.426020E-03  0.338188E-03  0.148322E+03
  0.100516E+03  0.279723E-03  0.426020E-03  0.338188E-03  0.148322E+03
  0.100516E+03  0.279723E-03  0.426020E-03  0.338188E-03  0.148322E+03
  0.100516E+03  0.279723E-03  0.426020E-03  0.338188E-03  0.148322E+03
  0.100516E+03  0.279723E-03  0.426020E-03  0.338188E-03  0.148322E+03
  0.100516E+03  0.400429E-03  0.426020E-03  0.613488E-03  0.145959E+03
  0.100516E+03  0.400429E-03  0.426020E-03  0.613488E-03  0.145959E+03
  0.101294E+03  0.400429E-03  0.426020E-03  0.486942E-03  0.147469E+03
  0.101294E+03  0.400429E-03  0.426020E-03  0.486942E-03  0.147469E+03
  0.101294E+03  0.400429E-03  0.426020E-03  0.486942E-03  0.147469E+03
  0.101294E+03  0.400429E-03  0.426020E-03  0.486942E-03  0.147469E+03
  0.101294E+03  0.400429E-03  0.426020E-03  0.486942E-03  0.147469E+03
  0.101294E+03  0.400429E-03  0.426020E-03  0.486942E-03  0.147469E+03
  0.101294E+03  0.400429E-03  0.426020E-03  0.486942E-03  0.147469E+03
  0.101294E+03  0.400429E-03  0.426020E-03  0.486942E-03  0.147469E+03
  0.101294E+03  0.400429E-03  0.426020E-03  0.486942E-03  0.147469E+03
  0.101294E+03  0.400429E-03  0.426020E-03  0.486942E-03  0.147469E+03
  0.101294E+03  0.400429E-03  0.426020E-03  0.486942E-03  0.147469E+03
  0.101294E+03  0.238963E-03  0.426020E-03  0.486942E-03  0.147820E+03
  0.101294E+03  0.238963E-03  0.426020E-03  0.486942E-03  0.147820E+03
  0.101294E+03  0.238963E-03  0.426020E-03  0.486942E-03  0.147820E+03
  0.101294E+03  0.238963E-03  0.426020E-03  0.486942E-03  0.147820E+03
  0.101294E+03  0.238963E-03  0.426020E-03  0.486942E-03  0.147820E+03
  0.101294E+03  0.288242E-03  0.426020E-03  0.486942E-03  0.147729E+03
  0.101294E+03  0.288242E-03  0.426020E-03  0.486942E-03  0.147729E+03
  0.101208E+03  0.288242E-03  0.498801E-03  0.486942E-03  0.147331E+03
  0.101208E+03  0.288242E-03  0.498801E-03  0.486942E-03  0.147331E+03
  0.101208E+03  0.288242E-03  0.498801E-03  0.486942E-03  0.147331E+03
  0.101208E+03  0.288242E-03  0.498801E-03  0.486942E-03  0.147331E+03
  0.101208E+03  0.288242E-03  0.498801E-03  0.486942E-03  0.147331E+03
  0.101208E+03  0.288242E-03  0.498801E-03  0.486942E-03  0.147331E+03
  0.101208E+03  0.288242E-03  0.498801E-03  0.486942E-03  0.147331E+03
  0.101729E+03  0.288242E-03  0.498801E-03  0.486942E-03  0.146992E+03
  0.101729E+03  0.288242E-03  0.498801E-03  0.486942E-03  0.146992E+03
  0.101729E+03  0.288242E-03  0.498801E-03  0.486942E-03  0.146992E+03
  0.101729E+03  0.288242E-03  0.498801E-03  0.486942E-03  0.146992E+03
  0.101729E+03  0.288242E-03  0.498801E-03  0.486942E-03  0.146992E+03
  0.101729E+03  0.288242E-03  0.498801E-03  0.486942E-03  0.146992E+03
  0.101729E+03  0.288242E-03  0.498801E-03  0.486942E-03  0.146992E+03
  0.101729E+03  0.288242E-03  0.498801E-03  0.486942E-03  0.146992E+03
  0.101729E+03  0.288242E-03  0.498801E-03  0.486942E-03  0.146992E+03
  0.101729E+03  0.288242E-03  0.498801E-03  0.486942E-03  0.146992E+03
  0.100093E+03  0.288242E-03  0.498801E-03  0.486942E-03  0.146054E+03
  0.100093E+03  0.288242E-03  0.498801E-03  0.486942E-03  0.146054E+03
  0.100093E+03  0.288242E-03  0.498801E-03  0.486942E-03  0.146054E+03
  0.100093E+03  0.288242E-03  0.498801E-03  0.486942E-03  0.146054E+03
  0.100093E+03  0.288242E-03  0.498801E-03  0.486942E-03  0.146054E+03
  0.100093E+03  0.288242E-03  0.498801E-03  0.486942E-03  0.146054E+03
  0.100093E+03  0.288242E-03  0.498801E-03  0.486942E-03  0.146054E+03
  0.100093E+03  0.288242E-03  0.498801E-03  0.467557E-03  0.146204E+03
  0.100093E+03  0.288242E-03  0.498801E-03  0.434717E-06  0.148582E+03
  0.100093E+03  0.288242E-03  0.498801E-03  0.434717E-06  0.148582E+03
  0.100093E+03  0.288242E-03  0.498801E-03  0.434717E-06  0.148582E+03
  0.100093E+03  0.288242E-03  0.443152E-03  0.434717E-06  0.148765E+03
  0.100093E+03  0.288242E-03  0.443152E-03  0.434717E-06  0.148765E+03
  0.100093E+03  0.288242E-03  0.443152E-03  0.434717E-06  0.148765E+03
  0.100483E+03  0.288242E-03  0.443152E-03  0.434717E-06  0.149579E+03
  0.100571E+03  0.288242E-03  0.443152E-03  0.434717E-06  0.149701E+03
  0.100571E+03  0.288242E-03  0.443152E-03  0.434717E-06  0.149701E+03
  0.100571E+03  0.288242E-03  0.443152E-03  0.434717E-06  0.149701E+03
  0.100571E+03  0.288242E-03  0.443152E-03  0.434717E-06  0.149701E+03
  0.100571E+03  0.288242E-03  0.443152E-03  0.434717E-06  0.149701E+03
  0.100571E+03  0.288242E-03  0.443152E-03  0.434717E-06  0.149701E+03
  0.100571E+03  0.288242E-03  0.351503E-03  0.434717E-06  0.150069E+03
  0.100571E+03  0.288242E-03  0.351503E-03  0.434717E-06  0.150069E+03
  0.100571E+03  0.288242E-03  0.351503E-03  0.434717E-06  0.150069E+03
  0.100571E+03  0.288242E-03  0.351503E-03  0.434717E-06  0.150069E+03
  0.100571E+03  0.288242E-03  0.351503E-03  0.434717E-06  0.150069E+03
  0.100571E+03  0.288242E-03  0.351503E-03  0.434717E-06  0.150069E+03
  0.100571E+03  0.288242E-03  0.351503E-03  0.434717E-06  0.150069E+03
  0.100571E+03  0.288242E-03  0.351503E-03  0.434717E-06  0.150069E+03
  0.100571E+03  0.288242E-03  0.351503E-03  0.434717E-06  0.150069E+03
  0.100571E+03  0.288242E-03  0.351503E-03  0.434717E-06  0.150069E+03
  0.100571E+03  0.288242E-03  0.351503E-03  0.434717E-06  0.150069E+03
  0.100571E+03  0.288242E-03  0.351503E-03  0.434717E-06  0.150069E+03
  0.100571E+03  0.288242E-03  0.351503E-03  0.434717E-06  0.150069E+03
  0.100571E+03  0.288242E-03  0.351503E-03  0.434717E-06  0.150069E+03
  0.100571E+03  0.288242E-03  0.351503E-03  0.434717E-06  0.150069E+03
  0.101323E+03  0.288242E-03  0.351503E-03  0.434717E-06  0.150274E+03
  0.101323E+03  0.288242E-03  0.351503E-03  0.434717E-06  0.150274E+03
  0.101323E+03  0.288242E-03  0.351503E-03  0.434717E-06  0.150274E+03
  0.101323E+03  0.288242E-03  0.351503E-03  0.434717E-06  0.150274E+03
  0.101323E+03  0.288242E-03  0.351503E-03  0.434717E-06  0.150274E+03
  0.101323E+03  0.944367E-03  0.351503E-03  0.434717E-06  0.148134E+03
  0.101323E+03  0.944367E-03  0.351503E-03  0.434717E-06  0.148134E+03
  0.101323E+03  0.944367E-03  0.351503E-03  0.434717E-06  0.148134E+03
  0.101323E+03  0.944367E-03  0.351503E-03  0.434717E-06  0.148134E+03
  0.101323E+03  0.944367E-03  0.351503E-03  0.434717E-06  0.148134E+03
  0.101323E+03  0.944367E-03  0.351503E-03  0.434717E-06  0.148134E+03
  0.101323E+03  0.578432E-03  0.351503E-03  0.434717E-06  0.149483E+03
  0.101323E+03  0.578432E-03  0.351503E-03  0.434717E-06  0.149483E+03
  0.101323E+03  0.578432E-03  0.351503E-03  0.434717E-06  0.149483E+03
  0.101323E+03  0.578432E-03  0.351503E-03  0.537111E-04  0.149450E+03
  0.101323E+03  0.578432E-03  0.351503E-03  0.537111E-04  0.149450E+03
  0.101323E+03  0.578432E-03  0.351503E-03  0.537111E-04  0.149450E+03
  0.101323E+03  0.578432E-03  0.351503E-03  0.537111E-04  0.149450E+03
  0.100350E+03  0.578432E-03  0.351503E-03  0.537111E-04  0.148868E+03
  0.100350E+03  0.578432E-03  0.351503E-03  0.537111E-04  0.148868E+03
  0.100350E+03  0.578432E-03  0.351503E-03  0.537111E-04  0.148868E+03
  0.100907E+03  0.578432E-03  0.351503E-03  0.537111E-04  0.149543E+03
  0.100907E+03  0.578432E-03  0.351503E-03  0.537111E-04  0.149543E+03
  0.100907E+03  0.578432E-03  0.351503E-03  0.537111E-04  0.149543E+03
  0.100907E+03  0.578432E-03  0.351503E-03  0.537111E-04  0.149543E+03
  0.100907E+03  0.578432E-03  0.351503E-03  0.641821E-03  0.146022E+03
  0.100907E+03  0.578432E-03  0.351503E-03  0.641821E-03  0.146022E+03
  0.100907E+03  0.578432E-03  0.351503E-03  0.641821E-03  0.146022E+03
  0.100907E+03  0.578432E-03  0.351503E-03  0.641821E-03  0.146022E+03
  0.100907E+03  0.578432E-03  0.351503E-03  0.641821E-03  0.146022E+03
  0.100907E+03  0.578432E-03  0.351503E-03  0.641821E-03  0.146022E+03
  0.100907E+03  0.578432E-03  0.351503E-03  0.641821E-03  0.146022E+03
  0.100907E+03  0.578432E-03  0.351503E-03  0.641821E-03  0.146022E+03
  0.100907E+03  0.578432E-03  0.351503E-03  0.641821E-03  0.146022E+03
  0.100907E+03  0.578432E-03  0.351503E-03  0.641821E-03  0.146022E+03
  0.100907E+03  0.578432E-03  0.351503E-03  0.641821E-03  0.146022E+03
  0.100907E+03  0.578432E-03  0.322558E-04  0.641821E-03  0.146833E+03
  0.100907E+03  0.578432E-03  0.322558E-04  0.641821E-03  0.146833E+03
  0.100907E+03  0.578432E-03  0.322558E-04  0.641821E-03  0.146833E+03
  0.100907E+03  0.578432E-03  0.322558E-04  0.641821E-03  0.146833E+03
  0.100907E+03  0.578432E-03  0.322558E-04  0.641821E-03  0.146833E+03
  0.100907E+03  0.120716E-02  0.322558E-04  0.641821E-03  0.144449E+03
  0.100907E+03  0.120716E-02  0.322558E-04  0.641821E-03  0.144449E+03
  0.100907E+03  0.120716E-02  0.322558E-04  0.641821E-03  0.144449E+03
  0.100907E+03  0.120716E-02  0.322558E-04  0.641821E-03  0.144449E+03
  0.100907E+03  0.120716E-02  0.322558E-04  0.641821E-03  0.144449E+03
  0.100907E+03  0.120716E-02  0.322558E-04  0.641821E-03  0.144449E+03
  0.100907E+03  0.120716E-02  0.322558E-04  0.641821E-03  0.144449E+03
  0.100907E+03  0.120716E-02  0.322558E-04  0.641821E-03  0.144449E+03
  0.101281E+03  0.120716E-02  0.322558E-04  0.641821E-03  0.144785E+03
  0.101281E+03  0.120716E-02  0.322558E-04  0.641821E-03  0.144785E+03
  0.101281E+03  0.120716E-02  0.322558E-04  0.641821E-03  0.144785E+03
  0.101281E+03  0.120716E-02  0.322558E-04  0.641821E-03  0.144785E+03
  0.101281E+03  0.120716E-02  0.322558E-04  0.641821E-03  0.144785E+03
  0.101281E+03  0.120716E-02  0.239309E-03  0.641821E-03  0.144327E+03
  0.101281E+03  0.120716E-02  0.239309E-03  0.641821E-03  0.144327E+03
  0.101281E+03  0.120716E-02  0.239309E-03  0.641821E-03  0.144327E+03
  0.101281E+03  0.120716E-02  0.239309E-03  0.641821E-03  0.144327E+03
  0.101281E+03  0.120716E-02  0.239309E-03  0.641821E-03  0.144327E+03
  0.101281E+03  0.120716E-02  0.239309E-03  0.641821E-03  0.144327E+03
  0.101281E+03  0.120716E-02  0.239309E-03  0.641821E-03  0.144327E+03
  0.101281E+03  0.120716E-02  0.239309E-03  0.641821E-03  0.144327E+03
  0.101281E+03  0.120716E-02  0.239309E-03  0.641821E-03  0.144327E+03
  0.997616E+02  0.120716E-02  0.239309E-03  0.641821E-03  0.141430E+03
  0.997616E+02  0.120716E-02  0.239309E-03  0.641821E-03  0.141430E+03
  0.997616E+02  0.769890E-03  0.239309E-03  0.641821E-03  0.142991E+03
  0.997616E+02  0.769890E-03  0.239309E-03  0.641821E-03  0.142991E+03
  0.997616E+02  0.769890E-03  0.239309E-03  0.641821E-03  0.142991E+03
  0.997616E+02  0.769890E-03  0.239309E-03  0.641821E-03  0.142991E+03
  0.997616E+02  0.769890E-03  0.239309E-03  0.641821E-03  0.142991E+03
  0.100424E+03  0.769890E-03  0.239309E-03  0.641821E-03  0.144952E+03
  0.100424E+03  0.769890E-03  0.495355E-03  0.641821E-03  0.144100E+03
  0.100424E+03  0.769890E-03  0.495355E-03  0.641821E-03  0.144100E+03
  0.100424E+03  0.769890E-03  0.495355E-03  0.641821E-03  0.144100E+03
  0.100424E+03  0.769890E-03  0.495355E-03  0.641821E-03  0.144100E+03
  0.100424E+03  0.769890E-03  0.495355E-03  0.641821E-03  0.144100E+03
  0.102710E+03  0.769890E-03  0.495355E-03  0.641821E-03  0.142991E+03
  0.102710E+03  0.769890E-03  0.495355E-03  0.641821E-03  0.142991E+03
  0.102710E+03  0.769890E-03  0.495355E-03  0.641821E-03  0.142991E+03
  0.102710E+03  0.769890E-03  0.369649E-03  0.641821E-03  0.143660E+03
  0.102710E+03  0.769890E-03  0.369649E-03  0.641821E-03  0.143660E+03
  0.102710E+03  0.769890E-03  0.369649E-03  0.957166E-04  0.144933E+03
  0.101281E+03  0.769890E-03  0.369649E-03  0.957166E-04  0.148637E+03
  0.101281E+03  0.769890E-03  0.378544E-03  0.957166E-04  0.148591E+03
  0.101281E+03  0.769890E-03  0.378544E-03  0.957166E-04  0.148591E+03
  0.101281E+03  0.769890E-03  0.378544E-03  0.957166E-04  0.148591E+03
  0.101281E+03  0.123907E-02  0.378544E-03  0.957166E-04  0.146774E+03
  0.101281E+03  0.154469E-02  0.449299E-03  0.957166E-04  0.145250E+03
  0.101281E+03  0.154469E-02  0.449299E-03  0.957166E-04  0.145250E+03
  0.101281E+03  0.154469E-02  0.449299E-03  0.957166E-04  0.145250E+03
  0.101281E+03  0.154469E-02  0.449299E-03  0.957166E-04  0.145250E+03
  0.101281E+03  0.263943E-02  0.449299E-03  0.957166E-04  0.141850E+03
  0.101281E+03  0.263943E-02  0.449299E-03  0.957166E-04  0.141850E+03
  0.101281E+03  0.263943E-02  0.449299E-03  0.957166E-04  0.141850E+03
  0.101281E+03  0.263943E-02  0.449299E-03  0.957166E-04  0.141850E+03
  0.101281E+03  0.263943E-02  0.104188E-03  0.957166E-04  0.143232E+03
  0.101281E+03  0.263943E-02  0.104188E-03  0.957166E-04  0.143232E+03
  0.101281E+03  0.263943E-02  0.104188E-03  0.957166E-04  0.143232E+03
  0.101281E+03  0.263943E-02  0.104188E-03  0.957166E-04  0.143232E+03
  0.101281E+03  0.263943E-02  0.104188E-03  0.957166E-04  0.143232E+03
  0.100607E+03  0.263943E-02  0.104188E-03  0.957166E-04  0.142795E+03
  0.100607E+03  0.263943E-02  0.530765E-03  0.957166E-04  0.141400E+03
  0.100607E+03  0.146932E-02  0.530765E-03  0.957166E-04  0.145069E+03
  0.100607E+03  0.146932E-02  0.530765E-03  0.957166E-04  0.145069E+03
  0.100607E+03  0.146932E-02  0.530765E-03  0.957166E-04  0.145069E+03
  0.100607E+03  0.126837E-02  0.530765E-03  0.957166E-04  0.145822E+03
  0.100607E+03  0.126837E-02  0.530765E-03  0.957166E-04  0.145822E+03
  0.100607E+03  0.126837E-02  0.530765E-03  0.957166E-04  0.145822E+03
  0.100607E+03  0.126837E-02  0.530765E-03  0.957166E-04  0.145822E+03
  0.100607E+03  0.126837E-02  0.530765E-03  0.957166E-04  0.145822E+03
  0.100607E+03  0.126837E-02  0.944462E-04  0.957166E-04  0.147226E+03
  0.100607E+03  0.126837E-02  0.944462E-04  0.128101E-03  0.147126E+03
  0.100607E+03  0.134589E-02  0.944462E-04  0.128101E-03  0.146832E+03
  0.100607E+03  0.134589E-02  0.944462E-04  0.128101E-03  0.146832E+03
  0.100607E+03  0.134589E-02  0.944462E-04  0.128101E-03  0.146832E+03
  0.100607E+03  0.134589E-02  0.944462E-04  0.128101E-03  0.146832E+03
  0.100607E+03  0.134589E-02  0.944462E-04  0.128101E-03  0.146832E+03
  0.100607E+03  0.134589E-02  0.944462E-04  0.128101E-03  0.146832E+03
  0.100607E+03  0.144775E-02  0.944462E-04  0.128101E-03  0.146453E+03
  0.100607E+03  0.144775E-02  0.944462E-04  0.128101E-03  0.146453E+03
  0.100607E+03  0.144775E-02  0.944462E-04  0.125737E-03  0.146461E+03
  0.100607E+03  0.144775E-02  0.944462E-04  0.125737E-03  0.146461E+03
  0.100607E+03  0.144775E-02  0.944462E-04  0.125737E-03  0.146461E+03
  0.100607E+03  0.144775E-02  0.944462E-04  0.225193E-03  0.146009E+03
  0.102381E+03  0.144775E-02  0.944462E-04  0.225193E-03  0.144764E+03
  0.102381E+03  0.144775E-02  0.944462E-04  0.225193E-03  0.144764E+03
  0.100868E+03  0.144775E-02  0.944462E-04  0.225193E-03  0.146367E+03
  0.100868E+03  0.144775E-02  0.944462E-04  0.261830E-03  0.146162E+03
  0.100868E+03  0.366387E-03  0.944462E-04  0.261830E-03  0.150079E+03
  0.100868E+03  0.366387E-03  0.944462E-04  0.261830E-03  0.150079E+03
  0.100868E+03  0.366387E-03  0.944462E-04  0.261830E-03  0.150079E+03
  0.100868E+03  0.366387E-03  0.944462E-04  0.261830E-03  0.150079E+03
  0.100868E+03  0.366387E-03  0.944462E-04  0.261830E-03  0.150079E+03
  0.100868E+03  0.366387E-03  0.944462E-04  0.261830E-03  0.150079E+03
  0.100868E+03  0.366387E-03  0.944462E-04  0.261830E-03  0.150079E+03
  0.100868E+03  0.366387E-03  0.121944E-03  0.261830E-03  0.150039E+03
  0.100868E+03  0.366387E-03  0.121944E-03  0.261830E-03  0.150039E+03
  0.100868E+03  0.366387E-03  0.121944E-03  0.261830E-03  0.150039E+03
  0.100868E+03  0.366387E-03  0.121944E-03  0.261830E-03  0.150039E+03
  0.100868E+03  0.366387E-03  0.121944E-03  0.261830E-03  0.150039E+03
  0.100709E+03  0.366387E-03  0.121944E-03  0.261830E-03  0.149825E+03
  0.100709E+03  0.366387E-03  0.121944E-03  0.144535E-03  0.150413E+03
  0.100709E+03  0.893748E-04  0.121944E-03  0.144535E-03  0.150855E+03
  0.100709E+03  0.893748E-04  0.121944E-03  0.144535E-03  0.150855E+03
  0.100709E+03  0.893748E-04  0.121944E-03  0.144535E-03  0.150855E+03
  0.100709E+03  0.893748E-04  0.121944E-03  0.144535E-03  0.150855E+03
  0.101966E+03  0.893748E-04  0.121944E-03  0.144535E-03  0.150073E+03
  0.101966E+03  0.893748E-04  0.121944E-03  0.144535E-03  0.150073E+03
  0.101966E+03  0.893748E-04  0.121944E-03  0.144535E-03  0.150073E+03
  0.101966E+03  0.893748E-04  0.121944E-03  0.144535E-03  0.150073E+03
  0.101966E+03  0.893748E-04  0.121944E-03  0.144535E-03  0.150073E+03
  0.101966E+03  0.893748E-04  0.121944E-03  0.144535E-03  0.150073E+03
  0.101966E+03  0.893748E-04  0.121944E-03  0.144535E-03  0.150073E+03
  0.102559E+03  0.893748E-04  0.121944E-03  0.144535E-03  0.147882E+03
  0.102559E+03  0.893748E-04  0.121944E-03  0.144535E-03  0.147882E+03
  0.102559E+03  0.893748E-04  0.121944E-03  0.144535E-03  0.147882E+03
  0.102559E+03  0.893748E-04  0.121944E-03  0.284443E-03  0.147751E+03
  0.999075E+02  0.893748E-04  0.121944E-03  0.284443E-03  0.147761E+03
  0.999075E+02  0.893748E-04  0.121944E-03  0.284443E-03  0.147761E+03
  0.999075E+02  0.893748E-04  0.121944E-03  0.284443E-03  0.147761E+03
  0.999075E+02  0.274524E-03  0.121944E-03  0.284443E-03  0.147553E+03
  0.999075E+02  0.274524E-03  0.121944E-03  0.284443E-03  0.147553E+03
  0.999075E+02  0.274524E-03  0.121944E-03  0.284443E-03  0.147553E+03
  0.999075E+02  0.274524E-03  0.121944E-03  0.284443E-03  0.147553E+03
  0.999075E+02  0.274524E-03  0.121944E-03  0.284443E-03  0.147553E+03
  0.999075E+02  0.274524E-03  0.121944E-03  0.284443E-03  0.147553E+03
  0.999075E+02  0.274524E-03  0.121944E-03  0.284443E-03  0.147553E+03
  0.999075E+02  0.274524E-03  0.121944E-03  0.284443E-03  0.147553E+03
  0.999075E+02  0.274524E-03  0.121944E-03  0.284443E-03  0.147553E+03
  0.999075E+02  0.274524E-03  0.121944E-03  0.284443E-03  0.147553E+03
  0.999075E+02  0.274524E-03  0.121944E-03  0.284443E-03  0.147553E+03
  0.999075E+02  0.594766E-03  0.121944E-03  0.284443E-03  0.146777E+03
  0.999075E+02  0.594766E-03  0.198480E-03  0.284443E-03  0.146771E+03
  0.999075E+02  0.594766E-03  0.198480E-03  0.284443E-03  0.146771E+03
  0.999075E+02  0.594766E-03  0.198480E-03  0.284443E-03  0.146771E+03
  0.101058E+03  0.594766E-03  0.198480E-03  0.284443E-03  0.149197E+03
  0.101058E+03  0.594766E-03  0.198480E-03  0.284443E-03  0.149197E+03
  0.101058E+03  0.594766E-03  0.198480E-03  0.284443E-03  0.149197E+03
  0.101058E+03  0.594766E-03  0.198480E-03  0.284443E-03  0.149197E+03
  0.101058E+03  0.594766E-03  0.198480E-03  0.284443E-03  0.149197E+03
  0.101058E+03  0.594766E-03  0.198480E-03  0.284443E-03  0.149197E+03
  0.101058E+03  0.594766E-03  0.198480E-03  0.284443E-03  0.149197E+03
  0.101058E+03  0.594766E-03  0.198480E-03  0.284443E-03  0.149197E+03
  0.101058E+03  0.594766E-03  0.198480E-03  0.284443E-03  0.149197E+03
  0.101058E+03  0.594766E-03  0.198480E-03  0.284443E-03  0.149197E+03
  0.101058E+03  0.594766E-03  0.198480E-03  0.284443E-03  0.149197E+03
  0.101058E+03  0.553957E-03  0.198480E-03  0.284443E-03  0.149333E+03
  0.101058E+03  0.553957E-03  0.198480E-03  0.284443E-03  0.149333E+03
  0.101058E+03  0.553957E-03  0.198480E-03  0.284443E-03  0.149333E+03
  0.101058E+03  0.553957E-03  0.198480E-03  0.238471E-04  0.150262E+03
  0.101058E+03  0.553957E-03  0.198480E-03  0.238471E-04  0.150262E+03
  0.101058E+03  0.553957E-03  0.198480E-03  0.238471E-04  0.150262E+03
  0.101058E+03  0.553957E-03  0.198480E-03  0.238471E-04  0.150262E+03
  0.100803E+03  0.553957E-03  0.198480E-03  0.238471E-04  0.150112E+03
  0.100803E+03  0.553957E-03  0.213328E-04  0.238471E-04  0.150359E+03
  0.100803E+03  0.553957E-03  0.213328E-04  0.238471E-04  0.150359E+03
  0.100803E+03  0.553957E-03  0.213328E-04  0.238471E-04  0.150359E+03
  0.100803E+03  0.553957E-03  0.213328E-04  0.238471E-04  0.150359E+03
  0.100803E+03  0.553957E-03  0.213328E-04  0.238471E-04  0.150359E+03
  0.100803E+03  0.553957E-03  0.213328E-04  0.238471E-04  0.150359E+03
  0.100803E+03  0.553957E-03  0.213328E-04  0.481563E-05  0.150367E+03
  0.100803E+03  0.553957E-03  0.213328E-04  0.481563E-05  0.150367E+03
  0.100803E+03  0.553957E-03  0.213328E-04  0.481563E-05  0.150367E+03
  0.100803E+03  0.553957E-03  0.213328E-04  0.481563E-05  0.150367E+03
  0.100803E+03  0.553957E-03  0.213328E-04  0.481563E-05  0.150367E+03
  0.100803E+03  0.553957E-03  0.213328E-04  0.115913E-03  0.150185E+03
  0.100803E+03  0.770404E-03  0.213328E-04  0.115913E-03  0.149420E+03
  0.100803E+03  0.770404E-03  0.213328E-04  0.115913E-03  0.149420E+03
  0.100803E+03  0.770404E-03  0.213328E-04  0.115913E-03  0.149420E+03
  0.100803E+03  0.628177E-03  0.213328E-04  0.115913E-03  0.149935E+03
  0.100803E+03  0.628177E-03  0.213328E-04  0.115913E-03  0.149935E+03
  0.100803E+03  0.628177E-03  0.213328E-04  0.115913E-03  0.149935E+03
  0.100803E+03  0.628177E-03  0.213328E-04  0.115913E-03  0.149935E+03
  0.100803E+03  0.628177E-03  0.213328E-04  0.115913E-03  0.149935E+03
  0.100803E+03  0.628177E-03  0.213328E-04  0.115913E-03  0.149935E+03
  0.100803E+03  0.628177E-03  0.213328E-04  0.115913E-03  0.149935E+03
  0.100803E+03  0.628177E-03  0.213328E-04  0.115913E-03  0.149935E+03
  0.100803E+03  0.628177E-03  0.213328E-04  0.115913E-03  0.149935E+03
  0.100803E+03  0.628177E-03  0.213328E-04  0.115913E-03  0.149935E+03
  0.100803E+03  0.628177E-03  0.213328E-04  0.115913E-03  0.149935E+03
  0.100803E+03  0.628177E-03  0.213328E-04  0.115913E-03  0.149935E+03
  0.100803E+03  0.628177E-03  0.213328E-04  0.115913E-03  0.149935E+03
  0.100803E+03  0.628177E-03  0.213328E-04  0.115913E-03  0.149935E+03
  0.100803E+03  0.628177E-03  0.213328E-04  0.115913E-03  0.149935E+03
  0.100803E+03  0.628177E-03  0.213328E-04  0.115913E-03  0.149935E+03
  0.100803E+03  0.628177E-03  0.213328E-04  0.115913E-03  0.149935E+03
  0.100803E+03  0.628177E-03  0.213328E-04  0.115913E-03  0.149935E+03
  0.100803E+03  0.628177E-03  0.213328E-04  0.115913E-03  0.149935E+03
  0.100803E+03  0.628177E-03  0.213328E-04  0.115913E-03  0.149935E+03
  0.100803E+03  0.628177E-03  0.213328E-04  0.115913E-03  0.149935E+03
  0.101221E+03  0.628177E-03  0.213328E-04  0.115913E-03  0.150160E+03
  0.101221E+03  0.628177E-03  0.213328E-04  0.115913E-03  0.150160E+03
  0.101221E+03  0.507021E-04  0.213328E-04  0.115913E-03  0.151414E+03
  0.101221E+03  0.507021E-04  0.213328E-04  0.115913E-03  0.151414E+03
  0.101221E+03  0.507021E-04  0.213328E-04  0.115913E-03  0.151414E+03
  0.101221E+03  0.507021E-04  0.213328E-04  0.115913E-03  0.151414E+03
  0.101221E+03  0.507021E-04  0.213328E-04  0.115913E-03  0.151414E+03
  0.101221E+03  0.507021E-04  0.213328E-04  0.115913E-03  0.151414E+03
  0.101221E+03  0.507021E-04  0.213328E-04  0.115913E-03  0.151414E+03
  0.101221E+03  0.507021E-04  0.213328E-04  0.115913E-03  0.151414E+03
  0.101221E+03  0.507021E-04  0.213328E-04  0.115913E-03  0.151414E+03
  0.101221E+03  0.507021E-04  0.213328E-04  0.115913E-03  0.151414E+03
  0.101221E+03  0.507021E-04  0.213328E-04  0.115913E-03  0.151414E+03
  0.101221E+03  0.507021E-04  0.213328E-04  0.115913E-03  0.151414E+03
  0.101221E+03  0.259050E-03  0.213328E-04  0.115913E-03  0.151180E+03
  0.101566E+03  0.259050E-03  0.213328E-04  0.115913E-03  0.150899E+03
  0.101566E+03  0.259050E-03  0.213328E-04  0.115913E-03  0.150899E+03
  0.101566E+03  0.259050E-03  0.213328E-04  0.115913E-03  0.150899E+03
  0.101566E+03  0.567423E-03  0.213328E-04  0.115913E-03  0.150105E+03
  0.101566E+03  0.567423E-03  0.213328E-04  0.115913E-03  0.150105E+03
  0.101566E+03  0.141697E-03  0.213328E-04  0.115913E-03  0.151063E+03
  0.101566E+03  0.141697E-03  0.213328E-04  0.115913E-03  0.151063E+03
  0.101566E+03  0.141697E-03  0.213328E-04  0.115913E-03  0.151063E+03
  0.101566E+03  0.141697E-03  0.213328E-04  0.115913E-03  0.151063E+03
  0.101566E+03  0.266477E-03  0.213328E-04  0.115913E-03  0.150886E+03
  0.101566E+03  0.266477E-03  0.213328E-04  0.115913E-03  0.150886E+03
  0.101566E+03  0.266477E-03  0.213328E-04  0.115913E-03  0.150886E+03
  0.101566E+03  0.266477E-03  0.213328E-04  0.115913E-03  0.150886E+03
  0.101566E+03  0.266477E-03  0.213328E-04  0.115913E-03  0.150886E+03
  0.100803E+03  0.266477E-03  0.213328E-04  0.115913E-03  0.150942E+03
  0.100803E+03  0.266477E-03  0.213328E-04  0.115913E-03  0.150942E+03
  0.100803E+03  0.266477E-03  0.213328E-04  0.115913E-03  0.150942E+03
  0.100803E+03  0.266477E-03  0.213328E-04  0.115913E-03  0.150942E+03
  0.100803E+03  0.266477E-03  0.213328E-04  0.115913E-03  0.150942E+03
  0.100803E+03  0.266477E-03  0.213328E-04  0.115913E-03  0.150942E+03
  0.100803E+03  0.266477E-03  0.213328E-04  0.115913E-03  0.150942E+03
  0.100803E+03  0.266477E-03  0.213328E-04  0.115913E-03  0.150942E+03
  0.100803E+03  0.266477E-03  0.213328E-04  0.115913E-03  0.150942E+03
  0.100803E+03  0.266477E-03  0.213328E-04  0.115913E-03  0.150942E+03
  0.100803E+03  0.266477E-03  0.213328E-04  0.115913E-03  0.150942E+03
  0.100803E+03  0.266477E-03  0.213328E-04  0.115913E-03  0.150942E+03
  0.100803E+03  0.266477E-03  0.213328E-04  0.115913E-03  0.150942E+03
  0.100803E+03  0.266477E-03  0.213328E-04  0.115913E-03  0.150942E+03
  0.100803E+03  0.266477E-03  0.247270E-03  0.115913E-03  0.150558E+03
  0.100803E+03  0.266477E-03  0.247270E-03  0.115913E-03  0.150558E+03
  0.100803E+03  0.266477E-03  0.247270E-03  0.115913E-03  0.150558E+03
  0.100803E+03  0.266477E-03  0.247270E-03  0.115913E-03  0.150558E+03
  0.100803E+03  0.266477E-03  0.247270E-03  0.115913E-03  0.150558E+03
  0.100803E+03  0.266477E-03  0.247270E-03  0.115913E-03  0.150558E+03
  0.100898E+03  0.266477E-03  0.247270E-03  0.115913E-03  0.150640E+03
  0.100593E+03  0.266477E-03  0.247270E-03  0.115913E-03  0.150280E+03
  0.100593E+03  0.266477E-03  0.247270E-03  0.115913E-03  0.150280E+03
  0.100593E+03  0.266477E-03  0.247270E-03  0.115913E-03  0.150280E+03
  0.100593E+03  0.266477E-03  0.247270E-03  0.375197E-03  0.148811E+03
  0.100593E+03  0.266477E-03  0.247270E-03  0.285806E-03  0.149430E+03
  0.100593E+03  0.266477E-03  0.247270E-03  0.285806E-03  0.149430E+03
  0.101438E+03  0.266477E-03  0.247270E-03  0.285806E-03  0.149852E+03
  0.101438E+03  0.266477E-03  0.247270E-03  0.285806E-03  0.149852E+03
  0.101438E+03  0.266477E-03  0.247270E-03  0.285806E-03  0.149852E+03
  0.101438E+03  0.266477E-03  0.247270E-03  0.285806E-03  0.149852E+03
  0.101438E+03  0.266477E-03  0.247270E-03  0.285806E-03  0.149852E+03
  0.101438E+03  0.266477E-03  0.247270E-03  0.285806E-03  0.149852E+03
  0.101438E+03  0.266477E-03  0.247270E-03  0.285806E-03  0.149852E+03
  0.101438E+03  0.266477E-03  0.118527E-03  0.285806E-03  0.150247E+03
  0.101438E+03  0.266477E-03  0.118527E-03  0.320782E-04  0.151048E+03
  0.101438E+03  0.266477E-03  0.118527E-03  0.320782E-04  0.151048E+03
  0.101438E+03  0.266477E-03  0.118527E-03  0.320782E-04  0.151048E+03
  0.101438E+03  0.266477E-03  0.118527E-03  0.320782E-04  0.151048E+03
  0.101438E+03  0.266477E-03  0.118527E-03  0.320782E-04  0.151048E+03
  0.101438E+03  0.266477E-03  0.118527E-03  0.320782E-04  0.151048E+03
  0.101438E+03  0.266477E-03  0.118527E-03  0.320782E-04  0.151048E+03
  0.101438E+03  0.266477E-03  0.118527E-03  0.320782E-04  0.151048E+03
  0.101438E+03  0.266477E-03  0.288666E-03  0.320782E-04  0.150477E+03
  0.101438E+03  0.266477E-03  0.288666E-03  0.320782E-04  0.150477E+03
  0.101438E+03  0.266477E-03  0.288666E-03  0.320782E-04  0.150477E+03
  0.101438E+03  0.266477E-03  0.288666E-03  0.320782E-04  0.150477E+03
  0.101438E+03  0.266477E-03  0.288666E-03  0.320782E-04  0.150477E+03
  0.101438E+03  0.266477E-03  0.288666E-03  0.320782E-04  0.150477E+03
  0.101438E+03  0.266477E-03  0.288666E-03  0.320782E-04  0.150477E+03
  0.101438E+03  0.266477E-03  0.288666E-03  0.320782E-04  0.150477E+03
  0.101438E+03  0.266477E-03  0.288666E-03  0.320782E-04  0.150477E+03
  0.101438E+03  0.266477E-03  0.288666E-03  0.320782E-04  0.150477E+03
  0.101438E+03  0.266477E-03  0.288666E-03  0.320782E-04  0.150477E+03
  0.101438E+03  0.266477E-03  0.288666E-03  0.320782E-04  0.150477E+03
  0.101438E+03  0.266477E-03  0.288666E-03  0.320782E-04  0.150477E+03
  0.101438E+03  0.266477E-03  0.288666E-03  0.320782E-04  0.150477E+03
  0.101438E+03  0.266477E-03  0.288666E-03  0.320782E-04  0.150477E+03
  0.101438E+03  0.626063E-03  0.288666E-03  0.320782E-04  0.149491E+03
  0.101438E+03  0.626063E-03  0.288666E-03  0.320782E-04  0.149491E+03
  0.101438E+03  0.626063E-03  0.288666E-03  0.320782E-04  0.149491E+03
  0.101438E+03  0.626063E-03  0.288666E-03  0.320782E-04  0.149491E+03
  0.101438E+03  0.626063E-03  0.288666E-03  0.320782E-04  0.149491E+03
  0.101438E+03  0.626063E-03  0.288666E-03  0.320782E-04  0.149491E+03
  0.101438E+03  0.626063E-03  0.288666E-03  0.320782E-04  0.149491E+03
  0.101438E+03  0.626063E-03  0.288666E-03  0.320782E-04  0.149491E+03
  0.101438E+03  0.626063E-03  0.288666E-03  0.320782E-04  0.149491E+03
  0.100392E+03  0.407429E-03  0.288666E-03  0.320782E-04  0.149653E+03
  0.100392E+03  0.407429E-03  0.288666E-03  0.320782E-04  0.149653E+03
  0.100392E+03  0.407429E-03  0.288666E-03  0.320782E-04  0.149653E+03
  0.100392E+03  0.407429E-03  0.288666E-03  0.320782E-04  0.149653E+03
  0.100392E+03  0.407429E-03  0.288666E-03  0.320782E-04  0.149653E+03
  0.100392E+03  0.407429E-03  0.288666E-03  0.320782E-04  0.149653E+03
  0.100392E+03  0.407429E-03  0.288666E-03  0.320782E-04  0.149653E+03
  0.100392E+03  0.407429E-03  0.288666E-03  0.320782E-04  0.149653E+03
  0.101298E+03  0.407429E-03  0.288666E-03  0.320782E-04  0.150294E+03
  0.101298E+03  0.407429E-03  0.288666E-03  0.391370E-03  0.148789E+03
  0.101298E+03  0.407429E-03  0.288666E-03  0.391370E-03  0.148789E+03
  0.101298E+03  0.407429E-03  0.288666E-03  0.391370E-03  0.148789E+03
  0.101298E+03  0.407429E-03  0.288666E-03  0.391370E-03  0.148789E+03
  0.101298E+03  0.407429E-03  0.288666E-03  0.119330E-03  0.150144E+03
  0.101298E+03  0.407429E-03  0.288666E-03  0.119330E-03  0.150144E+03
  0.101298E+03  0.407429E-03  0.288666E-03  0.119330E-03  0.150144E+03
  0.101298E+03  0.407429E-03  0.288666E-03  0.119330E-03  0.150144E+03
  0.101298E+03  0.407429E-03  0.288666E-03  0.119330E-03  0.150144E+03
  0.101298E+03  0.407429E-03  0.288666E-03  0.119330E-03  0.150144E+03
  0.101298E+03  0.407429E-03  0.288666E-03  0.119330E-03  0.150144E+03
  0.101298E+03  0.407429E-03  0.138589E-03  0.119330E-03  0.150652E+03
  0.101298E+03  0.407429E-03  0.138589E-03  0.119330E-03  0.150652E+03
  0.101298E+03  0.407429E-03  0.138589E-03  0.119330E-03  0.150652E+03
  0.101298E+03  0.407429E-03  0.138589E-03  0.119330E-03  0.150652E+03
  0.101298E+03  0.407429E-03  0.138589E-03  0.119330E-03  0.150652E+03
  0.101298E+03  0.407429E-03  0.138589E-03  0.119330E-03  0.150652E+03
  0.101298E+03  0.407429E-03  0.138589E-03  0.119330E-03  0.150652E+03
  0.101298E+03  0.407429E-03  0.138589E-03  0.119330E-03  0.150652E+03
  0.101298E+03  0.407429E-03  0.138589E-03  0.119330E-03  0.150652E+03
  0.100986E+03  0.407429E-03  0.138589E-03  0.119330E-03  0.150650E+03
  0.100986E+03  0.407429E-03  0.138589E-03  0.119330E-03  0.150650E+03
  0.100986E+03  0.407429E-03  0.138589E-03  0.119330E-03  0.150650E+03
  0.100986E+03  0.407429E-03  0.138589E-03  0.119330E-03  0.150650E+03
  0.100986E+03  0.407429E-03  0.138589E-03  0.119330E-03  0.150650E+03
  0.101831E+03  0.407429E-03  0.138589E-03  0.119330E-03  0.149923E+03
  0.101831E+03  0.407429E-03  0.138589E-03  0.119330E-03  0.149923E+03
  0.101831E+03  0.407429E-03  0.138589E-03  0.119330E-03  0.149923E+03
  0.101831E+03  0.635621E-03  0.138589E-03  0.119330E-03  0.149251E+03
  0.101831E+03  0.635621E-03  0.138589E-03  0.119330E-03  0.149251E+03
  0.101831E+03  0.635621E-03  0.138589E-03  0.119330E-03  0.149251E+03
  0.101831E+03  0.635621E-03  0.138589E-03  0.119330E-03  0.149251E+03
  0.101831E+03  0.635621E-03  0.138589E-03  0.119330E-03  0.149251E+03
  0.101831E+03  0.635621E-03  0.138589E-03  0.119330E-03  0.149251E+03
  0.101831E+03  0.635621E-03  0.138589E-03  0.119330E-03  0.149251E+03
  0.101831E+03  0.635621E-03  0.138589E-03  0.119330E-03  0.149251E+03
  0.101831E+03  0.635621E-03  0.138589E-03  0.119330E-03  0.149251E+03
  0.101831E+03  0.635621E-03  0.138589E-03  0.119330E-03  0.149251E+03
  0.101619E+03  0.635621E-03  0.138589E-03  0.119330E-03  0.149631E+03
  0.101619E+03  0.589970E-03  0.138589E-03  0.119330E-03  0.149783E+03
  0.101902E+03  0.589970E-03  0.138589E-03  0.119330E-03  0.149241E+03
  0.101902E+03  0.589970E-03  0.138589E-03  0.119330E-03  0.149241E+03
  0.101902E+03  0.589970E-03  0.138589E-03  0.119330E-03  0.149241E+03
  0.101902E+03  0.589970E-03  0.138589E-03  0.119330E-03  0.149241E+03
  0.101902E+03  0.589970E-03  0.138589E-03  0.119330E-03  0.149241E+03
  0.100438E+03  0.185684E-03  0.138589E-03  0.119330E-03  0.150292E+03
  0.100438E+03  0.185684E-03  0.138589E-03  0.119330E-03  0.150292E+03
  0.100438E+03  0.185684E-03  0.138589E-03  0.119330E-03  0.150292E+03
  0.100438E+03  0.260660E-03  0.138589E-03  0.119330E-03  0.150177E+03
  0.100438E+03  0.260660E-03  0.138589E-03  0.243661E-03  0.149590E+03
  0.100438E+03  0.260660E-03  0.138589E-03  0.243661E-03  0.149590E+03
  0.100438E+03  0.260660E-03  0.138589E-03  0.243661E-03  0.149590E+03
  0.100438E+03  0.260660E-03  0.138589E-03  0.243661E-03  0.149590E+03
  0.100438E+03  0.127118E-04  0.138589E-03  0.243661E-03  0.149827E+03
  0.100438E+03  0.127118E-04  0.433393E-03  0.243661E-03  0.149054E+03
  0.100438E+03  0.222946E-03  0.433393E-03  0.243661E-03  0.148879E+03
  0.100438E+03  0.222946E-03  0.433393E-03  0.243661E-03  0.148879E+03
  0.100438E+03  0.222946E-03  0.433393E-03  0.243661E-03  0.148879E+03
  0.100438E+03  0.222946E-03  0.433393E-03  0.243661E-03  0.148879E+03
  0.100438E+03  0.222946E-03  0.433393E-03  0.243661E-03  0.148879E+03
  0.100438E+03  0.564407E-03  0.433393E-03  0.243661E-03  0.148038E+03
  0.100438E+03  0.564407E-03  0.433393E-03  0.243661E-03  0.148038E+03
  0.100438E+03  0.564407E-03  0.433393E-03  0.243661E-03  0.148038E+03
  0.100438E+03  0.564407E-03  0.433393E-03  0.243661E-03  0.148038E+03
  0.100366E+03  0.564407E-03  0.433393E-03  0.243661E-03  0.147919E+03
  0.100366E+03  0.564407E-03  0.378395E-03  0.243661E-03  0.148116E+03
  0.100366E+03  0.367377E-03  0.378395E-03  0.243661E-03  0.148667E+03
  0.100366E+03  0.367377E-03  0.378395E-03  0.243661E-03  0.148667E+03
  0.100366E+03  0.367377E-03  0.378395E-03  0.243661E-03  0.148667E+03
  0.100366E+03  0.674094E-03  0.378395E-03  0.243661E-03  0.147749E+03
  0.100366E+03  0.674094E-03  0.357211E-03  0.243661E-03  0.147818E+03
  0.100366E+03  0.674094E-03  0.357211E-03  0.243661E-03  0.147818E+03
  0.100366E+03  0.674094E-03  0.357211E-03  0.243661E-03  0.147818E+03
  0.100724E+03  0.674094E-03  0.357211E-03  0.243661E-03  0.148341E+03
  0.100724E+03  0.674094E-03  0.357211E-03  0.243661E-03  0.148341E+03
  0.100724E+03  0.674094E-03  0.357211E-03  0.243661E-03  0.148341E+03
  0.100724E+03  0.674094E-03  0.357211E-03  0.243661E-03  0.148341E+03
  0.100724E+03  0.674094E-03  0.357211E-03  0.243661E-03  0.148341E+03
  0.100724E+03  0.130899E-02  0.357211E-03  0.243661E-03  0.145907E+03
  0.100621E+03  0.130899E-02  0.357211E-03  0.243661E-03  0.145800E+03
  0.100621E+03  0.115016E-02  0.357211E-03  0.243661E-03  0.146409E+03
  0.100325E+03  0.110231E-02  0.357211E-03  0.243661E-03  0.146138E+03
  0.100325E+03  0.110231E-02  0.357211E-03  0.243661E-03  0.146138E+03
  0.100325E+03  0.110231E-02  0.357211E-03  0.470076E-03  0.144526E+03
  0.100325E+03  0.110231E-02  0.357211E-03  0.470076E-03  0.144526E+03
  0.100325E+03  0.110231E-02  0.357211E-03  0.345131E-03  0.145466E+03
  0.100325E+03  0.110231E-02  0.357211E-03  0.345131E-03  0.145466E+03
  0.100325E+03  0.110231E-02  0.357211E-03  0.345131E-03  0.145466E+03
  0.100325E+03  0.110231E-02  0.357211E-03  0.345131E-03  0.145466E+03
  0.101939E+03  0.110231E-02  0.357211E-03  0.268001E-03  0.146007E+03
  0.101939E+03  0.110231E-02  0.357211E-03  0.268001E-03  0.146007E+03
  0.101939E+03  0.110231E-02  0.357211E-03  0.268001E-03  0.146007E+03
  0.101939E+03  0.110231E-02  0.357211E-03  0.268001E-03  0.146007E+03
  0.101939E+03  0.110231E-02  0.357211E-03  0.268001E-03  0.146007E+03
  0.101698E+03  0.527703E-03  0.357211E-03  0.250654E-03  0.148546E+03
  0.101698E+03  0.109791E-03  0.357211E-03  0.360023E-03  0.148853E+03
  0.101698E+03  0.109791E-03  0.357211E-03  0.360023E-03  0.148853E+03
  0.101698E+03  0.410883E-03  0.357211E-03  0.360023E-03  0.148336E+03
  0.101984E+03  0.410883E-03  0.357211E-03  0.360023E-03  0.147869E+03
  0.101984E+03  0.410883E-03  0.357211E-03  0.360023E-03  0.147869E+03
  0.101984E+03  0.410883E-03  0.357211E-03  0.360023E-03  0.147869E+03
  0.101984E+03  0.251048E-03  0.357211E-03  0.360023E-03  0.148194E+03
  0.102118E+03  0.251048E-03  0.357211E-03  0.360023E-03  0.147877E+03
  0.102118E+03  0.251048E-03  0.357211E-03  0.360023E-03  0.147877E+03
  0.102118E+03  0.251048E-03  0.357211E-03  0.360023E-03  0.147877E+03
  0.102118E+03  0.251048E-03  0.357211E-03  0.360023E-03  0.147877E+03
  0.102118E+03  0.251048E-03  0.357211E-03  0.360023E-03  0.147877E+03
  0.102118E+03  0.956533E-04  0.357211E-03  0.360023E-03  0.148046E+03
  0.102118E+03  0.956533E-04  0.357211E-03  0.360023E-03  0.148046E+03
  0.102118E+03  0.956533E-04  0.357211E-03  0.132388E-03  0.148706E+03
  0.102118E+03  0.956533E-04  0.357211E-03  0.132388E-03  0.148706E+03
  0.100378E+03  0.956533E-04  0.357211E-03  0.132388E-03  0.149724E+03
  0.100378E+03  0.956533E-04  0.365173E-03  0.132388E-03  0.149698E+03
  0.100378E+03  0.956533E-04  0.365173E-03  0.132388E-03  0.149698E+03
  0.101862E+03  0.956533E-04  0.365173E-03  0.132388E-03  0.149394E+03
  0.101862E+03  0.956533E-04  0.365173E-03  0.132388E-03  0.149394E+03
  0.101862E+03  0.956533E-04  0.365173E-03  0.132388E-03  0.149394E+03
  0.101862E+03  0.956533E-04  0.365173E-03  0.132388E-03  0.149394E+03
  0.101862E+03  0.956533E-04  0.365173E-03  0.132388E-03  0.149394E+03
  0.101862E+03  0.956533E-04  0.365173E-03  0.132388E-03  0.149394E+03
  0.101324E+03  0.412986E-03  0.365173E-03  0.132388E-03  0.149717E+03
  0.101324E+03  0.412986E-03  0.365173E-03  0.132388E-03  0.149717E+03
  0.101324E+03  0.412986E-03  0.365173E-03  0.132388E-03  0.149717E+03
  0.101324E+03  0.412986E-03  0.365173E-03  0.132388E-03  0.149717E+03
  0.101324E+03  0.412986E-03  0.365173E-03  0.132388E-03  0.149717E+03
  0.101324E+03  0.412986E-03  0.365173E-03  0.132388E-03  0.149717E+03
  0.101324E+03  0.412986E-03  0.290648E-03  0.132388E-03  0.150071E+03
  0.101324E+03  0.412986E-03  0.290648E-03  0.132388E-03  0.150071E+03
  0.101324E+03  0.412986E-03  0.290648E-03  0.755052E-04  0.150202E+03
  0.101324E+03  0.412986E-03  0.290648E-03  0.755052E-04  0.150202E+03
  0.101618E+03  0.820854E-03  0.290648E-03  0.755052E-04  0.148491E+03
  0.101618E+03  0.820854E-03  0.290648E-03  0.755052E-04  0.148491E+03
  0.101618E+03  0.820854E-03  0.290648E-03  0.755052E-04  0.148491E+03
  0.101618E+03  0.820854E-03  0.290648E-03  0.755052E-04  0.148491E+03
  0.100081E+03  0.820854E-03  0.290648E-03  0.755052E-04  0.147457E+03
  0.100081E+03  0.820854E-03  0.290648E-03  0.755052E-04  0.147457E+03
  0.100081E+03  0.820854E-03  0.290648E-03  0.755052E-04  0.147457E+03
  0.100081E+03  0.820854E-03  0.290648E-03  0.755052E-04  0.147457E+03
  0.100081E+03  0.820854E-03  0.290648E-03  0.755052E-04  0.147457E+03
  0.100081E+03  0.820854E-03  0.290648E-03  0.755052E-04  0.147457E+03
  0.100081E+03  0.820854E-03  0.290648E-03  0.755052E-04  0.147457E+03
  0.100081E+03  0.820854E-03  0.290648E-03  0.755052E-04  0.147457E+03
  0.100081E+03  0.820854E-03  0.290648E-03  0.755052E-04  0.147457E+03
  0.100081E+03  0.820854E-03  0.290648E-03  0.755052E-04  0.147457E+03
  0.100081E+03  0.820854E-03  0.479306E-03  0.755052E-04  0.146988E+03
  0.100081E+03  0.820854E-03  0.479306E-03  0.755052E-04  0.146988E+03
  0.101287E+03  0.820854E-03  0.428452E-04  0.755052E-04  0.149511E+03
  0.101287E+03  0.820854E-03  0.428452E-04  0.755052E-04  0.149511E+03
  0.101287E+03  0.820854E-03  0.428452E-04  0.755052E-04  0.149511E+03
  0.101287E+03  0.820854E-03  0.428452E-04  0.755052E-04  0.149511E+03
  0.101287E+03  0.820854E-03  0.428452E-04  0.755052E-04  0.149511E+03
  0.101287E+03  0.820854E-03  0.428452E-04  0.440442E-05  0.149576E+03
  0.101287E+03  0.820854E-03  0.428452E-04  0.440442E-05  0.149576E+03
  0.101287E+03  0.820854E-03  0.428452E-04  0.440442E-05  0.149576E+03
  0.101287E+03  0.820854E-03  0.428452E-04  0.440442E-05  0.149576E+03
  0.101287E+03  0.820854E-03  0.428452E-04  0.440442E-05  0.149576E+03
  0.101287E+03  0.820854E-03  0.428452E-04  0.440442E-05  0.149576E+03
  0.101287E+03  0.820854E-03  0.428452E-04  0.440442E-05  0.149576E+03
  0.101287E+03  0.820854E-03  0.428452E-04  0.440442E-05  0.149576E+03
  0.101287E+03  0.820854E-03  0.428452E-04  0.440442E-05  0.149576E+03
  0.101287E+03  0.820854E-03  0.428452E-04  0.440442E-05  0.149576E+03
  0.101287E+03  0.820854E-03  0.428452E-04  0.440442E-05  0.149576E+03
  0.101287E+03  0.820854E-03  0.247854E-04  0.440442E-05  0.149587E+03
  0.101287E+03  0.820854E-03  0.247854E-04  0.440442E-05  0.149587E+03
  0.101287E+03  0.766908E-03  0.247854E-04  0.440442E-05  0.149790E+03
  0.101287E+03  0.766908E-03  0.247854E-04  0.440442E-05  0.149790E+03
  0.101287E+03  0.766908E-03  0.247854E-04  0.440442E-05  0.149790E+03
  0.101287E+03  0.766908E-03  0.247854E-04  0.440442E-05  0.149790E+03
  0.101287E+03  0.766908E-03  0.247854E-04  0.440442E-05  0.149790E+03
  0.101287E+03  0.766908E-03  0.247854E-04  0.440442E-05  0.149790E+03
  0.101287E+03  0.766908E-03  0.247854E-04  0.440442E-05  0.149790E+03
  0.101287E+03  0.766908E-03  0.247854E-04  0.440442E-05  0.149790E+03
  0.101287E+03  0.766908E-03  0.247854E-04  0.440442E-05  0.149790E+03
  0.101287E+03  0.766908E-03  0.210509E-03  0.440442E-05  0.149429E+03
  0.101287E+03  0.766908E-03  0.210509E-03  0.440442E-05  0.149429E+03
  0.101287E+03  0.766908E-03  0.210509E-03  0.440442E-05  0.149429E+03
  0.101287E+03  0.766908E-03  0.415876E-03  0.440442E-05  0.148502E+03
  0.101287E+03  0.766908E-03  0.415876E-03  0.440442E-05  0.148502E+03
  0.101287E+03  0.766908E-03  0.415876E-03  0.440442E-05  0.148502E+03
  0.101287E+03  0.766908E-03  0.415876E-03  0.440442E-05  0.148502E+03
  0.101287E+03  0.766908E-03  0.415876E-03  0.440442E-05  0.148502E+03
  0.101287E+03  0.766908E-03  0.533204E-03  0.440442E-05  0.147833E+03
  0.101287E+03  0.766908E-03  0.533204E-03  0.440442E-05  0.147833E+03
  0.101287E+03  0.766908E-03  0.540625E-03  0.440442E-05  0.147789E+03
  0.101287E+03  0.766908E-03  0.540625E-03  0.440442E-05  0.147789E+03
  0.101287E+03  0.766908E-03  0.540625E-03  0.440442E-05  0.147789E+03
  0.101287E+03  0.766908E-03  0.540625E-03  0.440442E-05  0.147789E+03
  0.101287E+03  0.766908E-03  0.540625E-03  0.440442E-05  0.147789E+03
  0.101287E+03  0.766908E-03  0.555977E-03  0.440442E-05  0.147697E+03
  0.101287E+03  0.766908E-03  0.555977E-03  0.440442E-05  0.147697E+03
  0.101287E+03  0.766908E-03  0.555977E-03  0.440442E-05  0.147697E+03
  0.101287E+03  0.766908E-03  0.555977E-03  0.440442E-05  0.147697E+03
  0.101287E+03  0.766908E-03  0.555977E-03  0.440442E-05  0.147697E+03
  0.101287E+03  0.766908E-03  0.555977E-03  0.440442E-05  0.147697E+03
  0.101287E+03  0.766908E-03  0.555977E-03  0.440442E-05  0.147697E+03
  0.101287E+03  0.766908E-03  0.555977E-03  0.440442E-05  0.147697E+03
  0.101287E+03  0.766908E-03  0.555977E-03  0.440442E-05  0.147697E+03
  0.101287E+03  0.766908E-03  0.555977E-03  0.440442E-05  0.147697E+03
  0.101287E+03  0.766908E-03  0.555977E-03  0.440442E-05  0.147697E+03
  0.101287E+03  0.628784E-03  0.555977E-03  0.440442E-05  0.148196E+03
  0.101281E+03  0.628784E-03  0.555977E-03  0.440442E-05  0.148206E+03
  0.100710E+03  0.628784E-03  0.555977E-03  0.440442E-05  0.148320E+03
  0.100710E+03  0.628784E-03  0.555977E-03  0.440442E-05  0.148320E+03
  0.100710E+03  0.628784E-03  0.555977E-03  0.440442E-05  0.148320E+03
  0.101124E+03  0.628784E-03  0.555977E-03  0.440442E-05  0.148323E+03
  0.101124E+03  0.628784E-03  0.555977E-03  0.440442E-05  0.148323E+03
  0.101124E+03  0.628784E-03  0.555977E-03  0.440442E-05  0.148323E+03
  0.101124E+03  0.744714E-03  0.555977E-03  0.221282E-03  0.147327E+03
  0.101124E+03  0.404651E-03  0.471898E-03  0.221282E-03  0.148920E+03
  0.101124E+03  0.404651E-03  0.471898E-03  0.221282E-03  0.148920E+03
  0.101659E+03  0.404651E-03  0.471898E-03  0.221282E-03  0.148422E+03
  0.101659E+03  0.404651E-03  0.471898E-03  0.221282E-03  0.148422E+03
  0.101659E+03  0.404651E-03  0.471898E-03  0.221282E-03  0.148422E+03
  0.101659E+03  0.404651E-03  0.471898E-03  0.221282E-03  0.148422E+03
  0.101659E+03  0.404651E-03  0.471898E-03  0.221282E-03  0.148422E+03
  0.101659E+03  0.404651E-03  0.471898E-03  0.221282E-03  0.148422E+03
  0.101659E+03  0.404651E-03  0.286980E-03  0.221282E-03  0.149420E+03
  0.101659E+03  0.404651E-03  0.177898E-03  0.221282E-03  0.149847E+03
  0.101659E+03  0.404651E-03  0.177898E-03  0.221282E-03  0.149847E+03
  0.101659E+03  0.404651E-03  0.177898E-03  0.221282E-03  0.149847E+03
  0.101659E+03  0.131863E-03  0.177898E-03  0.221282E-03  0.150333E+03
  0.100852E+03  0.131863E-03  0.177898E-03  0.221282E-03  0.150544E+03
  0.100852E+03  0.131863E-03  0.177898E-03  0.343986E-03  0.149789E+03
  0.100852E+03  0.510228E-03  0.177898E-03  0.343986E-03  0.148977E+03
  0.100852E+03  0.510228E-03  0.177898E-03  0.343986E-03  0.148977E+03
  0.100852E+03  0.510228E-03  0.177898E-03  0.343986E-03  0.148977E+03
  0.100852E+03  0.510228E-03  0.177898E-03  0.343986E-03  0.148977E+03
  0.100852E+03  0.510228E-03  0.177898E-03  0.343986E-03  0.148977E+03
  0.100852E+03  0.510228E-03  0.177898E-03  0.343986E-03  0.148977E+03
  0.100852E+03  0.510228E-03  0.177898E-03  0.343986E-03  0.148977E+03
  0.100852E+03  0.510228E-03  0.177898E-03  0.343986E-03  0.148977E+03
  0.100852E+03  0.510228E-03  0.177898E-03  0.343986E-03  0.148977E+03
  0.100852E+03  0.510228E-03  0.162573E-03  0.343986E-03  0.149011E+03
  0.999354E+02  0.510228E-03  0.162573E-03  0.343986E-03  0.146737E+03
  0.999354E+02  0.510228E-03  0.162573E-03  0.343986E-03  0.146737E+03
  0.999354E+02  0.510228E-03  0.162573E-03  0.302418E-03  0.147023E+03
  0.100502E+03  0.510228E-03  0.162573E-03  0.302418E-03  0.148712E+03
  0.100502E+03  0.510228E-03  0.162573E-03  0.302418E-03  0.148712E+03
  0.100502E+03  0.510228E-03  0.162573E-03  0.103736E-03  0.149716E+03
  0.100502E+03  0.510228E-03  0.162573E-03  0.103736E-03  0.149716E+03
  0.100502E+03  0.510228E-03  0.162573E-03  0.103736E-03  0.149716E+03
  0.100502E+03  0.382048E-03  0.162573E-03  0.103736E-03  0.150071E+03
  0.100502E+03  0.382048E-03  0.162573E-03  0.148495E-03  0.149915E+03
  0.100502E+03  0.382048E-03  0.138401E-03  0.148495E-03  0.149949E+03
  0.100502E+03  0.382048E-03  0.138401E-03  0.148495E-03  0.149949E+03
  0.100594E+03  0.382048E-03  0.138401E-03  0.148495E-03  0.150132E+03
  0.100594E+03  0.382048E-03  0.138401E-03  0.148495E-03  0.150132E+03
  0.100594E+03  0.382048E-03  0.164015E-03  0.148495E-03  0.150092E+03
  0.100594E+03  0.382048E-03  0.164015E-03  0.148495E-03  0.150092E+03
  0.100594E+03  0.382048E-03  0.164015E-03  0.148495E-03  0.150092E+03
  0.100594E+03  0.382048E-03  0.158218E-03  0.148495E-03  0.150102E+03
  0.100594E+03  0.382048E-03  0.158218E-03  0.148495E-03  0.150102E+03
  0.100594E+03  0.382048E-03  0.115538E-04  0.148495E-03  0.150229E+03
  0.100594E+03  0.382048E-03  0.115538E-04  0.148495E-03  0.150229E+03
  0.100594E+03  0.382048E-03  0.115538E-04  0.148495E-03  0.150229E+03
  0.100594E+03  0.382048E-03  0.115538E-04  0.148495E-03  0.150229E+03
  0.100594E+03  0.382048E-03  0.115538E-04  0.148495E-03  0.150229E+03
  0.100594E+03  0.382048E-03  0.115538E-04  0.148495E-03  0.150229E+03
  0.100246E+03  0.382048E-03  0.115538E-04  0.148495E-03  0.149346E+03
  0.100246E+03  0.382048E-03  0.115538E-04  0.148495E-03  0.149346E+03
  0.100246E+03  0.382048E-03  0.115538E-04  0.148495E-03  0.149346E+03
  0.101766E+03  0.382048E-03  0.115538E-04  0.148495E-03  0.150229E+03
  0.101766E+03  0.382048E-03  0.115538E-04  0.148495E-03  0.150229E+03
  0.101766E+03  0.382048E-03  0.115538E-04  0.148495E-03  0.150229E+03
  0.101766E+03  0.382048E-03  0.115538E-04  0.148495E-03  0.150229E+03
  0.101766E+03  0.382048E-03  0.115538E-04  0.148495E-03  0.150229E+03
  0.101379E+03  0.382048E-03  0.115538E-04  0.148495E-03  0.150748E+03
  0.101379E+03  0.382048E-03  0.115538E-04  0.148495E-03  0.150748E+03
  0.101379E+03  0.168555E-03  0.115538E-04  0.148495E-03  0.151152E+03
  0.101379E+03  0.168555E-03  0.115538E-04  0.148495E-03  0.151152E+03
  0.101379E+03  0.168555E-03  0.115538E-04  0.148495E-03  0.151152E+03
  0.101379E+03  0.168555E-03  0.115538E-04  0.148495E-03  0.151152E+03
  0.101379E+03  0.168555E-03  0.115538E-04  0.148495E-03  0.151152E+03
  0.101379E+03  0.168555E-03  0.733602E-04  0.148495E-03  0.151106E+03
  0.101379E+03  0.168555E-03  0.733602E-04  0.148495E-03  0.151106E+03
  0.101379E+03  0.576160E-04  0.733602E-04  0.148495E-03  0.151197E+03
  0.101379E+03  0.576160E-04  0.733602E-04  0.148495E-03  0.151197E+03
  0.101379E+03  0.576160E-04  0.733602E-04  0.148495E-03  0.151197E+03
  0.101379E+03  0.576160E-04  0.733602E-04  0.148495E-03  0.151197E+03
  0.101379E+03  0.576160E-04  0.733602E-04  0.148495E-03  0.151197E+03
  0.101379E+03  0.576160E-04  0.733602E-04  0.258447E-03  0.150742E+03
  0.101379E+03  0.576160E-04  0.733602E-04  0.258447E-03  0.150742E+03
  0.102324E+03  0.576160E-04  0.733602E-04  0.258447E-03  0.148824E+03
  0.102324E+03  0.576160E-04  0.733602E-04  0.258447E-03  0.148824E+03
  0.102324E+03  0.576160E-04  0.733602E-04  0.258447E-03  0.148824E+03
  0.102324E+03  0.576160E-04  0.733602E-04  0.258447E-03  0.148824E+03
  0.102350E+03  0.576160E-04  0.733602E-04  0.258447E-03  0.148717E+03
  0.102350E+03  0.576160E-04  0.733602E-04  0.258447E-03  0.148717E+03
  0.102350E+03  0.576160E-04  0.769124E-04  0.258447E-03  0.148712E+03
  0.102350E+03  0.576160E-04  0.769124E-04  0.258447E-03  0.148712E+03
  0.996684E+02  0.576160E-04  0.521770E-03  0.258447E-03  0.146610E+03
  0.996684E+02  0.576160E-04  0.521770E-03  0.258447E-03  0.146610E+03
  0.996684E+02  0.576160E-04  0.521770E-03  0.258447E-03  0.146610E+03
  0.996684E+02  0.576160E-04  0.521770E-03  0.175051E-04  0.147435E+03
  0.996684E+02  0.576160E-04  0.521770E-03  0.175051E-04  0.147435E+03
  0.996684E+02  0.576160E-04  0.521770E-03  0.175051E-04  0.147435E+03
  0.996684E+02  0.576160E-04  0.521770E-03  0.175051E-04  0.147435E+03
  0.996684E+02  0.576160E-04  0.521770E-03  0.175051E-04  0.147435E+03
  0.998170E+02  0.576160E-04  0.246029E-02  0.175051E-04  0.140573E+03
  0.998170E+02  0.576160E-04  0.246029E-02  0.175051E-04  0.140573E+03
  0.998170E+02  0.576160E-04  0.246029E-02  0.175051E-04  0.140573E+03
  0.998170E+02  0.576160E-04  0.246029E-02  0.175051E-04  0.140573E+03
  0.999596E+02  0.576160E-04  0.246029E-02  0.175051E-04  0.140789E+03
  0.100815E+03  0.576160E-04  0.246029E-02  0.175051E-04  0.141178E+03
  0.100815E+03  0.576160E-04  0.200096E-02  0.175051E-04  0.142688E+03
  0.100815E+03  0.576160E-04  0.194182E-02  0.175051E-04  0.142902E+03
  0.100815E+03  0.576160E-04  0.767503E-03  0.175051E-04  0.148428E+03
  0.100815E+03  0.576160E-04  0.302113E-03  0.175051E-04  0.150811E+03
  0.100815E+03  0.576160E-04  0.302113E-03  0.175051E-04  0.150811E+03
  0.100815E+03  0.576160E-04  0.302113E-03  0.175051E-04  0.150811E+03
  0.100815E+03  0.576160E-04  0.302113E-03  0.175051E-04  0.150811E+03
  0.100815E+03  0.576160E-04  0.302113E-03  0.175051E-04  0.150811E+03
  0.100815E+03  0.576160E-04  0.302113E-03  0.175051E-04  0.150811E+03
  0.100815E+03  0.576160E-04  0.302113E-03  0.175051E-04  0.150811E+03
  0.100815E+03  0.576160E-04  0.302113E-03  0.175051E-04  0.150811E+03
  0.100815E+03  0.576160E-04  0.302113E-03  0.175051E-04  0.150811E+03
  0.100815E+03  0.576160E-04  0.302113E-03  0.175051E-04  0.150811E+03
  0.100815E+03  0.576160E-04  0.302113E-03  0.175051E-04  0.150811E+03
  0.100815E+03  0.726991E-04  0.302113E-03  0.175051E-04  0.150804E+03
  0.100815E+03  0.726991E-04  0.302113E-03  0.175051E-04  0.150804E+03
  0.100815E+03  0.726991E-04  0.335563E-04  0.175051E-04  0.151377E+03
  0.100968E+03  0.726991E-04  0.335563E-04  0.175051E-04  0.151510E+03
  0.100968E+03  0.559175E-04  0.335563E-04  0.175051E-04  0.151519E+03
  0.100968E+03  0.559175E-04  0.335563E-04  0.175051E-04  0.151519E+03
  0.100968E+03  0.559175E-04  0.335563E-04  0.175051E-04  0.151519E+03
  0.100968E+03  0.559175E-04  0.335563E-04  0.175051E-04  0.151519E+03
  0.100968E+03  0.559175E-04  0.335563E-04  0.175051E-04  0.151519E+03
  0.100968E+03  0.196229E-03  0.335563E-04  0.175051E-04  0.151388E+03
  0.101607E+03  0.196229E-03  0.335563E-04  0.175051E-04  0.151053E+03
  0.101607E+03  0.196229E-03  0.335563E-04  0.175051E-04  0.151053E+03
  0.101607E+03  0.196229E-03  0.688424E-04  0.175051E-04  0.151020E+03
  0.101607E+03  0.196229E-03  0.688424E-04  0.175051E-04  0.151020E+03
  0.101607E+03  0.196229E-03  0.205555E-03  0.175051E-04  0.150685E+03
  0.101607E+03  0.196229E-03  0.205555E-03  0.175051E-04  0.150685E+03
  0.101607E+03  0.196229E-03  0.205555E-03  0.175051E-04  0.150685E+03
  0.101607E+03  0.196229E-03  0.205555E-03  0.175051E-04  0.150685E+03
  0.101607E+03  0.196229E-03  0.205555E-03  0.175051E-04  0.150685E+03
  0.101607E+03  0.196229E-03  0.205555E-03  0.474695E-04  0.150667E+03
  0.101607E+03  0.196229E-03  0.205555E-03  0.474695E-04  0.150667E+03
  0.101607E+03  0.196229E-03  0.205555E-03  0.474695E-04  0.150667E+03
  0.101607E+03  0.196229E-03  0.205555E-03  0.474695E-04  0.150667E+03
  0.101607E+03  0.196229E-03  0.205555E-03  0.474695E-04  0.150667E+03
  0.101607E+03  0.196229E-03  0.205555E-03  0.474695E-04  0.150667E+03
  0.101607E+03  0.196229E-03  0.205555E-03  0.474695E-04  0.150667E+03
  0.101607E+03  0.196229E-03  0.205555E-03  0.474695E-04  0.150667E+03
  0.101607E+03  0.196229E-03  0.205555E-03  0.474695E-04  0.150667E+03
  0.101607E+03  0.196229E-03  0.205555E-03  0.474695E-04  0.150667E+03
  0.101607E+03  0.196229E-03  0.205555E-03  0.474695E-04  0.150667E+03
  0.101607E+03  0.196229E-03  0.205555E-03  0.474695E-04  0.150667E+03
  0.101607E+03  0.196229E-03  0.205555E-03  0.474695E-04  0.150667E+03
  0.101607E+03  0.196229E-03  0.205555E-03  0.474695E-04  0.150667E+03
  0.101607E+03  0.196229E-03  0.205555E-03  0.474695E-04  0.150667E+03
  0.101708E+03  0.196229E-03  0.392623E-04  0.474695E-04  0.150850E+03
  0.101708E+03  0.196229E-03  0.392623E-04  0.474695E-04  0.150850E+03
  0.101708E+03  0.196229E-03  0.392623E-04  0.474695E-04  0.150850E+03
  0.101708E+03  0.761884E-03  0.392623E-04  0.474695E-04  0.149306E+03
  0.101708E+03  0.761884E-03  0.392623E-04  0.474695E-04  0.149306E+03
  0.101708E+03  0.761884E-03  0.392623E-04  0.474695E-04  0.149306E+03
  0.101708E+03  0.761884E-03  0.392623E-04  0.218492E-03  0.148921E+03
  0.101708E+03  0.824698E-03  0.392623E-04  0.218492E-03  0.148690E+03
  0.101708E+03  0.824698E-03  0.392623E-04  0.218492E-03  0.148690E+03
  0.101708E+03  0.824698E-03  0.392623E-04  0.218492E-03  0.148690E+03
  0.101708E+03  0.824698E-03  0.392623E-04  0.218492E-03  0.148690E+03
  0.101708E+03  0.824698E-03  0.392623E-04  0.218492E-03  0.148690E+03
  0.101708E+03  0.824698E-03  0.392623E-04  0.218492E-03  0.148690E+03
  0.101708E+03  0.824698E-03  0.392623E-04  0.218492E-03  0.148690E+03
  0.101708E+03  0.824698E-03  0.392623E-04  0.218492E-03  0.148690E+03
  0.101708E+03  0.824698E-03  0.392623E-04  0.218492E-03  0.148690E+03
  0.101708E+03  0.824698E-03  0.392623E-04  0.218492E-03  0.148690E+03
  0.101276E+03  0.824698E-03  0.392623E-04  0.218492E-03  0.149040E+03
  0.101276E+03  0.824698E-03  0.392623E-04  0.218492E-03  0.149040E+03
  0.101276E+03  0.824698E-03  0.392623E-04  0.240578E-03  0.148935E+03
  0.101276E+03  0.824698E-03  0.392623E-04  0.240578E-03  0.148935E+03
  0.101276E+03  0.824698E-03  0.392623E-04  0.240578E-03  0.148935E+03
  0.101276E+03  0.824698E-03  0.392623E-04  0.240578E-03  0.148935E+03
  0.101276E+03  0.824698E-03  0.392623E-04  0.240578E-03  0.148935E+03
  0.101276E+03  0.824698E-03  0.392623E-04  0.240578E-03  0.148935E+03
  0.101276E+03  0.824698E-03  0.392623E-04  0.240578E-03  0.148935E+03
  0.101276E+03  0.824698E-03  0.392623E-04  0.240578E-03  0.148935E+03
  0.101276E+03  0.824698E-03  0.392623E-04  0.240578E-03  0.148935E+03
  0.101276E+03  0.734072E-03  0.392623E-04  0.240578E-03  0.149275E+03
  0.101276E+03  0.826694E-03  0.392623E-04  0.240578E-03  0.148927E+03
  0.101276E+03  0.826694E-03  0.485790E-03  0.240578E-03  0.147260E+03
  0.101276E+03  0.826694E-03  0.485790E-03  0.240578E-03  0.147260E+03
  0.100577E+03  0.826694E-03  0.485790E-03  0.240578E-03  0.147086E+03
  0.100577E+03  0.826694E-03  0.485790E-03  0.240578E-03  0.147086E+03
  0.100577E+03  0.826694E-03  0.485790E-03  0.240578E-03  0.147086E+03
  0.100577E+03  0.826694E-03  0.485790E-03  0.240578E-03  0.147086E+03
  0.100577E+03  0.810582E-04  0.485790E-03  0.240578E-03  0.149028E+03
  0.100577E+03  0.810582E-04  0.485790E-03  0.240578E-03  0.149028E+03
  0.100577E+03  0.810582E-04  0.485790E-03  0.240578E-03  0.149028E+03
  0.100577E+03  0.810582E-04  0.485790E-03  0.240578E-03  0.149028E+03
  0.100577E+03  0.810582E-04  0.485790E-03  0.240578E-03  0.149028E+03
  0.100577E+03  0.810582E-04  0.485790E-03  0.240578E-03  0.149028E+03
  0.100577E+03  0.810582E-04  0.485790E-03  0.240578E-03  0.149028E+03
  0.100577E+03  0.810582E-04  0.485790E-03  0.240578E-03  0.149028E+03
  0.100577E+03  0.810582E-04  0.485790E-03  0.240578E-03  0.149028E+03
  0.101509E+03  0.810582E-04  0.485790E-03  0.240578E-03  0.149003E+03
  0.101509E+03  0.810582E-04  0.259984E-03  0.240578E-03  0.150185E+03
  0.101509E+03  0.810582E-04  0.259984E-03  0.240578E-03  0.150185E+03
  0.101509E+03  0.810582E-04  0.259984E-03  0.240578E-03  0.150185E+03
  0.101509E+03  0.810582E-04  0.259984E-03  0.240578E-03  0.150185E+03
  0.101509E+03  0.810582E-04  0.259984E-03  0.240578E-03  0.150185E+03
  0.101509E+03  0.810582E-04  0.259984E-03  0.240578E-03  0.150185E+03
  0.102183E+03  0.810582E-04  0.259984E-03  0.240578E-03  0.148782E+03
  0.102183E+03  0.810582E-04  0.259984E-03  0.240578E-03  0.148782E+03
  0.102183E+03  0.810582E-04  0.259984E-03  0.240578E-03  0.148782E+03
  0.102183E+03  0.810582E-04  0.259984E-03  0.240578E-03  0.148782E+03
  0.102183E+03  0.810582E-04  0.259984E-03  0.240578E-03  0.148782E+03
  0.102183E+03  0.810582E-04  0.259984E-03  0.240578E-03  0.148782E+03
  0.102183E+03  0.810582E-04  0.259984E-03  0.240578E-03  0.148782E+03
  0.102183E+03  0.810582E-04  0.259984E-03  0.240578E-03  0.148782E+03
  0.102183E+03  0.810582E-04  0.259984E-03  0.240578E-03  0.148782E+03
  0.101070E+03  0.810582E-04  0.259984E-03  0.240578E-03  0.150374E+03
  0.101070E+03  0.810582E-04  0.259984E-03  0.240578E-03  0.150374E+03
  0.101070E+03  0.810582E-04  0.259984E-03  0.240578E-03  0.150374E+03
  0.101070E+03  0.810582E-04  0.259984E-03  0.240578E-03  0.150374E+03
  0.100678E+03  0.810582E-04  0.259984E-03  0.240578E-03  0.150045E+03
  0.100678E+03  0.810582E-04  0.259984E-03  0.240578E-03  0.150045E+03
  0.100260E+03  0.810582E-04  0.259984E-03  0.240578E-03  0.149162E+03
  0.100260E+03  0.810582E-04  0.259984E-03  0.240578E-03  0.149162E+03
  0.100423E+03  0.810582E-04  0.259984E-03  0.240578E-03  0.149563E+03
  0.100423E+03  0.810582E-04  0.317469E-03  0.240578E-03  0.149413E+03
  0.100423E+03  0.810582E-04  0.317469E-03  0.240578E-03  0.149413E+03
  0.100423E+03  0.810582E-04  0.317469E-03  0.240578E-03  0.149413E+03
  0.100423E+03  0.810582E-04  0.317469E-03  0.240578E-03  0.149413E+03
  0.100423E+03  0.810582E-04  0.317469E-03  0.240578E-03  0.149413E+03
  0.100423E+03  0.810582E-04  0.317469E-03  0.392054E-04  0.150163E+03
  0.100423E+03  0.810582E-04  0.317469E-03  0.392054E-04  0.150163E+03
  0.100423E+03  0.810582E-04  0.503347E-03  0.392054E-04  0.149473E+03
  0.100423E+03  0.810582E-04  0.503347E-03  0.392054E-04  0.149473E+03
  0.100423E+03  0.810582E-04  0.503347E-03  0.392054E-04  0.149473E+03
  0.100423E+03  0.358165E-03  0.265110E-03  0.392054E-04  0.149888E+03
  0.100423E+03  0.358165E-03  0.265110E-03  0.392054E-04  0.149888E+03
  0.100423E+03  0.358165E-03  0.265110E-03  0.392054E-04  0.149888E+03
  0.101360E+03  0.358165E-03  0.265110E-03  0.392054E-04  0.150462E+03
  0.101360E+03  0.358165E-03  0.265110E-03  0.392054E-04  0.150462E+03
  0.101360E+03  0.358165E-03  0.265110E-03  0.392054E-04  0.150462E+03
  0.101360E+03  0.358165E-03  0.265110E-03  0.392054E-04  0.150462E+03
  0.101360E+03  0.358165E-03  0.265110E-03  0.392054E-04  0.150462E+03
  0.101360E+03  0.358165E-03  0.265110E-03  0.392054E-04  0.150462E+03
  0.101360E+03  0.358165E-03  0.265110E-03  0.392054E-04  0.150462E+03
  0.101360E+03  0.358165E-03  0.265110E-03  0.152937E-03  0.150225E+03
  0.101360E+03  0.358165E-03  0.330963E-03  0.152937E-03  0.149930E+03
  0.100879E+03  0.151460E-03  0.330963E-03  0.152937E-03  0.150362E+03
  0.100879E+03  0.151460E-03  0.330963E-03  0.152937E-03  0.150362E+03
  0.100879E+03  0.151460E-03  0.330963E-03  0.152937E-03  0.150362E+03
  0.100879E+03  0.151460E-03  0.330963E-03  0.152937E-03  0.150362E+03
  0.100879E+03  0.151460E-03  0.330963E-03  0.152937E-03  0.150362E+03
  0.100879E+03  0.151460E-03  0.330963E-03  0.152937E-03  0.150362E+03
  0.100879E+03  0.151460E-03  0.330963E-03  0.152937E-03  0.150362E+03
  0.100879E+03  0.206749E-03  0.330963E-03  0.160865E-03  0.150258E+03
  0.100879E+03  0.206749E-03  0.330963E-03  0.160865E-03  0.150258E+03
  0.100879E+03  0.206749E-03  0.330963E-03  0.160865E-03  0.150258E+03
  0.100879E+03  0.206749E-03  0.355024E-03  0.160865E-03  0.150157E+03
  0.100879E+03  0.206749E-03  0.355024E-03  0.160865E-03  0.150157E+03
  0.100879E+03  0.206749E-03  0.544798E-03  0.160865E-03  0.149209E+03
  0.100879E+03  0.945966E-04  0.544798E-03  0.160865E-03  0.149333E+03
  0.100879E+03  0.238188E-03  0.544798E-03  0.160865E-03  0.149159E+03
  0.100879E+03  0.238188E-03  0.544798E-03  0.160865E-03  0.149159E+03
  0.100879E+03  0.238188E-03  0.544798E-03  0.160865E-03  0.149159E+03
  0.100879E+03  0.238188E-03  0.351515E-03  0.419190E-03  0.148555E+03
  0.100879E+03  0.238188E-03  0.351515E-03  0.419190E-03  0.148555E+03
  0.100250E+03  0.238188E-03  0.351515E-03  0.419190E-03  0.147514E+03
  0.100250E+03  0.238188E-03  0.351515E-03  0.419190E-03  0.147514E+03
  0.100250E+03  0.238188E-03  0.351515E-03  0.419190E-03  0.147514E+03
  0.100250E+03  0.238188E-03  0.351515E-03  0.298803E-03  0.148386E+03
  0.100250E+03  0.238188E-03  0.351515E-03  0.119421E-03  0.149326E+03
  0.101219E+03  0.238188E-03  0.351515E-03  0.119421E-03  0.150273E+03
  0.101219E+03  0.511160E-03  0.351515E-03  0.680524E-03  0.146141E+03
  0.101219E+03  0.879126E-03  0.351515E-03  0.482966E-03  0.146253E+03
  0.101219E+03  0.879126E-03  0.351515E-03  0.482966E-03  0.146253E+03
  0.101219E+03  0.879126E-03  0.351515E-03  0.482966E-03  0.146253E+03
  0.101219E+03  0.297278E-03  0.351515E-03  0.482966E-03  0.148130E+03
  0.101219E+03  0.297278E-03  0.351515E-03  0.532149E-03  0.147775E+03
  0.102160E+03  0.297278E-03  0.351515E-03  0.532149E-03  0.146853E+03
  0.102160E+03  0.297278E-03  0.351515E-03  0.532149E-03  0.146853E+03
  0.102160E+03  0.297278E-03  0.351515E-03  0.532149E-03  0.146853E+03
  0.101620E+03  0.297278E-03  0.351515E-03  0.532149E-03  0.147633E+03
  0.101620E+03  0.297278E-03  0.351515E-03  0.149763E-03  0.149646E+03
  0.101620E+03  0.297278E-03  0.351515E-03  0.149763E-03  0.149646E+03
  0.101620E+03  0.297278E-03  0.351515E-03  0.149763E-03  0.149646E+03
  0.101620E+03  0.297278E-03  0.397894E-03  0.149763E-03  0.149396E+03
  0.101620E+03  0.297278E-03  0.397894E-03  0.149763E-03  0.149396E+03
  0.101620E+03  0.297278E-03  0.397894E-03  0.149763E-03  0.149396E+03
  0.101620E+03  0.297278E-03  0.397894E-03  0.149763E-03  0.149396E+03
  0.101620E+03  0.297278E-03  0.397894E-03  0.285641E-03  0.148871E+03
  0.101620E+03  0.297278E-03  0.236446E-03  0.285641E-03  0.149655E+03
  0.101620E+03  0.297278E-03  0.236446E-03  0.285641E-03  0.149655E+03
  0.101620E+03  0.297278E-03  0.236446E-03  0.285641E-03  0.149655E+03
  0.100746E+03  0.297278E-03  0.236446E-03  0.285641E-03  0.149645E+03
  0.100746E+03  0.297278E-03  0.234099E-03  0.285641E-03  0.149652E+03
  0.100746E+03  0.161864E-03  0.234099E-03  0.285641E-03  0.149872E+03
  0.100746E+03  0.161864E-03  0.234099E-03  0.285641E-03  0.149872E+03
  0.100746E+03  0.161864E-03  0.588600E-03  0.285641E-03  0.148316E+03
  0.100746E+03  0.161864E-03  0.588600E-03  0.285641E-03  0.148316E+03
  0.100746E+03  0.161864E-03  0.588600E-03  0.285641E-03  0.148316E+03
  0.100746E+03  0.161864E-03  0.588600E-03  0.510188E-03  0.146696E+03
  0.100746E+03  0.161864E-03  0.588600E-03  0.510188E-03  0.146696E+03
  0.100746E+03  0.129390E-03  0.588600E-03  0.510188E-03  0.146730E+03
  0.100746E+03  0.253123E-03  0.588600E-03  0.510188E-03  0.146560E+03
  0.101217E+03  0.253123E-03  0.588600E-03  0.510188E-03  0.146701E+03
  0.101217E+03  0.569834E-03  0.588600E-03  0.969730E-04  0.148152E+03
  0.101217E+03  0.569834E-03  0.588600E-03  0.969730E-04  0.148152E+03
  0.101217E+03  0.569834E-03  0.588600E-03  0.969730E-04  0.148152E+03
  0.101217E+03  0.569834E-03  0.121906E-02  0.969730E-04  0.144544E+03
  0.101217E+03  0.569834E-03  0.123766E-02  0.969730E-04  0.144450E+03
  0.101217E+03  0.569834E-03  0.128384E-02  0.969730E-04  0.144219E+03
  0.101217E+03  0.349256E-04  0.128384E-02  0.969730E-04  0.145280E+03
  0.101217E+03  0.349256E-04  0.128384E-02  0.969730E-04  0.145280E+03
  0.101217E+03  0.349256E-04  0.681718E-03  0.969730E-04  0.148652E+03
  0.101217E+03  0.349256E-04  0.681718E-03  0.969730E-04  0.148652E+03
  0.101217E+03  0.349256E-04  0.681718E-03  0.969730E-04  0.148652E+03
  0.101217E+03  0.152483E-03  0.681718E-03  0.969730E-04  0.148570E+03
  0.101217E+03  0.152483E-03  0.681718E-03  0.969730E-04  0.148570E+03
  0.101217E+03  0.152483E-03  0.681718E-03  0.969730E-04  0.148570E+03
  0.101217E+03  0.152483E-03  0.681718E-03  0.969730E-04  0.148570E+03
  0.101217E+03  0.152483E-03  0.681718E-03  0.969730E-04  0.148570E+03
  0.101217E+03  0.152483E-03  0.702315E-03  0.969730E-04  0.148446E+03
  0.101217E+03  0.152483E-03  0.702315E-03  0.969730E-04  0.148446E+03
  0.101217E+03  0.152483E-03  0.702315E-03  0.969730E-04  0.148446E+03
  0.101171E+03  0.152483E-03  0.702315E-03  0.969730E-04  0.148488E+03
  0.101171E+03  0.152483E-03  0.702315E-03  0.969730E-04  0.148488E+03
  0.100092E+03  0.607249E-03  0.702315E-03  0.969730E-04  0.146791E+03
  0.100092E+03  0.607249E-03  0.702315E-03  0.969730E-04  0.146791E+03
  0.100092E+03  0.607249E-03  0.702315E-03  0.969730E-04  0.146791E+03
  0.101509E+03  0.410704E-04  0.702315E-03  0.969730E-04  0.148155E+03
  0.101509E+03  0.410704E-04  0.702315E-03  0.969730E-04  0.148155E+03
  0.101175E+03  0.410704E-04  0.702315E-03  0.969730E-04  0.148560E+03
  0.100295E+03  0.410704E-04  0.702315E-03  0.969730E-04  0.148239E+03
  0.100295E+03  0.410704E-04  0.702315E-03  0.969730E-04  0.148239E+03
  0.100295E+03  0.410704E-04  0.702315E-03  0.969730E-04  0.148239E+03
  0.100295E+03  0.410704E-04  0.702315E-03  0.969730E-04  0.148239E+03
  0.100295E+03  0.410704E-04  0.702315E-03  0.969730E-04  0.148239E+03
  0.100295E+03  0.410704E-04  0.702315E-03  0.969730E-04  0.148239E+03
  0.100295E+03  0.410704E-04  0.702315E-03  0.969730E-04  0.148239E+03
  0.101051E+03  0.410704E-04  0.628133E-03  0.969730E-04  0.149079E+03
  0.101051E+03  0.410704E-04  0.628133E-03  0.492682E-03  0.146828E+03
  0.101051E+03  0.410704E-04  0.628133E-03  0.492682E-03  0.146828E+03
  0.101051E+03  0.410704E-04  0.628133E-03  0.492682E-03  0.146828E+03
  0.101051E+03  0.410704E-04  0.628133E-03  0.492682E-03  0.146828E+03
  0.101051E+03  0.410704E-04  0.628133E-03  0.492682E-03  0.146828E+03
  0.101051E+03  0.410704E-04  0.628133E-03  0.492682E-03  0.146828E+03
  0.101051E+03  0.705270E-03  0.440796E-03  0.819839E-03  0.143974E+03
  0.101051E+03  0.705270E-03  0.440796E-03  0.819839E-03  0.143974E+03
