X1_obs         X2_obs         X3_obs         X4_obs         X1_true        X2_true        X3_true        X4_true        Y1_obs         Y2_obs         Y3_obs         Y4_obs         Y5_obs         Y1_unbiased    Y2_unbiased    Y3_unbiased    Y4_unbiased    Y5_unbiased    Y1_sim         Y2_sim         Y3_sim         Y4_sim         Y5_sim         Y1_res         Y2_res         Y3_res         Y4_res         Y5_res         Y1_stdres      Y2_stdres      Y3_stdres      Y4_stdres      Y5_stdres      
   0.100000E+01   0.200000E+01   0.270000E+05   0.108000E+05   0.100000E+01   0.200000E+01   0.270000E+05   0.108000E+05   0.431455E+01  -0.999900E+04  -0.999900E+04   0.350000E+02   0.250000E+02   0.431455E+01  -0.999900E+04  -0.999900E+04   0.350000E+02   0.250000E+02   0.433073E+01   0.147408E+03   0.464092E+00   0.178723E+02   0.150000E+02  -0.161714E-01  -0.999900E+04  -0.999900E+04   0.171277E+02   0.100000E+02  -0.519537E+00  -0.999900E+04  -0.999900E+04   0.214096E+01   0.125000E+01
   0.100000E+01   0.200000E+01   0.272500E+05   0.108000E+05   0.100000E+01   0.200000E+01   0.272500E+05   0.108000E+05   0.436370E+01  -0.999900E+04  -0.999900E+04   0.350000E+02   0.250000E+02   0.436370E+01  -0.999900E+04  -0.999900E+04   0.350000E+02   0.250000E+02   0.435697E+01   0.147408E+03   0.472708E+00   0.196903E+02   0.150000E+02   0.673293E-02  -0.999900E+04  -0.999900E+04   0.153097E+02   0.100000E+02   0.216308E+00  -0.999900E+04  -0.999900E+04   0.191371E+01   0.125000E+01
   0.100000E+01   0.200000E+01   0.275000E+05   0.108000E+05   0.100000E+01   0.200000E+01   0.275000E+05   0.108000E+05   0.433750E+01  -0.999900E+04  -0.999900E+04   0.350000E+02   0.250000E+02   0.433750E+01  -0.999900E+04  -0.999900E+04   0.350000E+02   0.250000E+02   0.438065E+01   0.147408E+03   0.481954E+00   0.209251E+02   0.150000E+02  -0.431497E-01  -0.999900E+04  -0.999900E+04   0.140749E+02   0.100000E+02  -0.138627E+01  -0.999900E+04  -0.999900E+04   0.175937E+01   0.125000E+01
   0.100000E+01   0.200000E+01   0.277500E+05   0.108000E+05   0.100000E+01   0.200000E+01   0.277500E+05   0.108000E+05   0.442789E+01  -0.999900E+04  -0.999900E+04   0.350000E+02   0.250000E+02   0.442789E+01  -0.999900E+04  -0.999900E+04   0.350000E+02   0.250000E+02   0.440347E+01   0.147408E+03   0.491673E+00   0.216944E+02   0.150000E+02   0.244189E-01  -0.999900E+04  -0.999900E+04   0.133056E+02   0.100000E+02   0.784505E+00  -0.999900E+04  -0.999900E+04   0.166320E+01   0.125000E+01
   0.100000E+01   0.200000E+01   0.280000E+05   0.108000E+05   0.100000E+01   0.200000E+01   0.280000E+05   0.108000E+05   0.438663E+01  -0.999900E+04  -0.999900E+04   0.350000E+02   0.250000E+02   0.438663E+01  -0.999900E+04  -0.999900E+04   0.350000E+02   0.250000E+02   0.442650E+01   0.147408E+03   0.501766E+00   0.221010E+02   0.150000E+02  -0.398725E-01  -0.999900E+04  -0.999900E+04   0.128990E+02   0.100000E+02  -0.128098E+01  -0.999900E+04  -0.999900E+04   0.161237E+01   0.125000E+01
   0.100000E+01   0.200000E+01   0.282500E+05   0.108000E+05   0.100000E+01   0.200000E+01   0.282500E+05   0.108000E+05   0.440362E+01  -0.999900E+04  -0.999900E+04   0.350000E+02   0.250000E+02   0.440362E+01  -0.999900E+04  -0.999900E+04   0.350000E+02   0.250000E+02   0.445050E+01   0.147408E+03   0.512141E+00   0.222339E+02   0.150000E+02  -0.468730E-01  -0.999900E+04  -0.999900E+04   0.127661E+02   0.100000E+02  -0.150588E+01  -0.999900E+04  -0.999900E+04   0.159576E+01   0.125000E+01
   0.100000E+01   0.200000E+01   0.285000E+05   0.108000E+05   0.100000E+01   0.200000E+01   0.285000E+05   0.108000E+05   0.446997E+01  -0.999900E+04  -0.999900E+04   0.350000E+02   0.250000E+02   0.446997E+01  -0.999900E+04  -0.999900E+04   0.350000E+02   0.250000E+02   0.447598E+01   0.147408E+03   0.522759E+00   0.222339E+02   0.150000E+02  -0.601486E-02  -0.999900E+04  -0.999900E+04   0.127661E+02   0.100000E+02  -0.193239E+00  -0.999900E+04  -0.999900E+04   0.159576E+01   0.125000E+01
   0.100000E+01   0.200000E+01   0.287500E+05   0.108000E+05   0.100000E+01   0.200000E+01   0.287500E+05   0.108000E+05   0.452327E+01  -0.999900E+04  -0.999900E+04   0.350000E+02   0.250000E+02   0.452327E+01  -0.999900E+04  -0.999900E+04   0.350000E+02   0.250000E+02   0.450330E+01   0.147408E+03   0.533561E+00   0.221694E+02   0.150000E+02   0.199775E-01  -0.999900E+04  -0.999900E+04   0.128306E+02   0.100000E+02   0.641814E+00  -0.999900E+04  -0.999900E+04   0.160383E+01   0.125000E+01
   0.100000E+01   0.200000E+01   0.290000E+05   0.108000E+05   0.100000E+01   0.200000E+01   0.290000E+05   0.108000E+05   0.453446E+01  -0.999900E+04  -0.999900E+04   0.350000E+02   0.250000E+02   0.453446E+01  -0.999900E+04  -0.999900E+04   0.350000E+02   0.250000E+02   0.453284E+01   0.147407E+03   0.544483E+00   0.219723E+02   0.150000E+02   0.162810E-02  -0.999900E+04  -0.999900E+04   0.130277E+02   0.100000E+02   0.523058E-01  -0.999900E+04  -0.999900E+04   0.162846E+01   0.125000E+01
   0.100000E+01   0.200000E+01   0.292500E+05   0.108000E+05   0.100000E+01   0.200000E+01   0.292500E+05   0.108000E+05   0.455054E+01  -0.999900E+04  -0.999900E+04   0.350000E+02   0.250000E+02   0.455054E+01  -0.999900E+04  -0.999900E+04   0.350000E+02   0.250000E+02   0.456507E+01   0.147407E+03   0.555437E+00   0.216971E+02   0.150000E+02  -0.145294E-01  -0.999900E+04  -0.999900E+04   0.133029E+02   0.100000E+02  -0.466784E+00  -0.999900E+04  -0.999900E+04   0.166286E+01   0.125000E+01
   0.100000E+01   0.200000E+01   0.295000E+05   0.108000E+05   0.100000E+01   0.200000E+01   0.295000E+05   0.108000E+05   0.463598E+01  -0.999900E+04  -0.999900E+04   0.350000E+02   0.250000E+02   0.463598E+01  -0.999900E+04  -0.999900E+04   0.350000E+02   0.250000E+02   0.460040E+01   0.147407E+03   0.566335E+00   0.213888E+02   0.150000E+02   0.355815E-01  -0.999900E+04  -0.999900E+04   0.136112E+02   0.100000E+02   0.114312E+01  -0.999900E+04  -0.999900E+04   0.170140E+01   0.125000E+01
   0.100000E+01   0.200000E+01   0.297500E+05   0.108000E+05   0.100000E+01   0.200000E+01   0.297500E+05   0.108000E+05   0.470631E+01  -0.999900E+04  -0.999900E+04   0.350000E+02   0.250000E+02   0.470631E+01  -0.999900E+04  -0.999900E+04   0.350000E+02   0.250000E+02   0.463913E+01   0.147407E+03   0.577091E+00   0.210838E+02   0.150000E+02   0.671811E-01  -0.999900E+04  -0.999900E+04   0.139162E+02   0.100000E+02   0.215832E+01  -0.999900E+04  -0.999900E+04   0.173953E+01   0.125000E+01
   0.100000E+01   0.200000E+01   0.300000E+05   0.108000E+05   0.100000E+01   0.200000E+01   0.300000E+05   0.108000E+05   0.463878E+01  -0.999900E+04  -0.999900E+04   0.350000E+02   0.250000E+02   0.463878E+01  -0.999900E+04  -0.999900E+04   0.350000E+02   0.250000E+02   0.468088E+01   0.147407E+03   0.587731E+00   0.210838E+02   0.150000E+02  -0.420916E-01  -0.999900E+04  -0.999900E+04   0.139162E+02   0.100000E+02  -0.135227E+01  -0.999900E+04  -0.999900E+04   0.173953E+01   0.125000E+01
   0.100000E+01   0.200000E+01   0.302500E+05   0.108000E+05   0.100000E+01   0.200000E+01   0.302500E+05   0.108000E+05   0.476891E+01  -0.999900E+04  -0.999900E+04   0.350000E+02   0.250000E+02   0.476891E+01  -0.999900E+04  -0.999900E+04   0.350000E+02   0.250000E+02   0.472575E+01   0.147407E+03   0.598202E+00   0.208108E+02   0.150000E+02   0.431651E-01  -0.999900E+04  -0.999900E+04   0.141892E+02   0.100000E+02   0.138676E+01  -0.999900E+04  -0.999900E+04   0.177365E+01   0.125000E+01
   0.100000E+01   0.200000E+01   0.305000E+05   0.108000E+05   0.100000E+01   0.200000E+01   0.305000E+05   0.108000E+05   0.476714E+01  -0.999900E+04  -0.999900E+04   0.350000E+02   0.250000E+02   0.476714E+01  -0.999900E+04  -0.999900E+04   0.350000E+02   0.250000E+02   0.477437E+01   0.147406E+03   0.608344E+00   0.205920E+02   0.150000E+02  -0.722948E-02  -0.999900E+04  -0.999900E+04   0.144080E+02   0.100000E+02  -0.232261E+00  -0.999900E+04  -0.999900E+04   0.180100E+01   0.125000E+01
   0.100000E+01   0.200000E+01   0.307500E+05   0.108000E+05   0.100000E+01   0.200000E+01   0.307500E+05   0.108000E+05   0.485316E+01  -0.999900E+04  -0.999900E+04   0.350000E+02   0.250000E+02   0.485316E+01  -0.999900E+04  -0.999900E+04   0.350000E+02   0.250000E+02   0.482661E+01   0.147406E+03   0.618110E+00   0.204434E+02   0.150000E+02   0.265555E-01  -0.999900E+04  -0.999900E+04   0.145566E+02   0.100000E+02   0.853146E+00  -0.999900E+04  -0.999900E+04   0.181957E+01   0.125000E+01
   0.100000E+01   0.200000E+01   0.310000E+05   0.108000E+05   0.100000E+01   0.200000E+01   0.310000E+05   0.108000E+05   0.483539E+01  -0.999900E+04  -0.999900E+04   0.350000E+02   0.250000E+02   0.483539E+01  -0.999900E+04  -0.999900E+04   0.350000E+02   0.250000E+02   0.488214E+01   0.147406E+03   0.627553E+00   0.203758E+02   0.150000E+02  -0.467554E-01  -0.999900E+04  -0.999900E+04   0.146242E+02   0.100000E+02  -0.150211E+01  -0.999900E+04  -0.999900E+04   0.182803E+01   0.125000E+01
   0.100000E+01   0.200000E+01   0.312500E+05   0.108000E+05   0.100000E+01   0.200000E+01   0.312500E+05   0.108000E+05   0.492964E+01  -0.999900E+04  -0.999900E+04   0.350000E+02   0.250000E+02   0.492964E+01  -0.999900E+04  -0.999900E+04   0.350000E+02   0.250000E+02   0.494055E+01   0.147406E+03   0.636694E+00   0.203953E+02   0.150000E+02  -0.109184E-01  -0.999900E+04  -0.999900E+04   0.146047E+02   0.100000E+02  -0.350775E+00  -0.999900E+04  -0.999900E+04   0.182559E+01   0.125000E+01
   0.100000E+01   0.200000E+01   0.315000E+05   0.108000E+05   0.100000E+01   0.200000E+01   0.315000E+05   0.108000E+05   0.497015E+01  -0.999900E+04  -0.999900E+04   0.350000E+02   0.250000E+02   0.497015E+01  -0.999900E+04  -0.999900E+04   0.350000E+02   0.250000E+02   0.500167E+01   0.147406E+03   0.645531E+00   0.203953E+02   0.150000E+02  -0.315229E-01  -0.999900E+04  -0.999900E+04   0.146047E+02   0.100000E+02  -0.101273E+01  -0.999900E+04  -0.999900E+04   0.182559E+01   0.125000E+01
   0.100000E+01   0.200000E+01   0.317500E+05   0.108000E+05   0.100000E+01   0.200000E+01   0.317500E+05   0.108000E+05   0.504265E+01  -0.999900E+04  -0.999900E+04   0.350000E+02   0.250000E+02   0.504265E+01  -0.999900E+04  -0.999900E+04   0.350000E+02   0.250000E+02   0.506523E+01   0.147406E+03   0.654083E+00   0.205041E+02   0.150000E+02  -0.225763E-01  -0.999900E+04  -0.999900E+04   0.144959E+02   0.100000E+02  -0.725308E+00  -0.999900E+04  -0.999900E+04   0.181198E+01   0.125000E+01
   0.100000E+01   0.200000E+01   0.320000E+05   0.108000E+05   0.100000E+01   0.200000E+01   0.320000E+05   0.108000E+05   0.509157E+01  -0.999900E+04  -0.999900E+04   0.350000E+02   0.250000E+02   0.509157E+01  -0.999900E+04  -0.999900E+04   0.350000E+02   0.250000E+02   0.513056E+01   0.147405E+03   0.662468E+00   0.207013E+02   0.150000E+02  -0.389872E-01  -0.999900E+04  -0.999900E+04   0.142987E+02   0.100000E+02  -0.125254E+01  -0.999900E+04  -0.999900E+04   0.178734E+01   0.125000E+01
   0.100000E+01   0.200000E+01   0.322500E+05   0.108000E+05   0.100000E+01   0.200000E+01   0.322500E+05   0.108000E+05   0.519411E+01  -0.999900E+04  -0.999900E+04   0.350000E+02   0.250000E+02   0.519411E+01  -0.999900E+04  -0.999900E+04   0.350000E+02   0.250000E+02   0.519707E+01   0.147405E+03   0.670802E+00   0.209829E+02   0.150000E+02  -0.295166E-02  -0.999900E+04  -0.999900E+04   0.140171E+02   0.100000E+02  -0.948277E-01  -0.999900E+04  -0.999900E+04   0.175214E+01   0.125000E+01
   0.100000E+01   0.200000E+01   0.325000E+05   0.108000E+05   0.100000E+01   0.200000E+01   0.325000E+05   0.108000E+05   0.528438E+01  -0.999900E+04  -0.999900E+04   0.350000E+02   0.250000E+02   0.528438E+01  -0.999900E+04  -0.999900E+04   0.350000E+02   0.250000E+02   0.526423E+01   0.147405E+03   0.679193E+00   0.213427E+02   0.150000E+02   0.201498E-01  -0.999900E+04  -0.999900E+04   0.136573E+02   0.100000E+02   0.647351E+00  -0.999900E+04  -0.999900E+04   0.170716E+01   0.125000E+01
   0.100000E+01   0.200000E+01   0.327500E+05   0.108000E+05   0.100000E+01   0.200000E+01   0.327500E+05   0.108000E+05   0.531336E+01  -0.999900E+04  -0.999900E+04   0.350000E+02   0.250000E+02   0.531336E+01  -0.999900E+04  -0.999900E+04   0.350000E+02   0.250000E+02   0.533160E+01   0.147405E+03   0.687746E+00   0.217728E+02   0.150000E+02  -0.182396E-01  -0.999900E+04  -0.999900E+04   0.132272E+02   0.100000E+02  -0.585981E+00  -0.999900E+04  -0.999900E+04   0.165340E+01   0.125000E+01
   0.100000E+01   0.200000E+01   0.330000E+05   0.108000E+05   0.100000E+01   0.200000E+01   0.330000E+05   0.108000E+05   0.539431E+01  -0.999900E+04  -0.999900E+04   0.350000E+02   0.250000E+02   0.539431E+01  -0.999900E+04  -0.999900E+04   0.350000E+02   0.250000E+02   0.540036E+01   0.147405E+03   0.696174E+00   0.217728E+02   0.150000E+02  -0.604954E-02  -0.999900E+04  -0.999900E+04   0.132272E+02   0.100000E+02  -0.194353E+00  -0.999900E+04  -0.999900E+04   0.165340E+01   0.125000E+01
   0.100000E+01   0.200000E+01   0.332500E+05   0.108000E+05   0.100000E+01   0.200000E+01   0.332500E+05   0.108000E+05   0.544897E+01  -0.999900E+04  -0.999900E+04   0.350000E+02   0.250000E+02   0.544897E+01  -0.999900E+04  -0.999900E+04   0.350000E+02   0.250000E+02   0.547029E+01   0.147404E+03   0.704492E+00   0.222639E+02   0.150000E+02  -0.213224E-01  -0.999900E+04  -0.999900E+04   0.127361E+02   0.100000E+02  -0.685023E+00  -0.999900E+04  -0.999900E+04   0.159201E+01   0.125000E+01
   0.100000E+01   0.200000E+01   0.335000E+05   0.108000E+05   0.100000E+01   0.200000E+01   0.335000E+05   0.108000E+05   0.558074E+01  -0.999900E+04  -0.999900E+04   0.350000E+02   0.250000E+02   0.558074E+01  -0.999900E+04  -0.999900E+04   0.350000E+02   0.250000E+02   0.553965E+01   0.147404E+03   0.713182E+00   0.228056E+02   0.150000E+02   0.410840E-01  -0.999900E+04  -0.999900E+04   0.121944E+02   0.100000E+02   0.131990E+01  -0.999900E+04  -0.999900E+04   0.152430E+01   0.125000E+01
   0.100000E+01   0.200000E+01   0.337500E+05   0.108000E+05   0.100000E+01   0.200000E+01   0.337500E+05   0.108000E+05   0.565118E+01  -0.999900E+04  -0.999900E+04   0.350000E+02   0.250000E+02   0.565118E+01  -0.999900E+04  -0.999900E+04   0.350000E+02   0.250000E+02   0.560834E+01   0.147404E+03   0.722268E+00   0.233869E+02   0.150000E+02   0.428361E-01  -0.999900E+04  -0.999900E+04   0.116131E+02   0.100000E+02   0.137619E+01  -0.999900E+04  -0.999900E+04   0.145164E+01   0.125000E+01
   0.100000E+01   0.200000E+01   0.340000E+05   0.108000E+05   0.100000E+01   0.200000E+01   0.340000E+05   0.108000E+05   0.568140E+01  -0.999900E+04  -0.999900E+04   0.350000E+02   0.250000E+02   0.568140E+01  -0.999900E+04  -0.999900E+04   0.350000E+02   0.250000E+02   0.567637E+01   0.147404E+03   0.731772E+00   0.239966E+02   0.150000E+02   0.503266E-02  -0.999900E+04  -0.999900E+04   0.110034E+02   0.100000E+02   0.161684E+00  -0.999900E+04  -0.999900E+04   0.137543E+01   0.125000E+01
   0.100000E+01   0.200000E+01   0.342500E+05   0.108000E+05   0.100000E+01   0.200000E+01   0.342500E+05   0.108000E+05   0.584284E+01  -0.999900E+04  -0.999900E+04   0.350000E+02   0.250000E+02   0.584284E+01  -0.999900E+04  -0.999900E+04   0.350000E+02   0.250000E+02   0.574378E+01   0.147404E+03   0.741697E+00   0.246234E+02   0.150000E+02   0.990585E-01  -0.999900E+04  -0.999900E+04   0.103766E+02   0.100000E+02   0.318245E+01  -0.999900E+04  -0.999900E+04   0.129708E+01   0.125000E+01
   0.100000E+01   0.100000E+01   0.347518E+05   0.108000E+05   0.100000E+01   0.100000E+01   0.347518E+05   0.108000E+05   0.589751E+01  -0.999900E+04  -0.999900E+04   0.350000E+02   0.250000E+02   0.589751E+01  -0.999900E+04  -0.999900E+04   0.350000E+02   0.250000E+02   0.587707E+01   0.143002E+03   0.740262E+00   0.252509E+02   0.150000E+02   0.204448E-01  -0.999900E+04  -0.999900E+04   0.974909E+01   0.100000E+02   0.656829E+00  -0.999900E+04  -0.999900E+04   0.121864E+01   0.125000E+01
   0.100000E+01   0.100000E+01   0.350035E+05   0.108000E+05   0.100000E+01   0.100000E+01   0.350035E+05   0.108000E+05   0.594917E+01  -0.999900E+04  -0.999900E+04   0.350000E+02   0.250000E+02   0.594917E+01  -0.999900E+04  -0.999900E+04   0.350000E+02   0.250000E+02   0.594332E+01   0.143002E+03   0.751292E+00   0.258688E+02   0.150000E+02   0.584676E-02  -0.999900E+04  -0.999900E+04   0.913117E+01   0.100000E+02   0.187838E+00  -0.999900E+04  -0.999900E+04   0.114140E+01   0.125000E+01
   0.100000E+01   0.100000E+01   0.352553E+05   0.108000E+05   0.100000E+01   0.100000E+01   0.352553E+05   0.108000E+05   0.601845E+01  -0.999900E+04  -0.999900E+04   0.350000E+02   0.250000E+02   0.601845E+01  -0.999900E+04  -0.999900E+04   0.350000E+02   0.250000E+02   0.600961E+01   0.143001E+03   0.762642E+00   0.264728E+02   0.150000E+02   0.883900E-02  -0.999900E+04  -0.999900E+04   0.852718E+01   0.100000E+02   0.283970E+00  -0.999900E+04  -0.999900E+04   0.106590E+01   0.125000E+01
   0.100000E+01   0.100000E+01   0.355071E+05   0.108000E+05   0.100000E+01   0.100000E+01   0.355071E+05   0.108000E+05   0.609220E+01  -0.999900E+04  -0.999900E+04   0.350000E+02   0.250000E+02   0.609220E+01  -0.999900E+04  -0.999900E+04   0.350000E+02   0.250000E+02   0.607616E+01   0.143001E+03   0.774260E+00   0.270541E+02   0.150000E+02   0.160338E-01  -0.999900E+04  -0.999900E+04   0.794591E+01   0.100000E+02   0.515118E+00  -0.999900E+04  -0.999900E+04   0.993238E+00   0.125000E+01
   0.100000E+01   0.100000E+01   0.357588E+05   0.108000E+05   0.100000E+01   0.100000E+01   0.357588E+05   0.108000E+05   0.611649E+01  -0.999900E+04  -0.999900E+04   0.350000E+02   0.250000E+02   0.611649E+01  -0.999900E+04  -0.999900E+04   0.350000E+02   0.250000E+02   0.614319E+01   0.143001E+03   0.786116E+00   0.276047E+02   0.150000E+02  -0.266971E-01  -0.999900E+04  -0.999900E+04   0.739526E+01   0.100000E+02  -0.857697E+00  -0.999900E+04  -0.999900E+04   0.924408E+00   0.125000E+01
   0.100000E+01   0.100000E+01   0.360106E+05   0.108000E+05   0.100000E+01   0.100000E+01   0.360106E+05   0.108000E+05   0.618840E+01  -0.999900E+04  -0.999900E+04   0.350000E+02   0.250000E+02   0.618840E+01  -0.999900E+04  -0.999900E+04   0.350000E+02   0.250000E+02   0.621091E+01   0.143001E+03   0.798075E+00   0.281178E+02   0.150000E+02  -0.225112E-01  -0.999900E+04  -0.999900E+04   0.688220E+01   0.100000E+02  -0.723217E+00  -0.999900E+04  -0.999900E+04   0.860275E+00   0.125000E+01
   0.100000E+01   0.100000E+01   0.362624E+05   0.108000E+05   0.100000E+01   0.100000E+01   0.362624E+05   0.108000E+05   0.624915E+01  -0.999900E+04  -0.999900E+04   0.350000E+02   0.250000E+02   0.624915E+01  -0.999900E+04  -0.999900E+04   0.350000E+02   0.250000E+02   0.627955E+01   0.143001E+03   0.810086E+00   0.285874E+02   0.150000E+02  -0.303975E-01  -0.999900E+04  -0.999900E+04   0.641264E+01   0.100000E+02  -0.976580E+00  -0.999900E+04  -0.999900E+04   0.801580E+00   0.125000E+01
   0.100000E+01   0.100000E+01   0.365141E+05   0.108000E+05   0.100000E+01   0.100000E+01   0.365141E+05   0.108000E+05   0.635194E+01  -0.999900E+04  -0.999900E+04   0.350000E+02   0.250000E+02   0.635194E+01  -0.999900E+04  -0.999900E+04   0.350000E+02   0.250000E+02   0.635040E+01   0.143001E+03   0.821678E+00   0.285874E+02   0.150000E+02   0.153966E-02  -0.999900E+04  -0.999900E+04   0.641264E+01   0.100000E+02   0.494646E-01  -0.999900E+04  -0.999900E+04   0.801580E+00   0.125000E+01
   0.100000E+01   0.100000E+01   0.367659E+05   0.108000E+05   0.100000E+01   0.100000E+01   0.367659E+05   0.108000E+05   0.644995E+01  -0.999900E+04  -0.999900E+04   0.350000E+02   0.250000E+02   0.644995E+01  -0.999900E+04  -0.999900E+04   0.350000E+02   0.250000E+02   0.642349E+01   0.143001E+03   0.832792E+00   0.290086E+02   0.150000E+02   0.264587E-01  -0.999900E+04  -0.999900E+04   0.599138E+01   0.100000E+02   0.850036E+00  -0.999900E+04  -0.999900E+04   0.748922E+00   0.125000E+01
   0.100000E+01   0.100000E+01   0.370176E+05   0.108000E+05   0.100000E+01   0.100000E+01   0.370176E+05   0.108000E+05   0.643952E+01  -0.999900E+04  -0.999900E+04   0.350000E+02   0.250000E+02   0.643952E+01  -0.999900E+04  -0.999900E+04   0.350000E+02   0.250000E+02   0.649776E+01   0.143001E+03   0.843765E+00   0.293779E+02   0.150000E+02  -0.582430E-01  -0.999900E+04  -0.999900E+04   0.562211E+01   0.100000E+02  -0.187117E+01  -0.999900E+04  -0.999900E+04   0.702763E+00   0.125000E+01
   0.100000E+01   0.100000E+01   0.372694E+05   0.108000E+05   0.100000E+01   0.100000E+01   0.372694E+05   0.108000E+05   0.659070E+01  -0.999900E+04  -0.999900E+04   0.350000E+02   0.250000E+02   0.659070E+01  -0.999900E+04  -0.999900E+04   0.350000E+02   0.250000E+02   0.657347E+01   0.143001E+03   0.854482E+00   0.296927E+02   0.150000E+02   0.172241E-01  -0.999900E+04  -0.999900E+04   0.530734E+01   0.100000E+02   0.553358E+00  -0.999900E+04  -0.999900E+04   0.663418E+00   0.125000E+01
   0.100000E+01   0.100000E+01   0.375212E+05   0.108000E+05   0.100000E+01   0.100000E+01   0.375212E+05   0.108000E+05   0.667623E+01  -0.999900E+04  -0.999900E+04   0.350000E+02   0.250000E+02   0.667623E+01  -0.999900E+04  -0.999900E+04   0.350000E+02   0.250000E+02   0.665083E+01   0.143001E+03   0.864827E+00   0.299515E+02   0.150000E+02   0.254000E-01  -0.999900E+04  -0.999900E+04   0.504846E+01   0.100000E+02   0.816023E+00  -0.999900E+04  -0.999900E+04   0.631058E+00   0.125000E+01
   0.100000E+01   0.100000E+01   0.377729E+05   0.108000E+05   0.100000E+01   0.100000E+01   0.377729E+05   0.108000E+05   0.671148E+01  -0.999900E+04  -0.999900E+04   0.350000E+02   0.250000E+02   0.671148E+01  -0.999900E+04  -0.999900E+04   0.350000E+02   0.250000E+02   0.673001E+01   0.143000E+03   0.874729E+00   0.301543E+02   0.150000E+02  -0.185355E-01  -0.999900E+04  -0.999900E+04   0.484571E+01   0.100000E+02  -0.595488E+00  -0.999900E+04  -0.999900E+04   0.605714E+00   0.125000E+01
   0.100000E+01   0.100000E+01   0.380247E+05   0.108000E+05   0.100000E+01   0.100000E+01   0.380247E+05   0.108000E+05   0.681352E+01  -0.999900E+04  -0.999900E+04   0.350000E+02   0.250000E+02   0.681352E+01  -0.999900E+04  -0.999900E+04   0.350000E+02   0.250000E+02   0.681120E+01   0.143000E+03   0.883997E+00   0.303018E+02   0.150000E+02   0.231859E-02  -0.999900E+04  -0.999900E+04   0.469823E+01   0.100000E+02   0.744893E-01  -0.999900E+04  -0.999900E+04   0.587279E+00   0.125000E+01
   0.100000E+01   0.100000E+01   0.382765E+05   0.108000E+05   0.100000E+01   0.100000E+01   0.382765E+05   0.108000E+05   0.683543E+01  -0.999900E+04  -0.999900E+04   0.350000E+02   0.250000E+02   0.683543E+01  -0.999900E+04  -0.999900E+04   0.350000E+02   0.250000E+02   0.689477E+01   0.143000E+03   0.892467E+00   0.303018E+02   0.150000E+02  -0.593406E-01  -0.999900E+04  -0.999900E+04   0.469823E+01   0.100000E+02  -0.190643E+01  -0.999900E+04  -0.999900E+04   0.587279E+00   0.125000E+01
   0.100000E+01   0.100000E+01   0.385282E+05   0.108000E+05   0.100000E+01   0.100000E+01   0.385282E+05   0.108000E+05   0.698057E+01  -0.999900E+04  -0.999900E+04   0.350000E+02   0.250000E+02   0.698057E+01  -0.999900E+04  -0.999900E+04   0.350000E+02   0.250000E+02   0.698064E+01   0.143000E+03   0.900120E+00   0.303959E+02   0.150000E+02  -0.629677E-04  -0.999900E+04  -0.999900E+04   0.460410E+01   0.100000E+02  -0.202296E-02  -0.999900E+04  -0.999900E+04   0.575512E+00   0.125000E+01
   0.100000E+01   0.100000E+01   0.387800E+05   0.108000E+05   0.100000E+01   0.100000E+01   0.387800E+05   0.108000E+05   0.704712E+01  -0.999900E+04  -0.999900E+04   0.350000E+02   0.250000E+02   0.704712E+01  -0.999900E+04  -0.999900E+04   0.350000E+02   0.250000E+02   0.706847E+01   0.143000E+03   0.907052E+00   0.304396E+02   0.150000E+02  -0.213515E-01  -0.999900E+04  -0.999900E+04   0.456041E+01   0.100000E+02  -0.685957E+00  -0.999900E+04  -0.999900E+04   0.570051E+00   0.125000E+01
   0.100000E+01   0.100000E+01   0.390318E+05   0.108000E+05   0.100000E+01   0.100000E+01   0.390318E+05   0.108000E+05   0.715017E+01  -0.999900E+04  -0.999900E+04   0.350000E+02   0.250000E+02   0.715017E+01  -0.999900E+04  -0.999900E+04   0.350000E+02   0.250000E+02   0.715837E+01   0.143000E+03   0.913190E+00   0.304367E+02   0.150000E+02  -0.820285E-02  -0.999900E+04  -0.999900E+04   0.456333E+01   0.100000E+02  -0.263532E+00  -0.999900E+04  -0.999900E+04   0.570416E+00   0.125000E+01
   0.100000E+01   0.100000E+01   0.392835E+05   0.108000E+05   0.100000E+01   0.100000E+01   0.392835E+05   0.108000E+05   0.726318E+01  -0.999900E+04  -0.999900E+04   0.350000E+02   0.250000E+02   0.726318E+01  -0.999900E+04  -0.999900E+04   0.350000E+02   0.250000E+02   0.725036E+01   0.143000E+03   0.918482E+00   0.303918E+02   0.150000E+02   0.128147E-01  -0.999900E+04  -0.999900E+04   0.460818E+01   0.100000E+02   0.411698E+00  -0.999900E+04  -0.999900E+04   0.576022E+00   0.125000E+01
   0.100000E+01   0.100000E+01   0.395353E+05   0.108000E+05   0.100000E+01   0.100000E+01   0.395353E+05   0.108000E+05   0.737158E+01  -0.999900E+04  -0.999900E+04   0.350000E+02   0.250000E+02   0.737158E+01  -0.999900E+04  -0.999900E+04   0.350000E+02   0.250000E+02   0.734445E+01   0.143000E+03   0.922899E+00   0.303105E+02   0.150000E+02   0.271310E-01  -0.999900E+04  -0.999900E+04   0.468954E+01   0.100000E+02   0.871636E+00  -0.999900E+04  -0.999900E+04   0.586193E+00   0.125000E+01
   0.100000E+01   0.100000E+01   0.397871E+05   0.108000E+05   0.100000E+01   0.100000E+01   0.397871E+05   0.108000E+05   0.744209E+01  -0.999900E+04  -0.999900E+04   0.350000E+02   0.250000E+02   0.744209E+01  -0.999900E+04  -0.999900E+04   0.350000E+02   0.250000E+02   0.744055E+01   0.143000E+03   0.926444E+00   0.301987E+02   0.150000E+02   0.153634E-02  -0.999900E+04  -0.999900E+04   0.480134E+01   0.100000E+02   0.493579E-01  -0.999900E+04  -0.999900E+04   0.600168E+00   0.125000E+01
   0.100000E+01   0.100000E+01   0.400388E+05   0.108000E+05   0.100000E+01   0.100000E+01   0.400388E+05   0.108000E+05   0.760769E+01  -0.999900E+04  -0.999900E+04   0.350000E+02   0.250000E+02   0.760769E+01  -0.999900E+04  -0.999900E+04   0.350000E+02   0.250000E+02   0.753818E+01   0.143000E+03   0.929373E+00   0.301987E+02   0.150000E+02   0.695152E-01  -0.999900E+04  -0.999900E+04   0.480134E+01   0.100000E+02   0.223331E+01  -0.999900E+04  -0.999900E+04   0.600168E+00   0.125000E+01
   0.100000E+01   0.100000E+01   0.402906E+05   0.108000E+05   0.100000E+01   0.100000E+01   0.402906E+05   0.108000E+05   0.765578E+01  -0.999900E+04  -0.999900E+04   0.350000E+02   0.250000E+02   0.765578E+01  -0.999900E+04  -0.999900E+04   0.350000E+02   0.250000E+02   0.763722E+01   0.143000E+03   0.931627E+00   0.300630E+02   0.150000E+02   0.185584E-01  -0.999900E+04  -0.999900E+04   0.493695E+01   0.100000E+02   0.596224E+00  -0.999900E+04  -0.999900E+04   0.617119E+00   0.125000E+01
   0.100000E+01   0.100000E+01   0.405424E+05   0.108000E+05   0.100000E+01   0.100000E+01   0.405424E+05   0.108000E+05   0.773604E+01  -0.999900E+04  -0.999900E+04   0.350000E+02   0.250000E+02   0.773604E+01  -0.999900E+04  -0.999900E+04   0.350000E+02   0.250000E+02   0.773796E+01   0.143000E+03   0.933116E+00   0.299107E+02   0.150000E+02  -0.191868E-02  -0.999900E+04  -0.999900E+04   0.508933E+01   0.100000E+02  -0.616413E-01  -0.999900E+04  -0.999900E+04   0.636166E+00   0.125000E+01
   0.100000E+01   0.100000E+01   0.407941E+05   0.108000E+05   0.100000E+01   0.100000E+01   0.407941E+05   0.108000E+05   0.785280E+01  -0.999900E+04  -0.999900E+04   0.350000E+02   0.250000E+02   0.785280E+01  -0.999900E+04  -0.999900E+04   0.350000E+02   0.250000E+02   0.784023E+01   0.143000E+03   0.933911E+00   0.297489E+02   0.150000E+02   0.125729E-01  -0.999900E+04  -0.999900E+04   0.525109E+01   0.100000E+02   0.403928E+00  -0.999900E+04  -0.999900E+04   0.656386E+00   0.125000E+01
   0.100000E+01   0.100000E+01   0.410459E+05   0.108000E+05   0.100000E+01   0.100000E+01   0.410459E+05   0.108000E+05   0.794043E+01  -0.999900E+04  -0.999900E+04   0.350000E+02   0.250000E+02   0.794043E+01  -0.999900E+04  -0.999900E+04   0.350000E+02   0.250000E+02   0.794383E+01   0.143000E+03   0.934091E+00   0.295853E+02   0.150000E+02  -0.340032E-02  -0.999900E+04  -0.999900E+04   0.541469E+01   0.100000E+02  -0.109242E+00  -0.999900E+04  -0.999900E+04   0.676836E+00   0.125000E+01
   0.100000E+01   0.100000E+01   0.412976E+05   0.108000E+05   0.100000E+01   0.100000E+01   0.412976E+05   0.108000E+05   0.801722E+01  -0.999900E+04  -0.999900E+04   0.350000E+02   0.250000E+02   0.801722E+01  -0.999900E+04  -0.999900E+04   0.350000E+02   0.250000E+02   0.804858E+01   0.143000E+03   0.933747E+00   0.294275E+02   0.150000E+02  -0.313610E-01  -0.999900E+04  -0.999900E+04   0.557248E+01   0.100000E+02  -0.100753E+01  -0.999900E+04  -0.999900E+04   0.696559E+00   0.125000E+01
   0.100000E+01   0.100000E+01   0.415494E+05   0.108000E+05   0.100000E+01   0.100000E+01   0.415494E+05   0.108000E+05   0.815914E+01  -0.999900E+04  -0.999900E+04   0.350000E+02   0.250000E+02   0.815914E+01  -0.999900E+04  -0.999900E+04   0.350000E+02   0.250000E+02   0.815428E+01   0.143000E+03   0.932971E+00   0.292831E+02   0.150000E+02   0.485743E-02  -0.999900E+04  -0.999900E+04   0.571687E+01   0.100000E+02   0.156054E+00  -0.999900E+04  -0.999900E+04   0.714608E+00   0.125000E+01
   0.100000E+01   0.100000E+01   0.418012E+05   0.108000E+05   0.100000E+01   0.100000E+01   0.418012E+05   0.108000E+05   0.827260E+01  -0.999900E+04  -0.999900E+04   0.350000E+02   0.250000E+02   0.827260E+01  -0.999900E+04  -0.999900E+04   0.350000E+02   0.250000E+02   0.826022E+01   0.143000E+03   0.932086E+00   0.292831E+02   0.150000E+02   0.123822E-01  -0.999900E+04  -0.999900E+04   0.571687E+01   0.100000E+02   0.397803E+00  -0.999900E+04  -0.999900E+04   0.714608E+00   0.125000E+01
   0.100000E+01   0.100000E+01   0.420529E+05   0.108000E+05   0.100000E+01   0.100000E+01   0.420529E+05   0.108000E+05   0.836102E+01  -0.999900E+04  -0.999900E+04   0.350000E+02   0.250000E+02   0.836102E+01  -0.999900E+04  -0.999900E+04   0.350000E+02   0.250000E+02   0.836626E+01   0.143000E+03   0.931200E+00   0.291596E+02   0.150000E+02  -0.523852E-02  -0.999900E+04  -0.999900E+04   0.584045E+01   0.100000E+02  -0.168298E+00  -0.999900E+04  -0.999900E+04   0.730056E+00   0.125000E+01
   0.100000E+01   0.100000E+01   0.423047E+05   0.108000E+05   0.100000E+01   0.100000E+01   0.423047E+05   0.108000E+05   0.846356E+01  -0.999900E+04  -0.999900E+04   0.350000E+02   0.250000E+02   0.846356E+01  -0.999900E+04  -0.999900E+04   0.350000E+02   0.250000E+02   0.847275E+01   0.143000E+03   0.930066E+00   0.290639E+02   0.150000E+02  -0.919116E-02  -0.999900E+04  -0.999900E+04   0.593610E+01   0.100000E+02  -0.295284E+00  -0.999900E+04  -0.999900E+04   0.742012E+00   0.125000E+01
   0.100000E+01   0.100000E+01   0.425565E+05   0.108000E+05   0.100000E+01   0.100000E+01   0.425565E+05   0.108000E+05   0.856121E+01  -0.999900E+04  -0.999900E+04   0.350000E+02   0.250000E+02   0.856121E+01  -0.999900E+04  -0.999900E+04   0.350000E+02   0.250000E+02   0.857940E+01   0.143000E+03   0.928864E+00   0.290029E+02   0.150000E+02  -0.181867E-01  -0.999900E+04  -0.999900E+04   0.599711E+01   0.100000E+02  -0.584284E+00  -0.999900E+04  -0.999900E+04   0.749639E+00   0.125000E+01
   0.100000E+01   0.100000E+01   0.428082E+05   0.108000E+05   0.100000E+01   0.100000E+01   0.428082E+05   0.108000E+05   0.868165E+01  -0.999900E+04  -0.999900E+04   0.350000E+02   0.250000E+02   0.868165E+01  -0.999900E+04  -0.999900E+04   0.350000E+02   0.250000E+02   0.868590E+01   0.143000E+03   0.927733E+00   0.289827E+02   0.150000E+02  -0.424942E-02  -0.999900E+04  -0.999900E+04   0.601730E+01   0.100000E+02  -0.136521E+00  -0.999900E+04  -0.999900E+04   0.752163E+00   0.125000E+01
   0.100000E+01   0.100000E+01   0.430600E+05   0.108000E+05   0.100000E+01   0.100000E+01   0.430600E+05   0.108000E+05   0.873166E+01  -0.999900E+04  -0.999900E+04   0.350000E+02   0.250000E+02   0.873166E+01  -0.999900E+04  -0.999900E+04   0.350000E+02   0.250000E+02   0.879195E+01   0.143000E+03   0.926804E+00   0.290089E+02   0.150000E+02  -0.602889E-01  -0.999900E+04  -0.999900E+04   0.599114E+01   0.100000E+02  -0.193690E+01  -0.999900E+04  -0.999900E+04   0.748892E+00   0.125000E+01
   0.100000E+01   0.100000E+01   0.433118E+05   0.108000E+05   0.100000E+01   0.100000E+01   0.433118E+05   0.108000E+05   0.889612E+01  -0.999900E+04  -0.999900E+04   0.350000E+02   0.250000E+02   0.889612E+01  -0.999900E+04  -0.999900E+04   0.350000E+02   0.250000E+02   0.889729E+01   0.143000E+03   0.926199E+00   0.290862E+02   0.150000E+02  -0.117408E-02  -0.999900E+04  -0.999900E+04   0.591381E+01   0.100000E+02  -0.377196E-01  -0.999900E+04  -0.999900E+04   0.739225E+00   0.125000E+01
   0.100000E+01   0.100000E+01   0.435635E+05   0.108000E+05   0.100000E+01   0.100000E+01   0.435635E+05   0.108000E+05   0.894794E+01  -0.999900E+04  -0.999900E+04   0.350000E+02   0.250000E+02   0.894794E+01  -0.999900E+04  -0.999900E+04   0.350000E+02   0.250000E+02   0.900214E+01   0.143000E+03   0.925817E+00   0.290862E+02   0.150000E+02  -0.541996E-01  -0.999900E+04  -0.999900E+04   0.591381E+01   0.100000E+02  -0.174127E+01  -0.999900E+04  -0.999900E+04   0.739225E+00   0.125000E+01
   0.100000E+01   0.100000E+01   0.438153E+05   0.108000E+05   0.100000E+01   0.100000E+01   0.438153E+05   0.108000E+05   0.908263E+01  -0.999900E+04  -0.999900E+04   0.350000E+02   0.250000E+02   0.908263E+01  -0.999900E+04  -0.999900E+04   0.350000E+02   0.250000E+02   0.910641E+01   0.143000E+03   0.925698E+00   0.292187E+02   0.150000E+02  -0.237764E-01  -0.999900E+04  -0.999900E+04   0.578135E+01   0.100000E+02  -0.763863E+00  -0.999900E+04  -0.999900E+04   0.722668E+00   0.125000E+01
   0.100000E+01   0.100000E+01   0.440671E+05   0.108000E+05   0.100000E+01   0.100000E+01   0.440671E+05   0.108000E+05   0.919731E+01  -0.999900E+04  -0.999900E+04   0.350000E+02   0.250000E+02   0.919731E+01  -0.999900E+04  -0.999900E+04   0.350000E+02   0.250000E+02   0.920954E+01   0.143000E+03   0.926088E+00   0.294093E+02   0.150000E+02  -0.122350E-01  -0.999900E+04  -0.999900E+04   0.559073E+01   0.100000E+02  -0.393073E+00  -0.999900E+04  -0.999900E+04   0.698841E+00   0.125000E+01
   0.100000E+01   0.100000E+01   0.443188E+05   0.108000E+05   0.100000E+01   0.100000E+01   0.443188E+05   0.108000E+05   0.928755E+01  -0.999900E+04  -0.999900E+04   0.350000E+02   0.250000E+02   0.928755E+01  -0.999900E+04  -0.999900E+04   0.350000E+02   0.250000E+02   0.931134E+01   0.143000E+03   0.927127E+00   0.296601E+02   0.150000E+02  -0.237879E-01  -0.999900E+04  -0.999900E+04   0.533991E+01   0.100000E+02  -0.764233E+00  -0.999900E+04  -0.999900E+04   0.667488E+00   0.125000E+01
   0.100000E+01   0.100000E+01   0.445706E+05   0.108000E+05   0.100000E+01   0.100000E+01   0.445706E+05   0.108000E+05   0.934640E+01  -0.999900E+04  -0.999900E+04   0.350000E+02   0.250000E+02   0.934640E+01  -0.999900E+04  -0.999900E+04   0.350000E+02   0.250000E+02   0.941165E+01   0.143000E+03   0.928795E+00   0.299721E+02   0.150000E+02  -0.652544E-01  -0.999900E+04  -0.999900E+04   0.502792E+01   0.100000E+02  -0.209642E+01  -0.999900E+04  -0.999900E+04   0.628490E+00   0.125000E+01
   0.100000E+01   0.100000E+01   0.448224E+05   0.108000E+05   0.100000E+01   0.100000E+01   0.448224E+05   0.108000E+05   0.948981E+01  -0.999900E+04  -0.999900E+04   0.350000E+02   0.250000E+02   0.948981E+01  -0.999900E+04  -0.999900E+04   0.350000E+02   0.250000E+02   0.951032E+01   0.143000E+03   0.931219E+00   0.303451E+02   0.150000E+02  -0.205067E-01  -0.999900E+04  -0.999900E+04   0.465493E+01   0.100000E+02  -0.658817E+00  -0.999900E+04  -0.999900E+04   0.581866E+00   0.125000E+01
   0.100000E+01   0.100000E+01   0.450741E+05   0.108000E+05   0.100000E+01   0.100000E+01   0.450741E+05   0.108000E+05   0.960141E+01  -0.999900E+04  -0.999900E+04   0.350000E+02   0.250000E+02   0.960141E+01  -0.999900E+04  -0.999900E+04   0.350000E+02   0.250000E+02   0.960726E+01   0.143000E+03   0.934444E+00   0.307777E+02   0.150000E+02  -0.585673E-02  -0.999900E+04  -0.999900E+04   0.422226E+01   0.100000E+02  -0.188159E+00  -0.999900E+04  -0.999900E+04   0.527782E+00   0.125000E+01
   0.100000E+01   0.100000E+01   0.453259E+05   0.108000E+05   0.100000E+01   0.100000E+01   0.453259E+05   0.108000E+05   0.972164E+01  -0.999900E+04  -0.999900E+04   0.350000E+02   0.250000E+02   0.972164E+01  -0.999900E+04  -0.999900E+04   0.350000E+02   0.250000E+02   0.970394E+01   0.143000E+03   0.937815E+00   0.307777E+02   0.150000E+02   0.176999E-01  -0.999900E+04  -0.999900E+04   0.422226E+01   0.100000E+02   0.568643E+00  -0.999900E+04  -0.999900E+04   0.527782E+00   0.125000E+01
   0.100000E+01   0.100000E+01   0.455776E+05   0.108000E+05   0.100000E+01   0.100000E+01   0.455776E+05   0.108000E+05   0.981330E+01  -0.999900E+04  -0.999900E+04   0.350000E+02   0.250000E+02   0.981330E+01  -0.999900E+04  -0.999900E+04   0.350000E+02   0.250000E+02   0.980025E+01   0.143000E+03   0.941385E+00   0.312676E+02   0.150000E+02   0.130561E-01  -0.999900E+04  -0.999900E+04   0.373242E+01   0.100000E+02   0.419452E+00  -0.999900E+04  -0.999900E+04   0.466552E+00   0.125000E+01
   0.100000E+01   0.100000E+01   0.458294E+05   0.108000E+05   0.100000E+01   0.100000E+01   0.458294E+05   0.108000E+05   0.991912E+01  -0.999900E+04  -0.999900E+04   0.350000E+02   0.250000E+02   0.991912E+01  -0.999900E+04  -0.999900E+04   0.350000E+02   0.250000E+02   0.989465E+01   0.143000E+03   0.945876E+00   0.318109E+02   0.150000E+02   0.244740E-01  -0.999900E+04  -0.999900E+04   0.318912E+01   0.100000E+02   0.786275E+00  -0.999900E+04  -0.999900E+04   0.398640E+00   0.125000E+01
   0.100000E+01   0.100000E+01   0.460812E+05   0.108000E+05   0.100000E+01   0.100000E+01   0.460812E+05   0.108000E+05   0.100372E+02  -0.999900E+04  -0.999900E+04   0.350000E+02   0.250000E+02   0.100372E+02  -0.999900E+04  -0.999900E+04   0.350000E+02   0.250000E+02   0.998722E+01   0.143000E+03   0.951276E+00   0.324027E+02   0.150000E+02   0.499627E-01  -0.999900E+04  -0.999900E+04   0.259729E+01   0.100000E+02   0.160515E+01  -0.999900E+04  -0.999900E+04   0.324662E+00   0.125000E+01
   0.100000E+01   0.100000E+01   0.463329E+05   0.108000E+05   0.100000E+01   0.100000E+01   0.463329E+05   0.108000E+05   0.100949E+02  -0.999900E+04  -0.999900E+04   0.350000E+02   0.250000E+02   0.100949E+02  -0.999900E+04  -0.999900E+04   0.350000E+02   0.250000E+02   0.100781E+02   0.143000E+03   0.957621E+00   0.330370E+02   0.150000E+02   0.167970E-01  -0.999900E+04  -0.999900E+04   0.196301E+01   0.100000E+02   0.539635E+00  -0.999900E+04  -0.999900E+04   0.245376E+00   0.125000E+01
   0.100000E+01   0.100000E+01   0.465847E+05   0.108000E+05   0.100000E+01   0.100000E+01   0.465847E+05   0.108000E+05   0.102010E+02  -0.999900E+04  -0.999900E+04   0.350000E+02   0.250000E+02   0.102010E+02  -0.999900E+04  -0.999900E+04   0.350000E+02   0.250000E+02   0.101673E+02   0.143000E+03   0.964781E+00   0.337065E+02   0.150000E+02   0.337277E-01  -0.999900E+04  -0.999900E+04   0.129348E+01   0.100000E+02   0.108357E+01  -0.999900E+04  -0.999900E+04   0.161685E+00   0.125000E+01
   0.100000E+01   0.100000E+01   0.468365E+05   0.108000E+05   0.100000E+01   0.100000E+01   0.468365E+05   0.108000E+05   0.103203E+02  -0.999900E+04  -0.999900E+04   0.350000E+02   0.250000E+02   0.103203E+02  -0.999900E+04  -0.999900E+04   0.350000E+02   0.250000E+02   0.102552E+02   0.143000E+03   0.972745E+00   0.344030E+02   0.150000E+02   0.651061E-01  -0.999900E+04  -0.999900E+04   0.596975E+00   0.100000E+02   0.209166E+01  -0.999900E+04  -0.999900E+04   0.746219E-01   0.125000E+01
   0.100000E+01   0.100000E+01   0.470882E+05   0.108000E+05   0.100000E+01   0.100000E+01   0.470882E+05   0.108000E+05   0.104104E+02  -0.999900E+04  -0.999900E+04   0.350000E+02   0.250000E+02   0.104104E+02  -0.999900E+04  -0.999900E+04   0.350000E+02   0.250000E+02   0.103436E+02   0.143000E+03   0.980558E+00   0.344030E+02   0.150000E+02   0.667966E-01  -0.999900E+04  -0.999900E+04   0.596975E+00   0.100000E+02   0.214597E+01  -0.999900E+04  -0.999900E+04   0.746219E-01   0.125000E+01
   0.100000E+01   0.100000E+01   0.473400E+05   0.108000E+05   0.100000E+01   0.100000E+01   0.473400E+05   0.108000E+05   0.104979E+02  -0.999900E+04  -0.999900E+04   0.350000E+02   0.250000E+02   0.104979E+02  -0.999900E+04  -0.999900E+04   0.350000E+02   0.250000E+02   0.104325E+02   0.143000E+03   0.988258E+00   0.351173E+02   0.150000E+02   0.654010E-01  -0.999900E+04  -0.999900E+04  -0.117254E+00   0.100000E+02   0.210113E+01  -0.999900E+04  -0.999900E+04  -0.146568E-01   0.125000E+01
   0.100000E+01   0.100000E+01   0.475918E+05   0.108000E+05   0.100000E+01   0.100000E+01   0.475918E+05   0.108000E+05   0.105064E+02  -0.999900E+04  -0.999900E+04   0.350000E+02   0.250000E+02   0.105064E+02  -0.999900E+04  -0.999900E+04   0.350000E+02   0.250000E+02   0.105200E+02   0.143000E+03   0.996786E+00   0.358391E+02   0.150000E+02  -0.135293E-01  -0.999900E+04  -0.999900E+04  -0.839098E+00   0.100000E+02  -0.434655E+00  -0.999900E+04  -0.999900E+04  -0.104887E+00   0.125000E+01
   0.100000E+01   0.100000E+01   0.478435E+05   0.108000E+05   0.100000E+01   0.100000E+01   0.478435E+05   0.108000E+05   0.105760E+02  -0.999900E+04  -0.999900E+04   0.350000E+02   0.250000E+02   0.105760E+02  -0.999900E+04  -0.999900E+04   0.350000E+02   0.250000E+02   0.106064E+02   0.143000E+03   0.100602E+01   0.365577E+02   0.150000E+02  -0.304251E-01  -0.999900E+04  -0.999900E+04  -0.155771E+01   0.100000E+02  -0.977465E+00  -0.999900E+04  -0.999900E+04  -0.194714E+00   0.125000E+01
   0.100000E+01   0.100000E+01   0.480953E+05   0.108000E+05   0.100000E+01   0.100000E+01   0.480953E+05   0.108000E+05   0.106913E+02  -0.999900E+04  -0.999900E+04   0.350000E+02   0.250000E+02   0.106913E+02  -0.999900E+04  -0.999900E+04   0.350000E+02   0.250000E+02   0.106922E+02   0.143000E+03   0.101584E+01   0.372617E+02   0.150000E+02  -0.899790E-03  -0.999900E+04  -0.999900E+04  -0.226168E+01   0.100000E+02  -0.289075E-01  -0.999900E+04  -0.999900E+04  -0.282710E+00   0.125000E+01
   0.100000E+01   0.100000E+01   0.483471E+05   0.108000E+05   0.100000E+01   0.100000E+01   0.483471E+05   0.108000E+05   0.107399E+02  -0.999900E+04  -0.999900E+04   0.350000E+02   0.250000E+02   0.107399E+02  -0.999900E+04  -0.999900E+04   0.350000E+02   0.250000E+02   0.107774E+02   0.143000E+03   0.102611E+01   0.379392E+02   0.150000E+02  -0.375301E-01  -0.999900E+04  -0.999900E+04  -0.293920E+01   0.100000E+02  -0.120573E+01  -0.999900E+04  -0.999900E+04  -0.367400E+00   0.125000E+01
   0.100000E+01   0.100000E+01   0.485988E+05   0.108000E+05   0.100000E+01   0.100000E+01   0.485988E+05   0.108000E+05   0.108262E+02  -0.999900E+04  -0.999900E+04   0.350000E+02   0.250000E+02   0.108262E+02  -0.999900E+04  -0.999900E+04   0.350000E+02   0.250000E+02   0.108625E+02   0.143000E+03   0.103675E+01   0.385783E+02   0.150000E+02  -0.362372E-01  -0.999900E+04  -0.999900E+04  -0.357830E+01   0.100000E+02  -0.116419E+01  -0.999900E+04  -0.999900E+04  -0.447287E+00   0.125000E+01
   0.100000E+01   0.100000E+01   0.488506E+05   0.108000E+05   0.100000E+01   0.100000E+01   0.488506E+05   0.108000E+05   0.109318E+02  -0.999900E+04  -0.999900E+04   0.350000E+02   0.250000E+02   0.109318E+02  -0.999900E+04  -0.999900E+04   0.350000E+02   0.250000E+02   0.109490E+02   0.143000E+03   0.104673E+01   0.385783E+02   0.150000E+02  -0.172003E-01  -0.999900E+04  -0.999900E+04  -0.357830E+01   0.100000E+02  -0.552594E+00  -0.999900E+04  -0.999900E+04  -0.447287E+00   0.125000E+01
   0.100000E+01   0.100000E+01   0.491024E+05   0.108000E+05   0.100000E+01   0.100000E+01   0.491024E+05   0.108000E+05   0.109893E+02  -0.999900E+04  -0.999900E+04   0.350000E+02   0.250000E+02   0.109893E+02  -0.999900E+04  -0.999900E+04   0.350000E+02   0.250000E+02   0.110369E+02   0.143000E+03   0.105609E+01   0.391671E+02   0.150000E+02  -0.475789E-01  -0.999900E+04  -0.999900E+04  -0.416707E+01   0.100000E+02  -0.152856E+01  -0.999900E+04  -0.999900E+04  -0.520884E+00   0.125000E+01
   0.100000E+01   0.100000E+01   0.493541E+05   0.108000E+05   0.100000E+01   0.100000E+01   0.493541E+05   0.108000E+05   0.110771E+02  -0.999900E+04  -0.999900E+04   0.350000E+02   0.250000E+02   0.110771E+02  -0.999900E+04  -0.999900E+04   0.350000E+02   0.250000E+02   0.111248E+02   0.143000E+03   0.106559E+01   0.396940E+02   0.150000E+02  -0.476689E-01  -0.999900E+04  -0.999900E+04  -0.469396E+01   0.100000E+02  -0.153145E+01  -0.999900E+04  -0.999900E+04  -0.586745E+00   0.125000E+01
   0.100000E+01   0.100000E+01   0.496059E+05   0.108000E+05   0.100000E+01   0.100000E+01   0.496059E+05   0.108000E+05   0.111817E+02  -0.999900E+04  -0.999900E+04   0.350000E+02   0.250000E+02   0.111817E+02  -0.999900E+04  -0.999900E+04   0.350000E+02   0.250000E+02   0.112131E+02   0.143000E+03   0.107503E+01   0.401481E+02   0.150000E+02  -0.314535E-01  -0.999900E+04  -0.999900E+04  -0.514805E+01   0.100000E+02  -0.101051E+01  -0.999900E+04  -0.999900E+04  -0.643506E+00   0.125000E+01
   0.100000E+01   0.100000E+01   0.498576E+05   0.108000E+05   0.100000E+01   0.100000E+01   0.498576E+05   0.108000E+05   0.112730E+02  -0.999900E+04  -0.999900E+04   0.350000E+02   0.250000E+02   0.112730E+02  -0.999900E+04  -0.999900E+04   0.350000E+02   0.250000E+02   0.113021E+02   0.143000E+03   0.108420E+01   0.405194E+02   0.150000E+02  -0.290882E-01  -0.999900E+04  -0.999900E+04  -0.551942E+01   0.100000E+02  -0.934516E+00  -0.999900E+04  -0.999900E+04  -0.689927E+00   0.125000E+01
   0.100000E+01   0.100000E+01   0.501094E+05   0.108000E+05   0.100000E+01   0.100000E+01   0.501094E+05   0.108000E+05   0.113621E+02  -0.999900E+04  -0.999900E+04   0.350000E+02   0.250000E+02   0.113621E+02  -0.999900E+04  -0.999900E+04   0.350000E+02   0.250000E+02   0.113922E+02   0.143000E+03   0.109288E+01   0.407995E+02   0.150000E+02  -0.301023E-01  -0.999900E+04  -0.999900E+04  -0.579949E+01   0.100000E+02  -0.967094E+00  -0.999900E+04  -0.999900E+04  -0.724936E+00   0.125000E+01
   0.100000E+01   0.100000E+01   0.503612E+05   0.108000E+05   0.100000E+01   0.100000E+01   0.503612E+05   0.108000E+05   0.114989E+02  -0.999900E+04  -0.999900E+04   0.350000E+02   0.250000E+02   0.114989E+02  -0.999900E+04  -0.999900E+04   0.350000E+02   0.250000E+02   0.114836E+02   0.143000E+03   0.110085E+01   0.409815E+02   0.150000E+02   0.153473E-01  -0.999900E+04  -0.999900E+04  -0.598146E+01   0.100000E+02   0.493062E+00  -0.999900E+04  -0.999900E+04  -0.747682E+00   0.125000E+01
   0.100000E+01   0.100000E+01   0.506129E+05   0.108000E+05   0.100000E+01   0.100000E+01   0.506129E+05   0.108000E+05   0.115639E+02  -0.999900E+04  -0.999900E+04   0.350000E+02   0.250000E+02   0.115639E+02  -0.999900E+04  -0.999900E+04   0.350000E+02   0.250000E+02   0.115767E+02   0.143000E+03   0.110787E+01   0.409815E+02   0.150000E+02  -0.128200E-01  -0.999900E+04  -0.999900E+04  -0.598146E+01   0.100000E+02  -0.411868E+00  -0.999900E+04  -0.999900E+04  -0.747682E+00   0.125000E+01
   0.100000E+01   0.100000E+01   0.508647E+05   0.108000E+05   0.100000E+01   0.100000E+01   0.508647E+05   0.108000E+05   0.116775E+02  -0.999900E+04  -0.999900E+04   0.350000E+02   0.250000E+02   0.116775E+02  -0.999900E+04  -0.999900E+04   0.350000E+02   0.250000E+02   0.116716E+02   0.143000E+03   0.111377E+01   0.410607E+02   0.150000E+02   0.589617E-02  -0.999900E+04  -0.999900E+04  -0.606072E+01   0.100000E+02   0.189426E+00  -0.999900E+04  -0.999900E+04  -0.757589E+00   0.125000E+01
   0.100000E+01   0.100000E+01   0.511165E+05   0.108000E+05   0.100000E+01   0.100000E+01   0.511165E+05   0.108000E+05   0.117799E+02  -0.999900E+04  -0.999900E+04   0.350000E+02   0.250000E+02   0.117799E+02  -0.999900E+04  -0.999900E+04   0.350000E+02   0.250000E+02   0.117680E+02   0.143000E+03   0.111874E+01   0.410354E+02   0.150000E+02   0.118616E-01  -0.999900E+04  -0.999900E+04  -0.603535E+01   0.100000E+02   0.381078E+00  -0.999900E+04  -0.999900E+04  -0.754419E+00   0.125000E+01
   0.100000E+01   0.100000E+01   0.513682E+05   0.108000E+05   0.100000E+01   0.100000E+01   0.513682E+05   0.108000E+05   0.118313E+02  -0.999900E+04  -0.999900E+04   0.350000E+02   0.250000E+02   0.118313E+02  -0.999900E+04  -0.999900E+04   0.350000E+02   0.250000E+02   0.118662E+02   0.143000E+03   0.112260E+01   0.409066E+02   0.150000E+02  -0.349034E-01  -0.999900E+04  -0.999900E+04  -0.590664E+01   0.100000E+02  -0.112134E+01  -0.999900E+04  -0.999900E+04  -0.738330E+00   0.125000E+01
   0.100000E+01   0.100000E+01   0.516200E+05   0.108000E+05   0.100000E+01   0.100000E+01   0.516200E+05   0.108000E+05   0.119882E+02  -0.999900E+04  -0.999900E+04   0.350000E+02   0.250000E+02   0.119882E+02  -0.999900E+04  -0.999900E+04   0.350000E+02   0.250000E+02   0.119663E+02   0.143000E+03   0.112518E+01   0.406796E+02   0.150000E+02   0.219145E-01  -0.999900E+04  -0.999900E+04  -0.567963E+01   0.100000E+02   0.704047E+00  -0.999900E+04  -0.999900E+04  -0.709954E+00   0.125000E+01
   0.100000E+01   0.100000E+01   0.518718E+05   0.108000E+05   0.100000E+01   0.100000E+01   0.518718E+05   0.108000E+05   0.121193E+02  -0.999900E+04  -0.999900E+04   0.350000E+02   0.250000E+02   0.121193E+02  -0.999900E+04  -0.999900E+04   0.350000E+02   0.250000E+02   0.120685E+02   0.143000E+03   0.112638E+01   0.403637E+02   0.150000E+02   0.508199E-01  -0.999900E+04  -0.999900E+04  -0.536373E+01   0.100000E+02   0.163269E+01  -0.999900E+04  -0.999900E+04  -0.670466E+00   0.125000E+01
   0.100000E+01   0.100000E+01   0.521235E+05   0.108000E+05   0.100000E+01   0.100000E+01   0.521235E+05   0.108000E+05   0.121840E+02  -0.999900E+04  -0.999900E+04   0.350000E+02   0.250000E+02   0.121840E+02  -0.999900E+04  -0.999900E+04   0.350000E+02   0.250000E+02   0.121728E+02   0.143000E+03   0.112617E+01   0.399733E+02   0.150000E+02   0.111674E-01  -0.999900E+04  -0.999900E+04  -0.497333E+01   0.100000E+02   0.358775E+00  -0.999900E+04  -0.999900E+04  -0.621667E+00   0.125000E+01
   0.100000E+01   0.100000E+01   0.523753E+05   0.108000E+05   0.100000E+01   0.100000E+01   0.523753E+05   0.108000E+05   0.122678E+02  -0.999900E+04  -0.999900E+04   0.350000E+02   0.250000E+02   0.122678E+02  -0.999900E+04  -0.999900E+04   0.350000E+02   0.250000E+02   0.122781E+02   0.143000E+03   0.112533E+01   0.399733E+02   0.150000E+02  -0.102806E-01  -0.999900E+04  -0.999900E+04  -0.497333E+01   0.100000E+02  -0.330285E+00  -0.999900E+04  -0.999900E+04  -0.621667E+00   0.125000E+01
   0.100000E+01   0.100000E+01   0.526271E+05   0.108000E+05   0.100000E+01   0.100000E+01   0.526271E+05   0.108000E+05   0.124230E+02  -0.999900E+04  -0.999900E+04   0.350000E+02   0.250000E+02   0.124230E+02  -0.999900E+04  -0.999900E+04   0.350000E+02   0.250000E+02   0.123842E+02   0.143000E+03   0.112391E+01   0.395285E+02   0.150000E+02   0.388046E-01  -0.999900E+04  -0.999900E+04  -0.452854E+01   0.100000E+02   0.124667E+01  -0.999900E+04  -0.999900E+04  -0.566067E+00   0.125000E+01
   0.100000E+01   0.100000E+01   0.528788E+05   0.108000E+05   0.100000E+01   0.100000E+01   0.528788E+05   0.108000E+05   0.125000E+02  -0.999900E+04  -0.999900E+04   0.350000E+02   0.250000E+02   0.125000E+02  -0.999900E+04  -0.999900E+04   0.350000E+02   0.250000E+02   0.124923E+02   0.143000E+03   0.112125E+01   0.390558E+02   0.150000E+02   0.767828E-02  -0.999900E+04  -0.999900E+04  -0.405585E+01   0.100000E+02   0.246680E+00  -0.999900E+04  -0.999900E+04  -0.506981E+00   0.125000E+01
   0.100000E+01   0.100000E+01   0.531306E+05   0.108000E+05   0.100000E+01   0.100000E+01   0.531306E+05   0.108000E+05   0.126223E+02  -0.999900E+04  -0.999900E+04   0.350000E+02   0.250000E+02   0.126223E+02  -0.999900E+04  -0.999900E+04   0.350000E+02   0.250000E+02   0.126022E+02   0.143000E+03   0.111742E+01   0.385890E+02   0.150000E+02   0.200986E-01  -0.999900E+04  -0.999900E+04  -0.358895E+01   0.100000E+02   0.645705E+00  -0.999900E+04  -0.999900E+04  -0.448619E+00   0.125000E+01
   0.100000E+01   0.100000E+01   0.533824E+05   0.108000E+05   0.100000E+01   0.100000E+01   0.533824E+05   0.108000E+05   0.127058E+02  -0.999900E+04  -0.999900E+04   0.350000E+02   0.250000E+02   0.127058E+02  -0.999900E+04  -0.999900E+04   0.350000E+02   0.250000E+02   0.127132E+02   0.143000E+03   0.111279E+01   0.381696E+02   0.150000E+02  -0.742505E-02  -0.999900E+04  -0.999900E+04  -0.316958E+01   0.100000E+02  -0.238544E+00  -0.999900E+04  -0.999900E+04  -0.396197E+00   0.125000E+01
   0.100000E+01   0.100000E+01   0.536341E+05   0.108000E+05   0.100000E+01   0.100000E+01   0.536341E+05   0.108000E+05   0.128194E+02  -0.999900E+04  -0.999900E+04   0.350000E+02   0.250000E+02   0.128194E+02  -0.999900E+04  -0.999900E+04   0.350000E+02   0.250000E+02   0.128249E+02   0.143000E+03   0.110780E+01   0.378483E+02   0.150000E+02  -0.555794E-02  -0.999900E+04  -0.999900E+04  -0.284830E+01   0.100000E+02  -0.178559E+00  -0.999900E+04  -0.999900E+04  -0.356037E+00   0.125000E+01
   0.100000E+01   0.100000E+01   0.538859E+05   0.108000E+05   0.100000E+01   0.100000E+01   0.538859E+05   0.108000E+05   0.129439E+02  -0.999900E+04  -0.999900E+04   0.350000E+02   0.250000E+02   0.129439E+02  -0.999900E+04  -0.999900E+04   0.350000E+02   0.250000E+02   0.129364E+02   0.143000E+03   0.110300E+01   0.376855E+02   0.150000E+02   0.748358E-02  -0.999900E+04  -0.999900E+04  -0.268553E+01   0.100000E+02   0.240424E+00  -0.999900E+04  -0.999900E+04  -0.335691E+00   0.125000E+01
   0.100000E+01   0.100000E+01   0.541376E+05   0.108000E+05   0.100000E+01   0.100000E+01   0.541376E+05   0.108000E+05   0.130279E+02  -0.999900E+04  -0.999900E+04   0.350000E+02   0.250000E+02   0.130279E+02  -0.999900E+04  -0.999900E+04   0.350000E+02   0.250000E+02   0.130468E+02   0.143000E+03   0.109893E+01   0.376855E+02   0.150000E+02  -0.188680E-01  -0.999900E+04  -0.999900E+04  -0.268553E+01   0.100000E+02  -0.606171E+00  -0.999900E+04  -0.999900E+04  -0.335691E+00   0.125000E+01
   0.100000E+01   0.100000E+01   0.543894E+05   0.108000E+05   0.100000E+01   0.100000E+01   0.543894E+05   0.108000E+05   0.131247E+02  -0.999900E+04  -0.999900E+04   0.350000E+02   0.250000E+02   0.131247E+02  -0.999900E+04  -0.999900E+04   0.350000E+02   0.250000E+02   0.131558E+02   0.143000E+03   0.109579E+01   0.377524E+02   0.150000E+02  -0.310889E-01  -0.999900E+04  -0.999900E+04  -0.275242E+01   0.100000E+02  -0.998792E+00  -0.999900E+04  -0.999900E+04  -0.344052E+00   0.125000E+01
   0.100000E+01   0.100000E+01   0.546412E+05   0.108000E+05   0.100000E+01   0.100000E+01   0.546412E+05   0.108000E+05   0.132023E+02  -0.999900E+04  -0.999900E+04   0.350000E+02   0.250000E+02   0.132023E+02  -0.999900E+04  -0.999900E+04   0.350000E+02   0.250000E+02   0.132625E+02   0.143000E+03   0.109405E+01   0.381320E+02   0.150000E+02  -0.602656E-01  -0.999900E+04  -0.999900E+04  -0.313195E+01   0.100000E+02  -0.193615E+01  -0.999900E+04  -0.999900E+04  -0.391494E+00   0.125000E+01
   0.100000E+01   0.100000E+01   0.548929E+05   0.108000E+05   0.100000E+01   0.100000E+01   0.548929E+05   0.108000E+05   0.133375E+02  -0.999900E+04  -0.999900E+04   0.350000E+02   0.250000E+02   0.133375E+02  -0.999900E+04  -0.999900E+04   0.350000E+02   0.250000E+02   0.133657E+02   0.143000E+03   0.109465E+01   0.389200E+02   0.150000E+02  -0.281472E-01  -0.999900E+04  -0.999900E+04  -0.391996E+01   0.100000E+02  -0.904284E+00  -0.999900E+04  -0.999900E+04  -0.489995E+00   0.125000E+01
   0.100000E+01   0.100000E+01   0.551447E+05   0.108000E+05   0.100000E+01   0.100000E+01   0.551447E+05   0.108000E+05   0.134166E+02  -0.999900E+04  -0.999900E+04   0.350000E+02   0.250000E+02   0.134166E+02  -0.999900E+04  -0.999900E+04   0.350000E+02   0.250000E+02   0.134637E+02   0.143000E+03   0.109841E+01   0.402263E+02   0.150000E+02  -0.471656E-01  -0.999900E+04  -0.999900E+04  -0.522628E+01   0.100000E+02  -0.151529E+01  -0.999900E+04  -0.999900E+04  -0.653285E+00   0.125000E+01
   0.100000E+01   0.100000E+01   0.553965E+05   0.108000E+05   0.100000E+01   0.100000E+01   0.553965E+05   0.108000E+05   0.135854E+02  -0.999900E+04  -0.999900E+04   0.350000E+02   0.250000E+02   0.135854E+02  -0.999900E+04  -0.999900E+04   0.350000E+02   0.250000E+02   0.135553E+02   0.143000E+03   0.110632E+01   0.421759E+02   0.150000E+02   0.300304E-01  -0.999900E+04  -0.999900E+04  -0.717594E+01   0.100000E+02   0.964785E+00  -0.999900E+04  -0.999900E+04  -0.896992E+00   0.125000E+01
   0.100000E+01   0.100000E+01   0.556482E+05   0.108000E+05   0.100000E+01   0.100000E+01   0.556482E+05   0.108000E+05   0.136434E+02  -0.999900E+04  -0.999900E+04   0.350000E+02   0.250000E+02   0.136434E+02  -0.999900E+04  -0.999900E+04   0.350000E+02   0.250000E+02   0.136393E+02   0.143000E+03   0.111932E+01   0.449104E+02   0.150000E+02   0.402341E-02  -0.999900E+04  -0.999900E+04  -0.991039E+01   0.100000E+02   0.129260E+00  -0.999900E+04  -0.999900E+04  -0.123880E+01   0.125000E+01
   0.200000E+01   0.300000E+01   0.453684E+03   0.108000E+05   0.200000E+01   0.300000E+01   0.453684E+03   0.108000E+05   0.676959E+01  -0.999900E+04  -0.999900E+04   0.350000E+02   0.250000E+02   0.676959E+01  -0.999900E+04  -0.999900E+04   0.350000E+02   0.250000E+02   0.678346E+01   0.199988E+02   0.975412E-01   0.106204E+02   0.150000E+02  -0.138761E-01  -0.999900E+04  -0.999900E+04   0.243796E+02   0.100000E+02  -0.445797E+00  -0.999900E+04  -0.999900E+04   0.304745E+01   0.125000E+01
   0.200000E+01   0.300000E+01   0.705368E+03   0.108000E+05   0.200000E+01   0.300000E+01   0.705368E+03   0.108000E+05   0.674242E+01  -0.999900E+04  -0.999900E+04   0.350000E+02   0.250000E+02   0.674242E+01  -0.999900E+04  -0.999900E+04   0.350000E+02   0.250000E+02   0.678695E+01   0.199989E+02   0.104356E+00   0.177188E+02   0.150000E+02  -0.445271E-01  -0.999900E+04  -0.999900E+04   0.172812E+02   0.100000E+02  -0.143052E+01  -0.999900E+04  -0.999900E+04   0.216015E+01   0.125000E+01
   0.200000E+01   0.300000E+01   0.957053E+03   0.108000E+05   0.200000E+01   0.300000E+01   0.957053E+03   0.108000E+05   0.675721E+01  -0.999900E+04  -0.999900E+04   0.350000E+02   0.250000E+02   0.675721E+01  -0.999900E+04  -0.999900E+04   0.350000E+02   0.250000E+02   0.678875E+01   0.199990E+02   0.112259E+00   0.232199E+02   0.150000E+02  -0.315407E-01  -0.999900E+04  -0.999900E+04   0.117801E+02   0.100000E+02  -0.101331E+01  -0.999900E+04  -0.999900E+04   0.147252E+01   0.125000E+01
   0.200000E+01   0.300000E+01   0.120874E+04   0.108000E+05   0.200000E+01   0.300000E+01   0.120874E+04   0.108000E+05   0.678597E+01  -0.999900E+04  -0.999900E+04   0.350000E+02   0.250000E+02   0.678597E+01  -0.999900E+04  -0.999900E+04   0.350000E+02   0.250000E+02   0.679004E+01   0.199991E+02   0.121480E+00   0.303559E+02   0.150000E+02  -0.407201E-02  -0.999900E+04  -0.999900E+04   0.464406E+01   0.100000E+02  -0.130821E+00  -0.999900E+04  -0.999900E+04   0.580507E+00   0.125000E+01
   0.200000E+01   0.300000E+01   0.146042E+04   0.108000E+05   0.200000E+01   0.300000E+01   0.146042E+04   0.108000E+05   0.677622E+01  -0.999900E+04  -0.999900E+04   0.350000E+02   0.250000E+02   0.677622E+01  -0.999900E+04  -0.999900E+04   0.350000E+02   0.250000E+02   0.679120E+01   0.199992E+02   0.132359E+00   0.323935E+02   0.150000E+02  -0.149780E-01  -0.999900E+04  -0.999900E+04   0.260646E+01   0.100000E+02  -0.481197E+00  -0.999900E+04  -0.999900E+04   0.325808E+00   0.125000E+01
   0.200000E+01   0.300000E+01   0.171211E+04   0.108000E+05   0.200000E+01   0.300000E+01   0.171211E+04   0.108000E+05   0.680128E+01  -0.999900E+04  -0.999900E+04   0.350000E+02   0.250000E+02   0.680128E+01  -0.999900E+04  -0.999900E+04   0.350000E+02   0.250000E+02   0.679257E+01   0.199993E+02   0.145363E+00   0.336425E+02   0.150000E+02   0.870490E-02  -0.999900E+04  -0.999900E+04   0.135745E+01   0.100000E+02   0.279662E+00  -0.999900E+04  -0.999900E+04   0.169682E+00   0.125000E+01
   0.200000E+01   0.300000E+01   0.196379E+04   0.108000E+05   0.200000E+01   0.300000E+01   0.196379E+04   0.108000E+05   0.678793E+01  -0.999900E+04  -0.999900E+04   0.350000E+02   0.250000E+02   0.678793E+01  -0.999900E+04  -0.999900E+04   0.350000E+02   0.250000E+02   0.679436E+01   0.199994E+02   0.161169E+00   0.343516E+02   0.150000E+02  -0.642796E-02  -0.999900E+04  -0.999900E+04   0.648449E+00   0.100000E+02  -0.206511E+00  -0.999900E+04  -0.999900E+04   0.810561E-01   0.125000E+01
   0.200000E+01   0.300000E+01   0.221547E+04   0.108000E+05   0.200000E+01   0.300000E+01   0.221547E+04   0.108000E+05   0.675273E+01  -0.999900E+04  -0.999900E+04   0.350000E+02   0.250000E+02   0.675273E+01  -0.999900E+04  -0.999900E+04   0.350000E+02   0.250000E+02   0.679689E+01   0.199995E+02   0.180756E+00   0.340559E+02   0.150000E+02  -0.441662E-01  -0.999900E+04  -0.999900E+04   0.944051E+00   0.100000E+02  -0.141892E+01  -0.999900E+04  -0.999900E+04   0.118006E+00   0.125000E+01
   0.200000E+01   0.300000E+01   0.246716E+04   0.108000E+05   0.200000E+01   0.300000E+01   0.246716E+04   0.108000E+05   0.680004E+01  -0.999900E+04  -0.999900E+04   0.350000E+02   0.250000E+02   0.680004E+01  -0.999900E+04  -0.999900E+04   0.350000E+02   0.250000E+02   0.680080E+01   0.199996E+02   0.205584E+00   0.334634E+02   0.150000E+02  -0.766469E-03  -0.999900E+04  -0.999900E+04   0.153656E+01   0.100000E+02  -0.246243E-01  -0.999900E+04  -0.999900E+04   0.192070E+00   0.125000E+01
   0.200000E+01   0.300000E+01   0.271884E+04   0.108000E+05   0.200000E+01   0.300000E+01   0.271884E+04   0.108000E+05   0.686410E+01  -0.999900E+04  -0.999900E+04   0.350000E+02   0.250000E+02   0.686410E+01  -0.999900E+04  -0.999900E+04   0.350000E+02   0.250000E+02   0.680755E+01   0.199997E+02   0.237829E+00   0.317133E+02   0.150000E+02   0.565437E-01  -0.999900E+04  -0.999900E+04   0.328673E+01   0.100000E+02   0.181657E+01  -0.999900E+04  -0.999900E+04   0.410841E+00   0.125000E+01
   0.200000E+01   0.300000E+01   0.297053E+04   0.108000E+05   0.200000E+01   0.300000E+01   0.297053E+04   0.108000E+05   0.682958E+01  -0.999900E+04  -0.999900E+04   0.350000E+02   0.250000E+02   0.682958E+01  -0.999900E+04  -0.999900E+04   0.350000E+02   0.250000E+02   0.681999E+01   0.199998E+02   0.280694E+00   0.306878E+02   0.150000E+02   0.958882E-02  -0.999900E+04  -0.999900E+04   0.431221E+01   0.100000E+02   0.308059E+00  -0.999900E+04  -0.999900E+04   0.539027E+00   0.125000E+01
   0.200000E+01   0.300000E+01   0.322221E+04   0.108000E+05   0.200000E+01   0.300000E+01   0.322221E+04   0.108000E+05   0.686177E+01  -0.999900E+04  -0.999900E+04   0.350000E+02   0.250000E+02   0.686177E+01  -0.999900E+04  -0.999900E+04   0.350000E+02   0.250000E+02   0.684421E+01   0.199998E+02   0.338240E+00   0.296321E+02   0.150000E+02   0.175530E-01  -0.999900E+04  -0.999900E+04   0.536793E+01   0.100000E+02   0.563922E+00  -0.999900E+04  -0.999900E+04   0.670991E+00   0.125000E+01
   0.200000E+01   0.300000E+01   0.347389E+04   0.108000E+05   0.200000E+01   0.300000E+01   0.347389E+04   0.108000E+05   0.693719E+01  -0.999900E+04  -0.999900E+04   0.350000E+02   0.250000E+02   0.693719E+01  -0.999900E+04  -0.999900E+04   0.350000E+02   0.250000E+02   0.689407E+01   0.199999E+02   0.411763E+00   0.285867E+02   0.150000E+02   0.431275E-01  -0.999900E+04  -0.999900E+04   0.641331E+01   0.100000E+02   0.138555E+01  -0.999900E+04  -0.999900E+04   0.801663E+00   0.125000E+01
   0.200000E+01   0.300000E+01   0.372558E+04   0.108000E+05   0.200000E+01   0.300000E+01   0.372558E+04   0.108000E+05   0.709004E+01  -0.999900E+04  -0.999900E+04   0.350000E+02   0.250000E+02   0.709004E+01  -0.999900E+04  -0.999900E+04   0.350000E+02   0.250000E+02   0.699683E+01   0.200000E+02   0.484919E+00   0.266485E+02   0.150000E+02   0.932071E-01  -0.999900E+04  -0.999900E+04   0.835150E+01   0.100000E+02   0.299446E+01  -0.999900E+04  -0.999900E+04   0.104394E+01   0.125000E+01
   0.200000E+01   0.300000E+01   0.397726E+04   0.108000E+05   0.200000E+01   0.300000E+01   0.397726E+04   0.108000E+05   0.718757E+01  -0.999900E+04  -0.999900E+04   0.350000E+02   0.250000E+02   0.718757E+01  -0.999900E+04  -0.999900E+04   0.350000E+02   0.250000E+02   0.716691E+01   0.200000E+02   0.525961E+00   0.257988E+02   0.150000E+02   0.206630E-01  -0.999900E+04  -0.999900E+04   0.920121E+01   0.100000E+02   0.663839E+00  -0.999900E+04  -0.999900E+04   0.115015E+01   0.125000E+01
   0.200000E+01   0.300000E+01   0.422895E+04   0.108000E+05   0.200000E+01   0.300000E+01   0.422895E+04   0.108000E+05   0.742759E+01  -0.999900E+04  -0.999900E+04   0.350000E+02   0.250000E+02   0.742759E+01  -0.999900E+04  -0.999900E+04   0.350000E+02   0.250000E+02   0.738013E+01   0.200000E+02   0.534175E+00   0.250474E+02   0.150000E+02   0.474526E-01  -0.999900E+04  -0.999900E+04   0.995264E+01   0.100000E+02   0.152450E+01  -0.999900E+04  -0.999900E+04   0.124408E+01   0.125000E+01
   0.200000E+01   0.300000E+01   0.448063E+04   0.108000E+05   0.200000E+01   0.300000E+01   0.448063E+04   0.108000E+05   0.760842E+01  -0.999900E+04  -0.999900E+04   0.350000E+02   0.250000E+02   0.760842E+01  -0.999900E+04  -0.999900E+04   0.350000E+02   0.250000E+02   0.761179E+01   0.200000E+02   0.526573E+00   0.238656E+02   0.150000E+02  -0.336574E-02  -0.999900E+04  -0.999900E+04   0.111344E+02   0.100000E+02  -0.108131E+00  -0.999900E+04  -0.999900E+04   0.139180E+01   0.125000E+01
   0.200000E+01   0.300000E+01   0.473232E+04   0.108000E+05   0.200000E+01   0.300000E+01   0.473232E+04   0.108000E+05   0.783655E+01  -0.999900E+04  -0.999900E+04   0.350000E+02   0.250000E+02   0.783655E+01  -0.999900E+04  -0.999900E+04   0.350000E+02   0.250000E+02   0.784623E+01   0.200000E+02   0.516898E+00   0.234385E+02   0.150000E+02  -0.968163E-02  -0.999900E+04  -0.999900E+04   0.115615E+02   0.100000E+02  -0.311041E+00  -0.999900E+04  -0.999900E+04   0.144519E+01   0.125000E+01
   0.200000E+01   0.300000E+01   0.498400E+04   0.108000E+05   0.200000E+01   0.300000E+01   0.498400E+04   0.108000E+05   0.805821E+01  -0.999900E+04  -0.999900E+04   0.350000E+02   0.250000E+02   0.805821E+01  -0.999900E+04  -0.999900E+04   0.350000E+02   0.250000E+02   0.807637E+01   0.200000E+02   0.510987E+00   0.231173E+02   0.150000E+02  -0.181539E-01  -0.999900E+04  -0.999900E+04   0.118827E+02   0.100000E+02  -0.583228E+00  -0.999900E+04  -0.999900E+04   0.148534E+01   0.125000E+01
   0.200000E+01   0.300000E+01   0.523568E+04   0.108000E+05   0.200000E+01   0.300000E+01   0.523568E+04   0.108000E+05   0.830934E+01  -0.999900E+04  -0.999900E+04   0.350000E+02   0.250000E+02   0.830934E+01  -0.999900E+04  -0.999900E+04   0.350000E+02   0.250000E+02   0.830522E+01   0.200000E+02   0.506284E+00   0.227684E+02   0.150000E+02   0.412075E-02  -0.999900E+04  -0.999900E+04   0.122316E+02   0.100000E+02   0.132387E+00  -0.999900E+04  -0.999900E+04   0.152895E+01   0.125000E+01
   0.200000E+01   0.300000E+01   0.548737E+04   0.108000E+05   0.200000E+01   0.300000E+01   0.548737E+04   0.108000E+05   0.852786E+01  -0.999900E+04  -0.999900E+04   0.350000E+02   0.250000E+02   0.852786E+01  -0.999900E+04  -0.999900E+04   0.350000E+02   0.250000E+02   0.853212E+01   0.200000E+02   0.503099E+00   0.227243E+02   0.150000E+02  -0.426009E-02  -0.999900E+04  -0.999900E+04   0.122757E+02   0.100000E+02  -0.136864E+00  -0.999900E+04  -0.999900E+04   0.153446E+01   0.125000E+01
   0.200000E+01   0.300000E+01   0.573905E+04   0.108000E+05   0.200000E+01   0.300000E+01   0.573905E+04   0.108000E+05   0.876235E+01  -0.999900E+04  -0.999900E+04   0.350000E+02   0.250000E+02   0.876235E+01  -0.999900E+04  -0.999900E+04   0.350000E+02   0.250000E+02   0.875608E+01   0.200000E+02   0.502203E+00   0.227541E+02   0.150000E+02   0.627180E-02  -0.999900E+04  -0.999900E+04   0.122459E+02   0.100000E+02   0.201494E+00  -0.999900E+04  -0.999900E+04   0.153074E+01   0.125000E+01
   0.200000E+01   0.300000E+01   0.599074E+04   0.108000E+05   0.200000E+01   0.300000E+01   0.599074E+04   0.108000E+05   0.898489E+01  -0.999900E+04  -0.999900E+04   0.350000E+02   0.250000E+02   0.898489E+01  -0.999900E+04  -0.999900E+04   0.350000E+02   0.250000E+02   0.897835E+01   0.200000E+02   0.502613E+00   0.228471E+02   0.150000E+02   0.654207E-02  -0.999900E+04  -0.999900E+04   0.121529E+02   0.100000E+02   0.210177E+00  -0.999900E+04  -0.999900E+04   0.151911E+01   0.125000E+01
   0.200000E+01   0.300000E+01   0.624242E+04   0.108000E+05   0.200000E+01   0.300000E+01   0.624242E+04   0.108000E+05   0.923509E+01  -0.999900E+04  -0.999900E+04   0.350000E+02   0.250000E+02   0.923509E+01  -0.999900E+04  -0.999900E+04   0.350000E+02   0.250000E+02   0.919829E+01   0.200000E+02   0.504825E+00   0.231792E+02   0.150000E+02   0.368003E-01  -0.999900E+04  -0.999900E+04   0.118208E+02   0.100000E+02   0.118228E+01  -0.999900E+04  -0.999900E+04   0.147760E+01   0.125000E+01
   0.200000E+01   0.300000E+01   0.649411E+04   0.108000E+05   0.200000E+01   0.300000E+01   0.649411E+04   0.108000E+05   0.940561E+01  -0.999900E+04  -0.999900E+04   0.350000E+02   0.250000E+02   0.940561E+01  -0.999900E+04  -0.999900E+04   0.350000E+02   0.250000E+02   0.941689E+01   0.199999E+02   0.508110E+00   0.233966E+02   0.150000E+02  -0.112825E-01  -0.999900E+04  -0.999900E+04   0.116034E+02   0.100000E+02  -0.362474E+00  -0.999900E+04  -0.999900E+04   0.145043E+01   0.125000E+01
   0.200000E+01   0.300000E+01   0.674579E+04   0.108000E+05   0.200000E+01   0.300000E+01   0.674579E+04   0.108000E+05   0.956327E+01  -0.999900E+04  -0.999900E+04   0.350000E+02   0.250000E+02   0.956327E+01  -0.999900E+04  -0.999900E+04   0.350000E+02   0.250000E+02   0.963582E+01   0.199999E+02   0.511177E+00   0.236343E+02   0.150000E+02  -0.725548E-01  -0.999900E+04  -0.999900E+04   0.113657E+02   0.100000E+02  -0.233096E+01  -0.999900E+04  -0.999900E+04   0.142071E+01   0.125000E+01
   0.200000E+01   0.300000E+01   0.699747E+04   0.108000E+05   0.200000E+01   0.300000E+01   0.699747E+04   0.108000E+05   0.983592E+01  -0.999900E+04  -0.999900E+04   0.350000E+02   0.250000E+02   0.983592E+01  -0.999900E+04  -0.999900E+04   0.350000E+02   0.250000E+02   0.985322E+01   0.199999E+02   0.515524E+00   0.241332E+02   0.150000E+02  -0.173033E-01  -0.999900E+04  -0.999900E+04   0.108668E+02   0.100000E+02  -0.555903E+00  -0.999900E+04  -0.999900E+04   0.135835E+01   0.125000E+01
   0.200000E+01   0.300000E+01   0.724916E+04   0.108000E+05   0.200000E+01   0.300000E+01   0.724916E+04   0.108000E+05   0.100529E+02  -0.999900E+04  -0.999900E+04   0.350000E+02   0.250000E+02   0.100529E+02  -0.999900E+04  -0.999900E+04   0.350000E+02   0.250000E+02   0.100702E+02   0.199999E+02   0.520324E+00   0.243777E+02   0.150000E+02  -0.173046E-01  -0.999900E+04  -0.999900E+04   0.106223E+02   0.100000E+02  -0.555943E+00  -0.999900E+04  -0.999900E+04   0.132779E+01   0.125000E+01
   0.200000E+01   0.300000E+01   0.750084E+04   0.108000E+05   0.200000E+01   0.300000E+01   0.750084E+04   0.108000E+05   0.102877E+02  -0.999900E+04  -0.999900E+04   0.350000E+02   0.250000E+02   0.102877E+02  -0.999900E+04  -0.999900E+04   0.350000E+02   0.250000E+02   0.102887E+02   0.199999E+02   0.523893E+00   0.246094E+02   0.150000E+02  -0.101561E-02  -0.999900E+04  -0.999900E+04   0.103906E+02   0.100000E+02  -0.326284E-01  -0.999900E+04  -0.999900E+04   0.129883E+01   0.125000E+01
   0.200000E+01   0.300000E+01   0.775253E+04   0.108000E+05   0.200000E+01   0.300000E+01   0.775253E+04   0.108000E+05   0.105466E+02  -0.999900E+04  -0.999900E+04   0.350000E+02   0.250000E+02   0.105466E+02  -0.999900E+04  -0.999900E+04   0.350000E+02   0.250000E+02   0.105068E+02   0.199999E+02   0.527852E+00   0.250128E+02   0.150000E+02   0.398585E-01  -0.999900E+04  -0.999900E+04   0.998721E+01   0.100000E+02   0.128053E+01  -0.999900E+04  -0.999900E+04   0.124840E+01   0.125000E+01
   0.200000E+01   0.300000E+01   0.800421E+04   0.108000E+05   0.200000E+01   0.300000E+01   0.800421E+04   0.108000E+05   0.107264E+02  -0.999900E+04  -0.999900E+04   0.350000E+02   0.250000E+02   0.107264E+02  -0.999900E+04  -0.999900E+04   0.350000E+02   0.250000E+02   0.107252E+02   0.199998E+02   0.531621E+00   0.251765E+02   0.150000E+02   0.125290E-02  -0.999900E+04  -0.999900E+04   0.982352E+01   0.100000E+02   0.402518E-01  -0.999900E+04  -0.999900E+04   0.122794E+01   0.125000E+01
   0.200000E+01   0.300000E+01   0.825589E+04   0.108000E+05   0.200000E+01   0.300000E+01   0.825589E+04   0.108000E+05   0.109433E+02  -0.999900E+04  -0.999900E+04   0.350000E+02   0.250000E+02   0.109433E+02  -0.999900E+04  -0.999900E+04   0.350000E+02   0.250000E+02   0.109452E+02   0.199998E+02   0.533997E+00   0.253114E+02   0.150000E+02  -0.192705E-02  -0.999900E+04  -0.999900E+04   0.968855E+01   0.100000E+02  -0.619102E-01  -0.999900E+04  -0.999900E+04   0.121107E+01   0.125000E+01
   0.200000E+01   0.300000E+01   0.850758E+04   0.108000E+05   0.200000E+01   0.300000E+01   0.850758E+04   0.108000E+05   0.111986E+02  -0.999900E+04  -0.999900E+04   0.350000E+02   0.250000E+02   0.111986E+02  -0.999900E+04  -0.999900E+04   0.350000E+02   0.250000E+02   0.111660E+02   0.199998E+02   0.535734E+00   0.254166E+02   0.150000E+02   0.325225E-01  -0.999900E+04  -0.999900E+04   0.958340E+01   0.100000E+02   0.104485E+01  -0.999900E+04  -0.999900E+04   0.119792E+01   0.125000E+01
   0.200000E+01   0.300000E+01   0.875926E+04   0.108000E+05   0.200000E+01   0.300000E+01   0.875926E+04   0.108000E+05   0.114266E+02  -0.999900E+04  -0.999900E+04   0.350000E+02   0.250000E+02   0.114266E+02  -0.999900E+04  -0.999900E+04   0.350000E+02   0.250000E+02   0.113871E+02   0.199998E+02   0.537268E+00   0.255385E+02   0.150000E+02   0.394726E-01  -0.999900E+04  -0.999900E+04   0.946145E+01   0.100000E+02   0.126813E+01  -0.999900E+04  -0.999900E+04   0.118268E+01   0.125000E+01
   0.200000E+01   0.300000E+01   0.901095E+04   0.108000E+05   0.200000E+01   0.300000E+01   0.901095E+04   0.108000E+05   0.116258E+02  -0.999900E+04  -0.999900E+04   0.350000E+02   0.250000E+02   0.116258E+02  -0.999900E+04  -0.999900E+04   0.350000E+02   0.250000E+02   0.116087E+02   0.199998E+02   0.538309E+00   0.255584E+02   0.150000E+02   0.170549E-01  -0.999900E+04  -0.999900E+04   0.944156E+01   0.100000E+02   0.547922E+00  -0.999900E+04  -0.999900E+04   0.118019E+01   0.125000E+01
   0.200000E+01   0.300000E+01   0.926263E+04   0.108000E+05   0.200000E+01   0.300000E+01   0.926263E+04   0.108000E+05   0.118650E+02  -0.999900E+04  -0.999900E+04   0.350000E+02   0.250000E+02   0.118650E+02  -0.999900E+04  -0.999900E+04   0.350000E+02   0.250000E+02   0.118312E+02   0.199998E+02   0.538593E+00   0.255545E+02   0.150000E+02   0.337652E-01  -0.999900E+04  -0.999900E+04   0.944546E+01   0.100000E+02   0.108477E+01  -0.999900E+04  -0.999900E+04   0.118068E+01   0.125000E+01
   0.200000E+01   0.300000E+01   0.951432E+04   0.108000E+05   0.200000E+01   0.300000E+01   0.951432E+04   0.108000E+05   0.120899E+02  -0.999900E+04  -0.999900E+04   0.350000E+02   0.250000E+02   0.120899E+02  -0.999900E+04  -0.999900E+04   0.350000E+02   0.250000E+02   0.120543E+02   0.199998E+02   0.538309E+00   0.254909E+02   0.150000E+02   0.355857E-01  -0.999900E+04  -0.999900E+04   0.950914E+01   0.100000E+02   0.114326E+01  -0.999900E+04  -0.999900E+04   0.118864E+01   0.125000E+01
   0.200000E+01   0.300000E+01   0.976600E+04   0.108000E+05   0.200000E+01   0.300000E+01   0.976600E+04   0.108000E+05   0.123094E+02  -0.999900E+04  -0.999900E+04   0.350000E+02   0.250000E+02   0.123094E+02  -0.999900E+04  -0.999900E+04   0.350000E+02   0.250000E+02   0.122778E+02   0.199998E+02   0.537700E+00   0.254404E+02   0.150000E+02   0.316347E-01  -0.999900E+04  -0.999900E+04   0.955959E+01   0.100000E+02   0.101633E+01  -0.999900E+04  -0.999900E+04   0.119495E+01   0.125000E+01
   0.200000E+01   0.300000E+01   0.100177E+05   0.108000E+05   0.200000E+01   0.300000E+01   0.100177E+05   0.108000E+05   0.125088E+02  -0.999900E+04  -0.999900E+04   0.350000E+02   0.250000E+02   0.125088E+02  -0.999900E+04  -0.999900E+04   0.350000E+02   0.250000E+02   0.125014E+02   0.199998E+02   0.537019E+00   0.253846E+02   0.150000E+02   0.740401E-02  -0.999900E+04  -0.999900E+04   0.961542E+01   0.100000E+02   0.237868E+00  -0.999900E+04  -0.999900E+04   0.120193E+01   0.125000E+01
   0.200000E+01   0.300000E+01   0.102694E+05   0.108000E+05   0.200000E+01   0.300000E+01   0.102694E+05   0.108000E+05   0.127643E+02  -0.999900E+04  -0.999900E+04   0.350000E+02   0.250000E+02   0.127643E+02  -0.999900E+04  -0.999900E+04   0.350000E+02   0.250000E+02   0.127253E+02   0.199999E+02   0.536072E+00   0.252796E+02   0.150000E+02   0.390625E-01  -0.999900E+04  -0.999900E+04   0.972038E+01   0.100000E+02   0.125496E+01  -0.999900E+04  -0.999900E+04   0.121505E+01   0.125000E+01
   0.200000E+01   0.300000E+01   0.105211E+05   0.108000E+05   0.200000E+01   0.300000E+01   0.105211E+05   0.108000E+05   0.129119E+02  -0.999900E+04  -0.999900E+04   0.350000E+02   0.250000E+02   0.129119E+02  -0.999900E+04  -0.999900E+04   0.350000E+02   0.250000E+02   0.129491E+02   0.199999E+02   0.535167E+00   0.252422E+02   0.150000E+02  -0.371501E-01  -0.999900E+04  -0.999900E+04   0.975778E+01   0.100000E+02  -0.119352E+01  -0.999900E+04  -0.999900E+04   0.121972E+01   0.125000E+01
   0.200000E+01   0.300000E+01   0.107727E+05   0.108000E+05   0.200000E+01   0.300000E+01   0.107727E+05   0.108000E+05   0.132068E+02  -0.999900E+04  -0.999900E+04   0.350000E+02   0.250000E+02   0.132068E+02  -0.999900E+04  -0.999900E+04   0.350000E+02   0.250000E+02   0.131725E+02   0.199999E+02   0.534667E+00   0.252226E+02   0.150000E+02   0.343357E-01  -0.999900E+04  -0.999900E+04   0.977742E+01   0.100000E+02   0.110310E+01  -0.999900E+04  -0.999900E+04   0.122218E+01   0.125000E+01
   0.200000E+01   0.300000E+01   0.110244E+05   0.108000E+05   0.200000E+01   0.300000E+01   0.110244E+05   0.108000E+05   0.134243E+02  -0.999900E+04  -0.999900E+04   0.350000E+02   0.250000E+02   0.134243E+02  -0.999900E+04  -0.999900E+04   0.350000E+02   0.250000E+02   0.133953E+02   0.199999E+02   0.534654E+00   0.252583E+02   0.150000E+02   0.290601E-01  -0.999900E+04  -0.999900E+04   0.974167E+01   0.100000E+02   0.933610E+00  -0.999900E+04  -0.999900E+04   0.121771E+01   0.125000E+01
   0.200000E+01   0.300000E+01   0.112761E+05   0.108000E+05   0.200000E+01   0.300000E+01   0.112761E+05   0.108000E+05   0.136883E+02  -0.999900E+04  -0.999900E+04   0.350000E+02   0.250000E+02   0.136883E+02  -0.999900E+04  -0.999900E+04   0.350000E+02   0.250000E+02   0.136175E+02   0.199999E+02   0.535146E+00   0.253235E+02   0.150000E+02   0.708220E-01  -0.999900E+04  -0.999900E+04   0.967650E+01   0.100000E+02   0.227529E+01  -0.999900E+04  -0.999900E+04   0.120956E+01   0.125000E+01
   0.200000E+01   0.300000E+01   0.115278E+05   0.108000E+05   0.200000E+01   0.300000E+01   0.115278E+05   0.108000E+05   0.138664E+02  -0.999900E+04  -0.999900E+04   0.350000E+02   0.250000E+02   0.138664E+02  -0.999900E+04  -0.999900E+04   0.350000E+02   0.250000E+02   0.138392E+02   0.199999E+02   0.536098E+00   0.254258E+02   0.150000E+02   0.272006E-01  -0.999900E+04  -0.999900E+04   0.957424E+01   0.100000E+02   0.873871E+00  -0.999900E+04  -0.999900E+04   0.119678E+01   0.125000E+01
   0.200000E+01   0.300000E+01   0.117795E+05   0.108000E+05   0.200000E+01   0.300000E+01   0.117795E+05   0.108000E+05   0.140854E+02  -0.999900E+04  -0.999900E+04   0.350000E+02   0.250000E+02   0.140854E+02  -0.999900E+04  -0.999900E+04   0.350000E+02   0.250000E+02   0.140604E+02   0.199999E+02   0.537549E+00   0.255684E+02   0.150000E+02   0.250296E-01  -0.999900E+04  -0.999900E+04   0.943162E+01   0.100000E+02   0.804124E+00  -0.999900E+04  -0.999900E+04   0.117895E+01   0.125000E+01
   0.200000E+01   0.300000E+01   0.120312E+05   0.108000E+05   0.200000E+01   0.300000E+01   0.120312E+05   0.108000E+05   0.143353E+02  -0.999900E+04  -0.999900E+04   0.350000E+02   0.250000E+02   0.143353E+02  -0.999900E+04  -0.999900E+04   0.350000E+02   0.250000E+02   0.142798E+02   0.200000E+02   0.540576E+00   0.259835E+02   0.150000E+02   0.555751E-01  -0.999900E+04  -0.999900E+04   0.901651E+01   0.100000E+02   0.178546E+01  -0.999900E+04  -0.999900E+04   0.112706E+01   0.125000E+01
   0.200000E+01   0.300000E+01   0.122828E+05   0.108000E+05   0.200000E+01   0.300000E+01   0.122828E+05   0.108000E+05   0.145466E+02  -0.999900E+04  -0.999900E+04   0.350000E+02   0.250000E+02   0.145466E+02  -0.999900E+04  -0.999900E+04   0.350000E+02   0.250000E+02   0.144980E+02   0.200000E+02   0.544666E+00   0.262580E+02   0.150000E+02   0.485645E-01  -0.999900E+04  -0.999900E+04   0.874204E+01   0.100000E+02   0.156023E+01  -0.999900E+04  -0.999900E+04   0.109275E+01   0.125000E+01
   0.200000E+01   0.300000E+01   0.125345E+05   0.108000E+05   0.200000E+01   0.300000E+01   0.125345E+05   0.108000E+05   0.147184E+02  -0.999900E+04  -0.999900E+04   0.350000E+02   0.250000E+02   0.147184E+02  -0.999900E+04  -0.999900E+04   0.350000E+02   0.250000E+02   0.147166E+02   0.200000E+02   0.548537E+00   0.265766E+02   0.150000E+02   0.181349E-02  -0.999900E+04  -0.999900E+04   0.842341E+01   0.100000E+02   0.582619E-01  -0.999900E+04  -0.999900E+04   0.105293E+01   0.125000E+01
   0.200000E+01   0.300000E+01   0.127862E+05   0.108000E+05   0.200000E+01   0.300000E+01   0.127862E+05   0.108000E+05   0.148966E+02  -0.999900E+04  -0.999900E+04   0.350000E+02   0.250000E+02   0.148966E+02  -0.999900E+04  -0.999900E+04   0.350000E+02   0.250000E+02   0.149328E+02   0.200000E+02   0.554651E+00   0.273382E+02   0.150000E+02  -0.362102E-01  -0.999900E+04  -0.999900E+04   0.766176E+01   0.100000E+02  -0.116332E+01  -0.999900E+04  -0.999900E+04   0.957720E+00   0.125000E+01
   0.200000E+01   0.300000E+01   0.130379E+05   0.108000E+05   0.200000E+01   0.300000E+01   0.130379E+05   0.108000E+05   0.151120E+02  -0.999900E+04  -0.999900E+04   0.350000E+02   0.250000E+02   0.151120E+02  -0.999900E+04  -0.999900E+04   0.350000E+02   0.250000E+02   0.151480E+02   0.200000E+02   0.561851E+00   0.277743E+02   0.150000E+02  -0.360382E-01  -0.999900E+04  -0.999900E+04   0.722567E+01   0.100000E+02  -0.115780E+01  -0.999900E+04  -0.999900E+04   0.903209E+00   0.125000E+01
   0.200000E+01   0.300000E+01   0.132896E+05   0.108000E+05   0.200000E+01   0.300000E+01   0.132896E+05   0.108000E+05   0.153025E+02  -0.999900E+04  -0.999900E+04   0.350000E+02   0.250000E+02   0.153025E+02  -0.999900E+04  -0.999900E+04   0.350000E+02   0.250000E+02   0.153647E+02   0.200000E+02   0.567807E+00   0.282407E+02   0.150000E+02  -0.621873E-01  -0.999900E+04  -0.999900E+04   0.675932E+01   0.100000E+02  -0.199789E+01  -0.999900E+04  -0.999900E+04   0.844914E+00   0.125000E+01
   0.200000E+01   0.300000E+01   0.135413E+05   0.108000E+05   0.200000E+01   0.300000E+01   0.135413E+05   0.108000E+05   0.155827E+02  -0.999900E+04  -0.999900E+04   0.350000E+02   0.250000E+02   0.155827E+02  -0.999900E+04  -0.999900E+04   0.350000E+02   0.250000E+02   0.155791E+02   0.200000E+02   0.576173E+00   0.292378E+02   0.150000E+02   0.352615E-02  -0.999900E+04  -0.999900E+04   0.576218E+01   0.100000E+02   0.113284E+00  -0.999900E+04  -0.999900E+04   0.720273E+00   0.125000E+01
   0.200000E+01   0.300000E+01   0.137929E+05   0.108000E+05   0.200000E+01   0.300000E+01   0.137929E+05   0.108000E+05   0.157610E+02  -0.999900E+04  -0.999900E+04   0.350000E+02   0.250000E+02   0.157610E+02  -0.999900E+04  -0.999900E+04   0.350000E+02   0.250000E+02   0.157931E+02   0.200000E+02   0.585303E+00   0.297528E+02   0.150000E+02  -0.320517E-01  -0.999900E+04  -0.999900E+04   0.524717E+01   0.100000E+02  -0.102972E+01  -0.999900E+04  -0.999900E+04   0.655896E+00   0.125000E+01
   0.200000E+01   0.300000E+01   0.140446E+05   0.108000E+05   0.200000E+01   0.300000E+01   0.140446E+05   0.108000E+05   0.159899E+02  -0.999900E+04  -0.999900E+04   0.350000E+02   0.250000E+02   0.159899E+02  -0.999900E+04  -0.999900E+04   0.350000E+02   0.250000E+02   0.160094E+02   0.200000E+02   0.592130E+00   0.302668E+02   0.150000E+02  -0.195190E-01  -0.999900E+04  -0.999900E+04   0.473321E+01   0.100000E+02  -0.627084E+00  -0.999900E+04  -0.999900E+04   0.591652E+00   0.125000E+01
   0.200000E+01   0.300000E+01   0.142963E+05   0.108000E+05   0.200000E+01   0.300000E+01   0.142963E+05   0.108000E+05   0.162373E+02  -0.999900E+04  -0.999900E+04   0.350000E+02   0.250000E+02   0.162373E+02  -0.999900E+04  -0.999900E+04   0.350000E+02   0.250000E+02   0.162264E+02   0.200000E+02   0.598396E+00   0.307697E+02   0.150000E+02   0.108856E-01  -0.999900E+04  -0.999900E+04   0.423026E+01   0.100000E+02   0.349720E+00  -0.999900E+04  -0.999900E+04   0.528782E+00   0.125000E+01
   0.200000E+01   0.300000E+01   0.145480E+05   0.108000E+05   0.200000E+01   0.300000E+01   0.145480E+05   0.108000E+05   0.164329E+02  -0.999900E+04  -0.999900E+04   0.350000E+02   0.250000E+02   0.164329E+02  -0.999900E+04  -0.999900E+04   0.350000E+02   0.250000E+02   0.164419E+02   0.200000E+02   0.606486E+00   0.317004E+02   0.150000E+02  -0.899116E-02  -0.999900E+04  -0.999900E+04   0.329962E+01   0.100000E+02  -0.288858E+00  -0.999900E+04  -0.999900E+04   0.412452E+00   0.125000E+01
   0.200000E+01   0.300000E+01   0.147997E+05   0.108000E+05   0.200000E+01   0.300000E+01   0.147997E+05   0.108000E+05   0.166631E+02  -0.999900E+04  -0.999900E+04   0.350000E+02   0.250000E+02   0.166631E+02  -0.999900E+04  -0.999900E+04   0.350000E+02   0.250000E+02   0.166577E+02   0.200000E+02   0.614569E+00   0.321064E+02   0.150000E+02   0.543139E-02  -0.999900E+04  -0.999900E+04   0.289365E+01   0.100000E+02   0.174494E+00  -0.999900E+04  -0.999900E+04   0.361706E+00   0.125000E+01
   0.200000E+01   0.300000E+01   0.150514E+05   0.108000E+05   0.200000E+01   0.300000E+01   0.150514E+05   0.108000E+05   0.169268E+02  -0.999900E+04  -0.999900E+04   0.350000E+02   0.250000E+02   0.169268E+02  -0.999900E+04  -0.999900E+04   0.350000E+02   0.250000E+02   0.168762E+02   0.200000E+02   0.619555E+00   0.324584E+02   0.150000E+02   0.506072E-01  -0.999900E+04  -0.999900E+04   0.254157E+01   0.100000E+02   0.162585E+01  -0.999900E+04  -0.999900E+04   0.317696E+00   0.125000E+01
   0.200000E+01   0.300000E+01   0.153031E+05   0.108000E+05   0.200000E+01   0.300000E+01   0.153031E+05   0.108000E+05   0.170955E+02  -0.999900E+04  -0.999900E+04   0.350000E+02   0.250000E+02   0.170955E+02  -0.999900E+04  -0.999900E+04   0.350000E+02   0.250000E+02   0.170948E+02   0.200000E+02   0.624507E+00   0.329611E+02   0.150000E+02   0.695973E-03  -0.999900E+04  -0.999900E+04   0.203894E+01   0.100000E+02   0.223595E-01  -0.999900E+04  -0.999900E+04   0.254868E+00   0.125000E+01
   0.200000E+01   0.300000E+01   0.155547E+05   0.108000E+05   0.200000E+01   0.300000E+01   0.155547E+05   0.108000E+05   0.173285E+02  -0.999900E+04  -0.999900E+04   0.350000E+02   0.250000E+02   0.173285E+02  -0.999900E+04  -0.999900E+04   0.350000E+02   0.250000E+02   0.173144E+02   0.200000E+02   0.628362E+00   0.330943E+02   0.150000E+02   0.141089E-01  -0.999900E+04  -0.999900E+04   0.190573E+01   0.100000E+02   0.453276E+00  -0.999900E+04  -0.999900E+04   0.238216E+00   0.125000E+01
   0.200000E+01   0.300000E+01   0.158064E+05   0.108000E+05   0.200000E+01   0.300000E+01   0.158064E+05   0.108000E+05   0.175945E+02  -0.999900E+04  -0.999900E+04   0.350000E+02   0.250000E+02   0.175945E+02  -0.999900E+04  -0.999900E+04   0.350000E+02   0.250000E+02   0.175360E+02   0.200000E+02   0.629794E+00   0.331398E+02   0.150000E+02   0.585045E-01  -0.999900E+04  -0.999900E+04   0.186022E+01   0.100000E+02   0.187957E+01  -0.999900E+04  -0.999900E+04   0.232527E+00   0.125000E+01
   0.200000E+01   0.300000E+01   0.160581E+05   0.108000E+05   0.200000E+01   0.300000E+01   0.160581E+05   0.108000E+05   0.177712E+02  -0.999900E+04  -0.999900E+04   0.350000E+02   0.250000E+02   0.177712E+02  -0.999900E+04  -0.999900E+04   0.350000E+02   0.250000E+02   0.177592E+02   0.200000E+02   0.629282E+00   0.329541E+02   0.150000E+02   0.119911E-01  -0.999900E+04  -0.999900E+04   0.204590E+01   0.100000E+02   0.385238E+00  -0.999900E+04  -0.999900E+04   0.255737E+00   0.125000E+01
   0.200000E+01   0.300000E+01   0.163098E+05   0.108000E+05   0.200000E+01   0.300000E+01   0.163098E+05   0.108000E+05   0.179887E+02  -0.999900E+04  -0.999900E+04   0.350000E+02   0.250000E+02   0.179887E+02  -0.999900E+04  -0.999900E+04   0.350000E+02   0.250000E+02   0.179838E+02   0.200000E+02   0.627112E+00   0.327236E+02   0.150000E+02   0.490968E-02  -0.999900E+04  -0.999900E+04   0.227641E+01   0.100000E+02   0.157733E+00  -0.999900E+04  -0.999900E+04   0.284551E+00   0.125000E+01
   0.200000E+01   0.300000E+01   0.165615E+05   0.108000E+05   0.200000E+01   0.300000E+01   0.165615E+05   0.108000E+05   0.182318E+02  -0.999900E+04  -0.999900E+04   0.350000E+02   0.250000E+02   0.182318E+02  -0.999900E+04  -0.999900E+04   0.350000E+02   0.250000E+02   0.182091E+02   0.200000E+02   0.624121E+00   0.324079E+02   0.150000E+02   0.226899E-01  -0.999900E+04  -0.999900E+04   0.259205E+01   0.100000E+02   0.728957E+00  -0.999900E+04  -0.999900E+04   0.324006E+00   0.125000E+01
   0.200000E+01   0.300000E+01   0.168132E+05   0.108000E+05   0.200000E+01   0.300000E+01   0.168132E+05   0.108000E+05   0.184635E+02  -0.999900E+04  -0.999900E+04   0.350000E+02   0.250000E+02   0.184635E+02  -0.999900E+04  -0.999900E+04   0.350000E+02   0.250000E+02   0.184352E+02   0.200000E+02   0.620213E+00   0.320178E+02   0.150000E+02   0.282587E-01  -0.999900E+04  -0.999900E+04   0.298218E+01   0.100000E+02   0.907866E+00  -0.999900E+04  -0.999900E+04   0.372772E+00   0.125000E+01
   0.200000E+01   0.300000E+01   0.170648E+05   0.108000E+05   0.200000E+01   0.300000E+01   0.170648E+05   0.108000E+05   0.186547E+02  -0.999900E+04  -0.999900E+04   0.350000E+02   0.250000E+02   0.186547E+02  -0.999900E+04  -0.999900E+04   0.350000E+02   0.250000E+02   0.186643E+02   0.200000E+02   0.612943E+00   0.310845E+02   0.150000E+02  -0.963145E-02  -0.999900E+04  -0.999900E+04   0.391549E+01   0.100000E+02  -0.309429E+00  -0.999900E+04  -0.999900E+04   0.489436E+00   0.125000E+01
   0.200000E+01   0.300000E+01   0.173165E+05   0.108000E+05   0.200000E+01   0.300000E+01   0.173165E+05   0.108000E+05   0.188903E+02  -0.999900E+04  -0.999900E+04   0.350000E+02   0.250000E+02   0.188903E+02  -0.999900E+04  -0.999900E+04   0.350000E+02   0.250000E+02   0.188943E+02   0.200000E+02   0.604793E+00   0.305929E+02   0.150000E+02  -0.398465E-02  -0.999900E+04  -0.999900E+04   0.440711E+01   0.100000E+02  -0.128015E+00  -0.999900E+04  -0.999900E+04   0.550889E+00   0.125000E+01
   0.200000E+01   0.300000E+01   0.175682E+05   0.108000E+05   0.200000E+01   0.300000E+01   0.175682E+05   0.108000E+05   0.191135E+02  -0.999900E+04  -0.999900E+04   0.350000E+02   0.250000E+02   0.191135E+02  -0.999900E+04  -0.999900E+04   0.350000E+02   0.250000E+02   0.191225E+02   0.200000E+02   0.598860E+00   0.301317E+02   0.150000E+02  -0.899516E-02  -0.999900E+04  -0.999900E+04   0.486834E+01   0.100000E+02  -0.288987E+00  -0.999900E+04  -0.999900E+04   0.608542E+00   0.125000E+01
   0.200000E+01   0.300000E+01   0.178199E+05   0.108000E+05   0.200000E+01   0.300000E+01   0.178199E+05   0.108000E+05   0.193153E+02  -0.999900E+04  -0.999900E+04   0.350000E+02   0.250000E+02   0.193153E+02  -0.999900E+04  -0.999900E+04   0.350000E+02   0.250000E+02   0.193512E+02   0.200000E+02   0.592469E+00   0.294952E+02   0.150000E+02  -0.359144E-01  -0.999900E+04  -0.999900E+04   0.550476E+01   0.100000E+02  -0.115382E+01  -0.999900E+04  -0.999900E+04   0.688095E+00   0.125000E+01
   0.200000E+01   0.300000E+01   0.180716E+05   0.108000E+05   0.200000E+01   0.300000E+01   0.180716E+05   0.108000E+05   0.195627E+02  -0.999900E+04  -0.999900E+04   0.350000E+02   0.250000E+02   0.195627E+02  -0.999900E+04  -0.999900E+04   0.350000E+02   0.250000E+02   0.195782E+02   0.200000E+02   0.588027E+00   0.294435E+02   0.150000E+02  -0.154971E-01  -0.999900E+04  -0.999900E+04   0.555651E+01   0.100000E+02  -0.497873E+00  -0.999900E+04  -0.999900E+04   0.694563E+00   0.125000E+01
   0.200000E+01   0.300000E+01   0.183233E+05   0.108000E+05   0.200000E+01   0.300000E+01   0.183233E+05   0.108000E+05   0.198273E+02  -0.999900E+04  -0.999900E+04   0.350000E+02   0.250000E+02   0.198273E+02  -0.999900E+04  -0.999900E+04   0.350000E+02   0.250000E+02   0.198009E+02   0.200000E+02   0.588143E+00   0.296713E+02   0.150000E+02   0.264286E-01  -0.999900E+04  -0.999900E+04   0.532869E+01   0.100000E+02   0.849069E+00  -0.999900E+04  -0.999900E+04   0.666085E+00   0.125000E+01
   0.200000E+01   0.300000E+01   0.185749E+05   0.108000E+05   0.200000E+01   0.300000E+01   0.185749E+05   0.108000E+05   0.200299E+02  -0.999900E+04  -0.999900E+04   0.350000E+02   0.250000E+02   0.200299E+02  -0.999900E+04  -0.999900E+04   0.350000E+02   0.250000E+02   0.200151E+02   0.200000E+02   0.597344E+00   0.313523E+02   0.150000E+02   0.148615E-01  -0.999900E+04  -0.999900E+04   0.364769E+01   0.100000E+02   0.477453E+00  -0.999900E+04  -0.999900E+04   0.455961E+00   0.125000E+01
   0.200000E+01   0.300000E+01   0.188266E+05   0.108000E+05   0.200000E+01   0.300000E+01   0.188266E+05   0.108000E+05   0.202123E+02  -0.999900E+04  -0.999900E+04   0.350000E+02   0.250000E+02   0.202123E+02  -0.999900E+04  -0.999900E+04   0.350000E+02   0.250000E+02   0.202217E+02   0.200000E+02   0.615447E+00   0.330371E+02   0.150000E+02  -0.939898E-02  -0.999900E+04  -0.999900E+04   0.196291E+01   0.100000E+02  -0.301960E+00  -0.999900E+04  -0.999900E+04   0.245363E+00   0.125000E+01
   0.200000E+01   0.300000E+01   0.190783E+05   0.108000E+05   0.200000E+01   0.300000E+01   0.190783E+05   0.108000E+05   0.204622E+02  -0.999900E+04  -0.999900E+04   0.350000E+02   0.250000E+02   0.204622E+02  -0.999900E+04  -0.999900E+04   0.350000E+02   0.250000E+02   0.204254E+02   0.200000E+02   0.638461E+00   0.354675E+02   0.150000E+02   0.368350E-01  -0.999900E+04  -0.999900E+04  -0.467483E+00   0.100000E+02   0.118340E+01  -0.999900E+04  -0.999900E+04  -0.584354E-01   0.125000E+01
