"P0" "P1" "P2" "P3"
1 -1 1 -1
1 -0.992729035385361 0.978266406545724 -0.956769753276494
1 -0.982515061283845 0.948003768474395 -0.897369926943997
1 -0.972301087182328 0.918054106203906 -0.839507617802212
1 -0.962087113080812 0.888417419734256 -0.783166842217515
1 -0.951873138979295 0.859093709065444 -0.728331616556286
1 -0.941659164877779 0.830082974197473 -0.674985957184906
1 -0.931445190776262 0.801385215130341 -0.623113880469752
1 -0.921231216674746 0.773000431864048 -0.572699402777204
1 -0.911132654709969 0.745244071718254 -0.524271912645887
1 -0.901034092745193 0.71779365443373 -0.477238195171459
1 -0.890935530780417 0.690649180010475 -0.431582802439209
1 -0.880836968815641 0.663810648448489 -0.387290286534426
1 -0.870738406850864 0.637278059747772 -0.344345199542399
1 -0.860639844886088 0.611051413908325 -0.302732093548418
1 -0.850541282921312 0.585130710930147 -0.26243552063777
1 -0.840442720956536 0.559515950813238 -0.223440032895745
1 -0.83034415899176 0.534207133557599 -0.185730182407632
1 -0.820245597026983 0.509204259163228 -0.149290521258719
1 -0.810147035062207 0.484507327630128 -0.114105601534298
1 -0.800048473097431 0.460116338958296 -0.0801599753196542
1 -0.789949911132655 0.436031293147734 -0.0474381947000782
1 -0.779851349167878 0.41225219019844 -0.0159248117608587
1 -0.769752787203102 0.388779030110417 0.0143956214127149
1 -0.759654225238326 0.365611812883662 0.0435385527353538
1 -0.74955566327355 0.342750538518177 0.0715194301217692
1 -0.739457101308774 0.320195207013961 0.0983537014866721
1 -0.729358539343997 0.297945818371014 0.124056814744774
1 -0.719259977379221 0.276002372589337 0.148644217810785
1 -0.709161415414445 0.254364869668929 0.172131358599416
1 -0.699062853449669 0.23303330960979 0.19453368502538
1 -0.688964291484893 0.21200769241192 0.215866645003386
1 -0.678865729520116 0.19128801807532 0.236145686448146
1 -0.66876716755534 0.170874286599989 0.25538625727437
1 -0.658668605590564 0.150766497985927 0.273603805396771
1 -0.648570043625788 0.130964652233134 0.290813778730058
1 -0.638471481661012 0.111468749341611 0.307031625188944
1 -0.628372919696235 0.0922787893113571 0.322272792688138
1 -0.618274357731459 0.0733947721423724 0.336552729142353
1 -0.608175795766683 0.054816697834657 0.349886882466298
1 -0.598077233801907 0.0365445663882108 0.362290700574686
1 -0.58797867183713 0.018578377803034 0.373779631382226
1 -0.577880109872354 0.000918132079126388 0.384369122803631
1 -0.567781547907578 -0.0164361707835119 0.394074622753612
1 -0.557682985942802 -0.033484530784881 0.402911579146878
1 -0.547584423978026 -0.050226947924981 0.410895439898142
1 -0.537485862013249 -0.0666634222038113 0.418041652922114
1 -0.527387300048473 -0.0827939536213725 0.424365666133506
1 -0.517288738083697 -0.0986185421776646 0.429882927447028
1 -0.507190176118921 -0.114137187872687 0.434608884777391
1 -0.497091614154144 -0.129349890706441 0.438558986039308
1 -0.486993052189368 -0.144256650678925 0.441748679147487
1 -0.476894490224592 -0.15885746779014 0.444193412016642
1 -0.466795928259816 -0.173152342040085 0.445908632561482
1 -0.45669736629504 -0.187141273428762 0.446909788696719
1 -0.446598804330263 -0.200824261956169 0.447212328337063
1 -0.436500242365487 -0.214201307622306 0.446831699397227
1 -0.426401680400711 -0.227272410427175 0.44578334979192
1 -0.416303118435935 -0.240037570370774 0.444082727435854
1 -0.406204556471158 -0.252496787453104 0.44174528024374
1 -0.396105994506382 -0.264650061674165 0.438786456130289
1 -0.386007432541606 -0.276497393033956 0.435221703010212
1 -0.37590887057683 -0.288038781532478 0.43106646879822
1 -0.365810308612054 -0.299274227169731 0.426336201409024
1 -0.355711746647277 -0.310203729945715 0.421046348757336
1 -0.345613184682501 -0.320827289860429 0.415212358757865
1 -0.335514622717725 -0.331144906913874 0.408849679325324
1 -0.325416060752949 -0.34115658110605 0.401973758374423
1 -0.315317498788173 -0.350862312436956 0.394600043819874
1 -0.305218936823396 -0.360262100906593 0.386743983576387
1 -0.29512037485862 -0.369355946514961 0.378421025558673
1 -0.285021812893844 -0.37814384926206 0.369646617681444
1 -0.274923250929068 -0.386625809147889 0.36043620785941
1 -0.264824688964291 -0.394801826172449 0.350805244007283
1 -0.254726126999515 -0.40267190033574 0.340769174039773
1 -0.244627565034739 -0.410236031637762 0.330343445871593
1 -0.234529003069963 -0.417494220078514 0.319543507417451
1 -0.224430441105187 -0.424446465657997 0.308384806592061
1 -0.21433187914041 -0.431092768376211 0.296882791310132
1 -0.204233317175634 -0.437433128233155 0.285052909486376
1 -0.194134755210858 -0.44346754522883 0.272910609035504
1 -0.184036193246082 -0.449196019363236 0.260471337872227
1 -0.173937631281306 -0.454618550636373 0.247750543911255
1 -0.163839069316529 -0.45973513904824 0.234763675067301
1 -0.153740507351753 -0.464545784598838 0.221526179255075
1 -0.143641945386977 -0.469050487288167 0.208053504389288
1 -0.133543383422201 -0.473249247116227 0.194361098384651
1 -0.123444821457425 -0.477142064083017 0.180464409155875
1 -0.113346259492648 -0.480728938188538 0.166378884617671
1 -0.103247697527872 -0.48400986943279 0.152119972684751
1 -0.0931491355630959 -0.486984857815772 0.137703121271824
1 -0.0830505735983197 -0.489653903337485 0.123143778293604
1 -0.0729520116335434 -0.492017005997929 0.108457391664799
1 -0.0628534496687673 -0.494074165797104 0.0936594093001222
1 -0.0527548877039909 -0.495825382735009 0.0787652791142835
1 -0.0426563257392147 -0.497270656811645 0.0637904490219945
1 -0.0325577637744386 -0.498409988027012 0.0487503669379662
1 -0.0224592018096624 -0.499243376381109 0.0336604807769093
1 -0.0123606398448861 -0.499770821873938 0.0185362384535349
1 -0.00226207788010979 -0.499992324505496 0.00339308788255413
1 0.00783648408466631 -0.499907884275786 -0.0117535230213215
1 0.0179350460494425 -0.499517501184807 -0.0268881463433816
1 0.0280336080142187 -0.498821175232558 -0.0419953341689149
1 0.0381321699789949 -0.49781890641904 -0.0570596385832103
1 0.0482307319437711 -0.496510694744252 -0.0720656116715568
1 0.0583292939085474 -0.494896540208195 -0.0869978055192433
1 0.0684278558733236 -0.492976442810869 -0.101840772211559
1 0.0785264178380998 -0.490750402552274 -0.116579063833792
1 0.0886249798028762 -0.48821841943241 -0.131197232471233
1 0.0987235417676522 -0.485380493451276 -0.145679830209169
1 0.108822103732428 -0.482236624608873 -0.16001140913289
1 0.118920665697205 -0.4787868129052 -0.174176521327686
1 0.129019227661981 -0.475031058340259 -0.188159718878843
1 0.139117789626757 -0.470969360914048 -0.201945553871653
1 0.149216351591533 -0.466601720626568 -0.215518578391403
1 0.159314913556309 -0.461928137477818 -0.228863344523382
1 0.169413475521086 -0.4569486114678 -0.241964404352881
1 0.179512037485862 -0.451663142596512 -0.254806309965187
1 0.189610599450638 -0.446071730863955 -0.267373613445589
1 0.199709161415414 -0.440174376270128 -0.279650866879377
1 0.209807723380191 -0.433971078815032 -0.291622622351839
1 0.219906285344967 -0.427461838498667 -0.303273431948264
1 0.230004847309743 -0.420646655321033 -0.314587847753942
1 0.240103409274519 -0.413525529282129 -0.325550421854162
1 0.250201971239295 -0.406098460381956 -0.336145706334211
1 0.260300533204072 -0.398365448620514 -0.34635825327938
1 0.270399095168848 -0.390326493997802 -0.356172614774956
1 0.280497657133624 -0.381981596513822 -0.36557334290623
1 0.2905962190984 -0.373330756168572 -0.37454498975849
1 0.300694781063177 -0.364373972962052 -0.383072107417025
1 0.310793343027953 -0.355111246894264 -0.391139247967123
1 0.320891904992729 -0.345542577965206 -0.398730963494075
1 0.330990466957505 -0.335667966174879 -0.405831806083169
1 0.341089028922281 -0.325487411523283 -0.412426327819693
1 0.351187590887058 -0.315000914010417 -0.418499080788938
1 0.361286152851834 -0.304208473636282 -0.424034617076191
1 0.37138471481661 -0.293110090400878 -0.429017488766741
1 0.381483276781386 -0.281705764304204 -0.433432247945879
1 0.391581838746162 -0.269995495346262 -0.437263446698892
1 0.401680400710939 -0.25797928352705 -0.440495637111069
1 0.411778962675715 -0.245657128846568 -0.443113371267701
1 0.421748810765957 -0.233191910926251 -0.445079892366284
1 0.431718658856199 -0.220428499393107 -0.446417599456927
1 0.441688506946441 -0.207366894247135 -0.447111627814524
1 0.451658355036684 -0.194007095488336 -0.447147112713967
1 0.461628203126926 -0.180349103116709 -0.446509189430149
1 0.471598051217168 -0.166392917132255 -0.445182993237963
1 0.48156789930741 -0.152138537534973 -0.443153659412304
1 0.491537747397652 -0.137585964324863 -0.440406323228063
1 0.501507595487894 -0.122735197501926 -0.436926119960134
1 0.511477443578136 -0.107586237066162 -0.43269818488341
1 0.521447291668378 -0.0921390830175701 -0.427707653272785
1 0.53141713975862 -0.0763937353561506 -0.421939660403151
1 0.541386987848863 -0.0603501940819032 -0.415379341549401
1 0.551356835939105 -0.044008459194829 -0.40801183198643
1 0.561326684029347 -0.027368530694927 -0.399822266989129
1 0.571296532119589 -0.0104304085821973 -0.390795781832392
1 0.581266380209831 0.00680590714335971 -0.380917511791112
1 0.591236228300073 0.024340416481744 -0.370172592140183
1 0.601206076390315 0.0421731194329561 -0.358546158154497
1 0.611175924480557 0.0603040159969958 -0.346023345108948
1 0.6211457725708 0.0787331061738633 -0.332589288278428
1 0.631115620661042 0.0974603899635575 -0.318229122937831
1 0.641085468751284 0.11648586736608 -0.302927984362051
1 0.651055316841526 0.135809538381429 -0.286671007825979
1 0.661025164931768 0.155431403009606 -0.26944332860451
1 0.67099501302201 0.175351461250611 -0.251230081972536
1 0.680964861112252 0.195569713104443 -0.232016403204951
1 0.690934709202494 0.216086158571103 -0.211787427576648
1 0.700904557292736 0.23690079765059 -0.190528290362519
1 0.710874405382979 0.258013630342905 -0.168224126837459
1 0.720844253473221 0.279424656648047 -0.144860072276359
1 0.730814101563463 0.301133876566017 -0.120421261954115
1 0.740783949653705 0.323141290096814 -0.0948928311456175
1 0.750753797743947 0.345446897240439 -0.0682599151257606
1 0.760723645834189 0.368050697996891 -0.0405076491694378
1 0.770693493924431 0.390952692366171 -0.0116211685515415
1 0.780663342014673 0.414152880348278 0.0184143914530346
1 0.790633190104916 0.437651261943213 0.0496138955693975
1 0.800603038195158 0.461447837150975 0.0819922085226538
1 0.8105728862854 0.485542605971566 0.115564195037911
1 0.820542734375642 0.509935568404982 0.150344719840275
1 0.830512582465884 0.534626724451227 0.186348647654853
1 0.840482430556126 0.5596160741103 0.223590843206752
1 0.850452278646368 0.5849036173822 0.26208617122108
1 0.86042212673661 0.610489354266927 0.301849496422942
1 0.870391974826852 0.636373284764482 0.342895683537445
1 0.880361822917095 0.662555408874865 0.385239597289699
1 0.890331671007337 0.689035726598074 0.428896102404805
1 0.900301519097579 0.715814237934112 0.473880063607875
1 0.910271367187821 0.742890942882977 0.520206345624014
1 0.920241215278063 0.77026584144467 0.567889813178329
1 0.930211063368305 0.79793893361919 0.616945330995926
1 0.940180911458547 0.825910219406537 0.667387763801913
1 0.950150759548789 0.854179698806712 0.719231976321397
1 0.960120607639032 0.882747371819715 0.772492833279484
1 0.970090455729274 0.911613238445544 0.82718519940128
1 0.980060303819516 0.940777298684202 0.883323939411894
1 0.990030151909758 0.970239552535687 0.940923918036432
1 1 1 1
