a0_min         a1_min         a2_min         Y1_intercept   Y2_intercept   Y3_intercept   Y4_intercept   LogPost        LogPrior       LogHyper       LogLkh         Deviance       
   0.101548E+03   0.211894E+01   0.125280E+02   0.400296E-03   0.210255E-03   0.954171E-04   0.847459E-03   0.189385E+03   0.000000E+00   0.000000E+00   0.189385E+03  -0.378770E+03
   0.101548E+03   0.211894E+01   0.118983E+02   0.400296E-03   0.210255E-03   0.954171E-04   0.847459E-03   0.189831E+03   0.000000E+00   0.000000E+00   0.189831E+03  -0.379662E+03
   0.101548E+03   0.211894E+01   0.523645E+00   0.400296E-03   0.210255E-03   0.220197E-03   0.847459E-03   0.191291E+03   0.000000E+00   0.000000E+00   0.191291E+03  -0.382582E+03
   0.101548E+03  -0.352949E+00  -0.417874E+00   0.400296E-03   0.210255E-03   0.220197E-03   0.847459E-03   0.190788E+03   0.000000E+00   0.000000E+00   0.190788E+03  -0.381576E+03
   0.100478E+03   0.238505E+01  -0.417874E+00   0.400296E-03   0.210255E-03   0.220197E-03   0.847459E-03   0.192232E+03   0.000000E+00   0.000000E+00   0.192232E+03  -0.384464E+03
   0.100157E+03   0.238505E+01  -0.133969E+01   0.400296E-03   0.210255E-03   0.220197E-03   0.847459E-03   0.191906E+03   0.000000E+00   0.000000E+00   0.191906E+03  -0.383812E+03
   0.100157E+03   0.238505E+01   0.350415E+01   0.135253E-03   0.210255E-03   0.220197E-03   0.847459E-03   0.191567E+03   0.000000E+00   0.000000E+00   0.191567E+03  -0.383134E+03
   0.100157E+03   0.154034E+01   0.935338E+00   0.135253E-03   0.210255E-03   0.220197E-03   0.847459E-03   0.192310E+03   0.000000E+00   0.000000E+00   0.192310E+03  -0.384620E+03
   0.996977E+02   0.154034E+01  -0.282306E+01   0.135253E-03   0.210255E-03   0.220197E-03   0.847459E-03   0.191540E+03   0.000000E+00   0.000000E+00   0.191540E+03  -0.383080E+03
   0.996977E+02  -0.103779E+01  -0.104050E+01   0.135253E-03   0.210255E-03   0.220197E-03   0.847459E-03   0.190099E+03   0.000000E+00   0.000000E+00   0.190099E+03  -0.380198E+03
   0.100128E+03  -0.201466E+01  -0.131299E+01   0.135253E-03   0.210255E-03   0.220197E-03   0.120313E-02   0.190389E+03   0.000000E+00   0.000000E+00   0.190389E+03  -0.380778E+03
   0.101067E+03   0.213198E+01  -0.471619E+01   0.135253E-03   0.210255E-03   0.220197E-03   0.120313E-02   0.192109E+03   0.000000E+00   0.000000E+00   0.192109E+03  -0.384218E+03
   0.101067E+03   0.213198E+01   0.135851E+01   0.220148E-03   0.210255E-03   0.612544E-04   0.120313E-02   0.193554E+03   0.000000E+00   0.000000E+00   0.193554E+03  -0.387108E+03
   0.101067E+03   0.213198E+01  -0.746149E+00   0.220148E-03   0.210255E-03   0.612544E-04   0.120313E-02   0.193349E+03   0.000000E+00   0.000000E+00   0.193349E+03  -0.386698E+03
   0.101067E+03   0.213198E+01  -0.746149E+00   0.220148E-03   0.210255E-03   0.612544E-04   0.120313E-02   0.193349E+03   0.000000E+00   0.000000E+00   0.193349E+03  -0.386698E+03
   0.101067E+03   0.213198E+01  -0.746149E+00   0.220148E-03   0.210255E-03   0.612544E-04   0.120313E-02   0.193349E+03   0.000000E+00   0.000000E+00   0.193349E+03  -0.386698E+03
   0.101067E+03   0.213198E+01  -0.746149E+00   0.220148E-03   0.210255E-03   0.612544E-04   0.120313E-02   0.193349E+03   0.000000E+00   0.000000E+00   0.193349E+03  -0.386698E+03
   0.101067E+03   0.213198E+01  -0.746149E+00   0.161314E-02   0.210255E-03   0.612544E-04   0.120313E-02   0.188273E+03   0.000000E+00   0.000000E+00   0.188273E+03  -0.376546E+03
   0.101067E+03   0.213198E+01   0.392685E+01   0.161314E-02   0.210255E-03   0.612544E-04   0.120313E-02   0.188422E+03   0.000000E+00   0.000000E+00   0.188422E+03  -0.376844E+03
   0.101067E+03   0.213198E+01   0.392685E+01   0.161314E-02   0.210255E-03   0.612544E-04   0.120313E-02   0.188422E+03   0.000000E+00   0.000000E+00   0.188422E+03  -0.376844E+03
   0.101067E+03   0.213198E+01   0.621901E+01   0.161314E-02   0.210255E-03   0.612544E-04   0.120313E-02   0.187929E+03   0.000000E+00   0.000000E+00   0.187929E+03  -0.375858E+03
   0.101067E+03   0.153216E+01  -0.157090E+01   0.161314E-02   0.210255E-03   0.612544E-04   0.120313E-02   0.188276E+03   0.000000E+00   0.000000E+00   0.188276E+03  -0.376552E+03
   0.101067E+03   0.153216E+01  -0.415417E+01   0.210008E-03   0.210255E-03   0.612544E-04   0.140007E-02   0.192417E+03   0.000000E+00   0.000000E+00   0.192417E+03  -0.384834E+03
   0.101067E+03   0.281998E+00   0.517397E+01   0.210008E-03   0.210255E-03   0.612544E-04   0.140007E-02   0.192617E+03   0.000000E+00   0.000000E+00   0.192617E+03  -0.385234E+03
   0.101954E+03   0.281998E+00   0.517397E+01   0.210008E-03   0.210255E-03   0.612544E-04   0.140007E-02   0.192268E+03   0.000000E+00   0.000000E+00   0.192268E+03  -0.384536E+03
   0.101954E+03   0.235137E+01   0.434470E+01   0.210008E-03   0.210255E-03   0.612544E-04   0.993367E-03   0.192129E+03   0.000000E+00   0.000000E+00   0.192129E+03  -0.384258E+03
   0.996273E+02   0.235137E+01   0.641494E+01   0.210008E-03   0.210255E-03   0.612544E-04   0.993367E-03   0.187560E+03   0.000000E+00   0.000000E+00   0.187560E+03  -0.375120E+03
   0.996273E+02   0.498498E+00  -0.246799E+01   0.210008E-03   0.210255E-03   0.612544E-04   0.993367E-03   0.191596E+03   0.000000E+00   0.000000E+00   0.191596E+03  -0.383192E+03
   0.996273E+02   0.298330E+01  -0.361297E+01   0.210008E-03   0.210255E-03   0.612544E-04   0.993367E-03   0.191381E+03   0.000000E+00   0.000000E+00   0.191381E+03  -0.382762E+03
   0.996273E+02   0.298330E+01  -0.406538E+01   0.210008E-03   0.368418E-04   0.612544E-04   0.993367E-03   0.191460E+03   0.000000E+00   0.000000E+00   0.191460E+03  -0.382920E+03
   0.996273E+02   0.298330E+01  -0.406538E+01   0.210008E-03   0.368418E-04   0.612544E-04   0.993367E-03   0.191460E+03   0.000000E+00   0.000000E+00   0.191460E+03  -0.382920E+03
   0.996273E+02   0.897159E+00   0.514466E+00   0.210008E-03   0.368418E-04   0.612544E-04   0.127508E-02   0.190609E+03   0.000000E+00   0.000000E+00   0.190609E+03  -0.381218E+03
   0.100668E+03   0.897159E+00   0.514466E+00   0.210008E-03   0.330426E-03   0.612544E-04   0.127508E-02   0.193073E+03   0.000000E+00   0.000000E+00   0.193073E+03  -0.386146E+03
   0.100668E+03   0.897159E+00   0.447476E+01   0.210008E-03   0.330426E-03   0.612544E-04   0.127508E-02   0.192361E+03   0.000000E+00   0.000000E+00   0.192361E+03  -0.384722E+03
   0.100668E+03   0.897159E+00  -0.455826E+01   0.210008E-03   0.330426E-03   0.612544E-04   0.127508E-02   0.192370E+03   0.000000E+00   0.000000E+00   0.192370E+03  -0.384740E+03
   0.100668E+03   0.897159E+00   0.201007E+00   0.210008E-03   0.330426E-03   0.612544E-04   0.127508E-02   0.193079E+03   0.000000E+00   0.000000E+00   0.193079E+03  -0.386158E+03
   0.100668E+03  -0.335233E+00   0.626801E+01   0.210008E-03   0.330426E-03   0.612544E-04   0.127508E-02   0.191216E+03   0.000000E+00   0.000000E+00   0.191216E+03  -0.382432E+03
   0.100668E+03  -0.335233E+00  -0.573597E+01   0.210008E-03   0.330426E-03   0.231805E-03   0.127508E-02   0.191289E+03   0.000000E+00   0.000000E+00   0.191289E+03  -0.382578E+03
   0.100668E+03  -0.335233E+00  -0.473746E+01   0.210008E-03   0.330426E-03   0.231805E-03   0.156347E-02   0.191090E+03   0.000000E+00   0.000000E+00   0.191090E+03  -0.382180E+03
   0.100668E+03  -0.335233E+00  -0.473746E+01   0.210008E-03   0.330426E-03   0.231805E-03   0.183207E-02   0.190482E+03   0.000000E+00   0.000000E+00   0.190482E+03  -0.380964E+03
   0.100668E+03   0.464949E+01   0.500909E+01   0.631564E-03   0.330426E-03   0.231805E-03   0.183207E-02   0.188089E+03   0.000000E+00   0.000000E+00   0.188089E+03  -0.376178E+03
   0.100668E+03   0.464949E+01  -0.251534E+01   0.631564E-03   0.254982E-03   0.187318E-03   0.183207E-02   0.188950E+03   0.000000E+00   0.000000E+00   0.188950E+03  -0.377900E+03
   0.100182E+03   0.464949E+01   0.165979E+01   0.631564E-03   0.254982E-03   0.187318E-03   0.183207E-02   0.188222E+03   0.000000E+00   0.000000E+00   0.188222E+03  -0.376444E+03
   0.100182E+03   0.464949E+01   0.158804E+01   0.631564E-03   0.254982E-03   0.187318E-03   0.207744E-02   0.187568E+03   0.000000E+00   0.000000E+00   0.187568E+03  -0.375136E+03
   0.100182E+03  -0.205447E+01   0.158804E+01   0.631564E-03   0.254982E-03   0.187318E-03   0.207744E-02   0.187062E+03   0.000000E+00   0.000000E+00   0.187062E+03  -0.374124E+03
   0.100182E+03  -0.205447E+01  -0.427077E+01   0.435478E-03   0.254982E-03   0.187318E-03   0.180371E-02   0.188809E+03   0.000000E+00   0.000000E+00   0.188809E+03  -0.377618E+03
   0.100063E+03   0.104652E+01  -0.374190E+01   0.435478E-03   0.565565E-03   0.187318E-03   0.180371E-02   0.189194E+03   0.000000E+00   0.000000E+00   0.189194E+03  -0.378388E+03
   0.100063E+03   0.104652E+01  -0.374190E+01   0.435478E-03   0.565565E-03   0.159258E-04   0.205442E-02   0.188899E+03   0.000000E+00   0.000000E+00   0.188899E+03  -0.377798E+03
   0.100063E+03   0.104652E+01  -0.374190E+01   0.435478E-03   0.565565E-03   0.159258E-04   0.128913E-02   0.190755E+03   0.000000E+00   0.000000E+00   0.190755E+03  -0.381510E+03
   0.100063E+03   0.104652E+01  -0.483884E+01   0.435478E-03   0.565565E-03   0.159258E-04   0.128913E-02   0.190543E+03   0.000000E+00   0.000000E+00   0.190543E+03  -0.381086E+03
   0.100063E+03   0.196434E+01  -0.446840E+01   0.435478E-03   0.565565E-03   0.159258E-04   0.128913E-02   0.190412E+03   0.000000E+00   0.000000E+00   0.190412E+03  -0.380824E+03
   0.100063E+03   0.159718E+01  -0.319553E+01   0.435478E-03   0.639699E-03   0.159258E-04   0.128913E-02   0.190366E+03   0.000000E+00   0.000000E+00   0.190366E+03  -0.380732E+03
   0.100327E+03   0.159718E+01   0.295225E+01   0.435478E-03   0.639699E-03   0.159258E-04   0.128913E-02   0.190531E+03   0.000000E+00   0.000000E+00   0.190531E+03  -0.381062E+03
   0.100327E+03   0.159718E+01   0.295225E+01   0.435478E-03   0.467038E-03   0.159258E-04   0.734991E-03   0.191100E+03   0.000000E+00   0.000000E+00   0.191100E+03  -0.382200E+03
   0.100327E+03   0.159718E+01  -0.483436E+01   0.149553E-03   0.467038E-03   0.159258E-04   0.734991E-03   0.190787E+03   0.000000E+00   0.000000E+00   0.190787E+03  -0.381574E+03
   0.100327E+03   0.159718E+01  -0.257214E+01   0.149553E-03   0.467038E-03   0.159258E-04   0.106670E-02   0.192346E+03   0.000000E+00   0.000000E+00   0.192346E+03  -0.384692E+03
   0.100327E+03   0.159718E+01  -0.257214E+01   0.149553E-03   0.167946E-03   0.368517E-03   0.106670E-02   0.192245E+03   0.000000E+00   0.000000E+00   0.192245E+03  -0.384490E+03
   0.100327E+03   0.326158E+01  -0.257214E+01   0.149553E-03   0.167946E-03   0.368517E-03   0.106670E-02   0.192068E+03   0.000000E+00   0.000000E+00   0.192068E+03  -0.384136E+03
   0.100327E+03   0.326158E+01  -0.282456E+01   0.149553E-03   0.167946E-03   0.368517E-03   0.255762E-02   0.188832E+03   0.000000E+00   0.000000E+00   0.188832E+03  -0.377664E+03
   0.100654E+03   0.450489E+01  -0.282456E+01   0.149553E-03   0.167946E-03   0.368517E-03   0.885831E-03   0.191183E+03   0.000000E+00   0.000000E+00   0.191183E+03  -0.382366E+03
   0.100654E+03   0.216182E+01   0.415850E+01   0.149553E-03   0.167946E-03   0.368517E-03   0.885831E-03   0.191731E+03   0.000000E+00   0.000000E+00   0.191731E+03  -0.383462E+03
   0.100654E+03   0.216182E+01   0.150119E+01   0.149553E-03   0.167946E-03   0.368517E-03   0.885831E-03   0.192274E+03   0.000000E+00   0.000000E+00   0.192274E+03  -0.384548E+03
   0.100654E+03   0.216182E+01   0.150119E+01   0.149553E-03   0.167946E-03   0.368517E-03   0.885831E-03   0.192274E+03   0.000000E+00   0.000000E+00   0.192274E+03  -0.384548E+03
   0.100654E+03   0.216182E+01   0.150119E+01   0.149553E-03   0.167946E-03   0.368517E-03   0.885831E-03   0.192274E+03   0.000000E+00   0.000000E+00   0.192274E+03  -0.384548E+03
   0.100654E+03   0.216182E+01   0.150119E+01   0.149553E-03   0.167946E-03   0.368517E-03   0.885831E-03   0.192274E+03   0.000000E+00   0.000000E+00   0.192274E+03  -0.384548E+03
   0.101220E+03   0.216182E+01   0.941293E+01   0.149553E-03   0.167946E-03   0.270985E-03   0.885831E-03   0.190857E+03   0.000000E+00   0.000000E+00   0.190857E+03  -0.381714E+03
   0.101220E+03   0.216182E+01   0.941293E+01   0.149553E-03   0.167946E-03   0.270985E-03   0.885831E-03   0.190857E+03   0.000000E+00   0.000000E+00   0.190857E+03  -0.381714E+03
   0.101220E+03   0.216182E+01   0.941293E+01   0.685667E-04   0.167946E-03   0.270985E-03   0.885831E-03   0.190914E+03   0.000000E+00   0.000000E+00   0.190914E+03  -0.381828E+03
   0.102430E+03   0.388703E+01   0.924848E+01   0.685667E-04   0.167946E-03   0.270985E-03   0.885831E-03   0.190044E+03   0.000000E+00   0.000000E+00   0.190044E+03  -0.380088E+03
   0.102430E+03   0.388703E+01   0.786745E+01   0.685667E-04   0.167946E-03   0.270985E-03   0.885831E-03   0.190047E+03   0.000000E+00   0.000000E+00   0.190047E+03  -0.380094E+03
   0.102430E+03   0.340214E+01   0.786745E+01   0.685667E-04   0.167946E-03   0.270985E-03   0.885831E-03   0.190243E+03   0.000000E+00   0.000000E+00   0.190243E+03  -0.380486E+03
   0.102430E+03   0.164126E+01   0.786745E+01   0.685667E-04   0.449656E-03   0.270985E-03   0.885831E-03   0.189263E+03   0.000000E+00   0.000000E+00   0.189263E+03  -0.378526E+03
   0.102430E+03   0.164126E+01   0.786745E+01   0.685667E-04   0.449656E-03   0.270985E-03   0.885831E-03   0.189263E+03   0.000000E+00   0.000000E+00   0.189263E+03  -0.378526E+03
   0.100151E+03   0.160047E+01   0.789537E+01   0.685667E-04   0.449656E-03   0.270985E-03   0.885831E-03   0.188867E+03   0.000000E+00   0.000000E+00   0.188867E+03  -0.377734E+03
   0.100151E+03   0.160047E+01   0.507265E+01   0.685667E-04   0.449656E-03   0.247096E-03   0.885831E-03   0.190526E+03   0.000000E+00   0.000000E+00   0.190526E+03  -0.381052E+03
   0.100193E+03   0.160047E+01  -0.503106E+00   0.685667E-04   0.580953E-03   0.247096E-03   0.885831E-03   0.191148E+03   0.000000E+00   0.000000E+00   0.191148E+03  -0.382296E+03
   0.100193E+03   0.160047E+01  -0.503106E+00   0.685667E-04   0.753214E-03   0.247096E-03   0.885831E-03   0.190249E+03   0.000000E+00   0.000000E+00   0.190249E+03  -0.380498E+03
   0.100193E+03   0.271952E+01  -0.503106E+00   0.644897E-03   0.753214E-03   0.247096E-03   0.882001E-03   0.188574E+03   0.000000E+00   0.000000E+00   0.188574E+03  -0.377148E+03
   0.100193E+03   0.568726E+01  -0.503106E+00   0.644897E-03   0.753214E-03   0.247096E-03   0.116578E-02   0.186612E+03   0.000000E+00   0.000000E+00   0.186612E+03  -0.373224E+03
   0.100193E+03   0.568726E+01   0.266882E+01   0.644897E-03   0.252594E-03   0.247096E-03   0.722435E-03   0.188012E+03   0.000000E+00   0.000000E+00   0.188012E+03  -0.376024E+03
   0.100193E+03   0.465064E+01   0.235240E+01   0.644897E-03   0.252594E-03   0.247096E-03   0.722435E-03   0.189036E+03   0.000000E+00   0.000000E+00   0.189036E+03  -0.378072E+03
   0.100193E+03   0.138603E+01   0.239330E+01   0.644897E-03   0.252594E-03   0.247096E-03   0.722435E-03   0.190199E+03   0.000000E+00   0.000000E+00   0.190199E+03  -0.380398E+03
   0.100193E+03   0.773099E+00  -0.858718E+00   0.896328E-03   0.252594E-03   0.247096E-03   0.722435E-03   0.189464E+03   0.000000E+00   0.000000E+00   0.189464E+03  -0.378928E+03
   0.997720E+02   0.773099E+00   0.433099E+01   0.896328E-03   0.252594E-03   0.247096E-03   0.930235E-03   0.187725E+03   0.000000E+00   0.000000E+00   0.187725E+03  -0.375450E+03
   0.997720E+02   0.192648E+01   0.433099E+01   0.896328E-03   0.252594E-03   0.247096E-03   0.930235E-03   0.187856E+03   0.000000E+00   0.000000E+00   0.187856E+03  -0.375712E+03
   0.997720E+02   0.192648E+01   0.433099E+01   0.896328E-03   0.252594E-03   0.247096E-03   0.930235E-03   0.187856E+03   0.000000E+00   0.000000E+00   0.187856E+03  -0.375712E+03
   0.100296E+03   0.186880E+01  -0.108126E+00   0.896328E-03   0.252594E-03   0.247096E-03   0.930235E-03   0.190308E+03   0.000000E+00   0.000000E+00   0.190308E+03  -0.380616E+03
   0.100182E+03   0.186880E+01  -0.108126E+00   0.896328E-03   0.163620E-03   0.247096E-03   0.930235E-03   0.190342E+03   0.000000E+00   0.000000E+00   0.190342E+03  -0.380684E+03
   0.100182E+03   0.186880E+01  -0.108126E+00   0.623787E-03   0.163620E-03   0.247096E-03   0.930235E-03   0.191383E+03   0.000000E+00   0.000000E+00   0.191383E+03  -0.382766E+03
   0.998975E+02   0.186880E+01  -0.139486E+01   0.623787E-03   0.163620E-03   0.247096E-03   0.100603E-02   0.190910E+03   0.000000E+00   0.000000E+00   0.190910E+03  -0.381820E+03
   0.998975E+02   0.186880E+01   0.327785E+01   0.360487E-03   0.163620E-03   0.247096E-03   0.100603E-02   0.190388E+03   0.000000E+00   0.000000E+00   0.190388E+03  -0.380776E+03
   0.998816E+02   0.186880E+01   0.327785E+01   0.360487E-03   0.163620E-03   0.247096E-03   0.100603E-02   0.190325E+03   0.000000E+00   0.000000E+00   0.190325E+03  -0.380650E+03
   0.102327E+03   0.131685E+01   0.327785E+01   0.360487E-03   0.163620E-03   0.247096E-03   0.100603E-02   0.190401E+03   0.000000E+00   0.000000E+00   0.190401E+03  -0.380802E+03
   0.102327E+03   0.131685E+01   0.645150E+01   0.360487E-03   0.163620E-03   0.247096E-03   0.100603E-02   0.190894E+03   0.000000E+00   0.000000E+00   0.190894E+03  -0.381788E+03
   0.102327E+03   0.131685E+01   0.645150E+01   0.331074E-03   0.163620E-03   0.247096E-03   0.100603E-02   0.190956E+03   0.000000E+00   0.000000E+00   0.190956E+03  -0.381912E+03
   0.102327E+03  -0.121232E+01   0.717078E+01   0.331074E-03   0.163620E-03   0.247096E-03   0.100603E-02   0.190094E+03   0.000000E+00   0.000000E+00   0.190094E+03  -0.380188E+03
   0.102327E+03  -0.121232E+01   0.812070E+01   0.331074E-03   0.163620E-03   0.247096E-03   0.100603E-02   0.190051E+03   0.000000E+00   0.000000E+00   0.190051E+03  -0.380102E+03
   0.101732E+03   0.419589E+01   0.781047E+01   0.331074E-03   0.163620E-03   0.247096E-03   0.100603E-02   0.191175E+03   0.000000E+00   0.000000E+00   0.191175E+03  -0.382350E+03
   0.101732E+03   0.419589E+01   0.308665E+01   0.194112E-03   0.432694E-03   0.247096E-03   0.100603E-02   0.190231E+03   0.000000E+00   0.000000E+00   0.190231E+03  -0.380462E+03
   0.101732E+03   0.419589E+01   0.308665E+01   0.194112E-03   0.432694E-03   0.247096E-03   0.100603E-02   0.190231E+03   0.000000E+00   0.000000E+00   0.190231E+03  -0.380462E+03
   0.100919E+03   0.382037E+01   0.953230E+01   0.194112E-03   0.432694E-03   0.247096E-03   0.100603E-02   0.189530E+03   0.000000E+00   0.000000E+00   0.189530E+03  -0.379060E+03
   0.100919E+03   0.382037E+01   0.691229E-01   0.194112E-03   0.432694E-03   0.251482E-03   0.100603E-02   0.191281E+03   0.000000E+00   0.000000E+00   0.191281E+03  -0.382562E+03
   0.100919E+03   0.382037E+01   0.344731E+01   0.194112E-03   0.432694E-03   0.251482E-03   0.100603E-02   0.191381E+03   0.000000E+00   0.000000E+00   0.191381E+03  -0.382762E+03
   0.100919E+03   0.382037E+01   0.344731E+01   0.194112E-03   0.432694E-03   0.251482E-03   0.100603E-02   0.191381E+03   0.000000E+00   0.000000E+00   0.191381E+03  -0.382762E+03
   0.101102E+03   0.382037E+01   0.344731E+01   0.194112E-03   0.432694E-03   0.251482E-03   0.100603E-02   0.191340E+03   0.000000E+00   0.000000E+00   0.191340E+03  -0.382680E+03
   0.101279E+03   0.382037E+01   0.344731E+01   0.194112E-03   0.432694E-03   0.251482E-03   0.100603E-02   0.191211E+03   0.000000E+00   0.000000E+00   0.191211E+03  -0.382422E+03
   0.101279E+03   0.349924E+01   0.801211E+01   0.194112E-03   0.432694E-03   0.251482E-03   0.915902E-03   0.190629E+03   0.000000E+00   0.000000E+00   0.190629E+03  -0.381258E+03
   0.101279E+03   0.349924E+01   0.665522E+01   0.194112E-03   0.432694E-03   0.251482E-03   0.915902E-03   0.190948E+03   0.000000E+00   0.000000E+00   0.190948E+03  -0.381896E+03
   0.101279E+03   0.349924E+01   0.554438E+01   0.194112E-03   0.409997E-04   0.251482E-03   0.915902E-03   0.192403E+03   0.000000E+00   0.000000E+00   0.192403E+03  -0.384806E+03
   0.101279E+03   0.349924E+01   0.554438E+01   0.194112E-03   0.409997E-04   0.251482E-03   0.915902E-03   0.192403E+03   0.000000E+00   0.000000E+00   0.192403E+03  -0.384806E+03
   0.101279E+03   0.349924E+01   0.580280E+01   0.194112E-03   0.409997E-04   0.251482E-03   0.915902E-03   0.192343E+03   0.000000E+00   0.000000E+00   0.192343E+03  -0.384686E+03
   0.101279E+03   0.349924E+01   0.107397E+01   0.194112E-03   0.409997E-04   0.251482E-03   0.915902E-03   0.192592E+03   0.000000E+00   0.000000E+00   0.192592E+03  -0.385184E+03
   0.101279E+03   0.929120E+00   0.813081E+00   0.586356E-04   0.409997E-04   0.251482E-03   0.119197E-02   0.193386E+03   0.000000E+00   0.000000E+00   0.193386E+03  -0.386772E+03
   0.101279E+03   0.929120E+00   0.813081E+00   0.227416E-03   0.409997E-04   0.251482E-03   0.119197E-02   0.193202E+03   0.000000E+00   0.000000E+00   0.193202E+03  -0.386404E+03
   0.101279E+03   0.171846E+01   0.813081E+00   0.227416E-03   0.409997E-04   0.251482E-03   0.119197E-02   0.193283E+03   0.000000E+00   0.000000E+00   0.193283E+03  -0.386566E+03
   0.101279E+03   0.171846E+01   0.237617E+01   0.227416E-03   0.409997E-04   0.251482E-03   0.119197E-02   0.193302E+03   0.000000E+00   0.000000E+00   0.193302E+03  -0.386604E+03
   0.101279E+03   0.171846E+01   0.237617E+01   0.227416E-03   0.409997E-04   0.251482E-03   0.119197E-02   0.193302E+03   0.000000E+00   0.000000E+00   0.193302E+03  -0.386604E+03
   0.101106E+03   0.171846E+01   0.237617E+01   0.227416E-03   0.409997E-04   0.251482E-03   0.119197E-02   0.193336E+03   0.000000E+00   0.000000E+00   0.193336E+03  -0.386672E+03
   0.101423E+03   0.171846E+01   0.237617E+01   0.227416E-03   0.409997E-04   0.251482E-03   0.126181E-02   0.193154E+03   0.000000E+00   0.000000E+00   0.193154E+03  -0.386308E+03
   0.101423E+03   0.171846E+01   0.686372E+01   0.227416E-03   0.739340E-03   0.251482E-03   0.126181E-02   0.189603E+03   0.000000E+00   0.000000E+00   0.189603E+03  -0.379206E+03
   0.101423E+03   0.171846E+01   0.496126E+01   0.227416E-03   0.739340E-03   0.251482E-03   0.126181E-02   0.189757E+03   0.000000E+00   0.000000E+00   0.189757E+03  -0.379514E+03
   0.101596E+03   0.254306E+01   0.496126E+01   0.227416E-03   0.233361E-03   0.251482E-03   0.126181E-02   0.192304E+03   0.000000E+00   0.000000E+00   0.192304E+03  -0.384608E+03
   0.101596E+03   0.254306E+01   0.384185E+01   0.227416E-03   0.233361E-03   0.251482E-03   0.126181E-02   0.192365E+03   0.000000E+00   0.000000E+00   0.192365E+03  -0.384730E+03
   0.101596E+03   0.254306E+01   0.310987E+01   0.227416E-03   0.233361E-03   0.251482E-03   0.126181E-02   0.192359E+03   0.000000E+00   0.000000E+00   0.192359E+03  -0.384718E+03
   0.101596E+03   0.254306E+01   0.310987E+01   0.227416E-03   0.233361E-03   0.251482E-03   0.130337E-02   0.192322E+03   0.000000E+00   0.000000E+00   0.192322E+03  -0.384644E+03
   0.101596E+03   0.254306E+01   0.310987E+01   0.227416E-03   0.233361E-03   0.251482E-03   0.130337E-02   0.192322E+03   0.000000E+00   0.000000E+00   0.192322E+03  -0.384644E+03
   0.101596E+03   0.254306E+01   0.581821E-01   0.115533E-03   0.233361E-03   0.251482E-03   0.130337E-02   0.192104E+03   0.000000E+00   0.000000E+00   0.192104E+03  -0.384208E+03
   0.101596E+03   0.254306E+01   0.364645E+01   0.115533E-03   0.233361E-03   0.251482E-03   0.198395E-02   0.191103E+03   0.000000E+00   0.000000E+00   0.191103E+03  -0.382206E+03
   0.101596E+03   0.254306E+01  -0.188842E+01   0.115533E-03   0.233361E-03   0.251482E-03   0.198395E-02   0.190434E+03   0.000000E+00   0.000000E+00   0.190434E+03  -0.380868E+03
   0.101596E+03   0.254306E+01   0.496595E+01   0.115533E-03   0.863692E-04   0.251482E-03   0.898834E-03   0.192573E+03   0.000000E+00   0.000000E+00   0.192573E+03  -0.385146E+03
   0.103112E+03   0.254306E+01   0.157410E+02   0.115533E-03   0.584736E-03   0.251482E-03   0.898834E-03   0.186538E+03   0.000000E+00   0.000000E+00   0.186538E+03  -0.373076E+03
   0.103112E+03   0.169327E+01   0.640586E+01   0.115533E-03   0.584736E-03   0.251482E-03   0.898834E-03   0.185381E+03   0.000000E+00   0.000000E+00   0.185381E+03  -0.370762E+03
   0.103112E+03  -0.274313E+00   0.136535E+02   0.115533E-03   0.380701E-04   0.251482E-03   0.898834E-03   0.187932E+03   0.000000E+00   0.000000E+00   0.187932E+03  -0.375864E+03
   0.103112E+03   0.466194E+01   0.122413E+02   0.115533E-03   0.380701E-04   0.609572E-03   0.164763E-02   0.186999E+03   0.000000E+00   0.000000E+00   0.186999E+03  -0.373998E+03
   0.103112E+03   0.466194E+01   0.255170E+01   0.115533E-03   0.380701E-04   0.609572E-03   0.164763E-02   0.185836E+03   0.000000E+00   0.000000E+00   0.185836E+03  -0.371672E+03
   0.995762E+02   0.466194E+01   0.418951E+01   0.115533E-03   0.380701E-04   0.609572E-03   0.164763E-02   0.184698E+03   0.000000E+00   0.000000E+00   0.184698E+03  -0.369396E+03
   0.995762E+02   0.466194E+01  -0.866407E+01   0.115533E-03   0.380701E-04   0.609572E-03   0.109193E-02   0.187989E+03   0.000000E+00   0.000000E+00   0.187989E+03  -0.375978E+03
   0.995762E+02   0.466194E+01  -0.394831E+01   0.115533E-03   0.109040E-03   0.609572E-03   0.120411E-02   0.188637E+03   0.000000E+00   0.000000E+00   0.188637E+03  -0.377274E+03
   0.995762E+02   0.466194E+01  -0.117922E+02   0.115533E-03   0.109040E-03   0.609572E-03   0.120411E-02   0.186573E+03   0.000000E+00   0.000000E+00   0.186573E+03  -0.373146E+03
   0.995762E+02   0.372634E+01   0.117828E+01   0.115533E-03   0.109040E-03   0.609572E-03   0.607888E-03   0.187275E+03   0.000000E+00   0.000000E+00   0.187275E+03  -0.374550E+03
   0.995762E+02   0.372634E+01  -0.401639E+01   0.115533E-03   0.109040E-03   0.609572E-03   0.607888E-03   0.187695E+03   0.000000E+00   0.000000E+00   0.187695E+03  -0.375390E+03
   0.100733E+03   0.372634E+01   0.480653E+01   0.115533E-03   0.109040E-03   0.609572E-03   0.124494E-02   0.189996E+03   0.000000E+00   0.000000E+00   0.189996E+03  -0.379992E+03
   0.100733E+03   0.546043E+01   0.480653E+01   0.115533E-03   0.109040E-03   0.609572E-03   0.124494E-02   0.189342E+03   0.000000E+00   0.000000E+00   0.189342E+03  -0.378684E+03
   0.100733E+03   0.464586E+01   0.455704E+01   0.115533E-03   0.109040E-03   0.609572E-03   0.134531E-02   0.189646E+03   0.000000E+00   0.000000E+00   0.189646E+03  -0.379292E+03
   0.100733E+03   0.783781E+00   0.455704E+01   0.115533E-03   0.109040E-03   0.609572E-03   0.113700E-02   0.189789E+03   0.000000E+00   0.000000E+00   0.189789E+03  -0.379578E+03
   0.100902E+03   0.783781E+00  -0.157422E+01   0.115533E-03   0.109040E-03   0.609572E-03   0.113700E-02   0.190925E+03   0.000000E+00   0.000000E+00   0.190925E+03  -0.381850E+03
   0.100902E+03   0.783781E+00  -0.157422E+01   0.115533E-03   0.109040E-03   0.642578E-03   0.145839E-02   0.190336E+03   0.000000E+00   0.000000E+00   0.190336E+03  -0.380672E+03
   0.100020E+03   0.595175E+01  -0.376032E+01   0.115533E-03   0.109040E-03   0.642578E-03   0.170156E-02   0.187759E+03   0.000000E+00   0.000000E+00   0.187759E+03  -0.375518E+03
   0.100020E+03   0.342786E+01   0.208143E+01   0.115533E-03   0.109040E-03   0.218478E-03   0.170156E-02   0.190100E+03   0.000000E+00   0.000000E+00   0.190100E+03  -0.380200E+03
   0.100020E+03   0.342786E+01  -0.287080E+01   0.178703E-03   0.109040E-03   0.145998E-04   0.170156E-02   0.191190E+03   0.000000E+00   0.000000E+00   0.191190E+03  -0.382380E+03
   0.100020E+03   0.342786E+01  -0.379683E+01   0.112894E-02   0.109040E-03   0.519353E-03   0.170156E-02   0.186306E+03   0.000000E+00   0.000000E+00   0.186306E+03  -0.372612E+03
   0.993514E+02   0.342786E+01  -0.622983E+01   0.112894E-02   0.109040E-03   0.519353E-03   0.153885E-02   0.184749E+03   0.000000E+00   0.000000E+00   0.184749E+03  -0.369498E+03
   0.993514E+02  -0.467558E-01  -0.230475E+01   0.112894E-02   0.109040E-03   0.519353E-03   0.153885E-02   0.183937E+03   0.000000E+00   0.000000E+00   0.183937E+03  -0.367874E+03
   0.993514E+02  -0.467558E-01  -0.120752E+02   0.112894E-02   0.109040E-03   0.519353E-03   0.153885E-02   0.182672E+03   0.000000E+00   0.000000E+00   0.182672E+03  -0.365344E+03
   0.993514E+02  -0.467558E-01  -0.558458E+01   0.118620E-02   0.109040E-03   0.519353E-03   0.153885E-02   0.183986E+03   0.000000E+00   0.000000E+00   0.183986E+03  -0.367972E+03
   0.993514E+02  -0.467558E-01  -0.558458E+01   0.118620E-02   0.109040E-03   0.726453E-03   0.153885E-02   0.182543E+03   0.000000E+00   0.000000E+00   0.182543E+03  -0.365086E+03
   0.101868E+03  -0.467558E-01  -0.558458E+01   0.118620E-02   0.109040E-03   0.559275E-03   0.153885E-02   0.185376E+03   0.000000E+00   0.000000E+00   0.185376E+03  -0.370752E+03
   0.101868E+03  -0.674893E+00   0.948870E+01   0.663624E-04   0.109040E-03   0.559275E-03   0.110553E-02   0.188837E+03   0.000000E+00   0.000000E+00   0.188837E+03  -0.377674E+03
   0.101868E+03   0.418879E+01   0.947446E+01   0.663624E-04   0.109040E-03   0.559275E-03   0.886413E-03   0.189483E+03   0.000000E+00   0.000000E+00   0.189483E+03  -0.378966E+03
   0.101868E+03   0.205563E+01   0.285465E+01   0.663624E-04   0.109040E-03   0.197403E-03   0.142277E-02   0.192545E+03   0.000000E+00   0.000000E+00   0.192545E+03  -0.385090E+03
   0.101868E+03   0.205563E+01   0.756534E+01   0.844705E-03   0.166056E-03   0.197403E-03   0.142277E-02   0.190141E+03   0.000000E+00   0.000000E+00   0.190141E+03  -0.380282E+03
   0.101868E+03   0.205563E+01   0.264625E+01   0.303433E-03   0.166056E-03   0.197403E-03   0.142277E-02   0.192041E+03   0.000000E+00   0.000000E+00   0.192041E+03  -0.384082E+03
   0.101868E+03   0.203876E+01  -0.208978E+01   0.303433E-03   0.166056E-03   0.342535E-03   0.142277E-02   0.190538E+03   0.000000E+00   0.000000E+00   0.190538E+03  -0.381076E+03
   0.999747E+02   0.203876E+01  -0.112788E+00   0.303433E-03   0.166056E-03   0.342535E-03   0.142277E-02   0.190704E+03   0.000000E+00   0.000000E+00   0.190704E+03  -0.381408E+03
   0.999747E+02   0.203876E+01  -0.112788E+00   0.303433E-03   0.166056E-03   0.319212E-03   0.683128E-03   0.190696E+03   0.000000E+00   0.000000E+00   0.190696E+03  -0.381392E+03
   0.101222E+03   0.203876E+01  -0.942521E+00   0.303433E-03   0.166056E-03   0.319212E-03   0.683128E-03   0.190390E+03   0.000000E+00   0.000000E+00   0.190390E+03  -0.380780E+03
   0.101222E+03   0.203876E+01  -0.231767E+01   0.303433E-03   0.166056E-03   0.319212E-03   0.321772E-02   0.187990E+03   0.000000E+00   0.000000E+00   0.187990E+03  -0.375980E+03
   0.101222E+03   0.203876E+01  -0.231767E+01   0.303433E-03   0.166056E-03   0.319212E-03   0.321772E-02   0.187990E+03   0.000000E+00   0.000000E+00   0.187990E+03  -0.375980E+03
   0.101222E+03   0.203876E+01   0.640383E+01   0.128480E-02   0.166056E-03   0.227629E-03   0.321772E-02   0.184128E+03   0.000000E+00   0.000000E+00   0.184128E+03  -0.368256E+03
   0.101222E+03   0.203876E+01   0.394953E+01   0.128480E-02   0.166056E-03   0.227629E-03   0.321772E-02   0.184787E+03   0.000000E+00   0.000000E+00   0.184787E+03  -0.369574E+03
   0.101222E+03   0.345686E+01   0.394953E+01   0.128480E-02   0.166056E-03   0.227629E-03   0.390172E-02   0.183006E+03   0.000000E+00   0.000000E+00   0.183006E+03  -0.366012E+03
   0.101222E+03   0.345686E+01  -0.343695E+01   0.128480E-02   0.166056E-03   0.227629E-03   0.390172E-02   0.182525E+03   0.000000E+00   0.000000E+00   0.182525E+03  -0.365050E+03
   0.101222E+03   0.163430E+01   0.510745E+01   0.128480E-02   0.166056E-03   0.227629E-03   0.131300E-02   0.189050E+03   0.000000E+00   0.000000E+00   0.189050E+03  -0.378100E+03
   0.101222E+03  -0.187973E+00   0.510745E+01   0.128480E-02   0.551697E-03   0.227629E-03   0.131300E-02   0.187406E+03   0.000000E+00   0.000000E+00   0.187406E+03  -0.374812E+03
   0.100512E+03  -0.187973E+00  -0.638454E+01   0.128480E-02   0.608797E-03   0.227629E-03   0.131300E-02   0.186245E+03   0.000000E+00   0.000000E+00   0.186245E+03  -0.372490E+03
   0.100512E+03  -0.187973E+00  -0.719113E+00   0.128480E-02   0.608797E-03   0.227629E-03   0.131300E-02   0.187247E+03   0.000000E+00   0.000000E+00   0.187247E+03  -0.374494E+03
   0.100512E+03  -0.187973E+00  -0.957101E+01   0.128480E-02   0.608797E-03   0.227629E-03   0.131300E-02   0.185141E+03   0.000000E+00   0.000000E+00   0.185141E+03  -0.370282E+03
   0.100512E+03  -0.187973E+00   0.527313E+01   0.128480E-02   0.608797E-03   0.227629E-03   0.131072E-02   0.186709E+03   0.000000E+00   0.000000E+00   0.186709E+03  -0.373418E+03
   0.100512E+03  -0.187973E+00  -0.658079E+00   0.128480E-02   0.410649E-03   0.227629E-03   0.131072E-02   0.188168E+03   0.000000E+00   0.000000E+00   0.188168E+03  -0.376336E+03
   0.100512E+03   0.480146E+01  -0.658079E+00   0.187945E-03   0.410649E-03   0.227629E-03   0.131072E-02   0.190627E+03   0.000000E+00   0.000000E+00   0.190627E+03  -0.381254E+03
   0.100512E+03   0.479476E+00  -0.658079E+00   0.187945E-03   0.410649E-03   0.227629E-03   0.131072E-02   0.191963E+03   0.000000E+00   0.000000E+00   0.191963E+03  -0.383926E+03
   0.100512E+03   0.479476E+00  -0.658079E+00   0.187945E-03   0.376424E-03   0.227629E-03   0.131072E-02   0.192109E+03   0.000000E+00   0.000000E+00   0.192109E+03  -0.384218E+03
   0.100512E+03   0.315835E+01   0.169340E+01   0.187945E-03   0.376424E-03   0.227629E-03   0.131072E-02   0.191753E+03   0.000000E+00   0.000000E+00   0.191753E+03  -0.383506E+03
   0.100512E+03   0.315835E+01   0.336298E+01   0.187945E-03   0.376424E-03   0.213824E-03   0.178198E-02   0.190328E+03   0.000000E+00   0.000000E+00   0.190328E+03  -0.380656E+03
   0.100512E+03   0.401952E+00  -0.223696E+01   0.187945E-03   0.264816E-03   0.213824E-03   0.947523E-03   0.192596E+03   0.000000E+00   0.000000E+00   0.192596E+03  -0.385192E+03
   0.100512E+03   0.401952E+00   0.285492E+01   0.187945E-03   0.264816E-03   0.213824E-03   0.947523E-03   0.192318E+03   0.000000E+00   0.000000E+00   0.192318E+03  -0.384636E+03
   0.100512E+03   0.401952E+00   0.285492E+01   0.187945E-03   0.264816E-03   0.213824E-03   0.947523E-03   0.192318E+03   0.000000E+00   0.000000E+00   0.192318E+03  -0.384636E+03
   0.996033E+02   0.205333E+01   0.285492E+01   0.187945E-03   0.264816E-03   0.213824E-03   0.947523E-03   0.189867E+03   0.000000E+00   0.000000E+00   0.189867E+03  -0.379734E+03
   0.996033E+02   0.205333E+01   0.285492E+01   0.187945E-03   0.264816E-03   0.213824E-03   0.947523E-03   0.189867E+03   0.000000E+00   0.000000E+00   0.189867E+03  -0.379734E+03
   0.996033E+02   0.205333E+01   0.531519E+01   0.513399E-03   0.826266E-03   0.213824E-03   0.947523E-03   0.187311E+03   0.000000E+00   0.000000E+00   0.187311E+03  -0.374622E+03
   0.100716E+03   0.208094E+01   0.531519E+01   0.513399E-03   0.826266E-03   0.148853E-03   0.947523E-03   0.189229E+03   0.000000E+00   0.000000E+00   0.189229E+03  -0.378458E+03
   0.100716E+03   0.208094E+01   0.749126E+01   0.513399E-03   0.826266E-03   0.148853E-03   0.947523E-03   0.188767E+03   0.000000E+00   0.000000E+00   0.188767E+03  -0.377534E+03
   0.100716E+03   0.208094E+01   0.397719E+01   0.513399E-03   0.826266E-03   0.148853E-03   0.947523E-03   0.189365E+03   0.000000E+00   0.000000E+00   0.189365E+03  -0.378730E+03
   0.995055E+02   0.425265E+01  -0.163047E+01   0.513399E-03   0.826266E-03   0.148853E-03   0.947523E-03   0.187381E+03   0.000000E+00   0.000000E+00   0.187381E+03  -0.374762E+03
   0.995055E+02   0.425265E+01  -0.410940E+01   0.513399E-03   0.826266E-03   0.148853E-03   0.947523E-03   0.187049E+03   0.000000E+00   0.000000E+00   0.187049E+03  -0.374098E+03
   0.995055E+02   0.425265E+01   0.755139E+01   0.513399E-03   0.826266E-03   0.148853E-03   0.947523E-03   0.184977E+03   0.000000E+00   0.000000E+00   0.184977E+03  -0.369954E+03
   0.100838E+03   0.425265E+01   0.755139E+01   0.133956E-03   0.930276E-04   0.148853E-03   0.947523E-03   0.191027E+03   0.000000E+00   0.000000E+00   0.191027E+03  -0.382054E+03
   0.101283E+03   0.425265E+01   0.755139E+01   0.133956E-03   0.658570E-03   0.148853E-03   0.947523E-03   0.189605E+03   0.000000E+00   0.000000E+00   0.189605E+03  -0.379210E+03
   0.100897E+03   0.425265E+01  -0.818156E+00   0.133956E-03   0.658570E-03   0.148853E-03   0.111637E-02   0.189761E+03   0.000000E+00   0.000000E+00   0.189761E+03  -0.379522E+03
   0.100897E+03   0.141366E+01  -0.818156E+00   0.133956E-03   0.658570E-03   0.148853E-03   0.111637E-02   0.191101E+03   0.000000E+00   0.000000E+00   0.191101E+03  -0.382202E+03
   0.100897E+03   0.141366E+01   0.150783E+01   0.133956E-03   0.658570E-03   0.148853E-03   0.111637E-02   0.191344E+03   0.000000E+00   0.000000E+00   0.191344E+03  -0.382688E+03
   0.100897E+03   0.141366E+01   0.222075E+01   0.133956E-03   0.658570E-03   0.148853E-03   0.111637E-02   0.191360E+03   0.000000E+00   0.000000E+00   0.191360E+03  -0.382720E+03
   0.100897E+03   0.141366E+01   0.310533E+01   0.133956E-03   0.121804E-03   0.148853E-03   0.111637E-02   0.193633E+03   0.000000E+00   0.000000E+00   0.193633E+03  -0.387266E+03
   0.100319E+03  -0.946192E+00   0.272462E+01   0.249334E-03   0.121804E-03   0.148853E-03   0.111637E-02   0.191426E+03   0.000000E+00   0.000000E+00   0.191426E+03  -0.382852E+03
   0.100319E+03  -0.161680E+01   0.133609E+01   0.249334E-03   0.670423E-03   0.148853E-03   0.111637E-02   0.190290E+03   0.000000E+00   0.000000E+00   0.190290E+03  -0.380580E+03
   0.100319E+03   0.137988E+01   0.194256E+01   0.249334E-03   0.670423E-03   0.170313E-03   0.111637E-02   0.190900E+03   0.000000E+00   0.000000E+00   0.190900E+03  -0.381800E+03
   0.101616E+03   0.137988E+01   0.120635E+01   0.267016E-03   0.670423E-03   0.472492E-03   0.845414E-03   0.187604E+03   0.000000E+00   0.000000E+00   0.187604E+03  -0.375208E+03
   0.101616E+03   0.167983E+01   0.784498E+01   0.267016E-03   0.670423E-03   0.472492E-03   0.730431E-03   0.187386E+03   0.000000E+00   0.000000E+00   0.187386E+03  -0.374772E+03
   0.101616E+03   0.656763E+01   0.784498E+01   0.267016E-03   0.670423E-03   0.472492E-03   0.730431E-03   0.185748E+03   0.000000E+00   0.000000E+00   0.185748E+03  -0.371496E+03
   0.101616E+03   0.128325E+01   0.784498E+01   0.267016E-03   0.670423E-03   0.802976E-03   0.223963E-02   0.183789E+03   0.000000E+00   0.000000E+00   0.183789E+03  -0.367578E+03
   0.102371E+03   0.641320E+01   0.372951E+01   0.267016E-03   0.670423E-03   0.802976E-03   0.223963E-02   0.182600E+03   0.000000E+00   0.000000E+00   0.182600E+03  -0.365200E+03
   0.102371E+03   0.641320E+01   0.456188E+00   0.530525E-04   0.740414E-03   0.334707E-03   0.223963E-02   0.182669E+03   0.000000E+00   0.000000E+00   0.182669E+03  -0.365338E+03
   0.102371E+03   0.641320E+01  -0.130749E+02   0.530525E-04   0.740414E-03   0.162481E-02   0.166771E-02   0.176136E+03   0.000000E+00   0.000000E+00   0.176136E+03  -0.352272E+03
   0.101727E+03   0.641320E+01  -0.130749E+02   0.530525E-04   0.286012E-04   0.162481E-02   0.166771E-02   0.179781E+03   0.000000E+00   0.000000E+00   0.179781E+03  -0.359562E+03
   0.101727E+03   0.641320E+01  -0.359160E+01   0.530525E-04   0.140998E-03   0.162481E-02   0.166771E-02   0.183299E+03   0.000000E+00   0.000000E+00   0.183299E+03  -0.366598E+03
   0.101727E+03   0.641320E+01  -0.359160E+01   0.530525E-04   0.140998E-03   0.162481E-02   0.166771E-02   0.183299E+03   0.000000E+00   0.000000E+00   0.183299E+03  -0.366598E+03
   0.101727E+03   0.641320E+01  -0.359160E+01   0.530525E-04   0.140998E-03   0.162481E-02   0.166771E-02   0.183299E+03   0.000000E+00   0.000000E+00   0.183299E+03  -0.366598E+03
   0.101727E+03   0.641320E+01   0.902727E+01   0.530525E-04   0.140998E-03   0.108458E-02   0.166771E-02   0.185194E+03   0.000000E+00   0.000000E+00   0.185194E+03  -0.370388E+03
   0.101727E+03   0.398767E+00   0.902727E+01   0.530525E-04   0.140998E-03   0.108458E-02   0.166771E-02   0.185104E+03   0.000000E+00   0.000000E+00   0.185104E+03  -0.370208E+03
   0.101727E+03   0.398767E+00  -0.412571E+01   0.530525E-04   0.140998E-03   0.362758E-03   0.166771E-02   0.190143E+03   0.000000E+00   0.000000E+00   0.190143E+03  -0.380286E+03
   0.101340E+03   0.398767E+00   0.776853E+01   0.530525E-04   0.140998E-03   0.362758E-03   0.166771E-02   0.190136E+03   0.000000E+00   0.000000E+00   0.190136E+03  -0.380272E+03
   0.101340E+03   0.398767E+00  -0.108555E+02   0.530525E-04   0.140998E-03   0.506336E-03   0.166771E-02   0.187786E+03   0.000000E+00   0.000000E+00   0.187786E+03  -0.375572E+03
   0.101340E+03   0.398767E+00  -0.156117E+01   0.530525E-04   0.140998E-03   0.506336E-03   0.103919E-02   0.191093E+03   0.000000E+00   0.000000E+00   0.191093E+03  -0.382186E+03
   0.101340E+03   0.103897E+01   0.185383E+01   0.530525E-04   0.140998E-03   0.506336E-03   0.103919E-02   0.191578E+03   0.000000E+00   0.000000E+00   0.191578E+03  -0.383156E+03
   0.101340E+03  -0.199461E+01   0.196614E+01   0.106341E-03   0.140998E-03   0.506336E-03   0.103919E-02   0.189603E+03   0.000000E+00   0.000000E+00   0.189603E+03  -0.379206E+03
   0.101340E+03  -0.199461E+01   0.196614E+01   0.106341E-03   0.140998E-03   0.506336E-03   0.103919E-02   0.189603E+03   0.000000E+00   0.000000E+00   0.189603E+03  -0.379206E+03
   0.101340E+03  -0.199461E+01   0.196614E+01   0.106341E-03   0.140998E-03   0.506336E-03   0.918639E-03   0.189339E+03   0.000000E+00   0.000000E+00   0.189339E+03  -0.378678E+03
   0.100431E+03   0.664479E+01  -0.470881E+01   0.106341E-03   0.140998E-03   0.596057E-03   0.918639E-03   0.188295E+03   0.000000E+00   0.000000E+00   0.188295E+03  -0.376590E+03
   0.100619E+03   0.664479E+01   0.223598E+01   0.106341E-03   0.140998E-03   0.596057E-03   0.918639E-03   0.189003E+03   0.000000E+00   0.000000E+00   0.189003E+03  -0.378006E+03
   0.101959E+03  -0.124679E+01   0.626889E+01   0.106341E-03   0.140998E-03   0.596057E-03   0.918639E-03   0.188543E+03   0.000000E+00   0.000000E+00   0.188543E+03  -0.377086E+03
   0.101959E+03   0.734766E+01   0.114951E+02   0.106341E-03   0.140998E-03   0.596057E-03   0.918639E-03   0.186767E+03   0.000000E+00   0.000000E+00   0.186767E+03  -0.373534E+03
   0.101959E+03   0.734766E+01   0.761961E+01   0.588515E-04   0.140998E-03   0.596057E-03   0.844549E-03   0.187477E+03   0.000000E+00   0.000000E+00   0.187477E+03  -0.374954E+03
   0.101959E+03   0.268479E+01   0.374114E+01   0.939575E-04   0.140998E-03   0.333067E-03   0.844549E-03   0.191048E+03   0.000000E+00   0.000000E+00   0.191048E+03  -0.382096E+03
   0.101959E+03   0.268479E+01   0.863385E+01   0.939575E-04   0.140998E-03   0.419517E-03   0.844549E-03   0.190480E+03   0.000000E+00   0.000000E+00   0.190480E+03  -0.380960E+03
   0.101594E+03   0.559368E+01   0.863385E+01   0.939575E-04   0.140998E-03   0.419517E-03   0.844549E-03   0.189544E+03   0.000000E+00   0.000000E+00   0.189544E+03  -0.379088E+03
   0.101594E+03   0.469829E+01   0.863385E+01   0.939575E-04   0.143646E-03   0.381915E-03   0.844549E-03   0.190245E+03   0.000000E+00   0.000000E+00   0.190245E+03  -0.380490E+03
   0.101594E+03  -0.128735E+00  -0.518791E+01   0.939575E-04   0.143646E-03   0.381915E-03   0.844549E-03   0.189065E+03   0.000000E+00   0.000000E+00   0.189065E+03  -0.378130E+03
   0.101594E+03  -0.128735E+00   0.133836E+01   0.939575E-04   0.143646E-03   0.245058E-03   0.844549E-03   0.191711E+03   0.000000E+00   0.000000E+00   0.191711E+03  -0.383422E+03
   0.101594E+03   0.747922E+00   0.621137E+01   0.939575E-04   0.143646E-03   0.245058E-03   0.844549E-03   0.192066E+03   0.000000E+00   0.000000E+00   0.192066E+03  -0.384132E+03
   0.101594E+03   0.268520E+01   0.621137E+01   0.939575E-04   0.143646E-03   0.245058E-03   0.160663E-02   0.191950E+03   0.000000E+00   0.000000E+00   0.191950E+03  -0.383900E+03
   0.102179E+03   0.520922E+00   0.621137E+01   0.939575E-04   0.143646E-03   0.245058E-03   0.695293E-03   0.189654E+03   0.000000E+00   0.000000E+00   0.189654E+03  -0.379308E+03
   0.102254E+03   0.105538E+01   0.621137E+01   0.939575E-04   0.143646E-03   0.245058E-03   0.695293E-03   0.189516E+03   0.000000E+00   0.000000E+00   0.189516E+03  -0.379032E+03
   0.101670E+03   0.105538E+01   0.955473E+01   0.939575E-04   0.143646E-03   0.245058E-03   0.695293E-03   0.190288E+03   0.000000E+00   0.000000E+00   0.190288E+03  -0.380576E+03
   0.101670E+03   0.121744E+01   0.955473E+01   0.939575E-04   0.143646E-03   0.245058E-03   0.695293E-03   0.190322E+03   0.000000E+00   0.000000E+00   0.190322E+03  -0.380644E+03
   0.101670E+03   0.121744E+01   0.955473E+01   0.939575E-04   0.143646E-03   0.245058E-03   0.695293E-03   0.190322E+03   0.000000E+00   0.000000E+00   0.190322E+03  -0.380644E+03
   0.101670E+03   0.266440E+01   0.466671E+01   0.939575E-04   0.143646E-03   0.245058E-03   0.695293E-03   0.191021E+03   0.000000E+00   0.000000E+00   0.191021E+03  -0.382042E+03
   0.101670E+03   0.266440E+01   0.264165E+01   0.939575E-04   0.143646E-03   0.245058E-03   0.695293E-03   0.190766E+03   0.000000E+00   0.000000E+00   0.190766E+03  -0.381532E+03
   0.101670E+03   0.266440E+01   0.185017E+01   0.939575E-04   0.143646E-03   0.484676E-03   0.695293E-03   0.189495E+03   0.000000E+00   0.000000E+00   0.189495E+03  -0.378990E+03
   0.101670E+03   0.219130E+01   0.185017E+01   0.939575E-04   0.143646E-03   0.314113E-03   0.695293E-03   0.190420E+03   0.000000E+00   0.000000E+00   0.190420E+03  -0.380840E+03
   0.101670E+03   0.219130E+01   0.545540E+01   0.939575E-04   0.143646E-03   0.314113E-03   0.106820E-02   0.192432E+03   0.000000E+00   0.000000E+00   0.192432E+03  -0.384864E+03
   0.101670E+03   0.169282E+01   0.545540E+01   0.939575E-04   0.143646E-03   0.314113E-03   0.106820E-02   0.192428E+03   0.000000E+00   0.000000E+00   0.192428E+03  -0.384856E+03
   0.101670E+03  -0.956001E+00   0.210124E+00   0.939575E-04   0.143646E-03   0.132845E-03   0.106820E-02   0.192076E+03   0.000000E+00   0.000000E+00   0.192076E+03  -0.384152E+03
   0.101670E+03   0.220695E+01   0.432356E+01   0.939575E-04   0.143646E-03   0.232589E-04   0.106820E-02   0.193315E+03   0.000000E+00   0.000000E+00   0.193315E+03  -0.386630E+03
   0.101670E+03   0.229013E+01   0.462567E+01   0.939575E-04   0.143646E-03   0.232589E-04   0.106820E-02   0.193293E+03   0.000000E+00   0.000000E+00   0.193293E+03  -0.386586E+03
   0.101670E+03   0.229013E+01   0.736947E+01   0.939575E-04   0.143646E-03   0.232589E-04   0.106820E-02   0.192929E+03   0.000000E+00   0.000000E+00   0.192929E+03  -0.385858E+03
   0.101670E+03   0.229013E+01   0.736947E+01   0.939575E-04   0.143646E-03   0.232589E-04   0.106820E-02   0.192929E+03   0.000000E+00   0.000000E+00   0.192929E+03  -0.385858E+03
   0.101670E+03   0.229013E+01   0.736947E+01   0.939575E-04   0.143646E-03   0.453518E-03   0.106820E-02   0.191252E+03   0.000000E+00   0.000000E+00   0.191252E+03  -0.382504E+03
   0.101747E+03   0.238800E+01   0.736947E+01   0.939575E-04   0.143646E-03   0.453518E-03   0.167380E-02   0.190415E+03   0.000000E+00   0.000000E+00   0.190415E+03  -0.380830E+03
   0.101747E+03   0.238800E+01   0.771806E+01   0.939575E-04   0.143646E-03   0.453518E-03   0.200010E-02   0.189511E+03   0.000000E+00   0.000000E+00   0.189511E+03  -0.379022E+03
   0.102382E+03  -0.796119E+00   0.834006E+01   0.939575E-04   0.143646E-03   0.453518E-03   0.923781E-03   0.189042E+03   0.000000E+00   0.000000E+00   0.189042E+03  -0.378084E+03
   0.102382E+03  -0.360733E+01   0.834006E+01   0.939575E-04   0.143646E-03   0.453518E-03   0.133509E-02   0.187005E+03   0.000000E+00   0.000000E+00   0.187005E+03  -0.374010E+03
   0.102382E+03  -0.354818E+01   0.834006E+01   0.175103E-03   0.143646E-03   0.453518E-03   0.133509E-02   0.187027E+03   0.000000E+00   0.000000E+00   0.187027E+03  -0.374054E+03
   0.102382E+03  -0.196977E+01   0.834006E+01   0.175103E-03   0.143646E-03   0.453518E-03   0.133509E-02   0.188553E+03   0.000000E+00   0.000000E+00   0.188553E+03  -0.377106E+03
   0.102382E+03   0.493137E+01   0.719644E+01   0.175103E-03   0.143646E-03   0.249231E-03   0.150654E-02   0.189939E+03   0.000000E+00   0.000000E+00   0.189939E+03  -0.379878E+03
   0.102382E+03   0.493137E+01   0.510108E+01   0.175103E-03   0.143646E-03   0.249231E-03   0.150654E-02   0.189767E+03   0.000000E+00   0.000000E+00   0.189767E+03  -0.379534E+03
   0.102382E+03   0.534919E+01  -0.995527E+00   0.347007E-03   0.143646E-03   0.249231E-03   0.232344E-02   0.185600E+03   0.000000E+00   0.000000E+00   0.185600E+03  -0.371200E+03
   0.102382E+03   0.120936E+01   0.704146E+01   0.347007E-03   0.143646E-03   0.249231E-03   0.232344E-02   0.189030E+03   0.000000E+00   0.000000E+00   0.189030E+03  -0.378060E+03
   0.102382E+03   0.180581E+01   0.979284E+01   0.347007E-03   0.143646E-03   0.249231E-03   0.232344E-02   0.188621E+03   0.000000E+00   0.000000E+00   0.188621E+03  -0.377242E+03
   0.102382E+03   0.180581E+01   0.979284E+01   0.347007E-03   0.121818E-03   0.249231E-03   0.232344E-02   0.188662E+03   0.000000E+00   0.000000E+00   0.188662E+03  -0.377324E+03
   0.102382E+03   0.180581E+01   0.509533E+01   0.148826E-03   0.121818E-03   0.133521E-03   0.183219E-02   0.190728E+03   0.000000E+00   0.000000E+00   0.190728E+03  -0.381456E+03
   0.101376E+03   0.356851E+01   0.509533E+01   0.148826E-03   0.121818E-03   0.133521E-03   0.183219E-02   0.191655E+03   0.000000E+00   0.000000E+00   0.191655E+03  -0.383310E+03
   0.101128E+03   0.183322E+01   0.536399E+01   0.462271E-03   0.121818E-03   0.133521E-03   0.126838E-02   0.192487E+03   0.000000E+00   0.000000E+00   0.192487E+03  -0.384974E+03
   0.101128E+03   0.183322E+01   0.111248E+01   0.462271E-03   0.189227E-03   0.134331E-03   0.126838E-02   0.192852E+03   0.000000E+00   0.000000E+00   0.192852E+03  -0.385704E+03
   0.101128E+03   0.183322E+01   0.111248E+01   0.241613E-03   0.189227E-03   0.134331E-03   0.126838E-02   0.193410E+03   0.000000E+00   0.000000E+00   0.193410E+03  -0.386820E+03
   0.101128E+03   0.300277E+01   0.395840E-01   0.342532E-03   0.189227E-03   0.134331E-03   0.126838E-02   0.192752E+03   0.000000E+00   0.000000E+00   0.192752E+03  -0.385504E+03
   0.101128E+03   0.300277E+01   0.395840E-01   0.342532E-03   0.189227E-03   0.134331E-03   0.126838E-02   0.192752E+03   0.000000E+00   0.000000E+00   0.192752E+03  -0.385504E+03
   0.101128E+03   0.772078E+00   0.395840E-01   0.342532E-03   0.189227E-03   0.134331E-03   0.961874E-03   0.192986E+03   0.000000E+00   0.000000E+00   0.192986E+03  -0.385972E+03
   0.101128E+03   0.772078E+00   0.395840E-01   0.342532E-03   0.189227E-03   0.134331E-03   0.961874E-03   0.192986E+03   0.000000E+00   0.000000E+00   0.192986E+03  -0.385972E+03
   0.101128E+03   0.772078E+00  -0.144598E+01   0.342532E-03   0.444024E-04   0.134331E-03   0.961874E-03   0.193028E+03   0.000000E+00   0.000000E+00   0.193028E+03  -0.386056E+03
   0.101128E+03   0.772078E+00   0.480055E+00   0.619815E-03   0.444024E-04   0.134331E-03   0.961874E-03   0.192483E+03   0.000000E+00   0.000000E+00   0.192483E+03  -0.384966E+03
   0.101128E+03   0.410314E+01   0.640654E+01   0.619815E-03   0.444024E-04   0.134331E-03   0.140723E-02   0.190624E+03   0.000000E+00   0.000000E+00   0.190624E+03  -0.381248E+03
   0.101128E+03   0.603309E+01   0.696835E+01   0.619815E-03   0.444024E-04   0.134331E-03   0.140723E-02   0.188634E+03   0.000000E+00   0.000000E+00   0.188634E+03  -0.377268E+03
   0.101128E+03   0.603309E+01   0.299342E+01   0.619815E-03   0.444024E-04   0.134331E-03   0.140723E-02   0.189511E+03   0.000000E+00   0.000000E+00   0.189511E+03  -0.379022E+03
   0.101128E+03   0.201777E+01   0.299342E+01   0.563687E-04   0.444024E-04   0.134331E-03   0.140723E-02   0.193609E+03   0.000000E+00   0.000000E+00   0.193609E+03  -0.387218E+03
   0.101128E+03   0.253143E+01   0.299342E+01   0.563687E-04   0.444024E-04   0.134331E-03   0.116255E-02   0.193825E+03   0.000000E+00   0.000000E+00   0.193825E+03  -0.387650E+03
   0.101128E+03   0.237805E+01   0.299342E+01   0.563687E-04   0.444024E-04   0.134331E-03   0.116255E-02   0.193862E+03   0.000000E+00   0.000000E+00   0.193862E+03  -0.387724E+03
   0.101128E+03   0.237805E+01  -0.248368E+01   0.563687E-04   0.444024E-04   0.134331E-03   0.116255E-02   0.193330E+03   0.000000E+00   0.000000E+00   0.193330E+03  -0.386660E+03
   0.101128E+03   0.232337E+01  -0.248368E+01   0.563687E-04   0.444024E-04   0.134331E-03   0.116255E-02   0.193347E+03   0.000000E+00   0.000000E+00   0.193347E+03  -0.386694E+03
   0.101391E+03   0.232337E+01   0.763328E+01   0.563687E-04   0.662348E-03   0.134331E-03   0.116255E-02   0.190531E+03   0.000000E+00   0.000000E+00   0.190531E+03  -0.381062E+03
   0.101391E+03   0.232337E+01   0.336831E+01   0.563687E-04   0.662348E-03   0.134331E-03   0.116255E-02   0.190798E+03   0.000000E+00   0.000000E+00   0.190798E+03  -0.381596E+03
   0.101391E+03   0.232337E+01   0.336831E+01   0.563687E-04   0.662348E-03   0.134331E-03   0.175397E-02   0.189814E+03   0.000000E+00   0.000000E+00   0.189814E+03  -0.379628E+03
   0.101391E+03  -0.991081E+00   0.285446E-01   0.563687E-04   0.662348E-03   0.134331E-03   0.175397E-02   0.189507E+03   0.000000E+00   0.000000E+00   0.189507E+03  -0.379014E+03
   0.101391E+03  -0.586654E+00   0.584474E+01   0.563687E-04   0.662348E-03   0.134331E-03   0.765161E-03   0.189914E+03   0.000000E+00   0.000000E+00   0.189914E+03  -0.379828E+03
   0.101391E+03   0.464212E+01   0.584474E+01   0.563687E-04   0.704630E-03   0.134331E-03   0.765161E-03   0.188498E+03   0.000000E+00   0.000000E+00   0.188498E+03  -0.376996E+03
   0.101391E+03   0.464212E+01   0.497565E+01   0.563687E-04   0.704630E-03   0.134331E-03   0.765161E-03   0.188435E+03   0.000000E+00   0.000000E+00   0.188435E+03  -0.376870E+03
   0.100361E+03   0.463123E+01   0.497565E+01   0.563687E-04   0.704630E-03   0.134331E-03   0.119358E-02   0.189016E+03   0.000000E+00   0.000000E+00   0.189016E+03  -0.378032E+03
   0.100361E+03   0.872917E+00   0.497565E+01   0.563687E-04   0.704630E-03   0.134331E-03   0.119358E-02   0.190371E+03   0.000000E+00   0.000000E+00   0.190371E+03  -0.380742E+03
   0.100361E+03   0.357708E+01   0.497565E+01   0.563687E-04   0.704630E-03   0.134331E-03   0.119358E-02   0.189715E+03   0.000000E+00   0.000000E+00   0.189715E+03  -0.379430E+03
   0.100572E+03   0.357708E+01  -0.659261E+01   0.562469E-03   0.704630E-03   0.134331E-03   0.119358E-02   0.187403E+03   0.000000E+00   0.000000E+00   0.187403E+03  -0.374806E+03
   0.100572E+03   0.244432E+01  -0.474399E+01   0.562469E-03   0.704630E-03   0.134331E-03   0.119358E-02   0.188811E+03   0.000000E+00   0.000000E+00   0.188811E+03  -0.377622E+03
   0.100572E+03   0.301584E+01  -0.474399E+01   0.562469E-03   0.704630E-03   0.134331E-03   0.119667E-02   0.188491E+03   0.000000E+00   0.000000E+00   0.188491E+03  -0.376982E+03
   0.100572E+03   0.301584E+01  -0.474399E+01   0.191317E-03   0.704630E-03   0.134331E-03   0.119667E-02   0.189527E+03   0.000000E+00   0.000000E+00   0.189527E+03  -0.379054E+03
   0.100572E+03   0.301584E+01   0.621898E+01   0.132173E-03   0.704630E-03   0.134331E-03   0.119667E-02   0.189866E+03   0.000000E+00   0.000000E+00   0.189866E+03  -0.379732E+03
   0.100572E+03   0.301584E+01   0.201607E+01   0.132173E-03   0.704630E-03   0.134331E-03   0.119667E-02   0.190629E+03   0.000000E+00   0.000000E+00   0.190629E+03  -0.381258E+03
   0.100572E+03   0.301584E+01   0.245797E+01   0.132173E-03   0.704630E-03   0.134331E-03   0.119667E-02   0.190604E+03   0.000000E+00   0.000000E+00   0.190604E+03  -0.381208E+03
   0.100572E+03   0.301584E+01   0.245797E+01   0.132173E-03   0.704630E-03   0.134331E-03   0.102642E-02   0.190717E+03   0.000000E+00   0.000000E+00   0.190717E+03  -0.381434E+03
   0.100572E+03  -0.394838E+01   0.256178E+01   0.132173E-03   0.704630E-03   0.134331E-03   0.102642E-02   0.188550E+03   0.000000E+00   0.000000E+00   0.188550E+03  -0.377100E+03
   0.100572E+03  -0.362553E+01  -0.380941E+01   0.241061E-03   0.118855E-02   0.134331E-03   0.102642E-02   0.186371E+03   0.000000E+00   0.000000E+00   0.186371E+03  -0.372742E+03
   0.100572E+03  -0.471441E+01  -0.284826E+01   0.463197E-03   0.123046E-02   0.134331E-03   0.102642E-02   0.185171E+03   0.000000E+00   0.000000E+00   0.185171E+03  -0.370342E+03
   0.100572E+03  -0.265841E+01  -0.120205E+01   0.463197E-03   0.544933E-03   0.134331E-03   0.102642E-02   0.189865E+03   0.000000E+00   0.000000E+00   0.189865E+03  -0.379730E+03
   0.101275E+03  -0.130908E+01   0.823336E+01   0.164091E-03   0.660005E-03   0.134331E-03   0.102642E-02   0.189977E+03   0.000000E+00   0.000000E+00   0.189977E+03  -0.379954E+03
   0.101276E+03   0.102157E+01   0.438983E+01   0.164091E-03   0.660005E-03   0.134331E-03   0.104437E-02   0.191091E+03   0.000000E+00   0.000000E+00   0.191091E+03  -0.382182E+03
   0.100544E+03   0.195716E+01   0.966772E+00   0.164091E-03   0.660005E-03   0.134331E-03   0.119087E-02   0.191244E+03   0.000000E+00   0.000000E+00   0.191244E+03  -0.382488E+03
   0.100544E+03   0.195716E+01   0.966772E+00   0.164091E-03   0.678846E-03   0.134331E-03   0.119087E-02   0.191137E+03   0.000000E+00   0.000000E+00   0.191137E+03  -0.382274E+03
   0.100169E+03   0.195716E+01   0.296698E+00   0.404133E-03   0.678846E-03   0.134331E-03   0.891744E-03   0.190473E+03   0.000000E+00   0.000000E+00   0.190473E+03  -0.380946E+03
   0.100169E+03   0.225118E+01   0.574475E+00   0.404133E-03   0.219078E-03   0.134331E-03   0.891744E-03   0.192218E+03   0.000000E+00   0.000000E+00   0.192218E+03  -0.384436E+03
   0.100169E+03   0.225118E+01   0.574475E+00   0.404133E-03   0.219078E-03   0.134331E-03   0.891744E-03   0.192218E+03   0.000000E+00   0.000000E+00   0.192218E+03  -0.384436E+03
   0.100169E+03  -0.867831E+00  -0.524496E+01   0.404133E-03   0.219078E-03   0.134331E-03   0.891744E-03   0.191074E+03   0.000000E+00   0.000000E+00   0.191074E+03  -0.382148E+03
   0.100169E+03   0.167124E+01  -0.482763E+01   0.404133E-03   0.101144E-03   0.134331E-03   0.891744E-03   0.192113E+03   0.000000E+00   0.000000E+00   0.192113E+03  -0.384226E+03
   0.100169E+03   0.167124E+01   0.536374E+00   0.205648E-03   0.101144E-03   0.134331E-03   0.206638E-02   0.190641E+03   0.000000E+00   0.000000E+00   0.190641E+03  -0.381282E+03
   0.100169E+03   0.269365E+01   0.536374E+00   0.205648E-03   0.101144E-03   0.134331E-03   0.226162E-02   0.189985E+03   0.000000E+00   0.000000E+00   0.189985E+03  -0.379970E+03
   0.100169E+03   0.269365E+01  -0.184637E+01   0.205648E-03   0.101144E-03   0.134331E-03   0.226162E-02   0.190313E+03   0.000000E+00   0.000000E+00   0.190313E+03  -0.380626E+03
   0.100169E+03   0.269365E+01  -0.184637E+01   0.205648E-03   0.101144E-03   0.134331E-03   0.920033E-03   0.192878E+03   0.000000E+00   0.000000E+00   0.192878E+03  -0.385756E+03
   0.100169E+03   0.269365E+01  -0.497650E+01   0.205648E-03   0.101144E-03   0.134331E-03   0.920033E-03   0.192323E+03   0.000000E+00   0.000000E+00   0.192323E+03  -0.384646E+03
   0.100169E+03   0.209851E+01  -0.497650E+01   0.205648E-03   0.101144E-03   0.134331E-03   0.133888E-02   0.192432E+03   0.000000E+00   0.000000E+00   0.192432E+03  -0.384864E+03
   0.100169E+03   0.209851E+01  -0.634139E+01   0.346784E-03   0.101144E-03   0.134331E-03   0.133888E-02   0.191744E+03   0.000000E+00   0.000000E+00   0.191744E+03  -0.383488E+03
   0.100169E+03   0.877373E+00  -0.634139E+01   0.346784E-03   0.101144E-03   0.310661E-03   0.133888E-02   0.191147E+03   0.000000E+00   0.000000E+00   0.191147E+03  -0.382294E+03
   0.100169E+03   0.877373E+00  -0.318834E+01   0.346784E-03   0.101144E-03   0.312425E-03   0.133888E-02   0.191596E+03   0.000000E+00   0.000000E+00   0.191596E+03  -0.383192E+03
   0.100169E+03   0.877373E+00  -0.318834E+01   0.346784E-03   0.101144E-03   0.312425E-03   0.133888E-02   0.191596E+03   0.000000E+00   0.000000E+00   0.191596E+03  -0.383192E+03
   0.100735E+03   0.877373E+00  -0.318834E+01   0.346784E-03   0.161380E-03   0.312425E-03   0.133888E-02   0.192072E+03   0.000000E+00   0.000000E+00   0.192072E+03  -0.384144E+03
   0.100735E+03   0.134732E+01  -0.905604E+00   0.346784E-03   0.161380E-03   0.312425E-03   0.133888E-02   0.192351E+03   0.000000E+00   0.000000E+00   0.192351E+03  -0.384702E+03
   0.100306E+03   0.134732E+01   0.493014E+01   0.346784E-03   0.161380E-03   0.312425E-03   0.133888E-02   0.190058E+03   0.000000E+00   0.000000E+00   0.190058E+03  -0.380116E+03
   0.100306E+03   0.220547E+01  -0.142213E+01   0.346784E-03   0.161380E-03   0.312425E-03   0.103486E-02   0.192220E+03   0.000000E+00   0.000000E+00   0.192220E+03  -0.384440E+03
   0.100306E+03   0.260741E+01  -0.142213E+01   0.107746E-03   0.161380E-03   0.312425E-03   0.103486E-02   0.192593E+03   0.000000E+00   0.000000E+00   0.192593E+03  -0.385186E+03
   0.100306E+03   0.327936E+01  -0.163852E+01   0.304139E-03   0.161380E-03   0.196384E-03   0.103486E-02   0.192472E+03   0.000000E+00   0.000000E+00   0.192472E+03  -0.384944E+03
   0.100517E+03   0.327936E+01  -0.163852E+01   0.304139E-03   0.161380E-03   0.999154E-04   0.103486E-02   0.192828E+03   0.000000E+00   0.000000E+00   0.192828E+03  -0.385656E+03
   0.100517E+03   0.327936E+01  -0.118061E+00   0.304139E-03   0.161380E-03   0.999154E-04   0.286982E-02   0.188930E+03   0.000000E+00   0.000000E+00   0.188930E+03  -0.377860E+03
   0.100517E+03   0.327936E+01   0.188440E+01   0.304139E-03   0.161380E-03   0.999154E-04   0.286982E-02   0.188628E+03   0.000000E+00   0.000000E+00   0.188628E+03  -0.377256E+03
   0.100517E+03  -0.491811E+00  -0.197359E+01   0.172426E-03   0.161380E-03   0.999154E-04   0.286982E-02   0.189123E+03   0.000000E+00   0.000000E+00   0.189123E+03  -0.378246E+03
   0.100517E+03  -0.491811E+00   0.367597E+01   0.172426E-03   0.289267E-03   0.999154E-04   0.286982E-02   0.187841E+03   0.000000E+00   0.000000E+00   0.187841E+03  -0.375682E+03
   0.101167E+03   0.392038E+01  -0.113663E+01   0.172426E-03   0.289267E-03   0.999154E-04   0.286982E-02   0.188379E+03   0.000000E+00   0.000000E+00   0.188379E+03  -0.376758E+03
   0.101167E+03   0.167859E+01   0.384851E+01   0.172426E-03   0.289267E-03   0.999154E-04   0.286982E-02   0.189350E+03   0.000000E+00   0.000000E+00   0.189350E+03  -0.378700E+03
   0.101167E+03   0.167859E+01   0.384851E+01   0.172426E-03   0.289267E-03   0.999154E-04   0.197889E-02   0.191530E+03   0.000000E+00   0.000000E+00   0.191530E+03  -0.383060E+03
   0.101167E+03   0.167859E+01   0.215803E+01   0.334855E-03   0.289267E-03   0.999154E-04   0.197889E-02   0.191404E+03   0.000000E+00   0.000000E+00   0.191404E+03  -0.382808E+03
   0.101167E+03   0.167859E+01   0.215803E+01   0.334855E-03   0.289267E-03   0.999154E-04   0.234445E-02   0.190492E+03   0.000000E+00   0.000000E+00   0.190492E+03  -0.380984E+03
   0.101167E+03   0.167859E+01   0.700255E+01   0.334855E-03   0.289267E-03   0.999154E-04   0.234445E-02   0.189359E+03   0.000000E+00   0.000000E+00   0.189359E+03  -0.378718E+03
   0.101167E+03   0.150783E+00   0.751930E+01   0.334855E-03   0.289267E-03   0.999154E-04   0.218047E-02   0.189341E+03   0.000000E+00   0.000000E+00   0.189341E+03  -0.378682E+03
   0.100588E+03   0.194102E+01   0.487745E+01   0.334855E-03   0.289267E-03   0.999154E-04   0.218047E-02   0.189526E+03   0.000000E+00   0.000000E+00   0.189526E+03  -0.379052E+03
   0.100588E+03  -0.103230E+01   0.487745E+01   0.334855E-03   0.824285E-03   0.999154E-04   0.218047E-02   0.187104E+03   0.000000E+00   0.000000E+00   0.187104E+03  -0.374208E+03
   0.100588E+03  -0.103230E+01  -0.204151E+01   0.643833E-03   0.824285E-03   0.999154E-04   0.218047E-02   0.186761E+03   0.000000E+00   0.000000E+00   0.186761E+03  -0.373522E+03
   0.100537E+03  -0.103230E+01  -0.204151E+01   0.142112E-03   0.241376E-03   0.999154E-04   0.218047E-02   0.190355E+03   0.000000E+00   0.000000E+00   0.190355E+03  -0.380710E+03
   0.100537E+03  -0.103230E+01  -0.204151E+01   0.142112E-03   0.241376E-03   0.999154E-04   0.218047E-02   0.190355E+03   0.000000E+00   0.000000E+00   0.190355E+03  -0.380710E+03
   0.100537E+03  -0.103230E+01  -0.154322E+01   0.142112E-03   0.241376E-03   0.999154E-04   0.187908E-02   0.191140E+03   0.000000E+00   0.000000E+00   0.191140E+03  -0.382280E+03
   0.100537E+03   0.312257E+01  -0.289665E+01   0.128908E-03   0.241376E-03   0.999154E-04   0.206314E-02   0.190923E+03   0.000000E+00   0.000000E+00   0.190923E+03  -0.381846E+03
   0.101072E+03   0.312257E+01   0.266295E+01   0.128908E-03   0.241376E-03   0.999154E-04   0.206314E-02   0.191309E+03   0.000000E+00   0.000000E+00   0.191309E+03  -0.382618E+03
   0.101072E+03   0.444928E+01  -0.178976E+01   0.128908E-03   0.241376E-03   0.639269E-03   0.206314E-02   0.188537E+03   0.000000E+00   0.000000E+00   0.188537E+03  -0.377074E+03
   0.101072E+03   0.444928E+01   0.153948E+01   0.128908E-03   0.241376E-03   0.126557E-03   0.206314E-02   0.190478E+03   0.000000E+00   0.000000E+00   0.190478E+03  -0.380956E+03
   0.101072E+03   0.444928E+01   0.432477E+01   0.128908E-03   0.241376E-03   0.126557E-03   0.206314E-02   0.190189E+03   0.000000E+00   0.000000E+00   0.190189E+03  -0.380378E+03
   0.101072E+03   0.134943E+01  -0.286287E+01   0.128908E-03   0.241376E-03   0.126557E-03   0.779407E-03   0.191755E+03   0.000000E+00   0.000000E+00   0.191755E+03  -0.383510E+03
   0.995652E+02   0.152270E+01   0.598958E+00   0.128908E-03   0.241376E-03   0.126557E-03   0.779407E-03   0.190812E+03   0.000000E+00   0.000000E+00   0.190812E+03  -0.381624E+03
   0.101763E+03   0.152270E+01   0.598958E+00   0.128908E-03   0.241376E-03   0.126557E-03   0.807699E-03   0.191059E+03   0.000000E+00   0.000000E+00   0.191059E+03  -0.382118E+03
   0.101715E+03   0.130238E+01  -0.199680E+01   0.128908E-03   0.241376E-03   0.126557E-03   0.807699E-03   0.190275E+03   0.000000E+00   0.000000E+00   0.190275E+03  -0.380550E+03
   0.101715E+03   0.130238E+01  -0.199680E+01   0.128908E-03   0.241376E-03   0.126557E-03   0.807699E-03   0.190275E+03   0.000000E+00   0.000000E+00   0.190275E+03  -0.380550E+03
   0.100884E+03   0.160522E+01   0.369227E+00   0.128908E-03   0.241376E-03   0.126557E-03   0.940247E-03   0.193419E+03   0.000000E+00   0.000000E+00   0.193419E+03  -0.386838E+03
   0.100884E+03   0.160522E+01   0.172444E+01   0.128908E-03   0.241376E-03   0.126557E-03   0.218271E-02   0.191331E+03   0.000000E+00   0.000000E+00   0.191331E+03  -0.382662E+03
   0.101541E+03   0.160522E+01   0.135988E+01   0.128908E-03   0.241376E-03   0.126557E-03   0.218271E-02   0.191109E+03   0.000000E+00   0.000000E+00   0.191109E+03  -0.382218E+03
   0.101541E+03   0.160522E+01   0.135988E+01   0.128908E-03   0.241376E-03   0.126557E-03   0.218271E-02   0.191109E+03   0.000000E+00   0.000000E+00   0.191109E+03  -0.382218E+03
   0.101541E+03   0.160522E+01  -0.478717E+00   0.128908E-03   0.241376E-03   0.126557E-03   0.218271E-02   0.190833E+03   0.000000E+00   0.000000E+00   0.190833E+03  -0.381666E+03
   0.101541E+03   0.433289E+01   0.700123E+01   0.128908E-03   0.241376E-03   0.126557E-03   0.218271E-02   0.189561E+03   0.000000E+00   0.000000E+00   0.189561E+03  -0.379122E+03
   0.100634E+03   0.287895E+01   0.747426E+01   0.128908E-03   0.241376E-03   0.126557E-03   0.941654E-03   0.191150E+03   0.000000E+00   0.000000E+00   0.191150E+03  -0.382300E+03
   0.100597E+03   0.287895E+01   0.747426E+01   0.316516E-03   0.241376E-03   0.126557E-03   0.941654E-03   0.190779E+03   0.000000E+00   0.000000E+00   0.190779E+03  -0.381558E+03
   0.101829E+03   0.287895E+01   0.747426E+01   0.536503E-03   0.241376E-03   0.126557E-03   0.941654E-03   0.191098E+03   0.000000E+00   0.000000E+00   0.191098E+03  -0.382196E+03
   0.101829E+03   0.287895E+01   0.933640E+01   0.536503E-03   0.363190E-04   0.126557E-03   0.941654E-03   0.191077E+03   0.000000E+00   0.000000E+00   0.191077E+03  -0.382154E+03
   0.101829E+03   0.287895E+01   0.689495E+01   0.536503E-03   0.363190E-04   0.489505E-03   0.941654E-03   0.190082E+03   0.000000E+00   0.000000E+00   0.190082E+03  -0.380164E+03
   0.101829E+03   0.287895E+01   0.689495E+01   0.558828E-03   0.363190E-04   0.489505E-03   0.941654E-03   0.190010E+03   0.000000E+00   0.000000E+00   0.190010E+03  -0.380020E+03
   0.101829E+03  -0.398938E-01   0.689495E+01   0.558828E-03   0.363190E-04   0.489505E-03   0.167838E-02   0.188891E+03   0.000000E+00   0.000000E+00   0.188891E+03  -0.377782E+03
   0.101829E+03   0.122855E+00   0.375873E+00   0.558828E-03   0.363190E-04   0.489505E-03   0.105718E-02   0.189732E+03   0.000000E+00   0.000000E+00   0.189732E+03  -0.379464E+03
   0.101829E+03   0.122855E+00   0.100206E+02   0.558828E-03   0.363190E-04   0.459532E-03   0.105718E-02   0.188963E+03   0.000000E+00   0.000000E+00   0.188963E+03  -0.377926E+03
   0.101805E+03   0.122855E+00   0.153292E+01   0.558828E-03   0.363190E-04   0.459532E-03   0.105718E-02   0.190132E+03   0.000000E+00   0.000000E+00   0.190132E+03  -0.380264E+03
   0.101805E+03   0.122855E+00   0.488221E+01   0.558828E-03   0.363190E-04   0.459532E-03   0.105718E-02   0.190207E+03   0.000000E+00   0.000000E+00   0.190207E+03  -0.380414E+03
   0.101805E+03   0.122855E+00   0.398231E+01   0.491294E-03   0.363190E-04   0.556165E-03   0.105718E-02   0.189776E+03   0.000000E+00   0.000000E+00   0.189776E+03  -0.379552E+03
   0.101805E+03   0.363829E+01   0.398231E+01   0.491294E-03   0.363190E-04   0.556165E-03   0.105718E-02   0.190173E+03   0.000000E+00   0.000000E+00   0.190173E+03  -0.380346E+03
   0.101805E+03   0.363829E+01   0.398231E+01   0.491294E-03   0.363190E-04   0.556165E-03   0.105718E-02   0.190173E+03   0.000000E+00   0.000000E+00   0.190173E+03  -0.380346E+03
   0.101887E+03   0.389659E+01   0.204562E+01   0.491294E-03   0.363190E-04   0.556165E-03   0.105718E-02   0.189826E+03   0.000000E+00   0.000000E+00   0.189826E+03  -0.379652E+03
   0.101986E+03   0.413331E+01   0.204562E+01   0.491294E-03   0.363190E-04   0.556165E-03   0.105718E-02   0.189525E+03   0.000000E+00   0.000000E+00   0.189525E+03  -0.379050E+03
   0.101986E+03   0.212817E+01   0.129161E+01   0.491294E-03   0.302726E-03   0.556165E-03   0.105718E-02   0.188829E+03   0.000000E+00   0.000000E+00   0.188829E+03  -0.377658E+03
   0.101986E+03   0.381782E+01   0.889873E+01   0.491294E-03   0.302726E-03   0.556165E-03   0.105718E-02   0.188705E+03   0.000000E+00   0.000000E+00   0.188705E+03  -0.377410E+03
   0.101986E+03   0.232874E+00   0.287560E+01   0.762373E-03   0.302726E-03   0.556165E-03   0.105718E-02   0.187868E+03   0.000000E+00   0.000000E+00   0.187868E+03  -0.375736E+03
   0.101986E+03   0.232874E+00   0.287560E+01   0.762373E-03   0.302726E-03   0.150956E-03   0.105718E-02   0.189959E+03   0.000000E+00   0.000000E+00   0.189959E+03  -0.379918E+03
   0.100052E+03   0.520428E+00   0.287560E+01   0.762373E-03   0.302726E-03   0.150956E-03   0.105718E-02   0.190049E+03   0.000000E+00   0.000000E+00   0.190049E+03  -0.380098E+03
   0.100052E+03   0.520428E+00   0.243218E+01   0.837898E-03   0.302726E-03   0.255115E-03   0.871394E-03   0.189407E+03   0.000000E+00   0.000000E+00   0.189407E+03  -0.378814E+03
   0.100052E+03   0.520428E+00   0.243218E+01   0.837898E-03   0.302726E-03   0.255115E-03   0.871394E-03   0.189407E+03   0.000000E+00   0.000000E+00   0.189407E+03  -0.378814E+03
   0.100064E+03   0.314728E+01  -0.304462E+01   0.837898E-03   0.302726E-03   0.255115E-03   0.871394E-03   0.189443E+03   0.000000E+00   0.000000E+00   0.189443E+03  -0.378886E+03
   0.100064E+03   0.314728E+01  -0.304462E+01   0.664971E-03   0.302726E-03   0.255115E-03   0.871394E-03   0.190134E+03   0.000000E+00   0.000000E+00   0.190134E+03  -0.380268E+03
   0.100064E+03   0.543349E+01  -0.304462E+01   0.664971E-03   0.302726E-03   0.255115E-03   0.871394E-03   0.188314E+03   0.000000E+00   0.000000E+00   0.188314E+03  -0.376628E+03
   0.100086E+03   0.330464E+01  -0.304462E+01   0.168767E-04   0.302726E-03   0.255115E-03   0.870107E-03   0.191623E+03   0.000000E+00   0.000000E+00   0.191623E+03  -0.383246E+03
   0.100086E+03   0.330464E+01  -0.197617E+01   0.168767E-04   0.348447E-03   0.255115E-03   0.870107E-03   0.191568E+03   0.000000E+00   0.000000E+00   0.191568E+03  -0.383136E+03
   0.999662E+02   0.330464E+01  -0.197617E+01   0.168767E-04   0.348447E-03   0.255115E-03   0.870107E-03   0.191413E+03   0.000000E+00   0.000000E+00   0.191413E+03  -0.382826E+03
   0.999662E+02   0.330464E+01  -0.197617E+01   0.168767E-04   0.348447E-03   0.255115E-03   0.870107E-03   0.191413E+03   0.000000E+00   0.000000E+00   0.191413E+03  -0.382826E+03
   0.101255E+03   0.330464E+01   0.863431E+01   0.625914E-03   0.348447E-03   0.255115E-03   0.870107E-03   0.189608E+03   0.000000E+00   0.000000E+00   0.189608E+03  -0.379216E+03
   0.101255E+03   0.330464E+01   0.189794E+01   0.625914E-03   0.348447E-03   0.255115E-03   0.806114E-03   0.189969E+03   0.000000E+00   0.000000E+00   0.189969E+03  -0.379938E+03
