Kmin_MC_Up_a0  Kmin_TR_a0     Y1_intercept   Y2_intercept   Y3_intercept   Y4_intercept   Y5_intercept   LogPost        
   0.343862E+02   0.284938E+02   0.656626E-02   0.927218E+01   0.116602E+02   0.185047E+01   0.167770E+02   0.785320E+01
   0.343862E+02   0.268926E+02   0.666629E-02   0.132954E+02   0.108722E+02   0.113027E+01   0.146098E+02   0.714410E+01
   0.343253E+02   0.273411E+02   0.564059E-02   0.131002E+02   0.112030E+02   0.105685E+01   0.108468E+02   0.634755E+01
   0.344243E+02   0.269878E+02   0.609123E-02   0.863434E+01   0.981335E+01   0.105685E+01   0.104907E+02   0.787683E+01
   0.346175E+02   0.275167E+02   0.693371E-02   0.127890E+02   0.102373E+02   0.105685E+01   0.180557E+02   0.751852E+01
   0.346485E+02   0.283350E+02   0.699477E-02   0.140584E+02   0.107141E+02   0.333699E-01   0.122762E+02   0.577788E+01
   0.344685E+02   0.266767E+02   0.688327E-02   0.113446E+02   0.102431E+02   0.642235E+00   0.121808E+02   0.798677E+01
   0.345637E+02   0.278806E+02   0.496038E-02   0.796162E+01   0.111985E+02   0.138126E+01   0.109677E+02   0.640936E+01
   0.343982E+02   0.269715E+02   0.628470E-02   0.104307E+02   0.932164E+01   0.637899E+00   0.109677E+02   0.827176E+01
   0.345840E+02   0.275474E+02   0.515554E-02   0.116957E+02   0.665566E+01   0.126313E+01   0.200953E+02   0.530050E+01
   0.347546E+02   0.265086E+02   0.603941E-02   0.138654E+02   0.118309E+02   0.169966E+01   0.108492E+02   0.327150E+01
   0.345486E+02   0.272725E+02   0.660870E-02   0.924669E+01   0.957297E+01   0.342043E+01   0.181767E+02   0.639000E+01
   0.344926E+02   0.276750E+02   0.669095E-02   0.903537E+01   0.865080E+01   0.115344E+01   0.124841E+02   0.950471E+01
   0.345597E+02   0.274642E+02   0.782662E-02   0.925274E+01   0.967681E+01   0.224567E+01   0.116780E+02   0.682794E+01
   0.344637E+02   0.270294E+02   0.604266E-02   0.131252E+02   0.142353E+02   0.245825E+00   0.119180E+02   0.633152E+01
   0.343493E+02   0.270294E+02   0.544733E-02   0.806429E+01   0.150005E+02   0.396719E+00   0.122169E+02   0.507246E+01
   0.344776E+02   0.279240E+02   0.644783E-02   0.623407E+01   0.871083E+01   0.895076E+00   0.100717E+02   0.609312E+01
   0.344776E+02   0.278714E+02   0.643100E-02   0.921530E+01   0.125665E+02   0.148188E+01   0.151326E+02   0.884415E+01
   0.344776E+02   0.278787E+02   0.619072E-02   0.130384E+02   0.951102E+01   0.122865E+01   0.134688E+02   0.884656E+01
   0.347511E+02   0.275381E+02   0.635672E-02   0.107817E+02   0.121733E+02   0.103315E+01   0.113200E+02   0.613974E+01
   0.341949E+02   0.274877E+02   0.604068E-02   0.103139E+02   0.112658E+02   0.481973E+00   0.232388E+02   0.406257E+01
   0.345271E+02   0.271266E+02   0.574370E-02   0.834214E+01   0.965882E+01   0.119089E+00   0.127591E+02   0.969898E+01
   0.345271E+02   0.269654E+02   0.706675E-02   0.128221E+02   0.117874E+02   0.144950E+01   0.183755E+02   0.655564E+01
   0.345600E+02   0.275764E+02   0.556500E-02   0.103647E+02   0.104918E+02   0.112321E+01   0.132125E+02   0.948819E+01
   0.345149E+02   0.285659E+02   0.518488E-02   0.103186E+02   0.122766E+02   0.874094E+00   0.129770E+02   0.658125E+01
   0.345149E+02   0.279794E+02   0.678871E-02   0.959334E+01   0.115153E+02   0.156871E+01   0.149977E+02   0.886835E+01
   0.345149E+02   0.284479E+02   0.487081E-02   0.111503E+02   0.115168E+02   0.634433E+00   0.127517E+02   0.623106E+01
   0.345637E+02   0.268105E+02   0.554540E-02   0.101936E+02   0.947502E+01   0.884020E+00   0.144796E+02   0.890899E+01
   0.345305E+02   0.277832E+02   0.728650E-02   0.108023E+02   0.761167E+01   0.392768E+01   0.190630E+02   0.382382E+01
   0.345305E+02   0.267394E+02   0.655026E-02   0.119311E+02   0.108771E+02   0.536089E+00   0.156315E+02   0.841741E+01
   0.345305E+02   0.276072E+02   0.625600E-02   0.106499E+02   0.925517E+01   0.506446E+00   0.131242E+02   0.101563E+02
   0.343819E+02   0.274450E+02   0.564821E-02   0.966001E+01   0.978592E+01   0.129238E+01   0.123765E+02   0.916539E+01
   0.346216E+02   0.268100E+02   0.775775E-02   0.772922E+01   0.900619E+01   0.333201E+01   0.183795E+02   0.392493E+01
   0.345780E+02   0.265452E+02   0.545662E-02   0.137446E+02   0.121933E+02   0.509871E+00   0.149351E+02   0.568939E+01
   0.345185E+02   0.265452E+02   0.503109E-02   0.967254E+01   0.106307E+02   0.628314E+00   0.162396E+02   0.651724E+01
   0.345185E+02   0.280913E+02   0.705190E-02   0.899102E+01   0.161780E+02   0.243769E+00   0.146285E+02   0.614644E+01
   0.343879E+02   0.280913E+02   0.519080E-02   0.776206E+01   0.941799E+01   0.827674E+00   0.150107E+02   0.863119E+01
   0.343736E+02   0.276886E+02   0.517485E-02   0.107360E+02   0.106267E+02   0.113452E+01   0.127401E+02   0.854870E+01
   0.343736E+02   0.280207E+02   0.700470E-02   0.120185E+02   0.151396E+02   0.158248E+00   0.134448E+02   0.650175E+01
   0.343669E+02   0.278863E+02   0.630558E-02   0.128951E+02   0.956613E+01   0.165409E+01   0.236006E+02   0.535343E+01
   0.343669E+02   0.277174E+02   0.719006E-02   0.123485E+02   0.112128E+02   0.441377E+00   0.152274E+02   0.843865E+01
   0.346791E+02   0.263735E+02   0.655080E-02   0.877313E+01   0.107746E+02   0.643481E+00   0.208573E+02   0.576997E+01
   0.344442E+02   0.266926E+02   0.713360E-02   0.893631E+01   0.104156E+02   0.114066E+01   0.107663E+02   0.695591E+01
   0.341956E+02   0.282491E+02   0.625278E-02   0.125866E+02   0.962060E+01   0.237885E+01   0.169545E+02   0.550652E+01
   0.342243E+02   0.283471E+02   0.635331E-02   0.108142E+02   0.102854E+02   0.193534E+01   0.129675E+02   0.716671E+01
   0.343642E+02   0.278368E+02   0.648311E-02   0.777522E+01   0.117695E+02   0.224721E+00   0.108764E+02   0.807915E+01
   0.346178E+02   0.276096E+02   0.562487E-02   0.975564E+01   0.761164E+01   0.224721E+00   0.143193E+02   0.887156E+01
   0.343379E+02   0.279512E+02   0.685930E-02   0.104018E+02   0.126084E+02   0.104039E+01   0.113542E+02   0.774240E+01
   0.342418E+02   0.281264E+02   0.613892E-02   0.921754E+01   0.728941E+01   0.199015E+01   0.155714E+02   0.674647E+01
   0.343380E+02   0.288373E+02   0.854600E-02   0.118161E+02   0.881176E+01   0.117782E+01   0.155803E+02   0.571700E+01
   0.344769E+02   0.271859E+02   0.710276E-02   0.725126E+01   0.881176E+01   0.208225E+01   0.165611E+02   0.714375E+01
   0.345559E+02   0.271702E+02   0.561423E-02   0.137545E+02   0.105316E+02   0.120441E+01   0.143290E+02   0.786330E+01
   0.345174E+02   0.268573E+02   0.493306E-02   0.915467E+01   0.107414E+02   0.162366E+01   0.158952E+02   0.694517E+01
   0.344820E+02   0.284555E+02   0.679929E-02   0.781736E+01   0.103037E+02   0.756156E+00   0.165895E+02   0.838262E+01
   0.346265E+02   0.263940E+02   0.688942E-02   0.122323E+02   0.843617E+01   0.389564E+01   0.153256E+02   0.330066E+01
   0.346265E+02   0.280883E+02   0.693379E-02   0.126807E+02   0.110939E+02   0.594041E+00   0.127163E+02   0.731764E+01
   0.343769E+02   0.285459E+02   0.502406E-02   0.776297E+01   0.119571E+02   0.594816E+00   0.138941E+02   0.667440E+01
   0.344207E+02   0.273255E+02   0.496760E-02   0.783844E+01   0.129560E+02   0.230050E+01   0.190509E+02   0.480785E+01
   0.343755E+02   0.281488E+02   0.576113E-02   0.130242E+02   0.131442E+02   0.181624E+00   0.141376E+02   0.767030E+01
   0.343755E+02   0.286859E+02   0.631518E-02   0.121233E+02   0.913170E+01   0.169526E+01   0.118337E+02   0.721548E+01
   0.345551E+02   0.281094E+02   0.640906E-02   0.950160E+01   0.928004E+01   0.996859E-01   0.181164E+02   0.907018E+01
   0.345860E+02   0.279131E+02   0.554642E-02   0.814748E+01   0.963190E+01   0.102427E+01   0.131248E+02   0.866965E+01
   0.345143E+02   0.273331E+02   0.608804E-02   0.814748E+01   0.118821E+02   0.493149E+00   0.155439E+02   0.944658E+01
   0.344767E+02   0.266340E+02   0.625979E-02   0.872552E+01   0.106466E+02   0.133911E+01   0.159969E+02   0.801631E+01
   0.347319E+02   0.269449E+02   0.622840E-02   0.130769E+02   0.103868E+02   0.135488E+00   0.164367E+02   0.697538E+01
   0.341387E+02   0.283204E+02   0.819785E-02   0.977022E+01   0.114884E+02   0.511694E+00   0.186127E+02   0.516815E+01
   0.345813E+02   0.279714E+02   0.729864E-02   0.102200E+02   0.851907E+01   0.886058E+00   0.144904E+02   0.868476E+01
   0.347271E+02   0.266957E+02   0.816327E-02   0.115859E+02   0.893164E+01   0.201934E+01   0.144557E+02   0.525877E+01
   0.343193E+02   0.283396E+02   0.650739E-02   0.142301E+02   0.919978E+01   0.440207E-01   0.251695E+02   0.376953E+01
   0.346002E+02   0.283396E+02   0.551923E-02   0.970503E+01   0.107401E+02   0.127485E+01   0.145429E+02   0.746694E+01
   0.345182E+02   0.268783E+02   0.597841E-02   0.864576E+01   0.959662E+01   0.166122E+01   0.148480E+02   0.879048E+01
   0.345394E+02   0.278783E+02   0.456450E-02   0.127925E+02   0.846689E+01   0.266825E+01   0.105294E+02   0.292474E+01
   0.344925E+02   0.270649E+02   0.630143E-02   0.967054E+01   0.125950E+02   0.125081E+01   0.173986E+02   0.827500E+01
   0.345333E+02   0.272582E+02   0.783071E-02   0.117974E+02   0.738098E+01   0.469825E+00   0.177438E+02   0.682004E+01
   0.345333E+02   0.277446E+02   0.559750E-02   0.117974E+02   0.636108E+01   0.273545E+00   0.150023E+02   0.756300E+01
   0.345333E+02   0.266272E+02   0.553271E-02   0.103098E+02   0.757486E+01   0.273545E+00   0.157105E+02   0.765753E+01
   0.345311E+02   0.272735E+02   0.643254E-02   0.923846E+01   0.132883E+02   0.104963E+01   0.139775E+02   0.864829E+01
   0.344598E+02   0.274325E+02   0.587478E-02   0.921256E+01   0.110244E+02   0.163974E+00   0.129504E+02   0.101165E+02
   0.344192E+02   0.275673E+02   0.532963E-02   0.120557E+02   0.886393E+01   0.145242E+01   0.162322E+02   0.847615E+01
   0.344380E+02   0.276083E+02   0.651633E-02   0.105758E+02   0.101557E+02   0.186412E+00   0.161762E+02   0.101185E+02
   0.345517E+02   0.271726E+02   0.685437E-02   0.105686E+02   0.880709E+01   0.251756E+00   0.154516E+02   0.960987E+01
   0.345517E+02   0.271726E+02   0.755596E-02   0.977535E+01   0.844178E+01   0.113905E+00   0.143002E+02   0.889304E+01
   0.344977E+02   0.282554E+02   0.581721E-02   0.143286E+02   0.113905E+02   0.154158E+01   0.124714E+02   0.647534E+01
   0.341681E+02   0.277779E+02   0.672798E-02   0.126784E+02   0.129357E+02   0.195533E+01   0.123681E+02   0.426593E+01
   0.346458E+02   0.276989E+02   0.682284E-02   0.122901E+02   0.990995E+01   0.205144E+01   0.180884E+02   0.661546E+01
   0.344192E+02   0.271167E+02   0.561445E-02   0.788985E+01   0.990995E+01   0.246850E+01   0.143769E+02   0.745510E+01
   0.344192E+02   0.279308E+02   0.534511E-02   0.843478E+01   0.835363E+01   0.164350E+01   0.164242E+02   0.852654E+01
   0.345183E+02   0.273799E+02   0.643533E-02   0.125099E+02   0.117267E+02   0.629537E+00   0.129900E+02   0.879471E+01
   0.344935E+02   0.276909E+02   0.742225E-02   0.118338E+02   0.100208E+02   0.146886E+01   0.109761E+02   0.742705E+01
   0.345430E+02   0.273225E+02   0.749253E-02   0.116313E+02   0.987559E+01   0.672437E+00   0.176437E+02   0.820228E+01
   0.345926E+02   0.287905E+02   0.566871E-02   0.129742E+02   0.860328E+01   0.125540E+01   0.170373E+02   0.466380E+01
   0.341023E+02   0.282399E+02   0.994045E-02   0.129956E+02   0.102902E+02   0.350001E+00   0.224607E+02  -0.416720E-01
   0.346222E+02   0.269318E+02   0.686295E-02   0.601195E+01   0.845019E+01   0.134618E+01   0.146334E+02   0.585086E+01
   0.343312E+02   0.279346E+02   0.603809E-02   0.103503E+02   0.116778E+02   0.595878E+00   0.189866E+02   0.838933E+01
   0.343312E+02   0.274826E+02   0.730773E-02   0.993237E+01   0.109947E+02   0.244023E+00   0.122193E+02   0.848221E+01
   0.344882E+02   0.281331E+02   0.650336E-02   0.959847E+01   0.104570E+02   0.909347E+00   0.133912E+02   0.969496E+01
   0.345226E+02   0.274642E+02   0.536115E-02   0.109435E+02   0.698180E+01   0.186029E+01   0.174685E+02   0.715097E+01
   0.345928E+02   0.268195E+02   0.520390E-02   0.872819E+01   0.765920E+01   0.136459E+01   0.180589E+02   0.656030E+01
   0.345763E+02   0.285792E+02   0.569737E-02   0.118732E+02   0.102131E+02   0.156895E+01   0.160206E+02   0.638049E+01
   0.341913E+02   0.291607E+02   0.751637E-02   0.132157E+02   0.107198E+02   0.171678E+01   0.131199E+02   0.441639E+01
   0.344411E+02   0.274654E+02   0.569203E-02   0.925973E+01   0.997862E+01   0.118517E+01   0.133195E+02   0.988026E+01
   0.345209E+02   0.265902E+02   0.564772E-02   0.104740E+02   0.889582E+01   0.793761E+00   0.138748E+02   0.814724E+01
   0.347077E+02   0.264027E+02   0.701831E-02   0.881604E+01   0.116498E+02   0.632117E+00   0.170984E+02   0.658064E+01
   0.346660E+02   0.274354E+02   0.708412E-02   0.892073E+01   0.990391E+01   0.247045E+01   0.171919E+02   0.682513E+01
   0.346927E+02   0.278011E+02   0.859527E-02   0.114682E+02   0.855991E+01   0.120898E+01   0.136094E+02   0.567214E+01
   0.345446E+02   0.272919E+02   0.632542E-02   0.942780E+01   0.101692E+02   0.234323E+01   0.190586E+02   0.778710E+01
   0.344262E+02   0.274926E+02   0.638612E-02   0.117306E+02   0.120274E+02   0.177336E+01   0.998626E+01   0.670705E+01
   0.344262E+02   0.283238E+02   0.706629E-02   0.102929E+02   0.119947E+02   0.106223E+01   0.165487E+02   0.828738E+01
   0.343206E+02   0.288056E+02   0.540834E-02   0.101104E+02   0.974793E+01   0.255262E+00   0.156541E+02   0.774454E+01
   0.345730E+02   0.278275E+02   0.535135E-02   0.996220E+01   0.996193E+01   0.298393E+00   0.313453E+02   0.190583E+01
   0.345730E+02   0.271934E+02   0.723154E-02   0.111066E+02   0.109468E+02   0.349272E+00   0.172652E+02   0.855419E+01
   0.345495E+02   0.257375E+02   0.794147E-02   0.864199E+01   0.826810E+01   0.169469E+01   0.201242E+02   0.223301E+01
   0.345044E+02   0.273770E+02   0.570787E-02   0.809581E+01   0.954943E+01   0.374123E+00   0.179521E+02   0.942847E+01
   0.345044E+02   0.277438E+02   0.704790E-02   0.105454E+02   0.149669E+02   0.688248E+00   0.148169E+02   0.725821E+01
   0.344154E+02   0.278046E+02   0.577875E-02   0.942927E+01   0.131903E+02   0.575421E+00   0.179601E+02   0.851786E+01
   0.343487E+02   0.283280E+02   0.609379E-02   0.884157E+01   0.102489E+02   0.751880E+00   0.156629E+02   0.943557E+01
   0.342545E+02   0.278964E+02   0.689420E-02   0.825329E+01   0.900526E+01   0.247258E+00   0.236619E+02   0.550600E+01
   0.347168E+02   0.273849E+02   0.693721E-02   0.100218E+02   0.104721E+02   0.110318E+01   0.147011E+02   0.807239E+01
   0.344491E+02   0.288918E+02   0.698909E-02   0.109936E+02   0.102336E+02   0.750015E+00   0.155192E+02   0.787698E+01
   0.346569E+02   0.271990E+02   0.486781E-02   0.103231E+02   0.791324E+01   0.209503E+01   0.131501E+02   0.551770E+01
   0.343131E+02   0.277252E+02   0.701956E-02   0.119833E+02   0.790682E+01   0.896225E-01   0.136382E+02   0.825912E+01
   0.343775E+02   0.277252E+02   0.730528E-02   0.898562E+01   0.939584E+01   0.640202E+00   0.133265E+02   0.927385E+01
   0.343871E+02   0.277282E+02   0.582693E-02   0.134688E+02   0.943900E+01   0.109381E+01   0.132390E+02   0.849102E+01
   0.345602E+02   0.280846E+02   0.676801E-02   0.110188E+02   0.838432E+01   0.585439E+00   0.143103E+02   0.905181E+01
   0.343288E+02   0.283591E+02   0.670879E-02   0.106760E+02   0.953558E+01   0.220742E+00   0.162589E+02   0.921501E+01
   0.344495E+02   0.279132E+02   0.552938E-02   0.994172E+01   0.887786E+01   0.713952E+00   0.146474E+02   0.100324E+02
   0.344495E+02   0.270683E+02   0.754838E-02   0.901250E+01   0.120511E+02   0.260067E+01   0.172992E+02   0.596228E+01
   0.342995E+02   0.276136E+02   0.820915E-02   0.120165E+02   0.970032E+01   0.434881E+00   0.130148E+02   0.697345E+01
   0.345180E+02   0.279614E+02   0.597144E-02   0.824566E+01   0.112104E+02   0.434881E+00   0.102490E+02   0.818111E+01
   0.345180E+02   0.275405E+02   0.589991E-02   0.955795E+01   0.940120E+01   0.292230E+01   0.206798E+02   0.657553E+01
   0.345180E+02   0.270754E+02   0.740510E-02   0.808695E+01   0.115553E+02   0.107591E+01   0.118637E+02   0.763502E+01
   0.342387E+02   0.271288E+02   0.650642E-02   0.972245E+01   0.103473E+02   0.176446E+01   0.116906E+02   0.621555E+01
   0.344843E+02   0.279331E+02   0.590601E-02   0.102614E+02   0.107174E+02   0.181468E+01   0.149180E+02   0.928502E+01
   0.347424E+02   0.265778E+02   0.622645E-02   0.117251E+02   0.906695E+01   0.849885E+00   0.120731E+02   0.662533E+01
   0.344725E+02   0.275440E+02   0.640879E-02   0.120260E+02   0.906695E+01   0.176128E+00   0.171842E+02   0.946244E+01
   0.346773E+02   0.270872E+02   0.548062E-02   0.986266E+01   0.906695E+01   0.142932E+00   0.143120E+02   0.855217E+01
   0.346907E+02   0.267428E+02   0.570338E-02   0.927056E+01   0.897587E+01   0.142932E+00   0.154506E+02   0.814405E+01
   0.343512E+02   0.278761E+02   0.887749E-02   0.982046E+01   0.113004E+02   0.557956E+00   0.136373E+02   0.658475E+01
   0.343842E+02   0.280161E+02   0.601878E-02   0.103938E+02   0.108514E+02   0.508145E+00   0.155141E+02   0.988431E+01
   0.345292E+02   0.279792E+02   0.652302E-02   0.964580E+01   0.118418E+02   0.922074E+00   0.189106E+02   0.838005E+01
   0.345727E+02   0.271268E+02   0.545590E-02   0.106400E+02   0.780950E+01   0.144443E+01   0.162951E+02   0.825783E+01
   0.344071E+02   0.276696E+02   0.681867E-02   0.541437E+01   0.124259E+02   0.157353E+01   0.184802E+02   0.371225E+01
   0.343980E+02   0.285009E+02   0.669454E-02   0.731574E+01   0.621300E+01   0.167221E+00   0.151208E+02   0.620534E+01
   0.343753E+02   0.291034E+02   0.769445E-02   0.106371E+02   0.914935E+01   0.226291E+01   0.177490E+02   0.530580E+01
   0.345494E+02   0.280952E+02   0.655165E-02   0.106308E+02   0.100754E+02   0.211231E+01   0.184812E+02   0.757970E+01
   0.344843E+02   0.289629E+02   0.707935E-02   0.937193E+01   0.919805E+01   0.219908E+01   0.195177E+02   0.543655E+01
   0.345365E+02   0.283290E+02   0.714245E-02   0.817397E+01   0.103028E+02   0.223674E+01   0.175791E+02   0.673733E+01
   0.343500E+02   0.271810E+02   0.585078E-02   0.886887E+01   0.832434E+01   0.646421E+00   0.144301E+02   0.882330E+01
   0.347178E+02   0.271810E+02   0.786485E-02   0.123017E+02   0.105225E+02   0.931145E+00   0.135042E+02   0.652406E+01
   0.344837E+02   0.271810E+02   0.752225E-02   0.108008E+02   0.115996E+02   0.112998E+01   0.121161E+02   0.782135E+01
   0.343050E+02   0.276829E+02   0.557459E-02   0.184844E+02   0.126989E+02   0.170719E+00   0.130212E+02   0.273679E+01
   0.344928E+02   0.277795E+02   0.597307E-02   0.108257E+02   0.775321E+01   0.100861E+01   0.189190E+02   0.859123E+01
   0.343533E+02   0.279139E+02   0.628642E-02   0.123222E+02   0.107356E+02   0.305533E+00   0.148078E+02   0.918916E+01
   0.344606E+02   0.278707E+02   0.674193E-02   0.785198E+01   0.127237E+02   0.104281E+01   0.134650E+02   0.838141E+01
   0.343506E+02   0.278707E+02   0.641479E-02   0.113466E+02   0.805217E+01   0.847187E+00   0.121962E+02   0.882124E+01
   0.343783E+02   0.270255E+02   0.900718E-02   0.859638E+01   0.152975E+02   0.500546E+00   0.103629E+02   0.209884E+01
   0.344486E+02   0.279538E+02   0.569816E-02   0.836256E+01   0.124083E+02   0.351726E+00   0.160498E+02   0.914662E+01
   0.343707E+02   0.275945E+02   0.704578E-02   0.118059E+02   0.140463E+02   0.695036E-01   0.145791E+02   0.738279E+01
   0.342823E+02   0.276198E+02   0.638828E-02   0.898662E+01   0.118567E+02   0.737404E+00   0.179034E+02   0.793952E+01
   0.344951E+02   0.274127E+02   0.578628E-02   0.123176E+02   0.151366E+02   0.972530E+00   0.162169E+02   0.669554E+01
   0.344951E+02   0.269793E+02   0.561509E-02   0.100713E+02   0.158141E+02   0.877002E+00   0.148267E+02   0.635069E+01
   0.345261E+02   0.278978E+02   0.686005E-02   0.130046E+02   0.107180E+02   0.105494E+01   0.135462E+02   0.827991E+01
   0.345261E+02   0.281801E+02   0.601402E-02   0.119842E+02   0.839560E+01   0.262191E+01   0.177421E+02   0.655432E+01
   0.346403E+02   0.283702E+02   0.647811E-02   0.798288E+01   0.106316E+02   0.746731E+00   0.152700E+02   0.743834E+01
   0.346403E+02   0.275528E+02   0.747999E-02   0.124013E+02   0.865019E+01   0.693139E+00   0.163297E+02   0.753272E+01
   0.347371E+02   0.269086E+02   0.609692E-02   0.680324E+01   0.733816E+01   0.581457E+00   0.114071E+02   0.503925E+01
   0.344795E+02   0.273454E+02   0.630059E-02   0.899683E+01   0.105258E+02   0.154268E+01   0.129935E+02   0.948023E+01
   0.346294E+02   0.279232E+02   0.578296E-02   0.141265E+02   0.129119E+02   0.105440E+01   0.223961E+02   0.341643E+01
   0.346294E+02   0.268446E+02   0.780587E-02   0.714968E+01   0.875023E+01   0.727747E+00   0.120306E+02   0.640333E+01
   0.343853E+02   0.269202E+02   0.676382E-02   0.978679E+01   0.895549E+01   0.104129E+01   0.179786E+02   0.806788E+01
   0.348121E+02   0.267575E+02   0.656419E-02   0.792891E+01   0.766404E+01   0.198052E+00   0.141702E+02   0.601082E+01
   0.345012E+02   0.274652E+02   0.787012E-02   0.117212E+02   0.982108E+01   0.130881E+01   0.149373E+02   0.787088E+01
   0.343547E+02   0.279225E+02   0.652180E-02   0.802158E+01   0.103231E+02   0.947018E+00   0.134170E+02   0.926455E+01
   0.343547E+02   0.282732E+02   0.658352E-02   0.117306E+02   0.115496E+02   0.306213E+01   0.143595E+02   0.634445E+01
   0.344658E+02   0.290877E+02   0.673056E-02   0.148778E+02   0.114598E+02   0.137067E+01   0.167788E+02   0.416205E+01
   0.343891E+02   0.281025E+02   0.490398E-02   0.122047E+02   0.101097E+02   0.115406E+01   0.157578E+02   0.742669E+01
   0.345063E+02   0.268437E+02   0.779740E-02   0.100633E+02   0.810177E+01   0.268300E+01   0.192279E+02   0.496949E+01
   0.345063E+02   0.279691E+02   0.594235E-02   0.108302E+02   0.844008E+01   0.519770E+00   0.907950E+01   0.717411E+01
   0.344200E+02   0.276866E+02   0.583442E-02   0.983314E+01   0.955160E+01   0.227707E+01   0.170845E+02   0.866823E+01
   0.346204E+02   0.274188E+02   0.666640E-02   0.939327E+01   0.803219E+01   0.670975E+00   0.156592E+02   0.914913E+01
   0.345089E+02   0.274188E+02   0.547337E-02   0.101119E+02   0.719954E+01   0.113161E+01   0.149358E+02   0.878187E+01
   0.345089E+02   0.268676E+02   0.609464E-02   0.104005E+02   0.745277E+01   0.215009E+01   0.133242E+02   0.745889E+01
   0.342292E+02   0.297163E+02   0.682127E-02   0.762068E+01   0.124753E+02   0.735163E-01   0.158663E+02   0.418053E+01
   0.345868E+02   0.283118E+02   0.714199E-02   0.769488E+01   0.127935E+02   0.548446E+01   0.144682E+02   0.215279E+00
   0.346276E+02   0.285427E+02   0.654423E-02   0.870684E+01   0.102640E+02   0.524671E+00   0.133780E+02   0.753081E+01
   0.346762E+02   0.282278E+02   0.569180E-02   0.969297E+01   0.107105E+02   0.200143E+01   0.136667E+02   0.593033E+01
   0.346762E+02   0.281246E+02   0.590534E-02   0.103303E+02   0.950012E+01   0.183323E+01   0.203775E+02   0.536772E+01
   0.346770E+02   0.270582E+02   0.532467E-02   0.901776E+01   0.873015E+01   0.141782E+00   0.161331E+02   0.795845E+01
   0.343479E+02   0.280906E+02   0.762766E-02   0.752364E+01   0.134401E+02   0.288787E+01   0.139369E+02   0.448124E+01
   0.343623E+02   0.278000E+02   0.554274E-02   0.119424E+02   0.105527E+02   0.196286E+01   0.163963E+02   0.791499E+01
   0.345368E+02   0.278000E+02   0.623597E-02   0.793408E+01   0.800121E+01   0.141206E+01   0.141061E+02   0.887257E+01
   0.341118E+02   0.277546E+02   0.632896E-02   0.953389E+01   0.103507E+02   0.785519E+00   0.210009E+02   0.424229E+01
   0.342408E+02   0.272309E+02   0.757960E-02   0.904511E+01   0.108673E+02   0.876514E+00   0.136066E+02   0.699996E+01
   0.343857E+02   0.273214E+02   0.570626E-02   0.920461E+01   0.883096E+01   0.262056E+01   0.194498E+02   0.676096E+01
   0.344953E+02   0.275061E+02   0.670960E-02   0.946499E+01   0.710929E+01   0.888859E+00   0.144311E+02   0.894062E+01
   0.345948E+02   0.285351E+02   0.670960E-02   0.125469E+02   0.103877E+02   0.197672E+01   0.115090E+02   0.564831E+01
   0.343747E+02   0.280222E+02   0.684569E-02   0.107324E+02   0.793526E+01   0.636888E-01   0.209507E+02   0.756290E+01
   0.344262E+02   0.280907E+02   0.577537E-02   0.117682E+02   0.897276E+01   0.115155E+00   0.195917E+02   0.851744E+01
   0.345297E+02   0.266852E+02   0.704661E-02   0.885132E+01   0.101362E+02   0.244995E+01   0.158218E+02   0.703289E+01
   0.343223E+02   0.276536E+02   0.697183E-02   0.109545E+02   0.117835E+02   0.822730E+00   0.148963E+02   0.851214E+01
   0.343988E+02   0.276536E+02   0.507626E-02   0.122941E+02   0.827279E+01   0.518782E+00   0.125589E+02   0.806736E+01
   0.346040E+02   0.268712E+02   0.681325E-02   0.104107E+02   0.110810E+02   0.101247E+01   0.193854E+02   0.764147E+01
   0.346040E+02   0.266406E+02   0.749948E-02   0.129457E+02   0.784544E+01   0.304177E+00   0.173919E+02   0.622003E+01
   0.345151E+02   0.268103E+02   0.612615E-02   0.106138E+02   0.942408E+01   0.119337E+01   0.137164E+02   0.901686E+01
   0.344306E+02   0.288398E+02   0.485787E-02   0.103504E+02   0.107898E+02   0.118460E+01   0.148729E+02   0.547077E+01
   0.344306E+02   0.280358E+02   0.452292E-02   0.106118E+02   0.106518E+02   0.841220E+00   0.156687E+02   0.683634E+01
   0.342802E+02   0.276332E+02   0.746866E-02   0.747778E+01   0.102831E+02   0.352865E+00   0.159897E+02   0.758562E+01
   0.345603E+02   0.283044E+02   0.625827E-02   0.718227E+01   0.906481E+01   0.192344E+01   0.194942E+02   0.605069E+01
   0.345603E+02   0.276689E+02   0.709484E-02   0.112436E+02   0.102238E+02   0.117496E+01   0.183800E+02   0.822969E+01
   0.345148E+02   0.268547E+02   0.665227E-02   0.825183E+01   0.127283E+02   0.660916E+00   0.801715E+01   0.385117E+01
   0.343836E+02   0.277293E+02   0.636385E-02   0.167626E+02   0.774336E+01   0.345103E+00   0.172661E+02   0.541916E+01
   0.344370E+02   0.281175E+02   0.537910E-02   0.176496E+02   0.747981E+01   0.684369E+00   0.171753E+02   0.389473E+01
   0.345150E+02   0.272662E+02   0.673794E-02   0.171498E+02   0.983811E+01   0.462951E+00   0.164390E+02   0.566315E+01
   0.347176E+02   0.274203E+02   0.596075E-02   0.109411E+02   0.729025E+01   0.479291E+00   0.118546E+02   0.679476E+01
   0.342619E+02   0.283210E+02   0.655799E-02   0.126149E+02   0.817656E+01   0.177318E+01   0.124727E+02   0.668026E+01
   0.344084E+02   0.281579E+02   0.616952E-02   0.909067E+01   0.105775E+02   0.403623E+01   0.139355E+02   0.594645E+01
   0.344544E+02   0.278349E+02   0.646724E-02   0.122099E+02   0.873399E+01   0.309718E+00   0.938615E+01   0.731019E+01
   0.342388E+02   0.285797E+02   0.863630E-02   0.903435E+01   0.588361E+01   0.733517E+00   0.146381E+02   0.340418E+01
   0.345135E+02   0.284445E+02   0.589454E-02   0.968900E+01   0.867301E+01   0.947666E+00   0.149171E+02   0.890543E+01
   0.345427E+02   0.273719E+02   0.579117E-02   0.125321E+02   0.799184E+01   0.445124E+00   0.120913E+02   0.863766E+01
   0.344135E+02   0.272272E+02   0.657349E-02   0.974337E+01   0.123537E+02   0.668705E+00   0.133980E+02   0.895808E+01
   0.346327E+02   0.260324E+02   0.701488E-02   0.117863E+02   0.116591E+02   0.212477E+01   0.177718E+02   0.394246E+01
   0.342313E+02   0.278797E+02   0.751116E-02   0.114549E+02   0.131045E+02   0.107223E+01   0.196093E+02   0.507157E+01
   0.345784E+02   0.278030E+02   0.625617E-02   0.884070E+01   0.710133E+01   0.139747E+01   0.151578E+02   0.821523E+01
   0.345003E+02   0.275038E+02   0.751974E-02   0.970032E+01   0.819709E+01   0.515921E+00   0.142911E+02   0.901119E+01
   0.345182E+02   0.277131E+02   0.641435E-02   0.914251E+01   0.801922E+01   0.608253E+00   0.216324E+02   0.782522E+01
   0.344375E+02   0.271895E+02   0.658958E-02   0.998850E+01   0.104125E+02   0.433210E+00   0.208475E+02   0.817544E+01
   0.344375E+02   0.279771E+02   0.592049E-02   0.110243E+02   0.914256E+01   0.348951E+00   0.147678E+02   0.101491E+02
   0.345560E+02   0.274254E+02   0.618800E-02   0.901971E+01   0.134496E+02   0.252332E+01   0.887888E+01   0.419919E+01
   0.344312E+02   0.286195E+02   0.618295E-02   0.751071E+01   0.966655E+01   0.106051E+01   0.155543E+02   0.819975E+01
   0.347002E+02   0.284383E+02   0.532918E-02   0.118448E+02   0.995303E+01   0.176365E+01   0.100073E+02   0.189621E+01
   0.346961E+02   0.278413E+02   0.753433E-02   0.139778E+02   0.102843E+02   0.740691E+00   0.130987E+02   0.581622E+01
   0.344318E+02   0.278413E+02   0.584790E-02   0.768071E+01   0.105582E+02   0.203877E+01   0.122730E+02   0.826453E+01
   0.343181E+02   0.276314E+02   0.641437E-02   0.942546E+01   0.121170E+02   0.484327E+00   0.164390E+02   0.880669E+01
   0.343181E+02   0.278080E+02   0.581542E-02   0.102413E+02   0.101051E+02   0.160154E+01   0.120923E+02   0.855832E+01
   0.345483E+02   0.275017E+02   0.550553E-02   0.106687E+02   0.907603E+01   0.404888E+00   0.164515E+02   0.970509E+01
   0.344462E+02   0.275017E+02   0.578485E-02   0.508515E+01   0.108601E+02   0.107319E+01   0.156533E+02   0.484056E+01
   0.344761E+02   0.275017E+02   0.631502E-02   0.863086E+01   0.106595E+02   0.522368E+00   0.186191E+02   0.938095E+01
   0.344506E+02   0.276183E+02   0.507921E-02   0.872506E+01   0.119327E+02   0.819655E+00   0.139926E+02   0.875174E+01
   0.342267E+02   0.276060E+02   0.746235E-02   0.889446E+01   0.778930E+01   0.278334E+01   0.149460E+02   0.525908E+01
   0.343396E+02   0.283431E+02   0.684072E-02   0.102828E+02   0.108737E+02   0.129512E+01   0.170291E+02   0.844082E+01
   0.345017E+02   0.270135E+02   0.560733E-02   0.665873E+01   0.811412E+01   0.257054E+00   0.104199E+02   0.641438E+01
   0.344163E+02   0.278174E+02   0.509401E-02   0.932736E+01   0.170982E+02   0.249162E+01   0.123521E+02   0.337702E+01
   0.344163E+02   0.279305E+02   0.640639E-02   0.987307E+01   0.106813E+02   0.250802E+01   0.180739E+02   0.785677E+01
   0.344734E+02   0.270229E+02   0.732839E-02   0.103922E+02   0.917760E+01   0.211733E+01   0.198998E+02   0.651947E+01
   0.344734E+02   0.275089E+02   0.636912E-02   0.814460E+01   0.917760E+01   0.894188E+00   0.897261E+01   0.712327E+01
   0.345974E+02   0.268075E+02   0.628130E-02   0.117394E+02   0.841704E+01   0.682988E+00   0.134891E+02   0.856267E+01
   0.345704E+02   0.296429E+02   0.756462E-02   0.733279E+01   0.841814E+01   0.114273E+00   0.172735E+02   0.309706E+01
   0.342891E+02   0.281207E+02   0.620190E-02   0.119221E+02   0.796061E+01   0.347587E+00   0.138166E+02   0.849311E+01
   0.344075E+02   0.278570E+02   0.506512E-02   0.713853E+01   0.135295E+02   0.145815E+00   0.136298E+02   0.684217E+01
   0.346361E+02   0.269405E+02   0.635118E-02   0.126004E+02   0.100655E+02   0.572911E+00   0.156403E+02   0.832922E+01
   0.345666E+02   0.279682E+02   0.736246E-02   0.873179E+01   0.111598E+02   0.616194E-01   0.163027E+02   0.856077E+01
   0.345795E+02   0.279682E+02   0.579595E-02   0.709387E+01   0.806197E+01   0.324015E+01   0.185250E+02   0.454744E+01
   0.344980E+02   0.273963E+02   0.674922E-02   0.740164E+01   0.719207E+01   0.158946E+01   0.113503E+02   0.688608E+01
   0.346123E+02   0.277563E+02   0.628889E-02   0.662629E+01   0.168440E+02   0.108863E+01   0.154579E+02   0.372809E+01
   0.344580E+02   0.282125E+02   0.979501E-02   0.940791E+01   0.957677E+01   0.102512E+00   0.146651E+02   0.539364E+01
   0.344301E+02   0.272630E+02   0.676137E-02   0.772866E+01   0.764365E+01   0.256276E+01   0.116040E+02   0.630688E+01
   0.344301E+02   0.272630E+02   0.555432E-02   0.860576E+01   0.740254E+01   0.205389E+01   0.152543E+02   0.771538E+01
   0.343219E+02   0.281899E+02   0.726805E-02   0.804234E+01   0.890178E+01   0.126095E+01   0.148278E+02   0.822404E+01
   0.343889E+02   0.281049E+02   0.702173E-02   0.723371E+01   0.994182E+01   0.131797E+01   0.146151E+02   0.824027E+01
   0.344789E+02   0.281951E+02   0.529487E-02   0.147848E+02   0.104528E+02   0.120248E+01   0.157590E+02   0.647414E+01
   0.344789E+02   0.271056E+02   0.652731E-02   0.955368E+01   0.657288E+01   0.120966E+01   0.104914E+02   0.657679E+01
   0.344259E+02   0.280882E+02   0.642707E-02   0.109101E+02   0.980490E+01   0.127945E+01   0.145522E+02   0.959218E+01
   0.344464E+02   0.282845E+02   0.725883E-02   0.109101E+02   0.899625E+01   0.231910E+00   0.187183E+02   0.824339E+01
   0.341320E+02   0.276669E+02   0.582141E-02   0.109101E+02   0.105700E+02   0.393446E+00   0.123476E+02   0.526761E+01
   0.345548E+02   0.278966E+02   0.580559E-02   0.855005E+01   0.124757E+02   0.266893E+00   0.123476E+02   0.874738E+01
   0.343620E+02   0.279163E+02   0.591431E-02   0.757195E+01   0.874730E+01   0.758399E-02   0.140008E+02   0.936980E+01
   0.344013E+02   0.280064E+02   0.532310E-02   0.829170E+01   0.130702E+02   0.758399E-02   0.123778E+02   0.806952E+01
   0.344013E+02   0.277229E+02   0.538728E-02   0.124023E+02   0.110615E+02   0.714868E+00   0.160688E+02   0.866622E+01
   0.344013E+02   0.282110E+02   0.623477E-02   0.922744E+01   0.717147E+01   0.154917E+01   0.118626E+02   0.789793E+01
   0.344013E+02   0.278027E+02   0.509653E-02   0.111974E+02   0.126257E+02   0.173970E+01   0.194766E+02   0.625105E+01
   0.344007E+02   0.280449E+02   0.657411E-02   0.981699E+01   0.104562E+02   0.513181E+00   0.177693E+02   0.948757E+01
   0.345139E+02   0.274394E+02   0.520927E-02   0.741955E+01   0.735882E+01   0.428941E+00   0.126026E+02   0.786524E+01
   0.343218E+02   0.279761E+02   0.605300E-02   0.749533E+01   0.151227E+02   0.136851E+01   0.150112E+02   0.597466E+01
   0.343218E+02   0.286922E+02   0.511749E-02   0.623250E+01   0.140583E+02   0.132382E+01   0.145433E+02   0.284309E+01
   0.345539E+02   0.270770E+02   0.795393E-02   0.799789E+01   0.117672E+02   0.319676E+01   0.137193E+02   0.476964E+01
   0.345539E+02   0.283474E+02   0.737362E-02   0.116694E+02   0.912156E+01   0.226085E+01   0.174212E+02   0.630113E+01
   0.345450E+02   0.276200E+02   0.653146E-02   0.133728E+02   0.882692E+01   0.183206E+01   0.126910E+02   0.769315E+01
   0.346802E+02   0.273485E+02   0.523539E-02   0.924336E+01   0.850800E+01   0.552690E+00   0.130195E+02   0.773816E+01
   0.343612E+02   0.279503E+02   0.752608E-02   0.109192E+02   0.141050E+02   0.489804E+00   0.185767E+02   0.624372E+01
   0.343594E+02   0.274135E+02   0.682762E-02   0.933996E+01   0.115341E+02   0.677412E+00   0.123639E+02   0.882890E+01
   0.344508E+02   0.269669E+02   0.644782E-02   0.163554E+02   0.128493E+02   0.817497E+00   0.106179E+02   0.376962E+01
   0.344520E+02   0.280790E+02   0.562079E-02   0.931921E+01   0.670333E+01   0.143568E+01   0.133640E+02   0.785458E+01
   0.347122E+02   0.266768E+02   0.589781E-02   0.109528E+02   0.645632E+01   0.490953E+00   0.104477E+02   0.456938E+01
   0.344780E+02   0.269757E+02   0.634859E-02   0.991432E+01   0.745453E+01   0.819651E+00   0.151382E+02   0.885307E+01
   0.345843E+02   0.272555E+02   0.602799E-02   0.892814E+01   0.634740E+01   0.177148E+01   0.140126E+02   0.706069E+01
   0.344868E+02   0.271857E+02   0.642747E-02   0.746497E+01   0.103566E+02   0.490395E+01   0.121113E+02   0.331616E+01
   0.344868E+02   0.283796E+02   0.887971E-02   0.107271E+02   0.124593E+02   0.231798E+01   0.167740E+02   0.399517E+01
   0.344797E+02   0.275614E+02   0.519141E-02   0.105717E+02   0.984697E+01   0.147355E+01   0.174185E+02   0.871022E+01
   0.344797E+02   0.282296E+02   0.625860E-02   0.771718E+01   0.878163E+01   0.170882E+01   0.135469E+02   0.845296E+01
   0.347206E+02   0.282296E+02   0.725610E-02   0.113733E+02   0.102963E+02   0.198654E-01   0.149684E+02   0.671659E+01
   0.343550E+02   0.274496E+02   0.656431E-02   0.896914E+01   0.129921E+02   0.205849E+01   0.150074E+02   0.737974E+01
   0.344699E+02   0.277784E+02   0.506430E-02   0.879089E+01   0.909426E+01   0.107991E+01   0.122993E+02   0.881345E+01
   0.344699E+02   0.282779E+02   0.621747E-02   0.105815E+02   0.909426E+01   0.686477E+00   0.148793E+02   0.969726E+01
   0.344289E+02   0.276023E+02   0.527228E-02   0.100660E+02   0.747064E+01   0.226102E-01   0.108852E+02   0.817097E+01
   0.343792E+02   0.286450E+02   0.531289E-02   0.129070E+02   0.744698E+01   0.173665E+01   0.188933E+02   0.470627E+01
   0.344646E+02   0.271586E+02   0.607350E-02   0.100800E+02   0.123417E+02   0.830798E+00   0.994410E+01   0.747212E+01
   0.345064E+02   0.262680E+02   0.625464E-02   0.101556E+02   0.913514E+01   0.376343E-01   0.152075E+02   0.745922E+01
   0.345064E+02   0.278706E+02   0.536985E-02   0.679029E+01   0.950789E+01   0.252797E+01   0.142485E+02   0.666959E+01
   0.342471E+02   0.273107E+02   0.679404E-02   0.633104E+01   0.794612E+01   0.721684E+00   0.103980E+02   0.419737E+01
   0.342853E+02   0.278365E+02   0.629172E-02   0.870779E+01   0.112879E+02   0.182358E+01   0.113875E+02   0.748130E+01
   0.346358E+02   0.274813E+02   0.769904E-02   0.790211E+01   0.796565E+01   0.110526E+01   0.187356E+02   0.643531E+01
   0.344795E+02   0.277879E+02   0.571915E-02   0.116097E+02   0.881901E+01   0.374374E+00   0.122312E+02   0.958145E+01
   0.345478E+02   0.268869E+02   0.678620E-02   0.751445E+01   0.135216E+02   0.978502E+00   0.133726E+02   0.699285E+01
   0.345478E+02   0.275566E+02   0.592870E-02   0.112933E+02   0.120375E+02   0.978502E+00   0.109717E+02   0.824051E+01
   0.345478E+02   0.273191E+02   0.660874E-02   0.836188E+01   0.785923E+01   0.130071E+01   0.175874E+02   0.845940E+01
   0.345478E+02   0.272033E+02   0.597932E-02   0.119788E+02   0.947630E+01   0.770468E+00   0.110822E+02   0.862748E+01
   0.341666E+02   0.285280E+02   0.773443E-02   0.889492E+01   0.110948E+02   0.742227E+00   0.179918E+02   0.610358E+01
   0.342187E+02   0.284470E+02   0.737221E-02   0.652925E+01   0.124606E+02   0.104368E+01   0.149934E+02   0.507120E+01
   0.342728E+02   0.268938E+02   0.737221E-02   0.859330E+01   0.112523E+02   0.133236E+00   0.183636E+02   0.607243E+01
   0.343186E+02   0.282285E+02   0.558232E-02   0.588436E+01   0.132530E+02   0.180015E+01   0.129553E+02   0.401731E+01
   0.344439E+02   0.268552E+02   0.658406E-02   0.871587E+01   0.718691E+01   0.215204E+01   0.167935E+02   0.657662E+01
   0.344942E+02   0.274576E+02   0.796280E-02   0.112917E+02   0.102889E+02   0.478128E+00   0.249503E+02   0.453564E+01
   0.344672E+02   0.271690E+02   0.614902E-02   0.115345E+02   0.861956E+01   0.677401E+00   0.174495E+02   0.910289E+01
   0.343523E+02   0.283369E+02   0.653622E-02   0.102820E+02   0.862426E+01   0.458850E+01   0.221608E+02   0.210453E+01
   0.343523E+02   0.283369E+02   0.578003E-02   0.168025E+02   0.895033E+01   0.367338E+01   0.186425E+02   0.135430E+01
   0.345893E+02   0.280115E+02   0.647077E-02   0.102872E+02   0.143264E+02   0.546258E-01   0.171325E+02   0.719507E+01
   0.346430E+02   0.275648E+02   0.679620E-02   0.102504E+02   0.957206E+01   0.231440E+00   0.209346E+02   0.765573E+01
   0.343029E+02   0.272888E+02   0.631598E-02   0.680011E+01   0.947605E+01   0.127636E+01   0.132975E+02   0.699299E+01
   0.345500E+02   0.278398E+02   0.600595E-02   0.894418E+01   0.827008E+01   0.198392E+00   0.127474E+02   0.969682E+01
   0.344281E+02   0.274644E+02   0.684665E-02   0.109642E+02   0.819952E+01   0.982157E+00   0.158183E+02   0.917021E+01
   0.345473E+02   0.274644E+02   0.673045E-02   0.809458E+01   0.115966E+02   0.954887E+00   0.160711E+02   0.892921E+01
   0.343006E+02   0.280345E+02   0.774477E-02   0.691829E+01   0.813712E+01   0.655045E+00   0.120506E+02   0.632124E+01
   0.345999E+02   0.281160E+02   0.497207E-02   0.136993E+02   0.845870E+01   0.294608E+01   0.112391E+02   0.253490E+01
   0.345999E+02   0.280844E+02   0.706629E-02   0.140437E+02   0.799210E+01   0.247436E+01   0.158143E+02   0.501006E+01
   0.346529E+02   0.269723E+02   0.662588E-02   0.788893E+01   0.113722E+02   0.219244E+01   0.907959E+01   0.446563E+01
   0.343429E+02   0.268303E+02   0.900864E-02   0.866059E+01   0.104984E+02   0.737922E+00   0.151446E+02   0.541017E+01
   0.343429E+02   0.272628E+02   0.978328E-02   0.874373E+01   0.997816E+01   0.241683E+00   0.151472E+02   0.495220E+01
   0.343353E+02   0.282463E+02   0.765333E-02   0.590673E+01   0.945809E+01   0.181649E+01   0.135696E+02   0.480627E+01
   0.347808E+02   0.271511E+02   0.684689E-02   0.117182E+02   0.120825E+02   0.144787E+01   0.139538E+02   0.600877E+01
   0.343359E+02   0.276216E+02   0.528231E-02   0.947961E+01   0.101862E+02   0.404492E+00   0.188753E+02   0.821947E+01
   0.343359E+02   0.281857E+02   0.683333E-02   0.824081E+01   0.125371E+02   0.290621E+00   0.160030E+02   0.834315E+01
   0.343193E+02   0.273461E+02   0.452493E-02   0.118878E+02   0.842368E+01   0.132115E+00   0.221186E+02   0.253705E+01
   0.343147E+02   0.283980E+02   0.565301E-02   0.126708E+02   0.122260E+02   0.229119E+01   0.127876E+02   0.580946E+01
   0.343498E+02   0.283980E+02   0.505891E-02   0.112919E+02   0.943276E+01   0.152873E+01   0.139498E+02   0.729838E+01
   0.342396E+02   0.283996E+02   0.666909E-02   0.962044E+01   0.666606E+01   0.242852E+01   0.214775E+02   0.347833E+01
   0.345899E+02   0.273219E+02   0.522219E-02   0.122505E+02   0.145278E+02   0.483659E+00   0.118684E+02   0.595801E+01
   0.344096E+02   0.283326E+02   0.598639E-02   0.118095E+02   0.917002E+01   0.369042E+01   0.208542E+02   0.416423E+01
   0.342915E+02   0.281613E+02   0.724389E-02   0.810603E+01   0.917002E+01   0.214447E+01   0.127743E+02   0.712871E+01
   0.344631E+02   0.279526E+02   0.707421E-02   0.928044E+01   0.749772E+01   0.112211E+01   0.139744E+02   0.872208E+01
   0.344631E+02   0.277248E+02   0.688386E-02   0.961856E+01   0.862456E+01   0.322354E+01   0.153298E+02   0.719926E+01
   0.344452E+02   0.271049E+02   0.725025E-02   0.727823E+01   0.118077E+02   0.255550E+01   0.156047E+02   0.596292E+01
   0.344452E+02   0.271708E+02   0.653719E-02   0.843232E+01   0.973625E+01   0.648183E+00   0.119078E+02   0.927731E+01
   0.344452E+02   0.267595E+02   0.696168E-02   0.146299E+02   0.103804E+02   0.537457E+00   0.126532E+02   0.634650E+01
   0.341094E+02   0.308425E+02   0.841187E-02   0.848570E+01   0.125324E+02   0.148755E+00   0.113920E+02  -0.439052E+00
   0.343304E+02   0.274354E+02   0.701678E-02   0.148792E+02   0.108013E+02   0.137359E+01   0.156182E+02   0.611872E+01
   0.344128E+02   0.287752E+02   0.863399E-02   0.646010E+01   0.144331E+02   0.803750E+00   0.166636E+02   0.231023E+01
   0.346401E+02   0.268496E+02   0.650005E-02   0.106709E+02   0.953263E+01   0.682701E+00   0.155161E+02   0.894258E+01
   0.345085E+02   0.284014E+02   0.614427E-02   0.109785E+02   0.839805E+01   0.117202E+01   0.133761E+02   0.860400E+01
   0.340477E+02   0.288819E+02   0.798100E-02   0.943387E+01   0.935678E+01   0.645195E+00   0.151737E+02   0.505156E+01
   0.345047E+02   0.285545E+02   0.737906E-02   0.113205E+02   0.104225E+02   0.385421E+00   0.139475E+02   0.814547E+01
   0.346349E+02   0.268018E+02   0.647344E-02   0.114118E+02   0.107372E+02   0.223257E+00   0.127928E+02   0.855390E+01
   0.346337E+02   0.281205E+02   0.539830E-02   0.936562E+01   0.109401E+02   0.235835E+01   0.190511E+02   0.529585E+01
   0.344053E+02   0.278520E+02   0.741350E-02   0.101681E+02   0.815041E+01   0.366542E+00   0.194071E+02   0.797231E+01
   0.344053E+02   0.278309E+02   0.588177E-02   0.880374E+01   0.815041E+01   0.731639E+00   0.983914E+01   0.806573E+01
   0.343890E+02   0.272097E+02   0.509530E-02   0.880374E+01   0.103590E+02   0.953097E+00   0.162487E+02   0.805741E+01
   0.346003E+02   0.272097E+02   0.593242E-02   0.921960E+01   0.116832E+02   0.813912E+00   0.143992E+02   0.930948E+01
   0.346283E+02   0.272097E+02   0.501789E-02   0.110401E+02   0.102421E+02   0.871156E+00   0.152690E+02   0.780589E+01
   0.346283E+02   0.273468E+02   0.728220E-02   0.108501E+02   0.102462E+02   0.734958E-01   0.137144E+02   0.889507E+01
   0.346047E+02   0.288582E+02   0.722066E-02   0.952645E+01   0.110109E+02   0.128568E+01   0.132164E+02   0.631220E+01
   0.345001E+02   0.281945E+02   0.587107E-02   0.883690E+01   0.100183E+02   0.937450E+00   0.184837E+02   0.882589E+01
   0.343409E+02   0.295879E+02   0.626939E-02   0.121004E+02   0.994284E+01   0.276281E+00   0.194560E+02   0.442421E+01
   0.343409E+02   0.280942E+02   0.609024E-02   0.125398E+02   0.104228E+02   0.962919E+00   0.161260E+02   0.861247E+01
   0.344205E+02   0.280942E+02   0.537995E-02   0.878782E+01   0.877466E+01   0.118257E+01   0.178671E+02   0.866559E+01
   0.344461E+02   0.278925E+02   0.616355E-02   0.896315E+01   0.119444E+02   0.107181E+01   0.110650E+02   0.867631E+01
   0.344461E+02   0.269846E+02   0.545247E-02   0.121865E+02   0.906754E+01   0.544953E+00   0.178061E+02   0.790188E+01
   0.344461E+02   0.282229E+02   0.505252E-02   0.887803E+01   0.100845E+02   0.111944E+00   0.146216E+02   0.883093E+01
   0.345987E+02   0.271988E+02   0.528076E-02   0.890723E+01   0.100623E+02   0.126111E+01   0.927528E+01   0.631924E+01
   0.345987E+02   0.277728E+02   0.644025E-02   0.595052E+01   0.144782E+02   0.183240E+01   0.156569E+02   0.383105E+01
   0.344431E+02   0.277029E+02   0.643013E-02   0.969558E+01   0.945845E+01   0.197376E+01   0.156569E+02   0.929225E+01
   0.344431E+02   0.280058E+02   0.588193E-02   0.658864E+01   0.899623E+01   0.141171E+01   0.142448E+02   0.799272E+01
   0.343415E+02   0.283197E+02   0.535412E-02   0.112174E+02   0.124472E+02   0.165589E+01   0.968843E+01   0.518577E+01
   0.343415E+02   0.283847E+02   0.637715E-02   0.112182E+02   0.102445E+02   0.143746E+01   0.183449E+02   0.801573E+01
   0.342294E+02   0.287909E+02   0.686317E-02   0.103192E+02   0.115607E+02   0.125423E+01   0.177391E+02   0.665766E+01
   0.342404E+02   0.277502E+02   0.708345E-02   0.103192E+02   0.984119E+01   0.468629E+00   0.140978E+02   0.846694E+01
   0.345405E+02   0.280179E+02   0.641363E-02   0.832594E+01   0.110399E+02   0.308641E-01   0.140978E+02   0.953357E+01
   0.343469E+02   0.275688E+02   0.470399E-02   0.887754E+01   0.930135E+01   0.226153E+00   0.128579E+02   0.731025E+01
   0.343469E+02   0.277621E+02   0.553013E-02   0.100396E+02   0.729998E+01   0.177465E+01   0.173916E+02   0.749205E+01
   0.346528E+02   0.278311E+02   0.610789E-02   0.121894E+02   0.878207E+01   0.126807E+01   0.179087E+02   0.732636E+01
   0.344263E+02   0.283872E+02   0.614017E-02   0.756387E+01   0.822530E+01   0.536746E+00   0.145070E+02   0.878268E+01
   0.344172E+02   0.285177E+02   0.622942E-02   0.992382E+01   0.953624E+01   0.141795E+01   0.127074E+02   0.882406E+01
   0.345986E+02   0.271650E+02   0.559237E-02   0.870545E+01   0.109295E+02   0.161653E+01   0.218068E+02   0.649549E+01
   0.342606E+02   0.275043E+02   0.707073E-02   0.100895E+02   0.109295E+02   0.224766E+01   0.164035E+02   0.672478E+01
   0.345605E+02   0.275043E+02   0.646631E-02   0.102037E+02   0.894969E+01   0.909675E+00   0.242002E+02   0.657384E+01
   0.343356E+02   0.267458E+02   0.642581E-02   0.114001E+02   0.848743E+01   0.275565E+01   0.108608E+02   0.442267E+01
   0.346212E+02   0.281448E+02   0.652526E-02   0.874704E+01   0.114766E+02   0.107356E+01   0.171432E+02   0.781044E+01
   0.346060E+02   0.259971E+02   0.870550E-02   0.914064E+01   0.894162E+01   0.119896E+01   0.145615E+02   0.463210E+01
   0.347753E+02   0.263432E+02   0.688163E-02   0.106946E+02   0.100747E+02   0.245829E+01   0.136490E+02   0.496974E+01
   0.343717E+02   0.270971E+02   0.715153E-02   0.117893E+02   0.146012E+02   0.136481E+01   0.147477E+02   0.574394E+01
   0.344780E+02   0.273458E+02   0.715086E-02   0.943150E+01   0.102297E+02   0.461350E-01   0.134563E+02   0.969241E+01
   0.342704E+02   0.274485E+02   0.739073E-02   0.112099E+02   0.724076E+01   0.201793E+00   0.149295E+02   0.706704E+01
   0.342633E+02   0.280922E+02   0.636086E-02   0.119125E+02   0.927734E+01   0.327208E+01   0.159683E+02   0.565315E+01
   0.344305E+02   0.292197E+02   0.763793E-02   0.968978E+01   0.772567E+01   0.975969E+00   0.161957E+02   0.604049E+01
   0.344763E+02   0.286310E+02   0.601471E-02   0.131005E+02   0.786368E+01   0.523807E+00   0.189646E+02   0.633247E+01
   0.344785E+02   0.266534E+02   0.610698E-02   0.120083E+02   0.128104E+02   0.182270E+01   0.161794E+02   0.617984E+01
   0.342227E+02   0.273312E+02   0.698495E-02   0.102472E+02   0.131784E+02   0.116438E+01   0.132100E+02   0.602378E+01
   0.342033E+02   0.275713E+02   0.703416E-02   0.101349E+02   0.126156E+02   0.757366E+00   0.117254E+02   0.622403E+01
   0.346673E+02   0.270114E+02   0.606939E-02   0.985019E+01   0.113784E+02   0.180795E+00   0.153585E+02   0.880801E+01
   0.345722E+02   0.269247E+02   0.662765E-02   0.960095E+01   0.872805E+01   0.303113E+01   0.131433E+02   0.698445E+01
   0.345722E+02   0.274621E+02   0.567570E-02   0.118306E+02   0.108247E+02   0.103735E+01   0.152669E+02   0.909524E+01
   0.346405E+02   0.267660E+02   0.747160E-02   0.133385E+02   0.791827E+01   0.731260E-03   0.175105E+02   0.614297E+01
   0.346927E+02   0.267660E+02   0.622116E-02   0.821099E+01   0.984261E+01   0.144878E+01   0.155721E+02   0.772565E+01
   0.344408E+02   0.282064E+02   0.646415E-02   0.123263E+02   0.929748E+01   0.109079E+01   0.160930E+02   0.882330E+01
   0.345324E+02   0.273801E+02   0.719581E-02   0.948547E+01   0.927823E+01   0.474166E+00   0.150135E+02   0.962907E+01
   0.343200E+02   0.282598E+02   0.658429E-02   0.841685E+01   0.104037E+02   0.789626E+00   0.108817E+02   0.818576E+01
   0.342880E+02   0.276718E+02   0.871093E-02   0.109231E+02   0.111566E+02   0.106003E+01   0.194279E+02   0.504165E+01
   0.344490E+02   0.271109E+02   0.796995E-02   0.635574E+01   0.952040E+01   0.843722E-01   0.145046E+02   0.628123E+01
   0.347651E+02   0.265432E+02   0.773968E-02   0.979776E+01   0.833897E+01   0.415844E+00   0.787209E+01   0.195963E+01
   0.343757E+02   0.280099E+02   0.682107E-02   0.879794E+01   0.942920E+01   0.136127E-01   0.128962E+02   0.973431E+01
   0.345294E+02   0.274989E+02   0.605401E-02   0.126238E+02   0.115323E+02   0.462860E+00   0.134298E+02   0.905408E+01
   0.344417E+02   0.287019E+02   0.535104E-02   0.100698E+02   0.814562E+01   0.728213E+00   0.159038E+02   0.756480E+01
   0.341387E+02   0.272573E+02   0.830256E-02   0.959266E+01   0.118969E+02   0.490450E+00   0.177936E+02   0.428325E+01
   0.345083E+02   0.286793E+02   0.736998E-02   0.845210E+01   0.139567E+02   0.338404E+00   0.133579E+02   0.624566E+01
   0.341140E+02   0.277362E+02   0.746023E-02   0.118667E+02   0.970237E+01   0.338404E+00   0.162629E+02   0.562203E+01
   0.343619E+02   0.270683E+02   0.547319E-02   0.895835E+01   0.119182E+02   0.638543E+00   0.127833E+02   0.771295E+01
   0.343619E+02   0.283775E+02   0.591902E-02   0.848027E+01   0.892269E+01   0.910644E+00   0.145377E+02   0.922878E+01
   0.344315E+02   0.279608E+02   0.520202E-02   0.805926E+01   0.112059E+02   0.871374E+00   0.119502E+02   0.838548E+01
   0.344926E+02   0.292927E+02   0.705761E-02   0.136498E+02   0.127519E+02   0.798180E+00   0.140871E+02   0.414265E+01
   0.344926E+02   0.286796E+02   0.622396E-02   0.119515E+02   0.132132E+02   0.541781E+00   0.130609E+02   0.685059E+01
   0.343655E+02   0.276791E+02   0.629201E-02   0.977219E+01   0.166333E+02   0.219740E+01   0.115313E+02   0.449029E+01
   0.343655E+02   0.274391E+02   0.595009E-02   0.118626E+02   0.790110E+01   0.737628E+00   0.142871E+02   0.884979E+01
   0.342702E+02   0.277916E+02   0.573372E-02   0.661213E+01   0.104041E+02   0.446122E+00   0.164123E+02   0.692700E+01
   0.344639E+02   0.274546E+02   0.693596E-02   0.115029E+02   0.850898E+01   0.185738E+01   0.148729E+02   0.847542E+01
   0.343221E+02   0.276994E+02   0.603767E-02   0.948727E+01   0.116668E+02   0.771140E+00   0.129507E+02   0.903151E+01
   0.343221E+02   0.283488E+02   0.603767E-02   0.774120E+01   0.129365E+02   0.288560E+00   0.191114E+02   0.689320E+01
   0.343027E+02   0.270602E+02   0.522082E-02   0.858646E+01   0.105225E+02   0.844829E+00   0.142891E+02   0.649488E+01
   0.343027E+02   0.283802E+02   0.639716E-02   0.105013E+02   0.110245E+02   0.174220E+01   0.142891E+02   0.822353E+01
   0.343641E+02   0.274427E+02   0.582788E-02   0.935965E+01   0.161246E+02   0.993193E+00   0.165291E+02   0.600413E+01
   0.343641E+02   0.279689E+02   0.887571E-02   0.113953E+02   0.106362E+02   0.162350E+01   0.125567E+02   0.557242E+01
   0.345576E+02   0.270981E+02   0.644101E-02   0.773997E+01   0.101995E+02   0.117420E+01   0.163828E+02   0.882375E+01
   0.345576E+02   0.270338E+02   0.536657E-02   0.120342E+02   0.100764E+02   0.166282E+01   0.158230E+02   0.789616E+01
   0.346706E+02   0.264655E+02   0.729219E-02   0.553170E+01   0.877488E+01   0.262729E+01   0.131033E+02   0.196126E+01
   0.344172E+02   0.284611E+02   0.658199E-02   0.110378E+02   0.121419E+02   0.110132E+01   0.152636E+02   0.834370E+01
   0.343160E+02   0.278262E+02   0.683827E-02   0.836134E+01   0.112772E+02   0.126805E+01   0.185364E+02   0.781817E+01
   0.343160E+02   0.286397E+02   0.648502E-02   0.964490E+01   0.124082E+02   0.292541E+00   0.145382E+02   0.832020E+01
   0.345139E+02   0.268451E+02   0.526854E-02   0.101177E+02   0.116218E+02   0.707586E+00   0.130660E+02   0.808285E+01
   0.345139E+02   0.267454E+02   0.549961E-02   0.835106E+01   0.990704E+01   0.164652E+01   0.242056E+02   0.449571E+01
   0.347559E+02   0.260348E+02   0.779201E-02   0.808323E+01   0.786448E+01   0.412635E+01   0.153065E+02   0.642750E+00
   0.344604E+02   0.274220E+02   0.729825E-02   0.102018E+02   0.116328E+02   0.185022E+01   0.173399E+02   0.773301E+01
   0.342635E+02   0.281935E+02   0.682819E-02   0.106356E+02   0.114656E+02   0.120995E+01   0.144945E+02   0.811858E+01
   0.345977E+02   0.280251E+02   0.749513E-02   0.945948E+01   0.950617E+01   0.157758E+01   0.151105E+02   0.794101E+01
   0.343716E+02   0.271005E+02   0.611312E-02   0.972634E+01   0.829974E+01   0.396898E+00   0.123404E+02   0.882873E+01
   0.343716E+02   0.278684E+02   0.644949E-02   0.101534E+02   0.103163E+02   0.333592E+00   0.149856E+02   0.100774E+02
   0.344206E+02   0.265377E+02   0.850940E-02   0.987438E+01   0.777631E+01   0.171062E+01   0.144222E+02   0.502589E+01
   0.344057E+02   0.284319E+02   0.605891E-02   0.972132E+01   0.100873E+02   0.947283E+00   0.120628E+02   0.910897E+01
   0.339389E+02   0.284319E+02   0.914297E-02   0.982527E+01   0.902102E+01   0.225767E+01   0.125232E+02   0.932349E+00
   0.345563E+02   0.285405E+02   0.805469E-02   0.122782E+02   0.754872E+01   0.219053E+01   0.169975E+02   0.429551E+01
   0.345143E+02   0.275249E+02   0.788598E-02   0.117708E+02   0.797549E+01   0.579544E+00   0.161762E+02   0.765409E+01
   0.346386E+02   0.267993E+02   0.582064E-02   0.928849E+01   0.890796E+01   0.551372E+00   0.167860E+02   0.857727E+01
   0.346386E+02   0.272636E+02   0.597631E-02   0.928849E+01   0.933904E+01   0.200080E-01   0.185180E+02   0.887929E+01
   0.345185E+02   0.276950E+02   0.538128E-02   0.102617E+02   0.913588E+01   0.105046E+01   0.168353E+02   0.938453E+01
   0.344351E+02   0.278628E+02   0.635966E-02   0.119138E+02   0.130840E+02   0.204615E+00   0.137066E+02   0.868802E+01
   0.345718E+02   0.273915E+02   0.742716E-02   0.108287E+02   0.714193E+01   0.103684E+01   0.183620E+02   0.699978E+01
   0.345772E+02   0.279641E+02   0.604607E-02   0.871705E+01   0.116289E+02   0.298448E+01   0.857432E+01   0.345032E+01
   0.343943E+02   0.277940E+02   0.598120E-02   0.114073E+02   0.100366E+02   0.137660E+01   0.154337E+02   0.940800E+01
   0.343943E+02   0.276538E+02   0.663837E-02   0.111679E+02   0.130790E+02   0.218834E+00   0.122429E+02   0.838339E+01
   0.344757E+02   0.282204E+02   0.587916E-02   0.957468E+01   0.757263E+01   0.151927E+01   0.132413E+02   0.854026E+01
   0.343514E+02   0.272732E+02   0.653893E-02   0.148195E+02   0.988886E+01   0.303421E+00   0.134346E+02   0.711763E+01
   0.341108E+02   0.278572E+02   0.667024E-02   0.850108E+01   0.117297E+02   0.135675E+01   0.218967E+02   0.321434E+01
   0.344078E+02   0.273435E+02   0.663753E-02   0.103930E+02   0.114762E+02   0.948030E+00   0.130045E+02   0.919261E+01
   0.345844E+02   0.277471E+02   0.579126E-02   0.109812E+02   0.114256E+02   0.269162E+00   0.184208E+02   0.863318E+01
   0.345844E+02   0.267307E+02   0.694067E-02   0.124201E+02   0.139733E+02   0.614474E+00   0.120512E+02   0.598901E+01
   0.344926E+02   0.281312E+02   0.694067E-02   0.117193E+02   0.807071E+01   0.792864E+00   0.163681E+02   0.852534E+01
   0.343023E+02   0.271751E+02   0.635483E-02   0.758848E+01   0.136760E+02   0.505627E-01   0.144291E+02   0.655421E+01
   0.345699E+02   0.272493E+02   0.525242E-02   0.892299E+01   0.131756E+02   0.118584E+01   0.129691E+02   0.767219E+01
   0.342814E+02   0.279933E+02   0.515948E-02   0.106326E+02   0.829693E+01   0.149706E+01   0.163740E+02   0.697464E+01
   0.342684E+02   0.284526E+02   0.629597E-02   0.760017E+01   0.110749E+02   0.810835E+00   0.147976E+02   0.795834E+01
   0.345928E+02   0.279559E+02   0.756898E-02   0.805947E+01   0.121738E+02   0.108123E+01   0.176649E+02   0.682030E+01
   0.343219E+02   0.287859E+02   0.508686E-02   0.865772E+01   0.114956E+02   0.596466E+00   0.163429E+02   0.625700E+01
   0.343240E+02   0.280927E+02   0.623900E-02   0.112399E+02   0.859945E+01   0.156977E+01   0.185309E+02   0.789207E+01
   0.347776E+02   0.277642E+02   0.805049E-02   0.154708E+02   0.951818E+01   0.149932E+01   0.133939E+02   0.288249E+01
   0.347095E+02   0.277329E+02   0.578165E-02   0.102898E+02   0.938035E+01   0.217984E+01   0.202459E+02   0.523657E+01
   0.346901E+02   0.275647E+02   0.701188E-02   0.103150E+02   0.747794E+01   0.227892E+01   0.146697E+02   0.644999E+01
   0.346895E+02   0.271351E+02   0.734965E-02   0.907522E+01   0.104824E+02   0.133202E+01   0.174760E+02   0.743479E+01
   0.345684E+02   0.275199E+02   0.734005E-02   0.985413E+01   0.143220E+02   0.110132E+01   0.103638E+02   0.572863E+01
   0.345545E+02   0.281202E+02   0.544807E-02   0.135951E+02   0.797547E+01   0.164812E-01   0.207684E+02   0.569861E+01
   0.345545E+02   0.266536E+02   0.674601E-02   0.128737E+02   0.919149E+01   0.272058E+00   0.899177E+01   0.514785E+01
   0.345222E+02   0.269724E+02   0.558990E-02   0.105204E+02   0.114292E+02   0.153865E+01   0.126638E+02   0.831740E+01
   0.344713E+02   0.275595E+02   0.611522E-02   0.982948E+01   0.978765E+01   0.132406E+01   0.131571E+02   0.999325E+01
   0.343401E+02   0.276988E+02   0.605502E-02   0.123155E+02   0.973929E+01   0.391039E+00   0.145042E+02   0.921773E+01
   0.343401E+02   0.274784E+02   0.670130E-02   0.110921E+02   0.950671E+01   0.165451E+01   0.967969E+01   0.664633E+01
   0.343146E+02   0.276034E+02   0.635410E-02   0.110062E+02   0.125409E+02   0.290114E+00   0.885105E+01   0.553461E+01
   0.344541E+02   0.280800E+02   0.662818E-02   0.104033E+02   0.127627E+02   0.147461E+01   0.158557E+02   0.833742E+01
   0.346303E+02   0.280975E+02   0.629881E-02   0.926123E+01   0.757313E+01   0.631306E+00   0.217466E+02   0.604285E+01
   0.346671E+02   0.277402E+02   0.591418E-02   0.128102E+02   0.112740E+02   0.110980E+01   0.131907E+02   0.712103E+01
   0.343034E+02   0.286025E+02   0.760998E-02   0.117756E+02   0.807927E+01   0.678817E+00   0.162170E+02   0.709712E+01
   0.342324E+02   0.277024E+02   0.678544E-02   0.848695E+01   0.106916E+02   0.283385E+01   0.125430E+02   0.580761E+01
   0.344761E+02   0.275590E+02   0.582738E-02   0.994850E+01   0.967852E+01   0.161764E+01   0.211114E+02   0.799232E+01
   0.343438E+02   0.270474E+02   0.531013E-02   0.766511E+01   0.836614E+01   0.140226E+01   0.125083E+02   0.623850E+01
   0.345210E+02   0.283947E+02   0.693182E-02   0.151745E+02   0.988629E+01   0.130224E+01   0.130121E+02   0.597648E+01
   0.345210E+02   0.268561E+02   0.623912E-02   0.105962E+02   0.129424E+02   0.358125E+00   0.190392E+02   0.748850E+01
   0.345210E+02   0.276070E+02   0.601253E-02   0.108077E+02   0.106610E+02   0.109104E+01   0.165748E+02   0.965051E+01
   0.345938E+02   0.277252E+02   0.563700E-02   0.103740E+02   0.141636E+02   0.337062E+00   0.108283E+02   0.679230E+01
   0.343737E+02   0.277605E+02   0.735305E-02   0.103554E+02   0.916616E+01   0.243990E+01   0.163455E+02   0.746134E+01
   0.342705E+02   0.279055E+02   0.605980E-02   0.102061E+02   0.930559E+01   0.867689E-01   0.127090E+02   0.906273E+01
   0.342929E+02   0.280101E+02   0.588127E-02   0.106102E+02   0.856831E+01   0.110306E+01   0.150639E+02   0.881610E+01
   0.345336E+02   0.278155E+02   0.759056E-02   0.743395E+01   0.773138E+01   0.281261E+01   0.141168E+02   0.558402E+01
   0.344076E+02   0.284449E+02   0.488390E-02   0.100650E+02   0.818786E+01   0.438249E+00   0.144877E+02   0.747626E+01
   0.344076E+02   0.279584E+02   0.548370E-02   0.759825E+01   0.899977E+01   0.498185E+00   0.118579E+02   0.883004E+01
   0.344614E+02   0.284089E+02   0.603389E-02   0.894040E+01   0.928543E+01   0.571006E+00   0.156657E+02   0.948646E+01
