X1_obs         X2_obs         X3_obs         X4_obs         X1_true        X2_true        X3_true        X4_true        Y1_obs         Y2_obs         Y3_obs         Y4_obs         Y5_obs         Y1_unbiased    Y2_unbiased    Y3_unbiased    Y4_unbiased    Y5_unbiased    Y1_sim         Y2_sim         Y3_sim         Y4_sim         Y5_sim         Y1_res         Y2_res         Y3_res         Y4_res         Y5_res         Y1_stdres      Y2_stdres      Y3_stdres      Y4_stdres      Y5_stdres      
   0.100000E+01   0.200000E+01   0.270000E+05   0.108000E+05   0.100000E+01   0.200000E+01   0.270000E+05   0.108000E+05   0.431455E+01  -0.999900E+04  -0.999900E+04   0.350000E+02   0.250000E+02   0.431455E+01  -0.999900E+04  -0.999900E+04   0.350000E+02   0.250000E+02   0.435308E+01   0.153370E+03   0.480320E+00   0.199886E+02   0.150000E+02  -0.385284E-01  -0.999900E+04  -0.999900E+04   0.150114E+02   0.100000E+02  -0.717434E+00  -0.999900E+04  -0.999900E+04   0.187642E+01   0.125000E+01
   0.100000E+01   0.200000E+01   0.272500E+05   0.108000E+05   0.100000E+01   0.200000E+01   0.272500E+05   0.108000E+05   0.436370E+01  -0.999900E+04  -0.999900E+04   0.350000E+02   0.250000E+02   0.436370E+01  -0.999900E+04  -0.999900E+04   0.350000E+02   0.250000E+02   0.437729E+01   0.153369E+03   0.489428E+00   0.202143E+02   0.150000E+02  -0.135837E-01  -0.999900E+04  -0.999900E+04   0.147857E+02   0.100000E+02  -0.252941E+00  -0.999900E+04  -0.999900E+04   0.184821E+01   0.125000E+01
   0.100000E+01   0.200000E+01   0.275000E+05   0.108000E+05   0.100000E+01   0.200000E+01   0.275000E+05   0.108000E+05   0.433750E+01  -0.999900E+04  -0.999900E+04   0.350000E+02   0.250000E+02   0.433750E+01  -0.999900E+04  -0.999900E+04   0.350000E+02   0.250000E+02   0.440243E+01   0.153369E+03   0.498775E+00   0.204407E+02   0.150000E+02  -0.649326E-01  -0.999900E+04  -0.999900E+04   0.145593E+02   0.100000E+02  -0.120910E+01  -0.999900E+04  -0.999900E+04   0.181991E+01   0.125000E+01
   0.100000E+01   0.200000E+01   0.277500E+05   0.108000E+05   0.100000E+01   0.200000E+01   0.277500E+05   0.108000E+05   0.442789E+01  -0.999900E+04  -0.999900E+04   0.350000E+02   0.250000E+02   0.442789E+01  -0.999900E+04  -0.999900E+04   0.350000E+02   0.250000E+02   0.442855E+01   0.153369E+03   0.508361E+00   0.206679E+02   0.150000E+02  -0.656997E-03  -0.999900E+04  -0.999900E+04   0.143321E+02   0.100000E+02  -0.122339E-01  -0.999900E+04  -0.999900E+04   0.179152E+01   0.125000E+01
   0.100000E+01   0.200000E+01   0.280000E+05   0.108000E+05   0.100000E+01   0.200000E+01   0.280000E+05   0.108000E+05   0.438663E+01  -0.999900E+04  -0.999900E+04   0.350000E+02   0.250000E+02   0.438663E+01  -0.999900E+04  -0.999900E+04   0.350000E+02   0.250000E+02   0.445570E+01   0.153369E+03   0.518188E+00   0.208957E+02   0.150000E+02  -0.690683E-01  -0.999900E+04  -0.999900E+04   0.141043E+02   0.100000E+02  -0.128612E+01  -0.999900E+04  -0.999900E+04   0.176304E+01   0.125000E+01
   0.100000E+01   0.200000E+01   0.282500E+05   0.108000E+05   0.100000E+01   0.200000E+01   0.282500E+05   0.108000E+05   0.440362E+01  -0.999900E+04  -0.999900E+04   0.350000E+02   0.250000E+02   0.440362E+01  -0.999900E+04  -0.999900E+04   0.350000E+02   0.250000E+02   0.448396E+01   0.153369E+03   0.528236E+00   0.211243E+02   0.150000E+02  -0.803355E-01  -0.999900E+04  -0.999900E+04   0.138757E+02   0.100000E+02  -0.149592E+01  -0.999900E+04  -0.999900E+04   0.173447E+01   0.125000E+01
   0.100000E+01   0.200000E+01   0.285000E+05   0.108000E+05   0.100000E+01   0.200000E+01   0.285000E+05   0.108000E+05   0.446997E+01  -0.999900E+04  -0.999900E+04   0.350000E+02   0.250000E+02   0.446997E+01  -0.999900E+04  -0.999900E+04   0.350000E+02   0.250000E+02   0.451371E+01   0.153369E+03   0.538484E+00   0.211243E+02   0.150000E+02  -0.437465E-01  -0.999900E+04  -0.999900E+04   0.138757E+02   0.100000E+02  -0.814600E+00  -0.999900E+04  -0.999900E+04   0.173447E+01   0.125000E+01
   0.100000E+01   0.200000E+01   0.287500E+05   0.108000E+05   0.100000E+01   0.200000E+01   0.287500E+05   0.108000E+05   0.452327E+01  -0.999900E+04  -0.999900E+04   0.350000E+02   0.250000E+02   0.452327E+01  -0.999900E+04  -0.999900E+04   0.350000E+02   0.250000E+02   0.454502E+01   0.153368E+03   0.548908E+00   0.213535E+02   0.150000E+02  -0.217491E-01  -0.999900E+04  -0.999900E+04   0.136465E+02   0.100000E+02  -0.404989E+00  -0.999900E+04  -0.999900E+04   0.170581E+01   0.125000E+01
   0.100000E+01   0.200000E+01   0.290000E+05   0.108000E+05   0.100000E+01   0.200000E+01   0.290000E+05   0.108000E+05   0.453446E+01  -0.999900E+04  -0.999900E+04   0.350000E+02   0.250000E+02   0.453446E+01  -0.999900E+04  -0.999900E+04   0.350000E+02   0.250000E+02   0.457761E+01   0.153368E+03   0.559547E+00   0.215834E+02   0.150000E+02  -0.431498E-01  -0.999900E+04  -0.999900E+04   0.134166E+02   0.100000E+02  -0.803489E+00  -0.999900E+04  -0.999900E+04   0.167707E+01   0.125000E+01
   0.100000E+01   0.200000E+01   0.292500E+05   0.108000E+05   0.100000E+01   0.200000E+01   0.292500E+05   0.108000E+05   0.455054E+01  -0.999900E+04  -0.999900E+04   0.350000E+02   0.250000E+02   0.455054E+01  -0.999900E+04  -0.999900E+04   0.350000E+02   0.250000E+02   0.461155E+01   0.153368E+03   0.570392E+00   0.218140E+02   0.150000E+02  -0.610057E-01  -0.999900E+04  -0.999900E+04   0.131860E+02   0.100000E+02  -0.113598E+01  -0.999900E+04  -0.999900E+04   0.164825E+01   0.125000E+01
   0.100000E+01   0.200000E+01   0.295000E+05   0.108000E+05   0.100000E+01   0.200000E+01   0.295000E+05   0.108000E+05   0.463598E+01  -0.999900E+04  -0.999900E+04   0.350000E+02   0.250000E+02   0.463598E+01  -0.999900E+04  -0.999900E+04   0.350000E+02   0.250000E+02   0.464688E+01   0.153368E+03   0.581434E+00   0.220451E+02   0.150000E+02  -0.108963E-01  -0.999900E+04  -0.999900E+04   0.129549E+02   0.100000E+02  -0.202899E+00  -0.999900E+04  -0.999900E+04   0.161936E+01   0.125000E+01
   0.100000E+01   0.200000E+01   0.297500E+05   0.108000E+05   0.100000E+01   0.200000E+01   0.297500E+05   0.108000E+05   0.470631E+01  -0.999900E+04  -0.999900E+04   0.350000E+02   0.250000E+02   0.470631E+01  -0.999900E+04  -0.999900E+04   0.350000E+02   0.250000E+02   0.468366E+01   0.153368E+03   0.592662E+00   0.222770E+02   0.150000E+02   0.226479E-01  -0.999900E+04  -0.999900E+04   0.127230E+02   0.100000E+02   0.421724E+00  -0.999900E+04  -0.999900E+04   0.159038E+01   0.125000E+01
   0.100000E+01   0.200000E+01   0.300000E+05   0.108000E+05   0.100000E+01   0.200000E+01   0.300000E+05   0.108000E+05   0.463878E+01  -0.999900E+04  -0.999900E+04   0.350000E+02   0.250000E+02   0.463878E+01  -0.999900E+04  -0.999900E+04   0.350000E+02   0.250000E+02   0.472239E+01   0.153367E+03   0.603985E+00   0.222770E+02   0.150000E+02  -0.836093E-01  -0.999900E+04  -0.999900E+04   0.127230E+02   0.100000E+02  -0.155688E+01  -0.999900E+04  -0.999900E+04   0.159038E+01   0.125000E+01
   0.100000E+01   0.200000E+01   0.302500E+05   0.108000E+05   0.100000E+01   0.200000E+01   0.302500E+05   0.108000E+05   0.476891E+01  -0.999900E+04  -0.999900E+04   0.350000E+02   0.250000E+02   0.476891E+01  -0.999900E+04  -0.999900E+04   0.350000E+02   0.250000E+02   0.476313E+01   0.153367E+03   0.615375E+00   0.225094E+02   0.150000E+02   0.577579E-02  -0.999900E+04  -0.999900E+04   0.124906E+02   0.100000E+02   0.107551E+00  -0.999900E+04  -0.999900E+04   0.156132E+01   0.125000E+01
   0.100000E+01   0.200000E+01   0.305000E+05   0.108000E+05   0.100000E+01   0.200000E+01   0.305000E+05   0.108000E+05   0.476714E+01  -0.999900E+04  -0.999900E+04   0.350000E+02   0.250000E+02   0.476714E+01  -0.999900E+04  -0.999900E+04   0.350000E+02   0.250000E+02   0.480553E+01   0.153367E+03   0.626885E+00   0.227425E+02   0.150000E+02  -0.383917E-01  -0.999900E+04  -0.999900E+04   0.122575E+02   0.100000E+02  -0.714890E+00  -0.999900E+04  -0.999900E+04   0.153219E+01   0.125000E+01
   0.100000E+01   0.200000E+01   0.307500E+05   0.108000E+05   0.100000E+01   0.200000E+01   0.307500E+05   0.108000E+05   0.485316E+01  -0.999900E+04  -0.999900E+04   0.350000E+02   0.250000E+02   0.485316E+01  -0.999900E+04  -0.999900E+04   0.350000E+02   0.250000E+02   0.484961E+01   0.153367E+03   0.638476E+00   0.229761E+02   0.150000E+02   0.355238E-02  -0.999900E+04  -0.999900E+04   0.120239E+02   0.100000E+02   0.661485E-01  -0.999900E+04  -0.999900E+04   0.150299E+01   0.125000E+01
   0.100000E+01   0.200000E+01   0.310000E+05   0.108000E+05   0.100000E+01   0.200000E+01   0.310000E+05   0.108000E+05   0.483539E+01  -0.999900E+04  -0.999900E+04   0.350000E+02   0.250000E+02   0.483539E+01  -0.999900E+04  -0.999900E+04   0.350000E+02   0.250000E+02   0.489542E+01   0.153366E+03   0.650165E+00   0.232103E+02   0.150000E+02  -0.600367E-01  -0.999900E+04  -0.999900E+04   0.117897E+02   0.100000E+02  -0.111794E+01  -0.999900E+04  -0.999900E+04   0.147371E+01   0.125000E+01
   0.100000E+01   0.200000E+01   0.312500E+05   0.108000E+05   0.100000E+01   0.200000E+01   0.312500E+05   0.108000E+05   0.492964E+01  -0.999900E+04  -0.999900E+04   0.350000E+02   0.250000E+02   0.492964E+01  -0.999900E+04  -0.999900E+04   0.350000E+02   0.250000E+02   0.494303E+01   0.153366E+03   0.661907E+00   0.234450E+02   0.150000E+02  -0.133903E-01  -0.999900E+04  -0.999900E+04   0.115550E+02   0.100000E+02  -0.249340E+00  -0.999900E+04  -0.999900E+04   0.144437E+01   0.125000E+01
   0.100000E+01   0.200000E+01   0.315000E+05   0.108000E+05   0.100000E+01   0.200000E+01   0.315000E+05   0.108000E+05   0.497015E+01  -0.999900E+04  -0.999900E+04   0.350000E+02   0.250000E+02   0.497015E+01  -0.999900E+04  -0.999900E+04   0.350000E+02   0.250000E+02   0.499295E+01   0.153366E+03   0.673565E+00   0.234450E+02   0.150000E+02  -0.227987E-01  -0.999900E+04  -0.999900E+04   0.115550E+02   0.100000E+02  -0.424533E+00  -0.999900E+04  -0.999900E+04   0.144437E+01   0.125000E+01
   0.100000E+01   0.200000E+01   0.317500E+05   0.108000E+05   0.100000E+01   0.200000E+01   0.317500E+05   0.108000E+05   0.504265E+01  -0.999900E+04  -0.999900E+04   0.350000E+02   0.250000E+02   0.504265E+01  -0.999900E+04  -0.999900E+04   0.350000E+02   0.250000E+02   0.504524E+01   0.153366E+03   0.685096E+00   0.236803E+02   0.150000E+02  -0.258636E-02  -0.999900E+04  -0.999900E+04   0.113197E+02   0.100000E+02  -0.481605E-01  -0.999900E+04  -0.999900E+04   0.141496E+01   0.125000E+01
   0.100000E+01   0.200000E+01   0.320000E+05   0.108000E+05   0.100000E+01   0.200000E+01   0.320000E+05   0.108000E+05   0.509157E+01  -0.999900E+04  -0.999900E+04   0.350000E+02   0.250000E+02   0.509157E+01  -0.999900E+04  -0.999900E+04   0.350000E+02   0.250000E+02   0.509938E+01   0.153365E+03   0.696587E+00   0.239162E+02   0.150000E+02  -0.781020E-02  -0.999900E+04  -0.999900E+04   0.110838E+02   0.100000E+02  -0.145433E+00  -0.999900E+04  -0.999900E+04   0.138548E+01   0.125000E+01
   0.100000E+01   0.200000E+01   0.322500E+05   0.108000E+05   0.100000E+01   0.200000E+01   0.322500E+05   0.108000E+05   0.519411E+01  -0.999900E+04  -0.999900E+04   0.350000E+02   0.250000E+02   0.519411E+01  -0.999900E+04  -0.999900E+04   0.350000E+02   0.250000E+02   0.515540E+01   0.153365E+03   0.708011E+00   0.241525E+02   0.150000E+02   0.387153E-01  -0.999900E+04  -0.999900E+04   0.108475E+02   0.100000E+02   0.720915E+00  -0.999900E+04  -0.999900E+04   0.135594E+01   0.125000E+01
   0.100000E+01   0.200000E+01   0.325000E+05   0.108000E+05   0.100000E+01   0.200000E+01   0.325000E+05   0.108000E+05   0.528438E+01  -0.999900E+04  -0.999900E+04   0.350000E+02   0.250000E+02   0.528438E+01  -0.999900E+04  -0.999900E+04   0.350000E+02   0.250000E+02   0.521329E+01   0.153365E+03   0.719340E+00   0.243894E+02   0.150000E+02   0.710879E-01  -0.999900E+04  -0.999900E+04   0.106106E+02   0.100000E+02   0.132372E+01  -0.999900E+04  -0.999900E+04   0.132633E+01   0.125000E+01
   0.100000E+01   0.200000E+01   0.327500E+05   0.108000E+05   0.100000E+01   0.200000E+01   0.327500E+05   0.108000E+05   0.531336E+01  -0.999900E+04  -0.999900E+04   0.350000E+02   0.250000E+02   0.531336E+01  -0.999900E+04  -0.999900E+04   0.350000E+02   0.250000E+02   0.527303E+01   0.153365E+03   0.730554E+00   0.246267E+02   0.150000E+02   0.403351E-01  -0.999900E+04  -0.999900E+04   0.103733E+02   0.100000E+02   0.751077E+00  -0.999900E+04  -0.999900E+04   0.129666E+01   0.125000E+01
   0.100000E+01   0.200000E+01   0.330000E+05   0.108000E+05   0.100000E+01   0.200000E+01   0.330000E+05   0.108000E+05   0.539431E+01  -0.999900E+04  -0.999900E+04   0.350000E+02   0.250000E+02   0.539431E+01  -0.999900E+04  -0.999900E+04   0.350000E+02   0.250000E+02   0.533521E+01   0.153364E+03   0.741463E+00   0.246267E+02   0.150000E+02   0.590998E-01  -0.999900E+04  -0.999900E+04   0.103733E+02   0.100000E+02   0.110049E+01  -0.999900E+04  -0.999900E+04   0.129666E+01   0.125000E+01
   0.100000E+01   0.200000E+01   0.332500E+05   0.108000E+05   0.100000E+01   0.200000E+01   0.332500E+05   0.108000E+05   0.544897E+01  -0.999900E+04  -0.999900E+04   0.350000E+02   0.250000E+02   0.544897E+01  -0.999900E+04  -0.999900E+04   0.350000E+02   0.250000E+02   0.539982E+01   0.153364E+03   0.752004E+00   0.248645E+02   0.150000E+02   0.491441E-01  -0.999900E+04  -0.999900E+04   0.101355E+02   0.100000E+02   0.915109E+00  -0.999900E+04  -0.999900E+04   0.126693E+01   0.125000E+01
   0.100000E+01   0.200000E+01   0.335000E+05   0.108000E+05   0.100000E+01   0.200000E+01   0.335000E+05   0.108000E+05   0.558074E+01  -0.999900E+04  -0.999900E+04   0.350000E+02   0.250000E+02   0.558074E+01  -0.999900E+04  -0.999900E+04   0.350000E+02   0.250000E+02   0.546617E+01   0.153364E+03   0.762382E+00   0.251028E+02   0.150000E+02   0.114566E+00  -0.999900E+04  -0.999900E+04   0.989719E+01   0.100000E+02   0.213332E+01  -0.999900E+04  -0.999900E+04   0.123715E+01   0.125000E+01
   0.100000E+01   0.200000E+01   0.337500E+05   0.108000E+05   0.100000E+01   0.200000E+01   0.337500E+05   0.108000E+05   0.565118E+01  -0.999900E+04  -0.999900E+04   0.350000E+02   0.250000E+02   0.565118E+01  -0.999900E+04  -0.999900E+04   0.350000E+02   0.250000E+02   0.553420E+01   0.153364E+03   0.772559E+00   0.253415E+02   0.150000E+02   0.116982E+00  -0.999900E+04  -0.999900E+04   0.965845E+01   0.100000E+02   0.217831E+01  -0.999900E+04  -0.999900E+04   0.120731E+01   0.125000E+01
   0.100000E+01   0.200000E+01   0.340000E+05   0.108000E+05   0.100000E+01   0.200000E+01   0.340000E+05   0.108000E+05   0.568140E+01  -0.999900E+04  -0.999900E+04   0.350000E+02   0.250000E+02   0.568140E+01  -0.999900E+04  -0.999900E+04   0.350000E+02   0.250000E+02   0.560386E+01   0.153364E+03   0.782521E+00   0.255807E+02   0.150000E+02   0.775396E-01  -0.999900E+04  -0.999900E+04   0.941929E+01   0.100000E+02   0.144386E+01  -0.999900E+04  -0.999900E+04   0.117741E+01   0.125000E+01
   0.100000E+01   0.200000E+01   0.342500E+05   0.108000E+05   0.100000E+01   0.200000E+01   0.342500E+05   0.108000E+05   0.584284E+01  -0.999900E+04  -0.999900E+04   0.350000E+02   0.250000E+02   0.584284E+01  -0.999900E+04  -0.999900E+04   0.350000E+02   0.250000E+02   0.567510E+01   0.153363E+03   0.792256E+00   0.258203E+02   0.150000E+02   0.167741E+00  -0.999900E+04  -0.999900E+04   0.917970E+01   0.100000E+02   0.312349E+01  -0.999900E+04  -0.999900E+04   0.114746E+01   0.125000E+01
   0.100000E+01   0.100000E+01   0.347518E+05   0.108000E+05   0.100000E+01   0.100000E+01   0.347518E+05   0.108000E+05   0.589751E+01  -0.999900E+04  -0.999900E+04   0.350000E+02   0.250000E+02   0.589751E+01  -0.999900E+04  -0.999900E+04   0.350000E+02   0.250000E+02   0.581918E+01   0.148336E+03   0.785564E+00   0.260583E+02   0.150000E+02   0.783333E-01  -0.999900E+04  -0.999900E+04   0.894169E+01   0.100000E+02   0.145864E+01  -0.999900E+04  -0.999900E+04   0.111771E+01   0.125000E+01
   0.100000E+01   0.100000E+01   0.350035E+05   0.108000E+05   0.100000E+01   0.100000E+01   0.350035E+05   0.108000E+05   0.594917E+01  -0.999900E+04  -0.999900E+04   0.350000E+02   0.250000E+02   0.594917E+01  -0.999900E+04  -0.999900E+04   0.350000E+02   0.250000E+02   0.589222E+01   0.148336E+03   0.795362E+00   0.262947E+02   0.150000E+02   0.569508E-01  -0.999900E+04  -0.999900E+04   0.870527E+01   0.100000E+02   0.106048E+01  -0.999900E+04  -0.999900E+04   0.108816E+01   0.125000E+01
   0.100000E+01   0.100000E+01   0.352553E+05   0.108000E+05   0.100000E+01   0.100000E+01   0.352553E+05   0.108000E+05   0.601845E+01  -0.999900E+04  -0.999900E+04   0.350000E+02   0.250000E+02   0.601845E+01  -0.999900E+04  -0.999900E+04   0.350000E+02   0.250000E+02   0.596688E+01   0.148336E+03   0.804875E+00   0.265315E+02   0.150000E+02   0.515765E-01  -0.999900E+04  -0.999900E+04   0.846849E+01   0.100000E+02   0.960402E+00  -0.999900E+04  -0.999900E+04   0.105856E+01   0.125000E+01
   0.100000E+01   0.100000E+01   0.355071E+05   0.108000E+05   0.100000E+01   0.100000E+01   0.355071E+05   0.108000E+05   0.609220E+01  -0.999900E+04  -0.999900E+04   0.350000E+02   0.250000E+02   0.609220E+01  -0.999900E+04  -0.999900E+04   0.350000E+02   0.250000E+02   0.604306E+01   0.148336E+03   0.814106E+00   0.267686E+02   0.150000E+02   0.491402E-01  -0.999900E+04  -0.999900E+04   0.823136E+01   0.100000E+02   0.915035E+00  -0.999900E+04  -0.999900E+04   0.102892E+01   0.125000E+01
   0.100000E+01   0.100000E+01   0.357588E+05   0.108000E+05   0.100000E+01   0.100000E+01   0.357588E+05   0.108000E+05   0.611649E+01  -0.999900E+04  -0.999900E+04   0.350000E+02   0.250000E+02   0.611649E+01  -0.999900E+04  -0.999900E+04   0.350000E+02   0.250000E+02   0.612069E+01   0.148336E+03   0.823090E+00   0.270061E+02   0.150000E+02  -0.419425E-02  -0.999900E+04  -0.999900E+04   0.799388E+01   0.100000E+02  -0.781007E-01  -0.999900E+04  -0.999900E+04   0.999234E+00   0.125000E+01
   0.100000E+01   0.100000E+01   0.360106E+05   0.108000E+05   0.100000E+01   0.100000E+01   0.360106E+05   0.108000E+05   0.618840E+01  -0.999900E+04  -0.999900E+04   0.350000E+02   0.250000E+02   0.618840E+01  -0.999900E+04  -0.999900E+04   0.350000E+02   0.250000E+02   0.619972E+01   0.148335E+03   0.831749E+00   0.272439E+02   0.150000E+02  -0.113199E-01  -0.999900E+04  -0.999900E+04   0.775607E+01   0.100000E+02  -0.210786E+00  -0.999900E+04  -0.999900E+04   0.969509E+00   0.125000E+01
   0.100000E+01   0.100000E+01   0.362624E+05   0.108000E+05   0.100000E+01   0.100000E+01   0.362624E+05   0.108000E+05   0.624915E+01  -0.999900E+04  -0.999900E+04   0.350000E+02   0.250000E+02   0.624915E+01  -0.999900E+04  -0.999900E+04   0.350000E+02   0.250000E+02   0.628005E+01   0.148335E+03   0.840123E+00   0.274820E+02   0.150000E+02  -0.309035E-01  -0.999900E+04  -0.999900E+04   0.751795E+01   0.100000E+02  -0.575451E+00  -0.999900E+04  -0.999900E+04   0.939743E+00   0.125000E+01
   0.100000E+01   0.100000E+01   0.365141E+05   0.108000E+05   0.100000E+01   0.100000E+01   0.365141E+05   0.108000E+05   0.635194E+01  -0.999900E+04  -0.999900E+04   0.350000E+02   0.250000E+02   0.635194E+01  -0.999900E+04  -0.999900E+04   0.350000E+02   0.250000E+02   0.636229E+01   0.148335E+03   0.847975E+00   0.274820E+02   0.150000E+02  -0.103531E-01  -0.999900E+04  -0.999900E+04   0.751795E+01   0.100000E+02  -0.192785E+00  -0.999900E+04  -0.999900E+04   0.939743E+00   0.125000E+01
   0.100000E+01   0.100000E+01   0.367659E+05   0.108000E+05   0.100000E+01   0.100000E+01   0.367659E+05   0.108000E+05   0.644995E+01  -0.999900E+04  -0.999900E+04   0.350000E+02   0.250000E+02   0.644995E+01  -0.999900E+04  -0.999900E+04   0.350000E+02   0.250000E+02   0.644628E+01   0.148335E+03   0.855326E+00   0.277205E+02   0.150000E+02   0.366490E-02  -0.999900E+04  -0.999900E+04   0.727953E+01   0.100000E+02   0.682438E-01  -0.999900E+04  -0.999900E+04   0.909940E+00   0.125000E+01
   0.100000E+01   0.100000E+01   0.370176E+05   0.108000E+05   0.100000E+01   0.100000E+01   0.370176E+05   0.108000E+05   0.643952E+01  -0.999900E+04  -0.999900E+04   0.350000E+02   0.250000E+02   0.643952E+01  -0.999900E+04  -0.999900E+04   0.350000E+02   0.250000E+02   0.653116E+01   0.148335E+03   0.862471E+00   0.279592E+02   0.150000E+02  -0.916359E-01  -0.999900E+04  -0.999900E+04   0.704081E+01   0.100000E+02  -0.170635E+01  -0.999900E+04  -0.999900E+04   0.880101E+00   0.125000E+01
   0.100000E+01   0.100000E+01   0.372694E+05   0.108000E+05   0.100000E+01   0.100000E+01   0.372694E+05   0.108000E+05   0.659070E+01  -0.999900E+04  -0.999900E+04   0.350000E+02   0.250000E+02   0.659070E+01  -0.999900E+04  -0.999900E+04   0.350000E+02   0.250000E+02   0.661686E+01   0.148335E+03   0.869421E+00   0.281982E+02   0.150000E+02  -0.261604E-01  -0.999900E+04  -0.999900E+04   0.680182E+01   0.100000E+02  -0.487131E+00  -0.999900E+04  -0.999900E+04   0.850227E+00   0.125000E+01
   0.100000E+01   0.100000E+01   0.375212E+05   0.108000E+05   0.100000E+01   0.100000E+01   0.375212E+05   0.108000E+05   0.667623E+01  -0.999900E+04  -0.999900E+04   0.350000E+02   0.250000E+02   0.667623E+01  -0.999900E+04  -0.999900E+04   0.350000E+02   0.250000E+02   0.670332E+01   0.148335E+03   0.876187E+00   0.284374E+02   0.150000E+02  -0.270950E-01  -0.999900E+04  -0.999900E+04   0.656256E+01   0.100000E+02  -0.504535E+00  -0.999900E+04  -0.999900E+04   0.820320E+00   0.125000E+01
   0.100000E+01   0.100000E+01   0.377729E+05   0.108000E+05   0.100000E+01   0.100000E+01   0.377729E+05   0.108000E+05   0.671148E+01  -0.999900E+04  -0.999900E+04   0.350000E+02   0.250000E+02   0.671148E+01  -0.999900E+04  -0.999900E+04   0.350000E+02   0.250000E+02   0.679049E+01   0.148335E+03   0.882819E+00   0.286769E+02   0.150000E+02  -0.790170E-01  -0.999900E+04  -0.999900E+04   0.632305E+01   0.100000E+02  -0.147137E+01  -0.999900E+04  -0.999900E+04   0.790381E+00   0.125000E+01
   0.100000E+01   0.100000E+01   0.380247E+05   0.108000E+05   0.100000E+01   0.100000E+01   0.380247E+05   0.108000E+05   0.681352E+01  -0.999900E+04  -0.999900E+04   0.350000E+02   0.250000E+02   0.681352E+01  -0.999900E+04  -0.999900E+04   0.350000E+02   0.250000E+02   0.687833E+01   0.148335E+03   0.889246E+00   0.289167E+02   0.150000E+02  -0.648101E-01  -0.999900E+04  -0.999900E+04   0.608331E+01   0.100000E+02  -0.120682E+01  -0.999900E+04  -0.999900E+04   0.760413E+00   0.125000E+01
   0.100000E+01   0.100000E+01   0.382765E+05   0.108000E+05   0.100000E+01   0.100000E+01   0.382765E+05   0.108000E+05   0.683543E+01  -0.999900E+04  -0.999900E+04   0.350000E+02   0.250000E+02   0.683543E+01  -0.999900E+04  -0.999900E+04   0.350000E+02   0.250000E+02   0.696749E+01   0.148335E+03   0.895230E+00   0.289167E+02   0.150000E+02  -0.132063E+00  -0.999900E+04  -0.999900E+04   0.608331E+01   0.100000E+02  -0.245913E+01  -0.999900E+04  -0.999900E+04   0.760413E+00   0.125000E+01
   0.100000E+01   0.100000E+01   0.385282E+05   0.108000E+05   0.100000E+01   0.100000E+01   0.385282E+05   0.108000E+05   0.698057E+01  -0.999900E+04  -0.999900E+04   0.350000E+02   0.250000E+02   0.698057E+01  -0.999900E+04  -0.999900E+04   0.350000E+02   0.250000E+02   0.705783E+01   0.148335E+03   0.900807E+00   0.291567E+02   0.150000E+02  -0.772624E-01  -0.999900E+04  -0.999900E+04   0.584334E+01   0.100000E+02  -0.143870E+01  -0.999900E+04  -0.999900E+04   0.730417E+00   0.125000E+01
   0.100000E+01   0.100000E+01   0.387800E+05   0.108000E+05   0.100000E+01   0.100000E+01   0.387800E+05   0.108000E+05   0.704712E+01  -0.999900E+04  -0.999900E+04   0.350000E+02   0.250000E+02   0.704712E+01  -0.999900E+04  -0.999900E+04   0.350000E+02   0.250000E+02   0.714851E+01   0.148334E+03   0.906317E+00   0.293968E+02   0.150000E+02  -0.101387E+00  -0.999900E+04  -0.999900E+04   0.560316E+01   0.100000E+02  -0.188791E+01  -0.999900E+04  -0.999900E+04   0.700394E+00   0.125000E+01
   0.100000E+01   0.100000E+01   0.390318E+05   0.108000E+05   0.100000E+01   0.100000E+01   0.390318E+05   0.108000E+05   0.715017E+01  -0.999900E+04  -0.999900E+04   0.350000E+02   0.250000E+02   0.715017E+01  -0.999900E+04  -0.999900E+04   0.350000E+02   0.250000E+02   0.723950E+01   0.148334E+03   0.911763E+00   0.296372E+02   0.150000E+02  -0.893295E-01  -0.999900E+04  -0.999900E+04   0.536278E+01   0.100000E+02  -0.166340E+01  -0.999900E+04  -0.999900E+04   0.670347E+00   0.125000E+01
   0.100000E+01   0.100000E+01   0.392835E+05   0.108000E+05   0.100000E+01   0.100000E+01   0.392835E+05   0.108000E+05   0.726318E+01  -0.999900E+04  -0.999900E+04   0.350000E+02   0.250000E+02   0.726318E+01  -0.999900E+04  -0.999900E+04   0.350000E+02   0.250000E+02   0.733078E+01   0.148334E+03   0.917150E+00   0.298778E+02   0.150000E+02  -0.676020E-01  -0.999900E+04  -0.999900E+04   0.512221E+01   0.100000E+02  -0.125881E+01  -0.999900E+04  -0.999900E+04   0.640276E+00   0.125000E+01
   0.100000E+01   0.100000E+01   0.395353E+05   0.108000E+05   0.100000E+01   0.100000E+01   0.395353E+05   0.108000E+05   0.737158E+01  -0.999900E+04  -0.999900E+04   0.350000E+02   0.250000E+02   0.737158E+01  -0.999900E+04  -0.999900E+04   0.350000E+02   0.250000E+02   0.742234E+01   0.148334E+03   0.922482E+00   0.301185E+02   0.150000E+02  -0.507603E-01  -0.999900E+04  -0.999900E+04   0.488147E+01   0.100000E+02  -0.945204E+00  -0.999900E+04  -0.999900E+04   0.610184E+00   0.125000E+01
   0.100000E+01   0.100000E+01   0.397871E+05   0.108000E+05   0.100000E+01   0.100000E+01   0.397871E+05   0.108000E+05   0.744209E+01  -0.999900E+04  -0.999900E+04   0.350000E+02   0.250000E+02   0.744209E+01  -0.999900E+04  -0.999900E+04   0.350000E+02   0.250000E+02   0.751416E+01   0.148334E+03   0.927762E+00   0.303594E+02   0.150000E+02  -0.720678E-01  -0.999900E+04  -0.999900E+04   0.464058E+01   0.100000E+02  -0.134197E+01  -0.999900E+04  -0.999900E+04   0.580072E+00   0.125000E+01
   0.100000E+01   0.100000E+01   0.400388E+05   0.108000E+05   0.100000E+01   0.100000E+01   0.400388E+05   0.108000E+05   0.760769E+01  -0.999900E+04  -0.999900E+04   0.350000E+02   0.250000E+02   0.760769E+01  -0.999900E+04  -0.999900E+04   0.350000E+02   0.250000E+02   0.760694E+01   0.148334E+03   0.932722E+00   0.303594E+02   0.150000E+02   0.751937E-03  -0.999900E+04  -0.999900E+04   0.464058E+01   0.100000E+02   0.140018E-01  -0.999900E+04  -0.999900E+04   0.580072E+00   0.125000E+01
   0.100000E+01   0.100000E+01   0.402906E+05   0.108000E+05   0.100000E+01   0.100000E+01   0.402906E+05   0.108000E+05   0.765578E+01  -0.999900E+04  -0.999900E+04   0.350000E+02   0.250000E+02   0.765578E+01  -0.999900E+04  -0.999900E+04   0.350000E+02   0.250000E+02   0.770058E+01   0.148334E+03   0.937308E+00   0.306005E+02   0.150000E+02  -0.448018E-01  -0.999900E+04  -0.999900E+04   0.439953E+01   0.100000E+02  -0.834252E+00  -0.999900E+04  -0.999900E+04   0.549941E+00   0.125000E+01
   0.100000E+01   0.100000E+01   0.405424E+05   0.108000E+05   0.100000E+01   0.100000E+01   0.405424E+05   0.108000E+05   0.773604E+01  -0.999900E+04  -0.999900E+04   0.350000E+02   0.250000E+02   0.773604E+01  -0.999900E+04  -0.999900E+04   0.350000E+02   0.250000E+02   0.779425E+01   0.148334E+03   0.941928E+00   0.308416E+02   0.150000E+02  -0.582079E-01  -0.999900E+04  -0.999900E+04   0.415835E+01   0.100000E+02  -0.108388E+01  -0.999900E+04  -0.999900E+04   0.519794E+00   0.125000E+01
   0.100000E+01   0.100000E+01   0.407941E+05   0.108000E+05   0.100000E+01   0.100000E+01   0.407941E+05   0.108000E+05   0.785280E+01  -0.999900E+04  -0.999900E+04   0.350000E+02   0.250000E+02   0.785280E+01  -0.999900E+04  -0.999900E+04   0.350000E+02   0.250000E+02   0.788796E+01   0.148334E+03   0.946576E+00   0.310829E+02   0.150000E+02  -0.351609E-01  -0.999900E+04  -0.999900E+04   0.391706E+01   0.100000E+02  -0.654729E+00  -0.999900E+04  -0.999900E+04   0.489632E+00   0.125000E+01
   0.100000E+01   0.100000E+01   0.410459E+05   0.108000E+05   0.100000E+01   0.100000E+01   0.410459E+05   0.108000E+05   0.794043E+01  -0.999900E+04  -0.999900E+04   0.350000E+02   0.250000E+02   0.794043E+01  -0.999900E+04  -0.999900E+04   0.350000E+02   0.250000E+02   0.798172E+01   0.148334E+03   0.951244E+00   0.313243E+02   0.150000E+02  -0.412912E-01  -0.999900E+04  -0.999900E+04   0.367565E+01   0.100000E+02  -0.768881E+00  -0.999900E+04  -0.999900E+04   0.459456E+00   0.125000E+01
   0.100000E+01   0.100000E+01   0.412976E+05   0.108000E+05   0.100000E+01   0.100000E+01   0.412976E+05   0.108000E+05   0.801722E+01  -0.999900E+04  -0.999900E+04   0.350000E+02   0.250000E+02   0.801722E+01  -0.999900E+04  -0.999900E+04   0.350000E+02   0.250000E+02   0.807552E+01   0.148334E+03   0.955943E+00   0.315658E+02   0.150000E+02  -0.582985E-01  -0.999900E+04  -0.999900E+04   0.343415E+01   0.100000E+02  -0.108557E+01  -0.999900E+04  -0.999900E+04   0.429269E+00   0.125000E+01
   0.100000E+01   0.100000E+01   0.415494E+05   0.108000E+05   0.100000E+01   0.100000E+01   0.415494E+05   0.108000E+05   0.815914E+01  -0.999900E+04  -0.999900E+04   0.350000E+02   0.250000E+02   0.815914E+01  -0.999900E+04  -0.999900E+04   0.350000E+02   0.250000E+02   0.816937E+01   0.148334E+03   0.960666E+00   0.318074E+02   0.150000E+02  -0.102326E-01  -0.999900E+04  -0.999900E+04   0.319257E+01   0.100000E+02  -0.190540E+00  -0.999900E+04  -0.999900E+04   0.399071E+00   0.125000E+01
   0.100000E+01   0.100000E+01   0.418012E+05   0.108000E+05   0.100000E+01   0.100000E+01   0.418012E+05   0.108000E+05   0.827260E+01  -0.999900E+04  -0.999900E+04   0.350000E+02   0.250000E+02   0.827260E+01  -0.999900E+04  -0.999900E+04   0.350000E+02   0.250000E+02   0.826400E+01   0.148334E+03   0.965068E+00   0.318074E+02   0.150000E+02   0.860188E-02  -0.999900E+04  -0.999900E+04   0.319257E+01   0.100000E+02   0.160175E+00  -0.999900E+04  -0.999900E+04   0.399071E+00   0.125000E+01
   0.100000E+01   0.100000E+01   0.420529E+05   0.108000E+05   0.100000E+01   0.100000E+01   0.420529E+05   0.108000E+05   0.836102E+01  -0.999900E+04  -0.999900E+04   0.350000E+02   0.250000E+02   0.836102E+01  -0.999900E+04  -0.999900E+04   0.350000E+02   0.250000E+02   0.835931E+01   0.148334E+03   0.969231E+00   0.320491E+02   0.150000E+02   0.171185E-02  -0.999900E+04  -0.999900E+04   0.295092E+01   0.100000E+02   0.318763E-01  -0.999900E+04  -0.999900E+04   0.368865E+00   0.125000E+01
   0.100000E+01   0.100000E+01   0.423047E+05   0.108000E+05   0.100000E+01   0.100000E+01   0.423047E+05   0.108000E+05   0.846356E+01  -0.999900E+04  -0.999900E+04   0.350000E+02   0.250000E+02   0.846356E+01  -0.999900E+04  -0.999900E+04   0.350000E+02   0.250000E+02   0.845453E+01   0.148334E+03   0.973425E+00   0.322908E+02   0.150000E+02   0.902879E-02  -0.999900E+04  -0.999900E+04   0.270922E+01   0.100000E+02   0.168124E+00  -0.999900E+04  -0.999900E+04   0.338652E+00   0.125000E+01
   0.100000E+01   0.100000E+01   0.425565E+05   0.108000E+05   0.100000E+01   0.100000E+01   0.425565E+05   0.108000E+05   0.856121E+01  -0.999900E+04  -0.999900E+04   0.350000E+02   0.250000E+02   0.856121E+01  -0.999900E+04  -0.999900E+04   0.350000E+02   0.250000E+02   0.854968E+01   0.148334E+03   0.977692E+00   0.325325E+02   0.150000E+02   0.115317E-01  -0.999900E+04  -0.999900E+04   0.246747E+01   0.100000E+02   0.214730E+00  -0.999900E+04  -0.999900E+04   0.308434E+00   0.125000E+01
   0.100000E+01   0.100000E+01   0.428082E+05   0.108000E+05   0.100000E+01   0.100000E+01   0.428082E+05   0.108000E+05   0.868165E+01  -0.999900E+04  -0.999900E+04   0.350000E+02   0.250000E+02   0.868165E+01  -0.999900E+04  -0.999900E+04   0.350000E+02   0.250000E+02   0.864478E+01   0.148334E+03   0.982020E+00   0.327743E+02   0.150000E+02   0.368644E-01  -0.999900E+04  -0.999900E+04   0.222570E+01   0.100000E+02   0.686450E+00  -0.999900E+04  -0.999900E+04   0.278212E+00   0.125000E+01
   0.100000E+01   0.100000E+01   0.430600E+05   0.108000E+05   0.100000E+01   0.100000E+01   0.430600E+05   0.108000E+05   0.873166E+01  -0.999900E+04  -0.999900E+04   0.350000E+02   0.250000E+02   0.873166E+01  -0.999900E+04  -0.999900E+04   0.350000E+02   0.250000E+02   0.873983E+01   0.148334E+03   0.986411E+00   0.330161E+02   0.150000E+02  -0.816774E-02  -0.999900E+04  -0.999900E+04   0.198391E+01   0.100000E+02  -0.152091E+00  -0.999900E+04  -0.999900E+04   0.247988E+00   0.125000E+01
   0.100000E+01   0.100000E+01   0.433118E+05   0.108000E+05   0.100000E+01   0.100000E+01   0.433118E+05   0.108000E+05   0.889612E+01  -0.999900E+04  -0.999900E+04   0.350000E+02   0.250000E+02   0.889612E+01  -0.999900E+04  -0.999900E+04   0.350000E+02   0.250000E+02   0.883485E+01   0.148334E+03   0.990855E+00   0.332579E+02   0.150000E+02   0.612658E-01  -0.999900E+04  -0.999900E+04   0.174211E+01   0.100000E+02   0.114083E+01  -0.999900E+04  -0.999900E+04   0.217764E+00   0.125000E+01
   0.100000E+01   0.100000E+01   0.435635E+05   0.108000E+05   0.100000E+01   0.100000E+01   0.435635E+05   0.108000E+05   0.894794E+01  -0.999900E+04  -0.999900E+04   0.350000E+02   0.250000E+02   0.894794E+01  -0.999900E+04  -0.999900E+04   0.350000E+02   0.250000E+02   0.893057E+01   0.148334E+03   0.994993E+00   0.332579E+02   0.150000E+02   0.173746E-01  -0.999900E+04  -0.999900E+04   0.174211E+01   0.100000E+02   0.323531E+00  -0.999900E+04  -0.999900E+04   0.217764E+00   0.125000E+01
   0.100000E+01   0.100000E+01   0.438153E+05   0.108000E+05   0.100000E+01   0.100000E+01   0.438153E+05   0.108000E+05   0.908263E+01  -0.999900E+04  -0.999900E+04   0.350000E+02   0.250000E+02   0.908263E+01  -0.999900E+04  -0.999900E+04   0.350000E+02   0.250000E+02   0.902688E+01   0.148334E+03   0.998863E+00   0.334997E+02   0.150000E+02   0.557495E-01  -0.999900E+04  -0.999900E+04   0.150033E+01   0.100000E+02   0.103811E+01  -0.999900E+04  -0.999900E+04   0.187541E+00   0.125000E+01
   0.100000E+01   0.100000E+01   0.440671E+05   0.108000E+05   0.100000E+01   0.100000E+01   0.440671E+05   0.108000E+05   0.919731E+01  -0.999900E+04  -0.999900E+04   0.350000E+02   0.250000E+02   0.919731E+01  -0.999900E+04  -0.999900E+04   0.350000E+02   0.250000E+02   0.912304E+01   0.148334E+03   0.100284E+01   0.337414E+02   0.150000E+02   0.742680E-01  -0.999900E+04  -0.999900E+04   0.125857E+01   0.100000E+02   0.138294E+01  -0.999900E+04  -0.999900E+04   0.157321E+00   0.125000E+01
   0.100000E+01   0.100000E+01   0.443188E+05   0.108000E+05   0.100000E+01   0.100000E+01   0.443188E+05   0.108000E+05   0.928755E+01  -0.999900E+04  -0.999900E+04   0.350000E+02   0.250000E+02   0.928755E+01  -0.999900E+04  -0.999900E+04   0.350000E+02   0.250000E+02   0.921908E+01   0.148334E+03   0.100697E+01   0.339832E+02   0.150000E+02   0.684734E-01  -0.999900E+04  -0.999900E+04   0.101685E+01   0.100000E+02   0.127504E+01  -0.999900E+04  -0.999900E+04   0.127106E+00   0.125000E+01
   0.100000E+01   0.100000E+01   0.445706E+05   0.108000E+05   0.100000E+01   0.100000E+01   0.445706E+05   0.108000E+05   0.934640E+01  -0.999900E+04  -0.999900E+04   0.350000E+02   0.250000E+02   0.934640E+01  -0.999900E+04  -0.999900E+04   0.350000E+02   0.250000E+02   0.931504E+01   0.148334E+03   0.101111E+01   0.342248E+02   0.150000E+02   0.313518E-01  -0.999900E+04  -0.999900E+04   0.775171E+00   0.100000E+02   0.583800E+00  -0.999900E+04  -0.999900E+04   0.968963E-01   0.125000E+01
   0.100000E+01   0.100000E+01   0.448224E+05   0.108000E+05   0.100000E+01   0.100000E+01   0.448224E+05   0.108000E+05   0.948981E+01  -0.999900E+04  -0.999900E+04   0.350000E+02   0.250000E+02   0.948981E+01  -0.999900E+04  -0.999900E+04   0.350000E+02   0.250000E+02   0.941092E+01   0.148334E+03   0.101533E+01   0.344664E+02   0.150000E+02   0.788862E-01  -0.999900E+04  -0.999900E+04   0.533558E+00   0.100000E+02   0.146893E+01  -0.999900E+04  -0.999900E+04   0.666947E-01   0.125000E+01
   0.100000E+01   0.100000E+01   0.450741E+05   0.108000E+05   0.100000E+01   0.100000E+01   0.450741E+05   0.108000E+05   0.960141E+01  -0.999900E+04  -0.999900E+04   0.350000E+02   0.250000E+02   0.960141E+01  -0.999900E+04  -0.999900E+04   0.350000E+02   0.250000E+02   0.950675E+01   0.148334E+03   0.101962E+01   0.347080E+02   0.150000E+02   0.946605E-01  -0.999900E+04  -0.999900E+04   0.292021E+00   0.100000E+02   0.176267E+01  -0.999900E+04  -0.999900E+04   0.365026E-01   0.125000E+01
   0.100000E+01   0.100000E+01   0.453259E+05   0.108000E+05   0.100000E+01   0.100000E+01   0.453259E+05   0.108000E+05   0.972164E+01  -0.999900E+04  -0.999900E+04   0.350000E+02   0.250000E+02   0.972164E+01  -0.999900E+04  -0.999900E+04   0.350000E+02   0.250000E+02   0.960321E+01   0.148334E+03   0.102360E+01   0.347080E+02   0.150000E+02   0.118433E+00  -0.999900E+04  -0.999900E+04   0.292021E+00   0.100000E+02   0.220533E+01  -0.999900E+04  -0.999900E+04   0.365026E-01   0.125000E+01
   0.100000E+01   0.100000E+01   0.455776E+05   0.108000E+05   0.100000E+01   0.100000E+01   0.455776E+05   0.108000E+05   0.981330E+01  -0.999900E+04  -0.999900E+04   0.350000E+02   0.250000E+02   0.981330E+01  -0.999900E+04  -0.999900E+04   0.350000E+02   0.250000E+02   0.970022E+01   0.148334E+03   0.102733E+01   0.349494E+02   0.150000E+02   0.113080E+00  -0.999900E+04  -0.999900E+04   0.505727E-01   0.100000E+02   0.210566E+01  -0.999900E+04  -0.999900E+04   0.632159E-02   0.125000E+01
   0.100000E+01   0.100000E+01   0.458294E+05   0.108000E+05   0.100000E+01   0.100000E+01   0.458294E+05   0.108000E+05   0.991912E+01  -0.999900E+04  -0.999900E+04   0.350000E+02   0.250000E+02   0.991912E+01  -0.999900E+04  -0.999900E+04   0.350000E+02   0.250000E+02   0.979705E+01   0.148334E+03   0.103117E+01   0.351908E+02   0.150000E+02   0.122065E+00  -0.999900E+04  -0.999900E+04  -0.190774E+00   0.100000E+02   0.227297E+01  -0.999900E+04  -0.999900E+04  -0.238468E-01   0.125000E+01
   0.100000E+01   0.100000E+01   0.460812E+05   0.108000E+05   0.100000E+01   0.100000E+01   0.460812E+05   0.108000E+05   0.100372E+02  -0.999900E+04  -0.999900E+04   0.350000E+02   0.250000E+02   0.100372E+02  -0.999900E+04  -0.999900E+04   0.350000E+02   0.250000E+02   0.989375E+01   0.148334E+03   0.103512E+01   0.354320E+02   0.150000E+02   0.143437E+00  -0.999900E+04  -0.999900E+04  -0.432007E+00   0.100000E+02   0.267093E+01  -0.999900E+04  -0.999900E+04  -0.540008E-01   0.125000E+01
   0.100000E+01   0.100000E+01   0.463329E+05   0.108000E+05   0.100000E+01   0.100000E+01   0.463329E+05   0.108000E+05   0.100949E+02  -0.999900E+04  -0.999900E+04   0.350000E+02   0.250000E+02   0.100949E+02  -0.999900E+04  -0.999900E+04   0.350000E+02   0.250000E+02   0.999035E+01   0.148334E+03   0.103921E+01   0.356731E+02   0.150000E+02   0.104517E+00  -0.999900E+04  -0.999900E+04  -0.673112E+00   0.100000E+02   0.194620E+01  -0.999900E+04  -0.999900E+04  -0.841389E-01   0.125000E+01
   0.100000E+01   0.100000E+01   0.465847E+05   0.108000E+05   0.100000E+01   0.100000E+01   0.465847E+05   0.108000E+05   0.102010E+02  -0.999900E+04  -0.999900E+04   0.350000E+02   0.250000E+02   0.102010E+02  -0.999900E+04  -0.999900E+04   0.350000E+02   0.250000E+02   0.100869E+02   0.148334E+03   0.104331E+01   0.359141E+02   0.150000E+02   0.114162E+00  -0.999900E+04  -0.999900E+04  -0.914076E+00   0.100000E+02   0.212579E+01  -0.999900E+04  -0.999900E+04  -0.114259E+00   0.125000E+01
   0.100000E+01   0.100000E+01   0.468365E+05   0.108000E+05   0.100000E+01   0.100000E+01   0.468365E+05   0.108000E+05   0.103203E+02  -0.999900E+04  -0.999900E+04   0.350000E+02   0.250000E+02   0.103203E+02  -0.999900E+04  -0.999900E+04   0.350000E+02   0.250000E+02   0.101834E+02   0.148334E+03   0.104747E+01   0.361549E+02   0.150000E+02   0.136901E+00  -0.999900E+04  -0.999900E+04  -0.115489E+01   0.100000E+02   0.254922E+01  -0.999900E+04  -0.999900E+04  -0.144361E+00   0.125000E+01
   0.100000E+01   0.100000E+01   0.470882E+05   0.108000E+05   0.100000E+01   0.100000E+01   0.470882E+05   0.108000E+05   0.104104E+02  -0.999900E+04  -0.999900E+04   0.350000E+02   0.250000E+02   0.104104E+02  -0.999900E+04  -0.999900E+04   0.350000E+02   0.250000E+02   0.102805E+02   0.148334E+03   0.105132E+01   0.361549E+02   0.150000E+02   0.129914E+00  -0.999900E+04  -0.999900E+04  -0.115489E+01   0.100000E+02   0.241911E+01  -0.999900E+04  -0.999900E+04  -0.144361E+00   0.125000E+01
   0.100000E+01   0.100000E+01   0.473400E+05   0.108000E+05   0.100000E+01   0.100000E+01   0.473400E+05   0.108000E+05   0.104979E+02  -0.999900E+04  -0.999900E+04   0.350000E+02   0.250000E+02   0.104979E+02  -0.999900E+04  -0.999900E+04   0.350000E+02   0.250000E+02   0.103780E+02   0.148334E+03   0.105493E+01   0.363955E+02   0.150000E+02   0.119822E+00  -0.999900E+04  -0.999900E+04  -0.139553E+01   0.100000E+02   0.223121E+01  -0.999900E+04  -0.999900E+04  -0.174441E+00   0.125000E+01
   0.100000E+01   0.100000E+01   0.475918E+05   0.108000E+05   0.100000E+01   0.100000E+01   0.475918E+05   0.108000E+05   0.105064E+02  -0.999900E+04  -0.999900E+04   0.350000E+02   0.250000E+02   0.105064E+02  -0.999900E+04  -0.999900E+04   0.350000E+02   0.250000E+02   0.104754E+02   0.148334E+03   0.105869E+01   0.366360E+02   0.150000E+02   0.310597E-01  -0.999900E+04  -0.999900E+04  -0.163599E+01   0.100000E+02   0.578361E+00  -0.999900E+04  -0.999900E+04  -0.204499E+00   0.125000E+01
   0.100000E+01   0.100000E+01   0.478435E+05   0.108000E+05   0.100000E+01   0.100000E+01   0.478435E+05   0.108000E+05   0.105760E+02  -0.999900E+04  -0.999900E+04   0.350000E+02   0.250000E+02   0.105760E+02  -0.999900E+04  -0.999900E+04   0.350000E+02   0.250000E+02   0.105726E+02   0.148334E+03   0.106256E+01   0.368763E+02   0.150000E+02   0.341983E-02  -0.999900E+04  -0.999900E+04  -0.187627E+01   0.100000E+02   0.636804E-01  -0.999900E+04  -0.999900E+04  -0.234533E+00   0.125000E+01
   0.100000E+01   0.100000E+01   0.480953E+05   0.108000E+05   0.100000E+01   0.100000E+01   0.480953E+05   0.108000E+05   0.106913E+02  -0.999900E+04  -0.999900E+04   0.350000E+02   0.250000E+02   0.106913E+02  -0.999900E+04  -0.999900E+04   0.350000E+02   0.250000E+02   0.106697E+02   0.148334E+03   0.106651E+01   0.371163E+02   0.150000E+02   0.215497E-01  -0.999900E+04  -0.999900E+04  -0.211633E+01   0.100000E+02   0.401275E+00  -0.999900E+04  -0.999900E+04  -0.264541E+00   0.125000E+01
   0.100000E+01   0.100000E+01   0.483471E+05   0.108000E+05   0.100000E+01   0.100000E+01   0.483471E+05   0.108000E+05   0.107399E+02  -0.999900E+04  -0.999900E+04   0.350000E+02   0.250000E+02   0.107399E+02  -0.999900E+04  -0.999900E+04   0.350000E+02   0.250000E+02   0.107667E+02   0.148334E+03   0.107054E+01   0.373562E+02   0.150000E+02  -0.268661E-01  -0.999900E+04  -0.999900E+04  -0.235618E+01   0.100000E+02  -0.500272E+00  -0.999900E+04  -0.999900E+04  -0.294522E+00   0.125000E+01
   0.100000E+01   0.100000E+01   0.485988E+05   0.108000E+05   0.100000E+01   0.100000E+01   0.485988E+05   0.108000E+05   0.108262E+02  -0.999900E+04  -0.999900E+04   0.350000E+02   0.250000E+02   0.108262E+02  -0.999900E+04  -0.999900E+04   0.350000E+02   0.250000E+02   0.108637E+02   0.148334E+03   0.107469E+01   0.375958E+02   0.150000E+02  -0.374884E-01  -0.999900E+04  -0.999900E+04  -0.259579E+01   0.100000E+02  -0.698068E+00  -0.999900E+04  -0.999900E+04  -0.324474E+00   0.125000E+01
   0.100000E+01   0.100000E+01   0.488506E+05   0.108000E+05   0.100000E+01   0.100000E+01   0.488506E+05   0.108000E+05   0.109318E+02  -0.999900E+04  -0.999900E+04   0.350000E+02   0.250000E+02   0.109318E+02  -0.999900E+04  -0.999900E+04   0.350000E+02   0.250000E+02   0.109613E+02   0.148334E+03   0.107847E+01   0.375958E+02   0.150000E+02  -0.295228E-01  -0.999900E+04  -0.999900E+04  -0.259579E+01   0.100000E+02  -0.549741E+00  -0.999900E+04  -0.999900E+04  -0.324474E+00   0.125000E+01
   0.100000E+01   0.100000E+01   0.491024E+05   0.108000E+05   0.100000E+01   0.100000E+01   0.491024E+05   0.108000E+05   0.109893E+02  -0.999900E+04  -0.999900E+04   0.350000E+02   0.250000E+02   0.109893E+02  -0.999900E+04  -0.999900E+04   0.350000E+02   0.250000E+02   0.110594E+02   0.148334E+03   0.108198E+01   0.378352E+02   0.150000E+02  -0.700799E-01  -0.999900E+04  -0.999900E+04  -0.283516E+01   0.100000E+02  -0.130495E+01  -0.999900E+04  -0.999900E+04  -0.354395E+00   0.125000E+01
   0.100000E+01   0.100000E+01   0.493541E+05   0.108000E+05   0.100000E+01   0.100000E+01   0.493541E+05   0.108000E+05   0.110771E+02  -0.999900E+04  -0.999900E+04   0.350000E+02   0.250000E+02   0.110771E+02  -0.999900E+04  -0.999900E+04   0.350000E+02   0.250000E+02   0.111572E+02   0.148334E+03   0.108561E+01   0.380743E+02   0.150000E+02  -0.801224E-01  -0.999900E+04  -0.999900E+04  -0.307427E+01   0.100000E+02  -0.149195E+01  -0.999900E+04  -0.999900E+04  -0.384284E+00   0.125000E+01
   0.100000E+01   0.100000E+01   0.496059E+05   0.108000E+05   0.100000E+01   0.100000E+01   0.496059E+05   0.108000E+05   0.111817E+02  -0.999900E+04  -0.999900E+04   0.350000E+02   0.250000E+02   0.111817E+02  -0.999900E+04  -0.999900E+04   0.350000E+02   0.250000E+02   0.112550E+02   0.148334E+03   0.108935E+01   0.383131E+02   0.150000E+02  -0.733389E-01  -0.999900E+04  -0.999900E+04  -0.331311E+01   0.100000E+02  -0.136564E+01  -0.999900E+04  -0.999900E+04  -0.414139E+00   0.125000E+01
   0.100000E+01   0.100000E+01   0.498576E+05   0.108000E+05   0.100000E+01   0.100000E+01   0.498576E+05   0.108000E+05   0.112730E+02  -0.999900E+04  -0.999900E+04   0.350000E+02   0.250000E+02   0.112730E+02  -0.999900E+04  -0.999900E+04   0.350000E+02   0.250000E+02   0.113526E+02   0.148334E+03   0.109320E+01   0.385517E+02   0.150000E+02  -0.795767E-01  -0.999900E+04  -0.999900E+04  -0.355167E+01   0.100000E+02  -0.148179E+01  -0.999900E+04  -0.999900E+04  -0.443958E+00   0.125000E+01
   0.100000E+01   0.100000E+01   0.501094E+05   0.108000E+05   0.100000E+01   0.100000E+01   0.501094E+05   0.108000E+05   0.113621E+02  -0.999900E+04  -0.999900E+04   0.350000E+02   0.250000E+02   0.113621E+02  -0.999900E+04  -0.999900E+04   0.350000E+02   0.250000E+02   0.114502E+02   0.148334E+03   0.109712E+01   0.387899E+02   0.150000E+02  -0.880695E-01  -0.999900E+04  -0.999900E+04  -0.378993E+01   0.100000E+02  -0.163994E+01  -0.999900E+04  -0.999900E+04  -0.473740E+00   0.125000E+01
   0.100000E+01   0.100000E+01   0.503612E+05   0.108000E+05   0.100000E+01   0.100000E+01   0.503612E+05   0.108000E+05   0.114989E+02  -0.999900E+04  -0.999900E+04   0.350000E+02   0.250000E+02   0.114989E+02  -0.999900E+04  -0.999900E+04   0.350000E+02   0.250000E+02   0.115476E+02   0.148334E+03   0.110112E+01   0.390279E+02   0.150000E+02  -0.487091E-01  -0.999900E+04  -0.999900E+04  -0.402787E+01   0.100000E+02  -0.907008E+00  -0.999900E+04  -0.999900E+04  -0.503484E+00   0.125000E+01
   0.100000E+01   0.100000E+01   0.506129E+05   0.108000E+05   0.100000E+01   0.100000E+01   0.506129E+05   0.108000E+05   0.115639E+02  -0.999900E+04  -0.999900E+04   0.350000E+02   0.250000E+02   0.115639E+02  -0.999900E+04  -0.999900E+04   0.350000E+02   0.250000E+02   0.116457E+02   0.148334E+03   0.110486E+01   0.390279E+02   0.150000E+02  -0.817449E-01  -0.999900E+04  -0.999900E+04  -0.402787E+01   0.100000E+02  -0.152217E+01  -0.999900E+04  -0.999900E+04  -0.503484E+00   0.125000E+01
   0.100000E+01   0.100000E+01   0.508647E+05   0.108000E+05   0.100000E+01   0.100000E+01   0.508647E+05   0.108000E+05   0.116775E+02  -0.999900E+04  -0.999900E+04   0.350000E+02   0.250000E+02   0.116775E+02  -0.999900E+04  -0.999900E+04   0.350000E+02   0.250000E+02   0.117442E+02   0.148334E+03   0.110827E+01   0.392655E+02   0.150000E+02  -0.666298E-01  -0.999900E+04  -0.999900E+04  -0.426550E+01   0.100000E+02  -0.124071E+01  -0.999900E+04  -0.999900E+04  -0.533187E+00   0.125000E+01
   0.100000E+01   0.100000E+01   0.511165E+05   0.108000E+05   0.100000E+01   0.100000E+01   0.511165E+05   0.108000E+05   0.117799E+02  -0.999900E+04  -0.999900E+04   0.350000E+02   0.250000E+02   0.117799E+02  -0.999900E+04  -0.999900E+04   0.350000E+02   0.250000E+02   0.118425E+02   0.148334E+03   0.111182E+01   0.395028E+02   0.150000E+02  -0.625793E-01  -0.999900E+04  -0.999900E+04  -0.450279E+01   0.100000E+02  -0.116528E+01  -0.999900E+04  -0.999900E+04  -0.562848E+00   0.125000E+01
   0.100000E+01   0.100000E+01   0.513682E+05   0.108000E+05   0.100000E+01   0.100000E+01   0.513682E+05   0.108000E+05   0.118313E+02  -0.999900E+04  -0.999900E+04   0.350000E+02   0.250000E+02   0.118313E+02  -0.999900E+04  -0.999900E+04   0.350000E+02   0.250000E+02   0.119406E+02   0.148334E+03   0.111548E+01   0.397397E+02   0.150000E+02  -0.109369E+00  -0.999900E+04  -0.999900E+04  -0.473973E+01   0.100000E+02  -0.203656E+01  -0.999900E+04  -0.999900E+04  -0.592465E+00   0.125000E+01
   0.100000E+01   0.100000E+01   0.516200E+05   0.108000E+05   0.100000E+01   0.100000E+01   0.516200E+05   0.108000E+05   0.119882E+02  -0.999900E+04  -0.999900E+04   0.350000E+02   0.250000E+02   0.119882E+02  -0.999900E+04  -0.999900E+04   0.350000E+02   0.250000E+02   0.120387E+02   0.148334E+03   0.111925E+01   0.399763E+02   0.150000E+02  -0.504875E-01  -0.999900E+04  -0.999900E+04  -0.497630E+01   0.100000E+02  -0.940123E+00  -0.999900E+04  -0.999900E+04  -0.622037E+00   0.125000E+01
   0.100000E+01   0.100000E+01   0.518718E+05   0.108000E+05   0.100000E+01   0.100000E+01   0.518718E+05   0.108000E+05   0.121193E+02  -0.999900E+04  -0.999900E+04   0.350000E+02   0.250000E+02   0.121193E+02  -0.999900E+04  -0.999900E+04   0.350000E+02   0.250000E+02   0.121367E+02   0.148334E+03   0.112308E+01   0.402125E+02   0.150000E+02  -0.173555E-01  -0.999900E+04  -0.999900E+04  -0.521250E+01   0.100000E+02  -0.323175E+00  -0.999900E+04  -0.999900E+04  -0.651563E+00   0.125000E+01
   0.100000E+01   0.100000E+01   0.521235E+05   0.108000E+05   0.100000E+01   0.100000E+01   0.521235E+05   0.108000E+05   0.121840E+02  -0.999900E+04  -0.999900E+04   0.350000E+02   0.250000E+02   0.121840E+02  -0.999900E+04  -0.999900E+04   0.350000E+02   0.250000E+02   0.122346E+02   0.148334E+03   0.112698E+01   0.404483E+02   0.150000E+02  -0.506030E-01  -0.999900E+04  -0.999900E+04  -0.544832E+01   0.100000E+02  -0.942275E+00  -0.999900E+04  -0.999900E+04  -0.681039E+00   0.125000E+01
   0.100000E+01   0.100000E+01   0.523753E+05   0.108000E+05   0.100000E+01   0.100000E+01   0.523753E+05   0.108000E+05   0.122678E+02  -0.999900E+04  -0.999900E+04   0.350000E+02   0.250000E+02   0.122678E+02  -0.999900E+04  -0.999900E+04   0.350000E+02   0.250000E+02   0.123330E+02   0.148334E+03   0.113057E+01   0.404483E+02   0.150000E+02  -0.652437E-01  -0.999900E+04  -0.999900E+04  -0.544832E+01   0.100000E+02  -0.121490E+01  -0.999900E+04  -0.999900E+04  -0.681039E+00   0.125000E+01
   0.100000E+01   0.100000E+01   0.526271E+05   0.108000E+05   0.100000E+01   0.100000E+01   0.526271E+05   0.108000E+05   0.124230E+02  -0.999900E+04  -0.999900E+04   0.350000E+02   0.250000E+02   0.124230E+02  -0.999900E+04  -0.999900E+04   0.350000E+02   0.250000E+02   0.124319E+02   0.148334E+03   0.113388E+01   0.406837E+02   0.150000E+02  -0.891445E-02  -0.999900E+04  -0.999900E+04  -0.568373E+01   0.100000E+02  -0.165995E+00  -0.999900E+04  -0.999900E+04  -0.710465E+00   0.125000E+01
   0.100000E+01   0.100000E+01   0.528788E+05   0.108000E+05   0.100000E+01   0.100000E+01   0.528788E+05   0.108000E+05   0.125000E+02  -0.999900E+04  -0.999900E+04   0.350000E+02   0.250000E+02   0.125000E+02  -0.999900E+04  -0.999900E+04   0.350000E+02   0.250000E+02   0.125306E+02   0.148334E+03   0.113740E+01   0.409187E+02   0.150000E+02  -0.306375E-01  -0.999900E+04  -0.999900E+04  -0.591872E+01   0.100000E+02  -0.570498E+00  -0.999900E+04  -0.999900E+04  -0.739840E+00   0.125000E+01
   0.100000E+01   0.100000E+01   0.531306E+05   0.108000E+05   0.100000E+01   0.100000E+01   0.531306E+05   0.108000E+05   0.126223E+02  -0.999900E+04  -0.999900E+04   0.350000E+02   0.250000E+02   0.126223E+02  -0.999900E+04  -0.999900E+04   0.350000E+02   0.250000E+02   0.126292E+02   0.148334E+03   0.114097E+01   0.411533E+02   0.150000E+02  -0.696482E-02  -0.999900E+04  -0.999900E+04  -0.615329E+01   0.100000E+02  -0.129691E+00  -0.999900E+04  -0.999900E+04  -0.769161E+00   0.125000E+01
   0.100000E+01   0.100000E+01   0.533824E+05   0.108000E+05   0.100000E+01   0.100000E+01   0.533824E+05   0.108000E+05   0.127058E+02  -0.999900E+04  -0.999900E+04   0.350000E+02   0.250000E+02   0.127058E+02  -0.999900E+04  -0.999900E+04   0.350000E+02   0.250000E+02   0.127277E+02   0.148334E+03   0.114463E+01   0.413874E+02   0.150000E+02  -0.218637E-01  -0.999900E+04  -0.999900E+04  -0.638742E+01   0.100000E+02  -0.407122E+00  -0.999900E+04  -0.999900E+04  -0.798427E+00   0.125000E+01
   0.100000E+01   0.100000E+01   0.536341E+05   0.108000E+05   0.100000E+01   0.100000E+01   0.536341E+05   0.108000E+05   0.128194E+02  -0.999900E+04  -0.999900E+04   0.350000E+02   0.250000E+02   0.128194E+02  -0.999900E+04  -0.999900E+04   0.350000E+02   0.250000E+02   0.128260E+02   0.148334E+03   0.114838E+01   0.416211E+02   0.150000E+02  -0.667183E-02  -0.999900E+04  -0.999900E+04  -0.662109E+01   0.100000E+02  -0.124236E+00  -0.999900E+04  -0.999900E+04  -0.827636E+00   0.125000E+01
   0.100000E+01   0.100000E+01   0.538859E+05   0.108000E+05   0.100000E+01   0.100000E+01   0.538859E+05   0.108000E+05   0.129439E+02  -0.999900E+04  -0.999900E+04   0.350000E+02   0.250000E+02   0.129439E+02  -0.999900E+04  -0.999900E+04   0.350000E+02   0.250000E+02   0.129244E+02   0.148334E+03   0.115218E+01   0.418543E+02   0.150000E+02   0.195065E-01  -0.999900E+04  -0.999900E+04  -0.685430E+01   0.100000E+02   0.363230E+00  -0.999900E+04  -0.999900E+04  -0.856787E+00   0.125000E+01
   0.100000E+01   0.100000E+01   0.541376E+05   0.108000E+05   0.100000E+01   0.100000E+01   0.541376E+05   0.108000E+05   0.130279E+02  -0.999900E+04  -0.999900E+04   0.350000E+02   0.250000E+02   0.130279E+02  -0.999900E+04  -0.999900E+04   0.350000E+02   0.250000E+02   0.130232E+02   0.148334E+03   0.115565E+01   0.418543E+02   0.150000E+02   0.470873E-02  -0.999900E+04  -0.999900E+04  -0.685430E+01   0.100000E+02   0.876810E-01  -0.999900E+04  -0.999900E+04  -0.856787E+00   0.125000E+01
   0.100000E+01   0.100000E+01   0.543894E+05   0.108000E+05   0.100000E+01   0.100000E+01   0.543894E+05   0.108000E+05   0.131247E+02  -0.999900E+04  -0.999900E+04   0.350000E+02   0.250000E+02   0.131247E+02  -0.999900E+04  -0.999900E+04   0.350000E+02   0.250000E+02   0.131225E+02   0.148334E+03   0.115887E+01   0.420870E+02   0.150000E+02   0.218379E-02  -0.999900E+04  -0.999900E+04  -0.708703E+01   0.100000E+02   0.406643E-01  -0.999900E+04  -0.999900E+04  -0.885878E+00   0.125000E+01
   0.100000E+01   0.100000E+01   0.546412E+05   0.108000E+05   0.100000E+01   0.100000E+01   0.546412E+05   0.108000E+05   0.132023E+02  -0.999900E+04  -0.999900E+04   0.350000E+02   0.250000E+02   0.132023E+02  -0.999900E+04  -0.999900E+04   0.350000E+02   0.250000E+02   0.132215E+02   0.148334E+03   0.116225E+01   0.423193E+02   0.150000E+02  -0.192748E-01  -0.999900E+04  -0.999900E+04  -0.731926E+01   0.100000E+02  -0.358915E+00  -0.999900E+04  -0.999900E+04  -0.914907E+00   0.125000E+01
   0.100000E+01   0.100000E+01   0.548929E+05   0.108000E+05   0.100000E+01   0.100000E+01   0.548929E+05   0.108000E+05   0.133375E+02  -0.999900E+04  -0.999900E+04   0.350000E+02   0.250000E+02   0.133375E+02  -0.999900E+04  -0.999900E+04   0.350000E+02   0.250000E+02   0.133205E+02   0.148334E+03   0.116580E+01   0.425510E+02   0.150000E+02   0.170665E-01  -0.999900E+04  -0.999900E+04  -0.755099E+01   0.100000E+02   0.317793E+00  -0.999900E+04  -0.999900E+04  -0.943873E+00   0.125000E+01
   0.100000E+01   0.100000E+01   0.551447E+05   0.108000E+05   0.100000E+01   0.100000E+01   0.551447E+05   0.108000E+05   0.134166E+02  -0.999900E+04  -0.999900E+04   0.350000E+02   0.250000E+02   0.134166E+02  -0.999900E+04  -0.999900E+04   0.350000E+02   0.250000E+02   0.134193E+02   0.148334E+03   0.116937E+01   0.427822E+02   0.150000E+02  -0.272723E-02  -0.999900E+04  -0.999900E+04  -0.778220E+01   0.100000E+02  -0.507835E-01  -0.999900E+04  -0.999900E+04  -0.972774E+00   0.125000E+01
   0.100000E+01   0.100000E+01   0.553965E+05   0.108000E+05   0.100000E+01   0.100000E+01   0.553965E+05   0.108000E+05   0.135854E+02  -0.999900E+04  -0.999900E+04   0.350000E+02   0.250000E+02   0.135854E+02  -0.999900E+04  -0.999900E+04   0.350000E+02   0.250000E+02   0.135181E+02   0.148334E+03   0.117301E+01   0.430129E+02   0.150000E+02   0.673105E-01  -0.999900E+04  -0.999900E+04  -0.801287E+01   0.100000E+02   0.125338E+01  -0.999900E+04  -0.999900E+04  -0.100161E+01   0.125000E+01
   0.100000E+01   0.100000E+01   0.556482E+05   0.108000E+05   0.100000E+01   0.100000E+01   0.556482E+05   0.108000E+05   0.136434E+02  -0.999900E+04  -0.999900E+04   0.350000E+02   0.250000E+02   0.136434E+02  -0.999900E+04  -0.999900E+04   0.350000E+02   0.250000E+02   0.136168E+02   0.148334E+03   0.117671E+01   0.432430E+02   0.150000E+02   0.266112E-01  -0.999900E+04  -0.999900E+04  -0.824300E+01   0.100000E+02   0.495525E+00  -0.999900E+04  -0.999900E+04  -0.103037E+01   0.125000E+01
   0.200000E+01   0.300000E+01   0.453684E+03   0.108000E+05   0.200000E+01   0.300000E+01   0.453684E+03   0.108000E+05   0.676959E+01  -0.999900E+04  -0.999900E+04   0.350000E+02   0.250000E+02   0.676959E+01  -0.999900E+04  -0.999900E+04   0.350000E+02   0.250000E+02   0.678327E+01   0.248145E+02   0.121036E+00   0.369072E+02   0.150000E+02  -0.136825E-01  -0.999900E+04  -0.999900E+04  -0.190715E+01   0.100000E+02  -0.254781E+00  -0.999900E+04  -0.999900E+04  -0.238394E+00   0.125000E+01
   0.200000E+01   0.300000E+01   0.705368E+03   0.108000E+05   0.200000E+01   0.300000E+01   0.705368E+03   0.108000E+05   0.674242E+01  -0.999900E+04  -0.999900E+04   0.350000E+02   0.250000E+02   0.674242E+01  -0.999900E+04  -0.999900E+04   0.350000E+02   0.250000E+02   0.678386E+01   0.248144E+02   0.129611E+00   0.363881E+02   0.150000E+02  -0.414429E-01  -0.999900E+04  -0.999900E+04  -0.138814E+01   0.100000E+02  -0.771705E+00  -0.999900E+04  -0.999900E+04  -0.173517E+00   0.125000E+01
   0.200000E+01   0.300000E+01   0.957053E+03   0.108000E+05   0.200000E+01   0.300000E+01   0.957053E+03   0.108000E+05   0.675721E+01  -0.999900E+04  -0.999900E+04   0.350000E+02   0.250000E+02   0.675721E+01  -0.999900E+04  -0.999900E+04   0.350000E+02   0.250000E+02   0.678463E+01   0.248143E+02   0.139485E+00   0.358934E+02   0.150000E+02  -0.274275E-01  -0.999900E+04  -0.999900E+04  -0.893351E+00   0.100000E+02  -0.510725E+00  -0.999900E+04  -0.999900E+04  -0.111669E+00   0.125000E+01
   0.200000E+01   0.300000E+01   0.120874E+04   0.108000E+05   0.200000E+01   0.300000E+01   0.120874E+04   0.108000E+05   0.678597E+01  -0.999900E+04  -0.999900E+04   0.350000E+02   0.250000E+02   0.678597E+01  -0.999900E+04  -0.999900E+04   0.350000E+02   0.250000E+02   0.678567E+01   0.248141E+02   0.150972E+00   0.349747E+02   0.150000E+02   0.297723E-03  -0.999900E+04  -0.999900E+04   0.252636E-01   0.100000E+02   0.554388E-02  -0.999900E+04  -0.999900E+04   0.315795E-02   0.125000E+01
   0.200000E+01   0.300000E+01   0.146042E+04   0.108000E+05   0.200000E+01   0.300000E+01   0.146042E+04   0.108000E+05   0.677622E+01  -0.999900E+04  -0.999900E+04   0.350000E+02   0.250000E+02   0.677622E+01  -0.999900E+04  -0.999900E+04   0.350000E+02   0.250000E+02   0.678709E+01   0.248140E+02   0.164497E+00   0.345501E+02   0.150000E+02  -0.108758E-01  -0.999900E+04  -0.999900E+04   0.449946E+00   0.100000E+02  -0.202517E+00  -0.999900E+04  -0.999900E+04   0.562432E-01   0.125000E+01
   0.200000E+01   0.300000E+01   0.171211E+04   0.108000E+05   0.200000E+01   0.300000E+01   0.171211E+04   0.108000E+05   0.680128E+01  -0.999900E+04  -0.999900E+04   0.350000E+02   0.250000E+02   0.680128E+01  -0.999900E+04  -0.999900E+04   0.350000E+02   0.250000E+02   0.678905E+01   0.248139E+02   0.180640E+00   0.341479E+02   0.150000E+02   0.122259E-01  -0.999900E+04  -0.999900E+04   0.852117E+00   0.100000E+02   0.227657E+00  -0.999900E+04  -0.999900E+04   0.106515E+00   0.125000E+01
   0.200000E+01   0.300000E+01   0.196379E+04   0.108000E+05   0.200000E+01   0.300000E+01   0.196379E+04   0.108000E+05   0.678793E+01  -0.999900E+04  -0.999900E+04   0.350000E+02   0.250000E+02   0.678793E+01  -0.999900E+04  -0.999900E+04   0.350000E+02   0.250000E+02   0.679187E+01   0.248138E+02   0.200211E+00   0.334094E+02   0.150000E+02  -0.394030E-02  -0.999900E+04  -0.999900E+04   0.159064E+01   0.100000E+02  -0.733720E-01  -0.999900E+04  -0.999900E+04   0.198829E+00   0.125000E+01
   0.200000E+01   0.300000E+01   0.221547E+04   0.108000E+05   0.200000E+01   0.300000E+01   0.221547E+04   0.108000E+05   0.675273E+01  -0.999900E+04  -0.999900E+04   0.350000E+02   0.250000E+02   0.675273E+01  -0.999900E+04  -0.999900E+04   0.350000E+02   0.250000E+02   0.679605E+01   0.248137E+02   0.224371E+00   0.330722E+02   0.150000E+02  -0.433213E-01  -0.999900E+04  -0.999900E+04   0.192784E+01   0.100000E+02  -0.806682E+00  -0.999900E+04  -0.999900E+04   0.240980E+00   0.125000E+01
   0.200000E+01   0.300000E+01   0.246716E+04   0.108000E+05   0.200000E+01   0.300000E+01   0.246716E+04   0.108000E+05   0.680004E+01  -0.999900E+04  -0.999900E+04   0.350000E+02   0.250000E+02   0.680004E+01  -0.999900E+04  -0.999900E+04   0.350000E+02   0.250000E+02   0.680241E+01   0.248136E+02   0.254812E+00   0.327558E+02   0.150000E+02  -0.237484E-02  -0.999900E+04  -0.999900E+04   0.224425E+01   0.100000E+02  -0.442217E-01  -0.999900E+04  -0.999900E+04   0.280531E+00   0.125000E+01
   0.200000E+01   0.300000E+01   0.271884E+04   0.108000E+05   0.200000E+01   0.300000E+01   0.271884E+04   0.108000E+05   0.686410E+01  -0.999900E+04  -0.999900E+04   0.350000E+02   0.250000E+02   0.686410E+01  -0.999900E+04  -0.999900E+04   0.350000E+02   0.250000E+02   0.681272E+01   0.248134E+02   0.293969E+00   0.321836E+02   0.150000E+02   0.513724E-01  -0.999900E+04  -0.999900E+04   0.281638E+01   0.100000E+02   0.956601E+00  -0.999900E+04  -0.999900E+04   0.352047E+00   0.125000E+01
   0.200000E+01   0.300000E+01   0.297053E+04   0.108000E+05   0.200000E+01   0.300000E+01   0.297053E+04   0.108000E+05   0.682958E+01  -0.999900E+04  -0.999900E+04   0.350000E+02   0.250000E+02   0.682958E+01  -0.999900E+04  -0.999900E+04   0.350000E+02   0.250000E+02   0.683032E+01   0.248133E+02   0.345196E+00   0.319270E+02   0.150000E+02  -0.740908E-03  -0.999900E+04  -0.999900E+04   0.307296E+01   0.100000E+02  -0.137964E-01  -0.999900E+04  -0.999900E+04   0.384120E+00   0.125000E+01
   0.200000E+01   0.300000E+01   0.322221E+04   0.108000E+05   0.200000E+01   0.300000E+01   0.322221E+04   0.108000E+05   0.686177E+01  -0.999900E+04  -0.999900E+04   0.350000E+02   0.250000E+02   0.686177E+01  -0.999900E+04  -0.999900E+04   0.350000E+02   0.250000E+02   0.686192E+01   0.248132E+02   0.412114E+00   0.316895E+02   0.150000E+02  -0.148198E-03  -0.999900E+04  -0.999900E+04   0.331046E+01   0.100000E+02  -0.275959E-02  -0.999900E+04  -0.999900E+04   0.413807E+00   0.125000E+01
   0.200000E+01   0.300000E+01   0.347389E+04   0.108000E+05   0.200000E+01   0.300000E+01   0.347389E+04   0.108000E+05   0.693719E+01  -0.999900E+04  -0.999900E+04   0.350000E+02   0.250000E+02   0.693719E+01  -0.999900E+04  -0.999900E+04   0.350000E+02   0.250000E+02   0.692078E+01   0.248131E+02   0.494265E+00   0.314707E+02   0.150000E+02   0.164174E-01  -0.999900E+04  -0.999900E+04   0.352930E+01   0.100000E+02   0.305708E+00  -0.999900E+04  -0.999900E+04   0.441162E+00   0.125000E+01
   0.200000E+01   0.300000E+01   0.372558E+04   0.108000E+05   0.200000E+01   0.300000E+01   0.372558E+04   0.108000E+05   0.709004E+01  -0.999900E+04  -0.999900E+04   0.350000E+02   0.250000E+02   0.709004E+01  -0.999900E+04  -0.999900E+04   0.350000E+02   0.250000E+02   0.702677E+01   0.248130E+02   0.576090E+00   0.310873E+02   0.150000E+02   0.632698E-01  -0.999900E+04  -0.999900E+04   0.391272E+01   0.100000E+02   0.117814E+01  -0.999900E+04  -0.999900E+04   0.489090E+00   0.125000E+01
   0.200000E+01   0.300000E+01   0.397726E+04   0.108000E+05   0.200000E+01   0.300000E+01   0.397726E+04   0.108000E+05   0.718757E+01  -0.999900E+04  -0.999900E+04   0.350000E+02   0.250000E+02   0.718757E+01  -0.999900E+04  -0.999900E+04   0.350000E+02   0.250000E+02   0.718948E+01   0.248130E+02   0.629714E+00   0.309218E+02   0.150000E+02  -0.191046E-02  -0.999900E+04  -0.999900E+04   0.407816E+01   0.100000E+02  -0.355745E-01  -0.999900E+04  -0.999900E+04   0.509770E+00   0.125000E+01
   0.200000E+01   0.300000E+01   0.422895E+04   0.108000E+05   0.200000E+01   0.300000E+01   0.422895E+04   0.108000E+05   0.742759E+01  -0.999900E+04  -0.999900E+04   0.350000E+02   0.250000E+02   0.742759E+01  -0.999900E+04  -0.999900E+04   0.350000E+02   0.250000E+02   0.739210E+01   0.248130E+02   0.650040E+00   0.307733E+02   0.150000E+02   0.354849E-01  -0.999900E+04  -0.999900E+04   0.422666E+01   0.100000E+02   0.660762E+00  -0.999900E+04  -0.999900E+04   0.528332E+00   0.125000E+01
   0.200000E+01   0.300000E+01   0.448063E+04   0.108000E+05   0.200000E+01   0.300000E+01   0.448063E+04   0.108000E+05   0.760842E+01  -0.999900E+04  -0.999900E+04   0.350000E+02   0.250000E+02   0.760842E+01  -0.999900E+04  -0.999900E+04   0.350000E+02   0.250000E+02   0.761142E+01   0.248130E+02   0.653678E+00   0.305255E+02   0.150000E+02  -0.299810E-02  -0.999900E+04  -0.999900E+04   0.447453E+01   0.100000E+02  -0.558274E-01  -0.999900E+04  -0.999900E+04   0.559317E+00   0.125000E+01
   0.200000E+01   0.300000E+01   0.473232E+04   0.108000E+05   0.200000E+01   0.300000E+01   0.473232E+04   0.108000E+05   0.783655E+01  -0.999900E+04  -0.999900E+04   0.350000E+02   0.250000E+02   0.783655E+01  -0.999900E+04  -0.999900E+04   0.350000E+02   0.250000E+02   0.783504E+01   0.248130E+02   0.652816E+00   0.304252E+02   0.150000E+02   0.151165E-02  -0.999900E+04  -0.999900E+04   0.457477E+01   0.100000E+02   0.281483E-01  -0.999900E+04  -0.999900E+04   0.571846E+00   0.125000E+01
   0.200000E+01   0.300000E+01   0.498400E+04   0.108000E+05   0.200000E+01   0.300000E+01   0.498400E+04   0.108000E+05   0.805821E+01  -0.999900E+04  -0.999900E+04   0.350000E+02   0.250000E+02   0.805821E+01  -0.999900E+04  -0.999900E+04   0.350000E+02   0.250000E+02   0.805894E+01   0.248130E+02   0.651668E+00   0.303402E+02   0.150000E+02  -0.726427E-03  -0.999900E+04  -0.999900E+04   0.465978E+01   0.100000E+02  -0.135267E-01  -0.999900E+04  -0.999900E+04   0.582472E+00   0.125000E+01
   0.200000E+01   0.300000E+01   0.523568E+04   0.108000E+05   0.200000E+01   0.300000E+01   0.523568E+04   0.108000E+05   0.830934E+01  -0.999900E+04  -0.999900E+04   0.350000E+02   0.250000E+02   0.830934E+01  -0.999900E+04  -0.999900E+04   0.350000E+02   0.250000E+02   0.828308E+01   0.248129E+02   0.650372E+00   0.302142E+02   0.150000E+02   0.262613E-01  -0.999900E+04  -0.999900E+04   0.478582E+01   0.100000E+02   0.489009E+00  -0.999900E+04  -0.999900E+04   0.598227E+00   0.125000E+01
   0.200000E+01   0.300000E+01   0.548737E+04   0.108000E+05   0.200000E+01   0.300000E+01   0.548737E+04   0.108000E+05   0.852786E+01  -0.999900E+04  -0.999900E+04   0.350000E+02   0.250000E+02   0.852786E+01  -0.999900E+04  -0.999900E+04   0.350000E+02   0.250000E+02   0.850705E+01   0.248129E+02   0.649159E+00   0.301723E+02   0.150000E+02   0.208101E-01  -0.999900E+04  -0.999900E+04   0.482771E+01   0.100000E+02   0.387503E+00  -0.999900E+04  -0.999900E+04   0.603463E+00   0.125000E+01
   0.200000E+01   0.300000E+01   0.573905E+04   0.108000E+05   0.200000E+01   0.300000E+01   0.573905E+04   0.108000E+05   0.876235E+01  -0.999900E+04  -0.999900E+04   0.350000E+02   0.250000E+02   0.876235E+01  -0.999900E+04  -0.999900E+04   0.350000E+02   0.250000E+02   0.873045E+01   0.248129E+02   0.648536E+00   0.301439E+02   0.150000E+02   0.319018E-01  -0.999900E+04  -0.999900E+04   0.485608E+01   0.100000E+02   0.594041E+00  -0.999900E+04  -0.999900E+04   0.607009E+00   0.125000E+01
   0.200000E+01   0.300000E+01   0.599074E+04   0.108000E+05   0.200000E+01   0.300000E+01   0.599074E+04   0.108000E+05   0.898489E+01  -0.999900E+04  -0.999900E+04   0.350000E+02   0.250000E+02   0.898489E+01  -0.999900E+04  -0.999900E+04   0.350000E+02   0.250000E+02   0.895358E+01   0.248129E+02   0.648194E+00   0.301286E+02   0.150000E+02   0.313080E-01  -0.999900E+04  -0.999900E+04   0.487136E+01   0.100000E+02   0.582985E+00  -0.999900E+04  -0.999900E+04   0.608920E+00   0.125000E+01
   0.200000E+01   0.300000E+01   0.624242E+04   0.108000E+05   0.200000E+01   0.300000E+01   0.624242E+04   0.108000E+05   0.923509E+01  -0.999900E+04  -0.999900E+04   0.350000E+02   0.250000E+02   0.923509E+01  -0.999900E+04  -0.999900E+04   0.350000E+02   0.250000E+02   0.917645E+01   0.248129E+02   0.648117E+00   0.301356E+02   0.150000E+02   0.586356E-01  -0.999900E+04  -0.999900E+04   0.486438E+01   0.100000E+02   0.109185E+01  -0.999900E+04  -0.999900E+04   0.608047E+00   0.125000E+01
   0.200000E+01   0.300000E+01   0.649411E+04   0.108000E+05   0.200000E+01   0.300000E+01   0.649411E+04   0.108000E+05   0.940561E+01  -0.999900E+04  -0.999900E+04   0.350000E+02   0.250000E+02   0.940561E+01  -0.999900E+04  -0.999900E+04   0.350000E+02   0.250000E+02   0.939913E+01   0.248129E+02   0.648250E+00   0.301570E+02   0.150000E+02   0.648631E-02  -0.999900E+04  -0.999900E+04   0.484297E+01   0.100000E+02   0.120781E+00  -0.999900E+04  -0.999900E+04   0.605370E+00   0.125000E+01
   0.200000E+01   0.300000E+01   0.674579E+04   0.108000E+05   0.200000E+01   0.300000E+01   0.674579E+04   0.108000E+05   0.956327E+01  -0.999900E+04  -0.999900E+04   0.350000E+02   0.250000E+02   0.956327E+01  -0.999900E+04  -0.999900E+04   0.350000E+02   0.250000E+02   0.962165E+01   0.248129E+02   0.648532E+00   0.301898E+02   0.150000E+02  -0.583842E-01  -0.999900E+04  -0.999900E+04   0.481018E+01   0.100000E+02  -0.108717E+01  -0.999900E+04  -0.999900E+04   0.601272E+00   0.125000E+01
   0.200000E+01   0.300000E+01   0.699747E+04   0.108000E+05   0.200000E+01   0.300000E+01   0.699747E+04   0.108000E+05   0.983592E+01  -0.999900E+04  -0.999900E+04   0.350000E+02   0.250000E+02   0.983592E+01  -0.999900E+04  -0.999900E+04   0.350000E+02   0.250000E+02   0.984376E+01   0.248129E+02   0.649248E+00   0.302878E+02   0.150000E+02  -0.784480E-02  -0.999900E+04  -0.999900E+04   0.471220E+01   0.100000E+02  -0.146077E+00  -0.999900E+04  -0.999900E+04   0.589025E+00   0.125000E+01
   0.200000E+01   0.300000E+01   0.724916E+04   0.108000E+05   0.200000E+01   0.300000E+01   0.724916E+04   0.108000E+05   0.100529E+02  -0.999900E+04  -0.999900E+04   0.350000E+02   0.250000E+02   0.100529E+02  -0.999900E+04  -0.999900E+04   0.350000E+02   0.250000E+02   0.100656E+02   0.248129E+02   0.650215E+00   0.303521E+02   0.150000E+02  -0.127794E-01  -0.999900E+04  -0.999900E+04   0.464786E+01   0.100000E+02  -0.237964E+00  -0.999900E+04  -0.999900E+04   0.580982E+00   0.125000E+01
   0.200000E+01   0.300000E+01   0.750084E+04   0.108000E+05   0.200000E+01   0.300000E+01   0.750084E+04   0.108000E+05   0.102877E+02  -0.999900E+04  -0.999900E+04   0.350000E+02   0.250000E+02   0.102877E+02  -0.999900E+04  -0.999900E+04   0.350000E+02   0.250000E+02   0.102875E+02   0.248129E+02   0.651137E+00   0.304261E+02   0.150000E+02   0.105910E-03  -0.999900E+04  -0.999900E+04   0.457386E+01   0.100000E+02   0.197215E-02  -0.999900E+04  -0.999900E+04   0.571732E+00   0.125000E+01
   0.200000E+01   0.300000E+01   0.775253E+04   0.108000E+05   0.200000E+01   0.300000E+01   0.775253E+04   0.108000E+05   0.105466E+02  -0.999900E+04  -0.999900E+04   0.350000E+02   0.250000E+02   0.105466E+02  -0.999900E+04  -0.999900E+04   0.350000E+02   0.250000E+02   0.105089E+02   0.248129E+02   0.652599E+00   0.306014E+02   0.150000E+02   0.376870E-01  -0.999900E+04  -0.999900E+04   0.439859E+01   0.100000E+02   0.701766E+00  -0.999900E+04  -0.999900E+04   0.549824E+00   0.125000E+01
   0.200000E+01   0.300000E+01   0.800421E+04   0.108000E+05   0.200000E+01   0.300000E+01   0.800421E+04   0.108000E+05   0.107264E+02  -0.999900E+04  -0.999900E+04   0.350000E+02   0.250000E+02   0.107264E+02  -0.999900E+04  -0.999900E+04   0.350000E+02   0.250000E+02   0.107301E+02   0.248129E+02   0.654285E+00   0.307018E+02   0.150000E+02  -0.371479E-02  -0.999900E+04  -0.999900E+04   0.429818E+01   0.100000E+02  -0.691728E-01  -0.999900E+04  -0.999900E+04   0.537272E+00   0.125000E+01
   0.200000E+01   0.300000E+01   0.825589E+04   0.108000E+05   0.200000E+01   0.300000E+01   0.825589E+04   0.108000E+05   0.109433E+02  -0.999900E+04  -0.999900E+04   0.350000E+02   0.250000E+02   0.109433E+02  -0.999900E+04  -0.999900E+04   0.350000E+02   0.250000E+02   0.109516E+02   0.248129E+02   0.655717E+00   0.308102E+02   0.150000E+02  -0.828043E-02  -0.999900E+04  -0.999900E+04   0.418982E+01   0.100000E+02  -0.154189E+00  -0.999900E+04  -0.999900E+04   0.523727E+00   0.125000E+01
   0.200000E+01   0.300000E+01   0.850758E+04   0.108000E+05   0.200000E+01   0.300000E+01   0.850758E+04   0.108000E+05   0.111986E+02  -0.999900E+04  -0.999900E+04   0.350000E+02   0.250000E+02   0.111986E+02  -0.999900E+04  -0.999900E+04   0.350000E+02   0.250000E+02   0.111730E+02   0.248130E+02   0.657191E+00   0.309261E+02   0.150000E+02   0.255693E-01  -0.999900E+04  -0.999900E+04   0.407394E+01   0.100000E+02   0.476124E+00  -0.999900E+04  -0.999900E+04   0.509242E+00   0.125000E+01
   0.200000E+01   0.300000E+01   0.875926E+04   0.108000E+05   0.200000E+01   0.300000E+01   0.875926E+04   0.108000E+05   0.114266E+02  -0.999900E+04  -0.999900E+04   0.350000E+02   0.250000E+02   0.114266E+02  -0.999900E+04  -0.999900E+04   0.350000E+02   0.250000E+02   0.113938E+02   0.248130E+02   0.659371E+00   0.311787E+02   0.150000E+02   0.328178E-01  -0.999900E+04  -0.999900E+04   0.382133E+01   0.100000E+02   0.611098E+00  -0.999900E+04  -0.999900E+04   0.477666E+00   0.125000E+01
   0.200000E+01   0.300000E+01   0.901095E+04   0.108000E+05   0.200000E+01   0.300000E+01   0.901095E+04   0.108000E+05   0.116258E+02  -0.999900E+04  -0.999900E+04   0.350000E+02   0.250000E+02   0.116258E+02  -0.999900E+04  -0.999900E+04   0.350000E+02   0.250000E+02   0.116143E+02   0.248130E+02   0.661762E+00   0.313145E+02   0.150000E+02   0.114483E-01  -0.999900E+04  -0.999900E+04   0.368546E+01   0.100000E+02   0.213177E+00  -0.999900E+04  -0.999900E+04   0.460682E+00   0.125000E+01
   0.200000E+01   0.300000E+01   0.926263E+04   0.108000E+05   0.200000E+01   0.300000E+01   0.926263E+04   0.108000E+05   0.118650E+02  -0.999900E+04  -0.999900E+04   0.350000E+02   0.250000E+02   0.118650E+02  -0.999900E+04  -0.999900E+04   0.350000E+02   0.250000E+02   0.118353E+02   0.248130E+02   0.663692E+00   0.314562E+02   0.150000E+02   0.296234E-01  -0.999900E+04  -0.999900E+04   0.354379E+01   0.100000E+02   0.551616E+00  -0.999900E+04  -0.999900E+04   0.442973E+00   0.125000E+01
   0.200000E+01   0.300000E+01   0.951432E+04   0.108000E+05   0.200000E+01   0.300000E+01   0.951432E+04   0.108000E+05   0.120899E+02  -0.999900E+04  -0.999900E+04   0.350000E+02   0.250000E+02   0.120899E+02  -0.999900E+04  -0.999900E+04   0.350000E+02   0.250000E+02   0.120557E+02   0.248130E+02   0.666363E+00   0.317553E+02   0.150000E+02   0.342210E-01  -0.999900E+04  -0.999900E+04   0.324473E+01   0.100000E+02   0.637227E+00  -0.999900E+04  -0.999900E+04   0.405591E+00   0.125000E+01
   0.200000E+01   0.300000E+01   0.976600E+04   0.108000E+05   0.200000E+01   0.300000E+01   0.976600E+04   0.108000E+05   0.123094E+02  -0.999900E+04  -0.999900E+04   0.350000E+02   0.250000E+02   0.123094E+02  -0.999900E+04  -0.999900E+04   0.350000E+02   0.250000E+02   0.122759E+02   0.248130E+02   0.669202E+00   0.319118E+02   0.150000E+02   0.335459E-01  -0.999900E+04  -0.999900E+04   0.308821E+01   0.100000E+02   0.624656E+00  -0.999900E+04  -0.999900E+04   0.386026E+00   0.125000E+01
   0.200000E+01   0.300000E+01   0.100177E+05   0.108000E+05   0.200000E+01   0.300000E+01   0.100177E+05   0.108000E+05   0.125088E+02  -0.999900E+04  -0.999900E+04   0.350000E+02   0.250000E+02   0.125088E+02  -0.999900E+04  -0.999900E+04   0.350000E+02   0.250000E+02   0.124967E+02   0.248130E+02   0.671364E+00   0.320724E+02   0.150000E+02   0.120455E-01  -0.999900E+04  -0.999900E+04   0.292759E+01   0.100000E+02   0.224299E+00  -0.999900E+04  -0.999900E+04   0.365949E+00   0.125000E+01
   0.200000E+01   0.300000E+01   0.102694E+05   0.108000E+05   0.200000E+01   0.300000E+01   0.102694E+05   0.108000E+05   0.127643E+02  -0.999900E+04  -0.999900E+04   0.350000E+02   0.250000E+02   0.127643E+02  -0.999900E+04  -0.999900E+04   0.350000E+02   0.250000E+02   0.127169E+02   0.248130E+02   0.674274E+00   0.324042E+02   0.150000E+02   0.473938E-01  -0.999900E+04  -0.999900E+04   0.259580E+01   0.100000E+02   0.882517E+00  -0.999900E+04  -0.999900E+04   0.324475E+00   0.125000E+01
   0.200000E+01   0.300000E+01   0.105211E+05   0.108000E+05   0.200000E+01   0.300000E+01   0.105211E+05   0.108000E+05   0.129119E+02  -0.999900E+04  -0.999900E+04   0.350000E+02   0.250000E+02   0.129119E+02  -0.999900E+04  -0.999900E+04   0.350000E+02   0.250000E+02   0.129369E+02   0.248130E+02   0.677398E+00   0.325745E+02   0.150000E+02  -0.250042E-01  -0.999900E+04  -0.999900E+04   0.242548E+01   0.100000E+02  -0.465600E+00  -0.999900E+04  -0.999900E+04   0.303184E+00   0.125000E+01
   0.200000E+01   0.300000E+01   0.107727E+05   0.108000E+05   0.200000E+01   0.300000E+01   0.107727E+05   0.108000E+05   0.132068E+02  -0.999900E+04  -0.999900E+04   0.350000E+02   0.250000E+02   0.132068E+02  -0.999900E+04  -0.999900E+04   0.350000E+02   0.250000E+02   0.131576E+02   0.248130E+02   0.679802E+00   0.327472E+02   0.150000E+02   0.491768E-01  -0.999900E+04  -0.999900E+04   0.225278E+01   0.100000E+02   0.915717E+00  -0.999900E+04  -0.999900E+04   0.281597E+00   0.125000E+01
   0.200000E+01   0.300000E+01   0.110244E+05   0.108000E+05   0.200000E+01   0.300000E+01   0.110244E+05   0.108000E+05   0.134243E+02  -0.999900E+04  -0.999900E+04   0.350000E+02   0.250000E+02   0.134243E+02  -0.999900E+04  -0.999900E+04   0.350000E+02   0.250000E+02   0.133777E+02   0.248130E+02   0.682949E+00   0.330981E+02   0.150000E+02   0.466716E-01  -0.999900E+04  -0.999900E+04   0.190195E+01   0.100000E+02   0.869068E+00  -0.999900E+04  -0.999900E+04   0.237743E+00   0.125000E+01
   0.200000E+01   0.300000E+01   0.112761E+05   0.108000E+05   0.200000E+01   0.300000E+01   0.112761E+05   0.108000E+05   0.136883E+02  -0.999900E+04  -0.999900E+04   0.350000E+02   0.250000E+02   0.136883E+02  -0.999900E+04  -0.999900E+04   0.350000E+02   0.250000E+02   0.135976E+02   0.248130E+02   0.686253E+00   0.332753E+02   0.150000E+02   0.907357E-01  -0.999900E+04  -0.999900E+04   0.172468E+01   0.100000E+02   0.168958E+01  -0.999900E+04  -0.999900E+04   0.215585E+00   0.125000E+01
   0.200000E+01   0.300000E+01   0.115278E+05   0.108000E+05   0.200000E+01   0.300000E+01   0.115278E+05   0.108000E+05   0.138664E+02  -0.999900E+04  -0.999900E+04   0.350000E+02   0.250000E+02   0.138664E+02  -0.999900E+04  -0.999900E+04   0.350000E+02   0.250000E+02   0.138183E+02   0.248130E+02   0.688672E+00   0.334533E+02   0.150000E+02   0.481070E-01  -0.999900E+04  -0.999900E+04   0.154674E+01   0.100000E+02   0.895797E+00  -0.999900E+04  -0.999900E+04   0.193343E+00   0.125000E+01
   0.200000E+01   0.300000E+01   0.117795E+05   0.108000E+05   0.200000E+01   0.300000E+01   0.117795E+05   0.108000E+05   0.140854E+02  -0.999900E+04  -0.999900E+04   0.350000E+02   0.250000E+02   0.140854E+02  -0.999900E+04  -0.999900E+04   0.350000E+02   0.250000E+02   0.140392E+02   0.248130E+02   0.690907E+00   0.336314E+02   0.150000E+02   0.461954E-01  -0.999900E+04  -0.999900E+04   0.136857E+01   0.100000E+02   0.860202E+00  -0.999900E+04  -0.999900E+04   0.171071E+00   0.125000E+01
   0.200000E+01   0.300000E+01   0.120312E+05   0.108000E+05   0.200000E+01   0.300000E+01   0.120312E+05   0.108000E+05   0.143353E+02  -0.999900E+04  -0.999900E+04   0.350000E+02   0.250000E+02   0.143353E+02  -0.999900E+04  -0.999900E+04   0.350000E+02   0.250000E+02   0.142593E+02   0.248130E+02   0.694051E+00   0.339868E+02   0.150000E+02   0.759952E-01  -0.999900E+04  -0.999900E+04   0.101323E+01   0.100000E+02   0.141510E+01  -0.999900E+04  -0.999900E+04   0.126653E+00   0.125000E+01
   0.200000E+01   0.300000E+01   0.122828E+05   0.108000E+05   0.200000E+01   0.300000E+01   0.122828E+05   0.108000E+05   0.145466E+02  -0.999900E+04  -0.999900E+04   0.350000E+02   0.250000E+02   0.145466E+02  -0.999900E+04  -0.999900E+04   0.350000E+02   0.250000E+02   0.144794E+02   0.248130E+02   0.697329E+00   0.341631E+02   0.150000E+02   0.671859E-01  -0.999900E+04  -0.999900E+04   0.836914E+00   0.100000E+02   0.125106E+01  -0.999900E+04  -0.999900E+04   0.104614E+00   0.125000E+01
   0.200000E+01   0.300000E+01   0.125345E+05   0.108000E+05   0.200000E+01   0.300000E+01   0.125345E+05   0.108000E+05   0.147184E+02  -0.999900E+04  -0.999900E+04   0.350000E+02   0.250000E+02   0.147184E+02  -0.999900E+04  -0.999900E+04   0.350000E+02   0.250000E+02   0.147002E+02   0.248130E+02   0.699712E+00   0.343379E+02   0.150000E+02   0.181757E-01  -0.999900E+04  -0.999900E+04   0.662075E+00   0.100000E+02   0.338448E+00  -0.999900E+04  -0.999900E+04   0.827594E-01   0.125000E+01
   0.200000E+01   0.300000E+01   0.127862E+05   0.108000E+05   0.200000E+01   0.300000E+01   0.127862E+05   0.108000E+05   0.148966E+02  -0.999900E+04  -0.999900E+04   0.350000E+02   0.250000E+02   0.148966E+02  -0.999900E+04  -0.999900E+04   0.350000E+02   0.250000E+02   0.149205E+02   0.248130E+02   0.702770E+00   0.346815E+02   0.150000E+02  -0.239040E-01  -0.999900E+04  -0.999900E+04   0.318541E+00   0.100000E+02  -0.445114E+00  -0.999900E+04  -0.999900E+04   0.398175E-01   0.125000E+01
   0.200000E+01   0.300000E+01   0.130379E+05   0.108000E+05   0.200000E+01   0.300000E+01   0.130379E+05   0.108000E+05   0.151120E+02  -0.999900E+04  -0.999900E+04   0.350000E+02   0.250000E+02   0.151120E+02  -0.999900E+04  -0.999900E+04   0.350000E+02   0.250000E+02   0.151407E+02   0.248130E+02   0.705909E+00   0.348493E+02   0.150000E+02  -0.287292E-01  -0.999900E+04  -0.999900E+04   0.150701E+00   0.100000E+02  -0.534965E+00  -0.999900E+04  -0.999900E+04   0.188376E-01   0.125000E+01
   0.200000E+01   0.300000E+01   0.132896E+05   0.108000E+05   0.200000E+01   0.300000E+01   0.132896E+05   0.108000E+05   0.153025E+02  -0.999900E+04  -0.999900E+04   0.350000E+02   0.250000E+02   0.153025E+02  -0.999900E+04  -0.999900E+04   0.350000E+02   0.250000E+02   0.153617E+02   0.248130E+02   0.708143E+00   0.350139E+02   0.150000E+02  -0.591785E-01  -0.999900E+04  -0.999900E+04  -0.139498E-01   0.100000E+02  -0.110196E+01  -0.999900E+04  -0.999900E+04  -0.174373E-02   0.125000E+01
   0.200000E+01   0.300000E+01   0.135413E+05   0.108000E+05   0.200000E+01   0.300000E+01   0.135413E+05   0.108000E+05   0.155827E+02  -0.999900E+04  -0.999900E+04   0.350000E+02   0.250000E+02   0.155827E+02  -0.999900E+04  -0.999900E+04   0.350000E+02   0.250000E+02   0.155822E+02   0.248130E+02   0.710959E+00   0.353320E+02   0.150000E+02   0.429567E-03  -0.999900E+04  -0.999900E+04  -0.331969E+00   0.100000E+02   0.799893E-02  -0.999900E+04  -0.999900E+04  -0.414961E-01   0.125000E+01
   0.200000E+01   0.300000E+01   0.137929E+05   0.108000E+05   0.200000E+01   0.300000E+01   0.137929E+05   0.108000E+05   0.157610E+02  -0.999900E+04  -0.999900E+04   0.350000E+02   0.250000E+02   0.157610E+02  -0.999900E+04  -0.999900E+04   0.350000E+02   0.250000E+02   0.158027E+02   0.248130E+02   0.713833E+00   0.354845E+02   0.150000E+02  -0.417153E-01  -0.999900E+04  -0.999900E+04  -0.484481E+00   0.100000E+02  -0.776778E+00  -0.999900E+04  -0.999900E+04  -0.605600E-01   0.125000E+01
   0.200000E+01   0.300000E+01   0.140446E+05   0.108000E+05   0.200000E+01   0.300000E+01   0.140446E+05   0.108000E+05   0.159899E+02  -0.999900E+04  -0.999900E+04   0.350000E+02   0.250000E+02   0.159899E+02  -0.999900E+04  -0.999900E+04   0.350000E+02   0.250000E+02   0.160239E+02   0.248130E+02   0.715848E+00   0.356321E+02   0.150000E+02  -0.340320E-01  -0.999900E+04  -0.999900E+04  -0.632090E+00   0.100000E+02  -0.633707E+00  -0.999900E+04  -0.999900E+04  -0.790111E-01   0.125000E+01
   0.200000E+01   0.300000E+01   0.142963E+05   0.108000E+05   0.200000E+01   0.300000E+01   0.142963E+05   0.108000E+05   0.162373E+02  -0.999900E+04  -0.999900E+04   0.350000E+02   0.250000E+02   0.162373E+02  -0.999900E+04  -0.999900E+04   0.350000E+02   0.250000E+02   0.162453E+02   0.248130E+02   0.717658E+00   0.357744E+02   0.150000E+02  -0.798956E-02  -0.999900E+04  -0.999900E+04  -0.774367E+00   0.100000E+02  -0.148773E+00  -0.999900E+04  -0.999900E+04  -0.967958E-01   0.125000E+01
   0.200000E+01   0.300000E+01   0.145480E+05   0.108000E+05   0.200000E+01   0.300000E+01   0.145480E+05   0.108000E+05   0.164329E+02  -0.999900E+04  -0.999900E+04   0.350000E+02   0.250000E+02   0.164329E+02  -0.999900E+04  -0.999900E+04   0.350000E+02   0.250000E+02   0.164662E+02   0.248130E+02   0.720035E+00   0.360412E+02   0.150000E+02  -0.333003E-01  -0.999900E+04  -0.999900E+04  -0.104122E+01   0.100000E+02  -0.620083E+00  -0.999900E+04  -0.999900E+04  -0.130152E+00   0.125000E+01
   0.200000E+01   0.300000E+01   0.147997E+05   0.108000E+05   0.200000E+01   0.300000E+01   0.147997E+05   0.108000E+05   0.166631E+02  -0.999900E+04  -0.999900E+04   0.350000E+02   0.250000E+02   0.166631E+02  -0.999900E+04  -0.999900E+04   0.350000E+02   0.250000E+02   0.166872E+02   0.248130E+02   0.722492E+00   0.361649E+02   0.150000E+02  -0.240619E-01  -0.999900E+04  -0.999900E+04  -0.116493E+01   0.100000E+02  -0.448056E+00  -0.999900E+04  -0.999900E+04  -0.145616E+00   0.125000E+01
   0.200000E+01   0.300000E+01   0.150514E+05   0.108000E+05   0.200000E+01   0.300000E+01   0.150514E+05   0.108000E+05   0.169268E+02  -0.999900E+04  -0.999900E+04   0.350000E+02   0.250000E+02   0.169268E+02  -0.999900E+04  -0.999900E+04   0.350000E+02   0.250000E+02   0.169088E+02   0.248130E+02   0.724030E+00   0.362816E+02   0.150000E+02   0.180182E-01  -0.999900E+04  -0.999900E+04  -0.128160E+01   0.100000E+02   0.335516E+00  -0.999900E+04  -0.999900E+04  -0.160200E+00   0.125000E+01
   0.200000E+01   0.300000E+01   0.153031E+05   0.108000E+05   0.200000E+01   0.300000E+01   0.153031E+05   0.108000E+05   0.170955E+02  -0.999900E+04  -0.999900E+04   0.350000E+02   0.250000E+02   0.170955E+02  -0.999900E+04  -0.999900E+04   0.350000E+02   0.250000E+02   0.171301E+02   0.248130E+02   0.725950E+00   0.364921E+02   0.150000E+02  -0.346014E-01  -0.999900E+04  -0.999900E+04  -0.149209E+01   0.100000E+02  -0.644310E+00  -0.999900E+04  -0.999900E+04  -0.186511E+00   0.125000E+01
   0.200000E+01   0.300000E+01   0.155547E+05   0.108000E+05   0.200000E+01   0.300000E+01   0.155547E+05   0.108000E+05   0.173285E+02  -0.999900E+04  -0.999900E+04   0.350000E+02   0.250000E+02   0.173285E+02  -0.999900E+04  -0.999900E+04   0.350000E+02   0.250000E+02   0.173515E+02   0.248130E+02   0.727832E+00   0.365851E+02   0.150000E+02  -0.229585E-01  -0.999900E+04  -0.999900E+04  -0.158505E+01   0.100000E+02  -0.427508E+00  -0.999900E+04  -0.999900E+04  -0.198132E+00   0.125000E+01
   0.200000E+01   0.300000E+01   0.158064E+05   0.108000E+05   0.200000E+01   0.300000E+01   0.158064E+05   0.108000E+05   0.175945E+02  -0.999900E+04  -0.999900E+04   0.350000E+02   0.250000E+02   0.175945E+02  -0.999900E+04  -0.999900E+04   0.350000E+02   0.250000E+02   0.175733E+02   0.248130E+02   0.729045E+00   0.366693E+02   0.150000E+02   0.211795E-01  -0.999900E+04  -0.999900E+04  -0.166926E+01   0.100000E+02   0.394383E+00  -0.999900E+04  -0.999900E+04  -0.208657E+00   0.125000E+01
   0.200000E+01   0.300000E+01   0.160581E+05   0.108000E+05   0.200000E+01   0.300000E+01   0.160581E+05   0.108000E+05   0.177712E+02  -0.999900E+04  -0.999900E+04   0.350000E+02   0.250000E+02   0.177712E+02  -0.999900E+04  -0.999900E+04   0.350000E+02   0.250000E+02   0.177951E+02   0.248130E+02   0.730351E+00   0.368097E+02   0.150000E+02  -0.239128E-01  -0.999900E+04  -0.999900E+04  -0.180969E+01   0.100000E+02  -0.445279E+00  -0.999900E+04  -0.999900E+04  -0.226211E+00   0.125000E+01
   0.200000E+01   0.300000E+01   0.163098E+05   0.108000E+05   0.200000E+01   0.300000E+01   0.163098E+05   0.108000E+05   0.179887E+02  -0.999900E+04  -0.999900E+04   0.350000E+02   0.250000E+02   0.179887E+02  -0.999900E+04  -0.999900E+04   0.350000E+02   0.250000E+02   0.180170E+02   0.248130E+02   0.731571E+00   0.368650E+02   0.150000E+02  -0.282667E-01  -0.999900E+04  -0.999900E+04  -0.186505E+01   0.100000E+02  -0.526353E+00  -0.999900E+04  -0.999900E+04  -0.233131E+00   0.125000E+01
   0.200000E+01   0.300000E+01   0.165615E+05   0.108000E+05   0.200000E+01   0.300000E+01   0.165615E+05   0.108000E+05   0.182318E+02  -0.999900E+04  -0.999900E+04   0.350000E+02   0.250000E+02   0.182318E+02  -0.999900E+04  -0.999900E+04   0.350000E+02   0.250000E+02   0.182393E+02   0.248130E+02   0.732268E+00   0.369099E+02   0.150000E+02  -0.745384E-02  -0.999900E+04  -0.999900E+04  -0.190994E+01   0.100000E+02  -0.138797E+00  -0.999900E+04  -0.999900E+04  -0.238742E+00   0.125000E+01
   0.200000E+01   0.300000E+01   0.168132E+05   0.108000E+05   0.200000E+01   0.300000E+01   0.168132E+05   0.108000E+05   0.184635E+02  -0.999900E+04  -0.999900E+04   0.350000E+02   0.250000E+02   0.184635E+02  -0.999900E+04  -0.999900E+04   0.350000E+02   0.250000E+02   0.184617E+02   0.248130E+02   0.732730E+00   0.369439E+02   0.150000E+02   0.177327E-02  -0.999900E+04  -0.999900E+04  -0.194393E+01   0.100000E+02   0.330200E-01  -0.999900E+04  -0.999900E+04  -0.242991E+00   0.125000E+01
   0.200000E+01   0.300000E+01   0.170648E+05   0.108000E+05   0.200000E+01   0.300000E+01   0.170648E+05   0.108000E+05   0.186547E+02  -0.999900E+04  -0.999900E+04   0.350000E+02   0.250000E+02   0.186547E+02  -0.999900E+04  -0.999900E+04   0.350000E+02   0.250000E+02   0.186842E+02   0.248130E+02   0.733157E+00   0.369775E+02   0.150000E+02  -0.295289E-01  -0.999900E+04  -0.999900E+04  -0.197750E+01   0.100000E+02  -0.549856E+00  -0.999900E+04  -0.999900E+04  -0.247187E+00   0.125000E+01
   0.200000E+01   0.300000E+01   0.173165E+05   0.108000E+05   0.200000E+01   0.300000E+01   0.173165E+05   0.108000E+05   0.188903E+02  -0.999900E+04  -0.999900E+04   0.350000E+02   0.250000E+02   0.188903E+02  -0.999900E+04  -0.999900E+04   0.350000E+02   0.250000E+02   0.189068E+02   0.248130E+02   0.733425E+00   0.369762E+02   0.150000E+02  -0.164759E-01  -0.999900E+04  -0.999900E+04  -0.197622E+01   0.100000E+02  -0.306796E+00  -0.999900E+04  -0.999900E+04  -0.247027E+00   0.125000E+01
   0.200000E+01   0.300000E+01   0.175682E+05   0.108000E+05   0.200000E+01   0.300000E+01   0.175682E+05   0.108000E+05   0.191135E+02  -0.999900E+04  -0.999900E+04   0.350000E+02   0.250000E+02   0.191135E+02  -0.999900E+04  -0.999900E+04   0.350000E+02   0.250000E+02   0.191297E+02   0.248130E+02   0.733363E+00   0.369623E+02   0.150000E+02  -0.161668E-01  -0.999900E+04  -0.999900E+04  -0.196233E+01   0.100000E+02  -0.301041E+00  -0.999900E+04  -0.999900E+04  -0.245291E+00   0.125000E+01
   0.200000E+01   0.300000E+01   0.178199E+05   0.108000E+05   0.200000E+01   0.300000E+01   0.178199E+05   0.108000E+05   0.193153E+02  -0.999900E+04  -0.999900E+04   0.350000E+02   0.250000E+02   0.193153E+02  -0.999900E+04  -0.999900E+04   0.350000E+02   0.250000E+02   0.193528E+02   0.248130E+02   0.732896E+00   0.368950E+02   0.150000E+02  -0.375375E-01  -0.999900E+04  -0.999900E+04  -0.189499E+01   0.100000E+02  -0.698984E+00  -0.999900E+04  -0.999900E+04  -0.236874E+00   0.125000E+01
   0.200000E+01   0.300000E+01   0.180716E+05   0.108000E+05   0.200000E+01   0.300000E+01   0.180716E+05   0.108000E+05   0.195627E+02  -0.999900E+04  -0.999900E+04   0.350000E+02   0.250000E+02   0.195627E+02  -0.999900E+04  -0.999900E+04   0.350000E+02   0.250000E+02   0.195761E+02   0.248130E+02   0.732214E+00   0.368407E+02   0.150000E+02  -0.134600E-01  -0.999900E+04  -0.999900E+04  -0.184069E+01   0.100000E+02  -0.250638E+00  -0.999900E+04  -0.999900E+04  -0.230086E+00   0.125000E+01
   0.200000E+01   0.300000E+01   0.183233E+05   0.108000E+05   0.200000E+01   0.300000E+01   0.183233E+05   0.108000E+05   0.198273E+02  -0.999900E+04  -0.999900E+04   0.350000E+02   0.250000E+02   0.198273E+02  -0.999900E+04  -0.999900E+04   0.350000E+02   0.250000E+02   0.197995E+02   0.248130E+02   0.731500E+00   0.367721E+02   0.150000E+02   0.278152E-01  -0.999900E+04  -0.999900E+04  -0.177206E+01   0.100000E+02   0.517945E+00  -0.999900E+04  -0.999900E+04  -0.221507E+00   0.125000E+01
   0.200000E+01   0.300000E+01   0.185749E+05   0.108000E+05   0.200000E+01   0.300000E+01   0.185749E+05   0.108000E+05   0.200299E+02  -0.999900E+04  -0.999900E+04   0.350000E+02   0.250000E+02   0.200299E+02  -0.999900E+04  -0.999900E+04   0.350000E+02   0.250000E+02   0.200233E+02   0.248130E+02   0.730116E+00   0.365901E+02   0.150000E+02   0.661408E-02  -0.999900E+04  -0.999900E+04  -0.159011E+01   0.100000E+02   0.123160E+00  -0.999900E+04  -0.999900E+04  -0.198763E+00   0.125000E+01
   0.200000E+01   0.300000E+01   0.188266E+05   0.108000E+05   0.200000E+01   0.300000E+01   0.188266E+05   0.108000E+05   0.202123E+02  -0.999900E+04  -0.999900E+04   0.350000E+02   0.250000E+02   0.202123E+02  -0.999900E+04  -0.999900E+04   0.350000E+02   0.250000E+02   0.202474E+02   0.248130E+02   0.728430E+00   0.364759E+02   0.150000E+02  -0.350681E-01  -0.999900E+04  -0.999900E+04  -0.147593E+01   0.100000E+02  -0.653000E+00  -0.999900E+04  -0.999900E+04  -0.184491E+00   0.125000E+01
   0.200000E+01   0.300000E+01   0.190783E+05   0.108000E+05   0.200000E+01   0.300000E+01   0.190783E+05   0.108000E+05   0.204622E+02  -0.999900E+04  -0.999900E+04   0.350000E+02   0.250000E+02   0.204622E+02  -0.999900E+04  -0.999900E+04   0.350000E+02   0.250000E+02   0.204713E+02   0.248130E+02   0.726949E+00   0.363457E+02   0.150000E+02  -0.915878E-02  -0.999900E+04  -0.999900E+04  -0.134571E+01   0.100000E+02  -0.170545E+00  -0.999900E+04  -0.999900E+04  -0.168213E+00   0.125000E+01
