a0_min         a1_min         a2_min         a3_min         a4_min         Y1_intercept   Y2_intercept   Y3_intercept   Y4_intercept   LogPost        LogPrior       LogHyper       LogLkh         Deviance       
   0.102711E+03   0.552711E+01   0.188444E+02   0.936246E+01   0.437925E+01   0.236919E-03   0.491478E-03   0.350004E-03   0.113041E-02   0.187555E+03   0.000000E+00   0.000000E+00   0.187555E+03  -0.375110E+03
   0.103345E+03  -0.434691E+00   0.154111E+02  -0.354038E+01  -0.260584E+01   0.236919E-03   0.491478E-03   0.350004E-03   0.113041E-02   0.184976E+03   0.000000E+00   0.000000E+00   0.184976E+03  -0.369952E+03
   0.103345E+03  -0.434691E+00   0.745578E+01   0.680406E+00  -0.204374E+01   0.236919E-03   0.491478E-03   0.350004E-03   0.245801E-02   0.183468E+03   0.000000E+00   0.000000E+00   0.183468E+03  -0.366936E+03
   0.103345E+03  -0.446760E+00   0.748059E+01  -0.130761E+01  -0.195252E+01   0.236919E-03   0.491478E-03   0.350004E-03   0.136739E-02   0.185123E+03   0.000000E+00   0.000000E+00   0.185123E+03  -0.370246E+03
   0.103345E+03  -0.490605E-01   0.117616E+02  -0.209253E+00   0.361942E+02   0.236919E-03   0.491478E-03   0.609553E-03   0.136739E-02   0.186552E+03   0.000000E+00   0.000000E+00   0.186552E+03  -0.373104E+03
   0.103345E+03  -0.490605E-01   0.123585E+02  -0.125267E+02   0.309589E+02   0.236919E-03   0.913034E-03   0.609553E-03   0.136739E-02   0.183660E+03   0.000000E+00   0.000000E+00   0.183660E+03  -0.367320E+03
   0.103194E+03  -0.490605E-01   0.163109E+02  -0.147532E+02   0.164317E+02   0.236919E-03   0.913034E-03   0.609553E-03   0.136739E-02   0.183241E+03   0.000000E+00   0.000000E+00   0.183241E+03  -0.366482E+03
   0.103194E+03  -0.490605E-01   0.128291E+02  -0.723945E+01   0.164317E+02   0.615582E-03   0.913034E-03   0.115546E-03   0.136739E-02   0.186122E+03   0.000000E+00   0.000000E+00   0.186122E+03  -0.372244E+03
   0.103194E+03  -0.620774E+01   0.128291E+02  -0.549219E+01   0.164317E+02   0.615582E-03   0.913034E-03   0.115546E-03   0.136739E-02   0.185617E+03   0.000000E+00   0.000000E+00   0.185617E+03  -0.371234E+03
   0.102381E+03  -0.472415E+01   0.468434E+01  -0.225330E+01   0.182081E+01   0.615582E-03   0.393879E-03   0.115546E-03   0.136739E-02   0.186820E+03   0.000000E+00   0.000000E+00   0.186820E+03  -0.373640E+03
   0.102381E+03   0.480837E+01   0.468434E+01   0.307274E+01   0.348880E+01   0.615582E-03   0.393879E-03   0.115546E-03   0.136739E-02   0.188207E+03   0.000000E+00   0.000000E+00   0.188207E+03  -0.376414E+03
   0.102381E+03  -0.102551E+00   0.144447E+02   0.206783E+01   0.200882E+02   0.615582E-03   0.393879E-03   0.115546E-03   0.136739E-02   0.190384E+03   0.000000E+00   0.000000E+00   0.190384E+03  -0.380768E+03
   0.102381E+03  -0.102551E+00   0.133478E+02  -0.690268E+01   0.200882E+02   0.315908E-03   0.393879E-03   0.115546E-03   0.136739E-02   0.190239E+03   0.000000E+00   0.000000E+00   0.190239E+03  -0.380478E+03
   0.102479E+03  -0.102551E+00   0.142656E+02   0.347112E+01   0.200882E+02   0.315908E-03   0.393879E-03   0.115546E-03   0.136739E-02   0.191186E+03   0.000000E+00   0.000000E+00   0.191186E+03  -0.382372E+03
   0.102479E+03   0.117032E+01   0.142656E+02  -0.126965E+01   0.200882E+02   0.315908E-03   0.393879E-03   0.115546E-03   0.136739E-02   0.191336E+03   0.000000E+00   0.000000E+00   0.191336E+03  -0.382672E+03
   0.102479E+03   0.117032E+01   0.163377E+02  -0.126965E+01   0.185982E+02   0.315908E-03   0.393879E-03   0.115546E-03   0.136739E-02   0.190749E+03   0.000000E+00   0.000000E+00   0.190749E+03  -0.381498E+03
   0.102479E+03   0.305255E+01   0.138867E+02   0.104270E+02   0.124758E+02   0.326829E-03   0.393879E-03   0.115546E-03   0.136739E-02   0.191582E+03   0.000000E+00   0.000000E+00   0.191582E+03  -0.383164E+03
   0.102479E+03   0.443846E+01   0.130048E+02   0.759049E+01   0.949580E+01   0.326829E-03   0.615545E-04   0.115546E-03   0.136739E-02   0.192696E+03   0.000000E+00   0.000000E+00   0.192696E+03  -0.385392E+03
   0.102479E+03   0.610286E+01   0.130048E+02   0.516518E+01   0.107151E+02   0.377049E-03   0.615545E-04   0.115546E-03   0.136739E-02   0.191647E+03   0.000000E+00   0.000000E+00   0.191647E+03  -0.383294E+03
   0.102479E+03   0.610286E+01   0.130048E+02   0.516518E+01   0.218235E+02   0.377049E-03   0.615545E-04   0.297255E-03   0.187093E-02   0.190060E+03   0.000000E+00   0.000000E+00   0.190060E+03  -0.380120E+03
   0.102479E+03   0.610286E+01   0.852826E+01   0.159348E+02   0.302730E+02   0.377049E-03   0.615545E-04   0.297255E-03   0.187093E-02   0.187505E+03   0.000000E+00   0.000000E+00   0.187505E+03  -0.375010E+03
   0.102479E+03   0.804169E+01   0.852826E+01   0.128383E+02   0.213318E+02   0.377049E-03   0.615545E-04   0.297255E-03   0.187093E-02   0.190446E+03   0.000000E+00   0.000000E+00   0.190446E+03  -0.380892E+03
   0.102479E+03   0.804169E+01   0.121285E+02   0.173982E+02   0.229761E+02   0.377049E-03   0.320344E-03   0.297255E-03   0.187093E-02   0.189742E+03   0.000000E+00   0.000000E+00   0.189742E+03  -0.379484E+03
   0.102479E+03   0.804169E+01   0.121285E+02   0.173982E+02   0.209886E+02   0.377049E-03   0.320344E-03   0.297255E-03   0.128133E-02   0.191352E+03   0.000000E+00   0.000000E+00   0.191352E+03  -0.382704E+03
   0.102479E+03   0.804169E+01   0.150566E+02   0.173982E+02   0.209886E+02   0.377049E-03   0.320344E-03   0.297255E-03   0.128133E-02   0.190976E+03   0.000000E+00   0.000000E+00   0.190976E+03  -0.381952E+03
   0.103328E+03   0.804169E+01   0.173946E+02   0.173982E+02   0.291836E+02   0.212835E-03   0.320344E-03   0.297255E-03   0.128133E-02   0.191315E+03   0.000000E+00   0.000000E+00   0.191315E+03  -0.382630E+03
   0.103328E+03   0.804169E+01   0.118996E+02   0.173982E+02   0.218497E+02   0.185309E-03   0.320344E-03   0.297255E-03   0.128133E-02   0.191813E+03   0.000000E+00   0.000000E+00   0.191813E+03  -0.383626E+03
   0.103328E+03   0.881294E+01   0.168389E+02   0.190694E+02   0.341994E+02   0.185309E-03   0.320344E-03   0.297255E-03   0.128133E-02   0.189588E+03   0.000000E+00   0.000000E+00   0.189588E+03  -0.379176E+03
   0.103328E+03   0.954881E+01   0.168389E+02   0.185360E+02   0.231091E+02   0.185309E-03   0.320344E-03   0.297255E-03   0.128133E-02   0.192126E+03   0.000000E+00   0.000000E+00   0.192126E+03  -0.384252E+03
   0.103328E+03   0.954881E+01   0.168389E+02   0.185360E+02   0.146500E+02   0.185309E-03   0.320344E-03   0.297255E-03   0.128133E-02   0.191688E+03   0.000000E+00   0.000000E+00   0.191688E+03  -0.383376E+03
   0.103328E+03   0.954881E+01   0.194644E+02   0.190217E+02   0.178524E+02   0.185309E-03   0.320344E-03   0.297255E-03   0.128133E-02   0.191512E+03   0.000000E+00   0.000000E+00   0.191512E+03  -0.383024E+03
   0.103328E+03   0.960659E+01   0.194644E+02   0.128884E+02   0.178524E+02   0.185309E-03   0.320344E-03   0.297255E-03   0.125478E-02   0.190909E+03   0.000000E+00   0.000000E+00   0.190909E+03  -0.381818E+03
   0.103328E+03   0.960659E+01   0.194644E+02   0.132846E+02   0.191926E+02   0.185309E-03   0.320344E-03   0.297255E-03   0.125478E-02   0.191124E+03   0.000000E+00   0.000000E+00   0.191124E+03  -0.382248E+03
   0.103711E+03   0.960659E+01   0.180873E+02   0.172332E+02   0.123559E+02   0.185309E-03   0.320344E-03   0.293808E-03   0.125478E-02   0.190860E+03   0.000000E+00   0.000000E+00   0.190860E+03  -0.381720E+03
   0.103711E+03   0.873657E+01   0.131212E+02   0.207859E+02   0.123559E+02   0.185309E-03   0.320344E-03   0.293808E-03   0.125478E-02   0.190521E+03   0.000000E+00   0.000000E+00   0.190521E+03  -0.381042E+03
   0.102913E+03   0.837203E+01   0.120337E+02   0.207859E+02   0.123559E+02   0.185309E-03   0.320344E-03   0.293808E-03   0.125478E-02   0.191571E+03   0.000000E+00   0.000000E+00   0.191571E+03  -0.383142E+03
   0.102913E+03   0.837203E+01   0.172270E+02   0.185030E+02   0.178373E+02   0.185309E-03   0.320344E-03   0.293808E-03   0.125478E-02   0.191659E+03   0.000000E+00   0.000000E+00   0.191659E+03  -0.383318E+03
   0.102913E+03   0.837203E+01   0.166141E+02   0.149257E+02   0.156748E+02   0.185309E-03   0.320344E-03   0.293808E-03   0.108853E-02   0.191894E+03   0.000000E+00   0.000000E+00   0.191894E+03  -0.383788E+03
   0.102613E+03   0.626738E+01   0.125658E+02   0.114913E+02   0.304424E+02   0.185309E-03   0.320344E-03   0.293808E-03   0.108853E-02   0.190389E+03   0.000000E+00   0.000000E+00   0.190389E+03  -0.380778E+03
   0.102613E+03   0.626738E+01   0.115620E+02   0.988538E+01   0.220393E+02   0.185309E-03   0.320344E-03   0.293808E-03   0.108853E-02   0.192028E+03   0.000000E+00   0.000000E+00   0.192028E+03  -0.384056E+03
   0.101481E+03   0.626738E+01   0.118491E+02   0.107176E+02   0.142272E+02   0.185309E-03   0.320344E-03   0.171590E-03   0.108853E-02   0.191733E+03   0.000000E+00   0.000000E+00   0.191733E+03  -0.383466E+03
   0.101481E+03   0.611094E+01   0.111014E+02   0.107176E+02   0.142272E+02   0.185309E-03   0.320344E-03   0.171590E-03   0.108853E-02   0.191992E+03   0.000000E+00   0.000000E+00   0.191992E+03  -0.383984E+03
   0.101618E+03   0.379212E+01   0.111014E+02   0.111953E+02   0.197525E+02   0.185309E-03   0.320344E-03   0.171590E-03   0.108853E-02   0.191358E+03   0.000000E+00   0.000000E+00   0.191358E+03  -0.382716E+03
   0.101744E+03   0.374544E+00   0.111014E+02   0.111953E+02   0.162018E+02   0.185309E-03   0.320344E-03   0.171590E-03   0.108853E-02   0.189219E+03   0.000000E+00   0.000000E+00   0.189219E+03  -0.378438E+03
   0.101744E+03  -0.487667E+00   0.678224E+01   0.663944E+01   0.213364E+02   0.185309E-03   0.320344E-03   0.171590E-03   0.864988E-03   0.189475E+03   0.000000E+00   0.000000E+00   0.189475E+03  -0.378950E+03
   0.101744E+03  -0.107670E+01   0.678224E+01   0.663944E+01   0.134550E+02   0.185309E-03   0.320344E-03   0.171590E-03   0.145586E-02   0.190157E+03   0.000000E+00   0.000000E+00   0.190157E+03  -0.380314E+03
   0.101744E+03   0.424490E+01   0.678224E+01   0.947040E+01   0.260437E+02   0.185309E-03   0.320344E-03   0.171590E-03   0.145586E-02   0.189808E+03   0.000000E+00   0.000000E+00   0.189808E+03  -0.379616E+03
   0.101744E+03   0.163776E+00   0.678224E+01   0.947040E+01   0.251687E+02   0.185309E-03   0.320344E-03   0.171590E-03   0.145586E-02   0.187636E+03   0.000000E+00   0.000000E+00   0.187636E+03  -0.375272E+03
   0.101744E+03   0.471046E+01   0.678224E+01   0.101273E+02   0.112300E+02   0.185309E-03   0.320344E-03   0.459489E-04   0.145586E-02   0.192873E+03   0.000000E+00   0.000000E+00   0.192873E+03  -0.385746E+03
   0.101744E+03   0.471046E+01   0.678224E+01   0.142943E+02   0.264272E+02   0.185309E-03   0.320344E-03   0.459489E-04   0.145586E-02   0.188932E+03   0.000000E+00   0.000000E+00   0.188932E+03  -0.377864E+03
   0.101744E+03   0.471046E+01   0.678224E+01   0.142943E+02   0.264272E+02   0.185309E-03   0.506549E-03   0.459489E-04   0.100391E-02   0.189223E+03   0.000000E+00   0.000000E+00   0.189223E+03  -0.378446E+03
   0.101744E+03   0.504098E+01   0.701467E+01   0.125621E+02   0.286694E+02   0.185309E-03   0.506549E-03   0.618586E-04   0.100878E-02   0.188607E+03   0.000000E+00   0.000000E+00   0.188607E+03  -0.377214E+03
   0.101744E+03   0.504098E+01   0.701467E+01   0.125621E+02   0.226245E+02   0.185309E-03   0.506549E-03   0.618586E-04   0.100878E-02   0.190813E+03   0.000000E+00   0.000000E+00   0.190813E+03  -0.381626E+03
   0.100928E+03   0.504098E+01   0.701467E+01   0.178434E+02   0.194505E+02   0.185309E-03   0.598303E-03   0.618586E-04   0.366793E-02   0.181913E+03   0.000000E+00   0.000000E+00   0.181913E+03  -0.363826E+03
   0.100928E+03   0.504098E+01  -0.110082E+01   0.164395E+02   0.194505E+02   0.185309E-03   0.598303E-03   0.618586E-04   0.366793E-02   0.181322E+03   0.000000E+00   0.000000E+00   0.181322E+03  -0.362644E+03
   0.100928E+03   0.471986E+01  -0.289932E+01   0.180390E+02   0.171194E+02   0.185309E-03   0.225960E-04   0.618586E-04   0.366793E-02   0.180994E+03   0.000000E+00   0.000000E+00   0.180994E+03  -0.361988E+03
   0.100928E+03   0.471986E+01   0.774389E+01   0.146097E+02   0.230526E+01   0.185309E-03   0.225960E-04   0.618586E-04   0.104076E-02   0.191040E+03   0.000000E+00   0.000000E+00   0.191040E+03  -0.382080E+03
   0.100928E+03   0.471986E+01   0.158762E+01   0.421733E+01   0.230526E+01   0.185309E-03   0.225960E-04   0.618586E-04   0.104076E-02   0.192729E+03   0.000000E+00   0.000000E+00   0.192729E+03  -0.385458E+03
   0.100928E+03   0.471986E+01   0.153078E+01   0.421733E+01   0.900846E+01   0.185309E-03   0.225960E-04   0.156055E-03   0.104076E-02   0.192368E+03   0.000000E+00   0.000000E+00   0.192368E+03  -0.384736E+03
   0.100928E+03   0.137330E+01   0.221243E+01   0.732218E+01   0.558762E+01   0.902158E-04   0.225960E-04   0.156055E-03   0.104076E-02   0.192661E+03   0.000000E+00   0.000000E+00   0.192661E+03  -0.385322E+03
   0.100928E+03   0.137330E+01   0.272693E+01   0.732218E+01   0.100869E+02   0.902158E-04   0.225960E-04   0.156055E-03   0.104076E-02   0.192383E+03   0.000000E+00   0.000000E+00   0.192383E+03  -0.384766E+03
   0.100928E+03   0.137330E+01   0.272693E+01   0.747379E+01   0.108861E+02   0.902158E-04   0.225960E-04   0.156055E-03   0.104076E-02   0.192239E+03   0.000000E+00   0.000000E+00   0.192239E+03  -0.384478E+03
   0.100928E+03   0.137330E+01   0.272693E+01   0.818092E+00   0.108861E+02   0.902158E-04   0.263258E-04   0.156055E-03   0.104076E-02   0.193043E+03   0.000000E+00   0.000000E+00   0.193043E+03  -0.386086E+03
   0.100928E+03   0.102719E+01   0.272693E+01  -0.790390E+00   0.175951E+01   0.902158E-04   0.263258E-04   0.156055E-03   0.104076E-02   0.193206E+03   0.000000E+00   0.000000E+00   0.193206E+03  -0.386412E+03
   0.100928E+03   0.102719E+01  -0.811723E+00  -0.154763E+01   0.297311E+01   0.222813E-03   0.263258E-04   0.156055E-03   0.104076E-02   0.193005E+03   0.000000E+00   0.000000E+00   0.193005E+03  -0.386010E+03
   0.100928E+03   0.102719E+01   0.664418E+01   0.388231E+01   0.136746E+02   0.222813E-03   0.263258E-04   0.156055E-03   0.104076E-02   0.191751E+03   0.000000E+00   0.000000E+00   0.191751E+03  -0.383502E+03
   0.100928E+03   0.182177E+01   0.664418E+01   0.416834E+01  -0.412653E+01   0.222813E-03   0.263258E-04   0.156055E-03   0.104076E-02   0.190850E+03   0.000000E+00   0.000000E+00   0.190850E+03  -0.381700E+03
   0.100928E+03   0.182177E+01   0.492886E+00   0.416834E+01   0.124445E+02   0.222813E-03   0.263258E-04   0.156055E-03   0.124736E-02   0.192360E+03   0.000000E+00   0.000000E+00   0.192360E+03  -0.384720E+03
   0.100928E+03   0.182177E+01   0.286960E+01  -0.401181E+01   0.363260E+01   0.222813E-03   0.263258E-04   0.156055E-03   0.124736E-02   0.192597E+03   0.000000E+00   0.000000E+00   0.192597E+03  -0.385194E+03
   0.100928E+03  -0.713416E+00   0.221979E+01  -0.684233E+01   0.194706E+01   0.222813E-03   0.263258E-04   0.156055E-03   0.124736E-02   0.192467E+03   0.000000E+00   0.000000E+00   0.192467E+03  -0.384934E+03
   0.100652E+03  -0.713416E+00  -0.226685E+01  -0.415399E+01   0.542123E+01   0.222813E-03   0.263258E-04   0.156055E-03   0.124736E-02   0.192312E+03   0.000000E+00   0.000000E+00   0.192312E+03  -0.384624E+03
   0.102013E+03  -0.713416E+00   0.515921E+01   0.187810E+00   0.542123E+01   0.222813E-03   0.263258E-04   0.156055E-03   0.124736E-02   0.192209E+03   0.000000E+00   0.000000E+00   0.192209E+03  -0.384418E+03
   0.102013E+03  -0.713416E+00   0.515921E+01  -0.320756E+01  -0.327416E+01   0.222813E-03   0.263258E-04   0.156055E-03   0.200570E-02   0.190090E+03   0.000000E+00   0.000000E+00   0.190090E+03  -0.380180E+03
   0.102013E+03  -0.713416E+00   0.667839E+01  -0.320756E+01   0.157100E+02   0.222813E-03   0.263258E-04   0.156055E-03   0.200570E-02   0.191469E+03   0.000000E+00   0.000000E+00   0.191469E+03  -0.382938E+03
   0.102013E+03  -0.713416E+00   0.651738E+00  -0.320756E+01   0.481470E+01   0.222813E-03   0.263258E-04   0.156055E-03   0.219043E-02   0.190383E+03   0.000000E+00   0.000000E+00   0.190383E+03  -0.380766E+03
   0.102013E+03  -0.713416E+00   0.343810E+01  -0.320756E+01   0.190788E+02   0.639209E-03   0.263258E-04   0.156055E-03   0.847032E-03   0.189703E+03   0.000000E+00   0.000000E+00   0.189703E+03  -0.379406E+03
   0.102013E+03  -0.713416E+00   0.917999E+01   0.346413E+01   0.190788E+02   0.678926E-04   0.263258E-04   0.156055E-03   0.847032E-03   0.191184E+03   0.000000E+00   0.000000E+00   0.191184E+03  -0.382368E+03
   0.102013E+03   0.404507E+01   0.729430E+01   0.558158E+01   0.832041E+01   0.678926E-04   0.263258E-04   0.156055E-03   0.847032E-03   0.192597E+03   0.000000E+00   0.000000E+00   0.192597E+03  -0.385194E+03
   0.102013E+03   0.404507E+01   0.120751E+02   0.558158E+01   0.222175E+02   0.168853E-03   0.263258E-04   0.156055E-03   0.847032E-03   0.192087E+03   0.000000E+00   0.000000E+00   0.192087E+03  -0.384174E+03
   0.102013E+03   0.404507E+01   0.122915E+02   0.558158E+01   0.194020E+02   0.168853E-03   0.263258E-04   0.156055E-03   0.847032E-03   0.192534E+03   0.000000E+00   0.000000E+00   0.192534E+03  -0.385068E+03
   0.102580E+03   0.404507E+01   0.624634E+01   0.124761E+02   0.995377E+01   0.168853E-03   0.263258E-04   0.156055E-03   0.847032E-03   0.190960E+03   0.000000E+00   0.000000E+00   0.190960E+03  -0.381920E+03
   0.102580E+03   0.404507E+01   0.874487E+01   0.143965E+02   0.167261E+02   0.168853E-03   0.263258E-04   0.156055E-03   0.847032E-03   0.191976E+03   0.000000E+00   0.000000E+00   0.191976E+03  -0.383952E+03
   0.102580E+03   0.404507E+01   0.147407E+02   0.630519E+01   0.305743E+01   0.168853E-03   0.263258E-04   0.156055E-03   0.847032E-03   0.189771E+03   0.000000E+00   0.000000E+00   0.189771E+03  -0.379542E+03
   0.101920E+03   0.326717E+01   0.687576E+01   0.283036E+01   0.659841E+00   0.168853E-03   0.263258E-04   0.246387E-03   0.847032E-03   0.190987E+03   0.000000E+00   0.000000E+00   0.190987E+03  -0.381974E+03
   0.101920E+03   0.326717E+01   0.864474E+01   0.861798E+00   0.697508E+01   0.168853E-03   0.263258E-04   0.246387E-03   0.931301E-03   0.192057E+03   0.000000E+00   0.000000E+00   0.192057E+03  -0.384114E+03
   0.101920E+03   0.326717E+01   0.111175E+02   0.861798E+00   0.500425E+01   0.168853E-03   0.263258E-04   0.246387E-03   0.118003E-02   0.191545E+03   0.000000E+00   0.000000E+00   0.191545E+03  -0.383090E+03
   0.102563E+03   0.205831E+01   0.772125E+01   0.398680E+01   0.500425E+01   0.168853E-03   0.245181E-03   0.246387E-03   0.118003E-02   0.190987E+03   0.000000E+00   0.000000E+00   0.190987E+03  -0.381974E+03
   0.101516E+03   0.466633E+01   0.751142E+01   0.437066E+01   0.124104E+02   0.168853E-03   0.245181E-03   0.246387E-03   0.118003E-02   0.192384E+03   0.000000E+00   0.000000E+00   0.192384E+03  -0.384768E+03
   0.101516E+03  -0.199090E+01   0.580893E+01   0.280870E+00   0.124104E+02   0.168853E-03   0.245181E-03   0.807225E-03   0.118003E-02   0.186650E+03   0.000000E+00   0.000000E+00   0.186650E+03  -0.373300E+03
   0.100689E+03   0.383561E+01   0.175019E+01   0.487872E+01  -0.540845E+00   0.168853E-03   0.245181E-03   0.807225E-03   0.176098E-02   0.187787E+03   0.000000E+00   0.000000E+00   0.187787E+03  -0.375574E+03
   0.100689E+03   0.383561E+01   0.127437E+01  -0.120632E+02  -0.103782E+02   0.168853E-03   0.245181E-03   0.807225E-03   0.176098E-02   0.184113E+03   0.000000E+00   0.000000E+00   0.184113E+03  -0.368226E+03
   0.100847E+03   0.383561E+01   0.127437E+01  -0.653621E+01  -0.442977E+01   0.168853E-03   0.245181E-03   0.807225E-03   0.176098E-02   0.186694E+03   0.000000E+00   0.000000E+00   0.186694E+03  -0.373388E+03
   0.100300E+03   0.383561E+01  -0.234140E+01  -0.653621E+01  -0.300533E+01   0.168853E-03   0.500859E-03   0.807225E-03   0.176098E-02   0.185683E+03   0.000000E+00   0.000000E+00   0.185683E+03  -0.371366E+03
   0.100300E+03   0.383561E+01  -0.296953E+01   0.117025E+02  -0.159236E+02   0.314615E-04   0.104118E-02   0.807225E-03   0.107464E-02   0.182319E+03   0.000000E+00   0.000000E+00   0.182319E+03  -0.364638E+03
   0.101239E+03   0.571064E+01   0.309037E+01   0.191283E+01  -0.868426E+01   0.262699E-04   0.104118E-02   0.258620E-03   0.126323E-02   0.185333E+03   0.000000E+00   0.000000E+00   0.185333E+03  -0.370666E+03
   0.101239E+03  -0.110160E+01   0.186470E+01   0.191283E+01  -0.868426E+01   0.262699E-04   0.152389E-02   0.258620E-03   0.126323E-02   0.184260E+03   0.000000E+00   0.000000E+00   0.184260E+03  -0.368520E+03
   0.101239E+03  -0.350291E+01  -0.299081E+01  -0.105534E+02  -0.619608E+01   0.966599E-04   0.152389E-02   0.258620E-03   0.126323E-02   0.184568E+03   0.000000E+00   0.000000E+00   0.184568E+03  -0.369136E+03
   0.101239E+03  -0.350291E+01  -0.520870E+00  -0.122062E+02   0.968016E+01   0.966599E-04   0.152389E-02   0.258620E-03   0.144241E-02   0.184818E+03   0.000000E+00   0.000000E+00   0.184818E+03  -0.369636E+03
   0.101239E+03  -0.161205E+01   0.611358E+01  -0.777705E+01  -0.115142E+02   0.151019E-02   0.152649E-02   0.258620E-03   0.144241E-02   0.179468E+03   0.000000E+00   0.000000E+00   0.179468E+03  -0.358936E+03
   0.101239E+03  -0.161205E+01  -0.579333E+01  -0.184189E+02  -0.139450E+02   0.151019E-02   0.152649E-02   0.258620E-03   0.144241E-02   0.180118E+03   0.000000E+00   0.000000E+00   0.180118E+03  -0.360236E+03
   0.100791E+03  -0.161205E+01  -0.837991E+01  -0.200828E+02  -0.136296E+02   0.151019E-02   0.152649E-02   0.258620E-03   0.109143E-02   0.180082E+03   0.000000E+00   0.000000E+00   0.180082E+03  -0.360164E+03
   0.100791E+03   0.593145E+00  -0.160338E+02  -0.178817E+02  -0.136296E+02   0.151019E-02   0.194677E-02   0.258620E-03   0.109143E-02   0.177023E+03   0.000000E+00   0.000000E+00   0.177023E+03  -0.354046E+03
   0.100791E+03  -0.186116E+01  -0.330849E+00  -0.123470E+01  -0.106387E+02   0.151019E-02   0.116953E-02   0.258620E-03   0.109143E-02   0.182102E+03   0.000000E+00   0.000000E+00   0.182102E+03  -0.364204E+03
   0.100791E+03   0.912501E+00  -0.330849E+00  -0.123470E+01  -0.112147E+02   0.151019E-02   0.980747E-03   0.258620E-03   0.805896E-03   0.181905E+03   0.000000E+00   0.000000E+00   0.181905E+03  -0.363810E+03
   0.100791E+03   0.912501E+00  -0.694416E+01  -0.136498E+02  -0.233018E+02   0.151019E-02   0.980747E-03   0.258620E-03   0.805896E-03   0.181299E+03   0.000000E+00   0.000000E+00   0.181299E+03  -0.362598E+03
   0.100791E+03  -0.162698E+00  -0.694416E+01  -0.136498E+02  -0.559688E+01   0.151019E-02   0.980747E-03   0.258620E-03   0.805896E-03   0.181277E+03   0.000000E+00   0.000000E+00   0.181277E+03  -0.362554E+03
   0.999133E+02  -0.162698E+00  -0.694416E+01  -0.144035E+02  -0.442354E+01   0.805187E-03   0.980747E-03   0.258620E-03   0.805896E-03   0.184166E+03   0.000000E+00   0.000000E+00   0.184166E+03  -0.368332E+03
   0.100646E+03  -0.162698E+00  -0.302144E+01  -0.144035E+02  -0.190097E+02   0.805187E-03   0.980747E-03   0.258620E-03   0.805896E-03   0.183790E+03   0.000000E+00   0.000000E+00   0.183790E+03  -0.367580E+03
   0.100646E+03  -0.162698E+00  -0.909946E+01  -0.821230E+01  -0.303867E+01   0.805187E-03   0.192071E-03   0.258620E-03   0.805896E-03   0.187497E+03   0.000000E+00   0.000000E+00   0.187497E+03  -0.374994E+03
   0.100646E+03  -0.162698E+00  -0.910566E+01  -0.821230E+01  -0.155156E+02   0.585023E-03   0.494389E-03   0.258620E-03   0.805896E-03   0.187182E+03   0.000000E+00   0.000000E+00   0.187182E+03  -0.374364E+03
   0.100646E+03  -0.162698E+00  -0.125698E+02  -0.153084E+02  -0.119423E+02   0.585023E-03   0.494389E-03   0.258620E-03   0.805896E-03   0.186038E+03   0.000000E+00   0.000000E+00   0.186038E+03  -0.372076E+03
   0.100646E+03  -0.859371E+00  -0.125698E+02  -0.153084E+02  -0.207030E+02   0.585023E-03   0.494389E-03   0.258620E-03   0.805896E-03   0.183747E+03   0.000000E+00   0.000000E+00   0.183747E+03  -0.367494E+03
   0.100646E+03  -0.859371E+00   0.245826E+01  -0.100494E+02  -0.468554E+00   0.585023E-03   0.494389E-03   0.258620E-03   0.805896E-03   0.188176E+03   0.000000E+00   0.000000E+00   0.188176E+03  -0.376352E+03
   0.100646E+03  -0.859371E+00  -0.447671E+01  -0.100494E+02   0.107254E+02   0.585023E-03   0.494389E-03   0.258620E-03   0.805896E-03   0.186901E+03   0.000000E+00   0.000000E+00   0.186901E+03  -0.373802E+03
   0.100340E+03  -0.859371E+00  -0.674312E+01  -0.579357E+01   0.107254E+02   0.585023E-03   0.494389E-03   0.258620E-03   0.805896E-03   0.186524E+03   0.000000E+00   0.000000E+00   0.186524E+03  -0.373048E+03
   0.100340E+03  -0.947119E+00   0.324305E+00  -0.579357E+01   0.101584E+02   0.585023E-03   0.494389E-03   0.266452E-04   0.805896E-03   0.189037E+03   0.000000E+00   0.000000E+00   0.189037E+03  -0.378074E+03
   0.100340E+03   0.173510E+01  -0.205025E+01   0.230914E+01   0.101976E+01   0.342559E-03   0.494389E-03   0.266452E-04   0.805896E-03   0.190358E+03   0.000000E+00   0.000000E+00   0.190358E+03  -0.380716E+03
   0.100340E+03   0.173510E+01  -0.205025E+01   0.230914E+01  -0.270562E+02   0.966393E-03   0.494389E-03   0.266452E-04   0.805896E-03   0.182615E+03   0.000000E+00   0.000000E+00   0.182615E+03  -0.365230E+03
   0.100340E+03  -0.531006E+00  -0.922100E+01  -0.220688E+01  -0.699230E+01   0.966393E-03   0.369194E-03   0.357008E-04   0.133656E-02   0.188032E+03   0.000000E+00   0.000000E+00   0.188032E+03  -0.376064E+03
   0.100340E+03  -0.531006E+00  -0.511614E+01  -0.220688E+01  -0.699230E+01   0.966393E-03   0.369194E-03   0.357008E-04   0.133656E-02   0.189103E+03   0.000000E+00   0.000000E+00   0.189103E+03  -0.378206E+03
   0.101203E+03   0.102697E+01  -0.125543E+02  -0.220688E+01  -0.112345E+02   0.966393E-03   0.369194E-03   0.236918E-03   0.133656E-02   0.185360E+03   0.000000E+00   0.000000E+00   0.185360E+03  -0.370720E+03
   0.996521E+02   0.319869E+01  -0.888418E+00  -0.806441E+01  -0.209264E+01   0.966393E-03   0.369194E-03   0.236918E-03   0.133656E-02   0.185121E+03   0.000000E+00   0.000000E+00   0.185121E+03  -0.370242E+03
   0.996521E+02   0.319869E+01   0.430691E+00   0.662603E+00   0.668719E+01   0.966393E-03   0.369194E-03   0.236918E-03   0.133656E-02   0.186633E+03   0.000000E+00   0.000000E+00   0.186633E+03  -0.373266E+03
   0.996521E+02   0.319869E+01   0.430691E+00   0.192718E+01   0.832565E+01   0.966393E-03   0.369194E-03   0.259513E-03   0.868114E-03   0.186657E+03   0.000000E+00   0.000000E+00   0.186657E+03  -0.373314E+03
   0.100745E+03  -0.246013E+01   0.611673E+01   0.192718E+01   0.561529E+00   0.966393E-03   0.369194E-03   0.259513E-03   0.868114E-03   0.186267E+03   0.000000E+00   0.000000E+00   0.186267E+03  -0.372534E+03
   0.100745E+03   0.608163E-01   0.611673E+01   0.192718E+01   0.138340E+02   0.104104E-02   0.369194E-03   0.259513E-03   0.868114E-03   0.187697E+03   0.000000E+00   0.000000E+00   0.187697E+03  -0.375394E+03
   0.100745E+03   0.883108E+00   0.611673E+01   0.793870E+01   0.138340E+02   0.127491E-02   0.369194E-03   0.259513E-03   0.203736E-02   0.184405E+03   0.000000E+00   0.000000E+00   0.184405E+03  -0.368810E+03
   0.101462E+03   0.883108E+00   0.100876E+02  -0.749360E+01   0.161174E+02   0.127491E-02   0.369194E-03   0.259513E-03   0.203736E-02   0.183953E+03   0.000000E+00   0.000000E+00   0.183953E+03  -0.367906E+03
   0.101462E+03  -0.923308E+00  -0.421521E+01  -0.166697E+01   0.451885E+01   0.157409E-02   0.369194E-03   0.259513E-03   0.203736E-02   0.184250E+03   0.000000E+00   0.000000E+00   0.184250E+03  -0.368500E+03
   0.101462E+03  -0.923308E+00   0.360914E+01   0.180807E+01  -0.490317E+01   0.157409E-02   0.369194E-03   0.259513E-03   0.203736E-02   0.184407E+03   0.000000E+00   0.000000E+00   0.184407E+03  -0.368814E+03
   0.101462E+03   0.332711E+01   0.334968E+01   0.146524E+02  -0.308625E+01   0.157409E-02   0.369194E-03   0.632573E-03   0.975717E-03   0.182940E+03   0.000000E+00   0.000000E+00   0.182940E+03  -0.365880E+03
   0.101251E+03   0.325371E+01   0.911507E+01   0.585455E+01  -0.308625E+01   0.157409E-02   0.369194E-03   0.632573E-03   0.127776E-02   0.183017E+03   0.000000E+00   0.000000E+00   0.183017E+03  -0.366034E+03
   0.101251E+03   0.723572E+01  -0.154147E+00   0.128671E+02  -0.172633E+01   0.157409E-02   0.369194E-03   0.632573E-03   0.127776E-02   0.183155E+03   0.000000E+00   0.000000E+00   0.183155E+03  -0.366310E+03
   0.102664E+03   0.723572E+01   0.327468E+00   0.883475E+01  -0.923081E+01   0.121879E-02   0.369194E-03   0.632573E-03   0.127776E-02   0.181316E+03   0.000000E+00   0.000000E+00   0.181316E+03  -0.362632E+03
   0.100013E+03   0.860828E+01   0.465449E+01   0.670241E+01   0.673730E+01   0.115279E-02   0.369194E-03   0.632573E-03   0.127776E-02   0.182637E+03   0.000000E+00   0.000000E+00   0.182637E+03  -0.365274E+03
   0.101620E+03   0.719614E+01   0.465449E+01   0.670241E+01   0.513766E+01   0.115279E-02   0.369194E-03   0.632573E-03   0.127776E-02   0.185423E+03   0.000000E+00   0.000000E+00   0.185423E+03  -0.370846E+03
   0.101620E+03   0.719614E+01   0.511978E+01   0.165454E+02   0.371958E+01   0.115279E-02   0.369194E-03   0.632573E-03   0.100646E-02   0.185542E+03   0.000000E+00   0.000000E+00   0.185542E+03  -0.371084E+03
   0.101620E+03   0.719614E+01   0.109832E+02   0.165454E+02   0.606235E+01   0.115279E-02   0.369194E-03   0.632573E-03   0.100646E-02   0.185445E+03   0.000000E+00   0.000000E+00   0.185445E+03  -0.370890E+03
   0.101620E+03   0.719614E+01   0.109832E+02   0.165454E+02   0.606235E+01   0.115279E-02   0.369194E-03   0.632573E-03   0.100646E-02   0.185445E+03   0.000000E+00   0.000000E+00   0.185445E+03  -0.370890E+03
   0.101620E+03   0.719614E+01   0.109832E+02   0.402796E+01   0.606235E+01   0.115279E-02   0.369194E-03   0.632573E-03   0.144136E-02   0.184341E+03   0.000000E+00   0.000000E+00   0.184341E+03  -0.368682E+03
   0.101620E+03  -0.758016E+00  -0.270115E+01  -0.156421E+02  -0.842793E+00   0.802351E-03   0.175666E-03   0.632573E-03   0.144136E-02   0.186985E+03   0.000000E+00   0.000000E+00   0.186985E+03  -0.373970E+03
   0.101620E+03  -0.758016E+00  -0.145482E+01  -0.156421E+02   0.102378E+02   0.802351E-03   0.175666E-03   0.809830E-03   0.144136E-02   0.185128E+03   0.000000E+00   0.000000E+00   0.185128E+03  -0.370256E+03
   0.101620E+03  -0.758016E+00  -0.145482E+01   0.307018E+01   0.144382E+02   0.802351E-03   0.175666E-03   0.809830E-03   0.144136E-02   0.184846E+03   0.000000E+00   0.000000E+00   0.184846E+03  -0.369692E+03
   0.101620E+03   0.516156E+01   0.123231E+02   0.501383E+01   0.153755E+02   0.802351E-03   0.175666E-03   0.809830E-03   0.144136E-02   0.185668E+03   0.000000E+00   0.000000E+00   0.185668E+03  -0.371336E+03
   0.101620E+03   0.516156E+01   0.133838E+02   0.991090E+01   0.130369E+01   0.802351E-03   0.175666E-03   0.809830E-03   0.119940E-02   0.184466E+03   0.000000E+00   0.000000E+00   0.184466E+03  -0.368932E+03
   0.101620E+03   0.516156E+01   0.535741E+01   0.991090E+01   0.392713E+01   0.743355E-03   0.175666E-03   0.809830E-03   0.119940E-02   0.187516E+03   0.000000E+00   0.000000E+00   0.187516E+03  -0.375032E+03
   0.101894E+03   0.516156E+01   0.681491E+01   0.206125E+02   0.392713E+01   0.743355E-03   0.175666E-03   0.809830E-03   0.119940E-02   0.185429E+03   0.000000E+00   0.000000E+00   0.185429E+03  -0.370858E+03
   0.102126E+03   0.516156E+01   0.681491E+01  -0.432267E+01   0.419151E+01   0.319145E-03   0.175666E-03   0.263104E-03   0.119940E-02   0.188478E+03   0.000000E+00   0.000000E+00   0.188478E+03  -0.376956E+03
   0.102126E+03   0.255912E+01   0.681491E+01   0.115405E+01   0.631369E+01   0.319145E-03   0.175666E-03   0.263104E-03   0.119940E-02   0.191904E+03   0.000000E+00   0.000000E+00   0.191904E+03  -0.383808E+03
   0.102126E+03   0.255912E+01   0.681491E+01   0.124325E+01   0.976828E+01   0.319145E-03   0.175666E-03   0.166525E-03   0.152255E-02   0.192360E+03   0.000000E+00   0.000000E+00   0.192360E+03  -0.384720E+03
   0.102126E+03   0.255912E+01   0.441645E+01  -0.243191E+01   0.107374E+02   0.319145E-03   0.175666E-03   0.166525E-03   0.152255E-02   0.191360E+03   0.000000E+00   0.000000E+00   0.191360E+03  -0.382720E+03
   0.102126E+03  -0.161114E+01   0.441645E+01   0.693227E+00   0.107374E+02   0.319145E-03   0.175666E-03   0.166525E-03   0.152255E-02   0.191045E+03   0.000000E+00   0.000000E+00   0.191045E+03  -0.382090E+03
   0.102126E+03   0.143499E+00   0.442741E+01   0.521999E+00   0.222626E+02   0.319145E-03   0.175666E-03   0.166525E-03   0.119618E-02   0.191295E+03   0.000000E+00   0.000000E+00   0.191295E+03  -0.382590E+03
   0.100546E+03   0.143499E+00  -0.882315E+00  -0.926591E+01   0.819569E+01   0.858015E-03   0.175666E-03   0.166525E-03   0.119618E-02   0.188765E+03   0.000000E+00   0.000000E+00   0.188765E+03  -0.377530E+03
   0.100546E+03   0.143499E+00  -0.546634E+01  -0.926591E+01   0.895945E+01   0.858015E-03   0.175666E-03   0.166525E-03   0.100845E-02   0.187672E+03   0.000000E+00   0.000000E+00   0.187672E+03  -0.375344E+03
   0.100546E+03   0.143499E+00  -0.197300E+01  -0.926591E+01  -0.405867E+01   0.858015E-03   0.175666E-03   0.166525E-03   0.100845E-02   0.189681E+03   0.000000E+00   0.000000E+00   0.189681E+03  -0.379362E+03
   0.100546E+03  -0.202078E+01  -0.197300E+01  -0.926591E+01  -0.405867E+01   0.858015E-03   0.175666E-03   0.166525E-03   0.100845E-02   0.189406E+03   0.000000E+00   0.000000E+00   0.189406E+03  -0.378812E+03
   0.100546E+03  -0.202078E+01  -0.197300E+01  -0.144350E+02  -0.405867E+01   0.895466E-03   0.333462E-03   0.166525E-03   0.100845E-02   0.188150E+03   0.000000E+00   0.000000E+00   0.188150E+03  -0.376300E+03
   0.100546E+03  -0.291085E+01  -0.197300E+01  -0.660263E+01  -0.145061E+02   0.895466E-03   0.333462E-03   0.166525E-03   0.100845E-02   0.186949E+03   0.000000E+00   0.000000E+00   0.186949E+03  -0.373898E+03
   0.100546E+03  -0.291085E+01  -0.268079E+01  -0.660263E+01  -0.112655E+02   0.895466E-03   0.333462E-03   0.166525E-03   0.100845E-02   0.187736E+03   0.000000E+00   0.000000E+00   0.187736E+03  -0.375472E+03
   0.100546E+03  -0.168201E+01  -0.268079E+01  -0.112569E+02   0.507038E+01   0.895466E-03   0.333462E-03   0.166525E-03   0.100845E-02   0.188504E+03   0.000000E+00   0.000000E+00   0.188504E+03  -0.377008E+03
   0.100546E+03  -0.168201E+01  -0.757689E+01  -0.101658E+02  -0.838845E+01   0.895466E-03   0.333462E-03   0.166525E-03   0.100845E-02   0.188395E+03   0.000000E+00   0.000000E+00   0.188395E+03  -0.376790E+03
   0.101349E+03  -0.215510E+01  -0.757689E+01  -0.101658E+02  -0.206157E+02   0.895466E-03   0.333462E-03   0.166525E-03   0.100845E-02   0.186641E+03   0.000000E+00   0.000000E+00   0.186641E+03  -0.373282E+03
   0.101349E+03  -0.215510E+01  -0.635684E+01  -0.905167E+01  -0.697082E+01   0.895466E-03   0.333462E-03   0.166525E-03   0.100845E-02   0.187918E+03   0.000000E+00   0.000000E+00   0.187918E+03  -0.375836E+03
   0.100571E+03  -0.215510E+01  -0.805127E+01  -0.905167E+01  -0.697082E+01   0.699391E-03   0.333462E-03   0.166525E-03   0.100845E-02   0.188801E+03   0.000000E+00   0.000000E+00   0.188801E+03  -0.377602E+03
   0.100571E+03   0.239687E+01  -0.850531E+01  -0.403759E+01  -0.567330E+01   0.699391E-03   0.333462E-03   0.166525E-03   0.100845E-02   0.188449E+03   0.000000E+00   0.000000E+00   0.188449E+03  -0.376898E+03
   0.100571E+03   0.260727E+01  -0.616319E+01   0.863803E+00  -0.567330E+01   0.699391E-03   0.333462E-03   0.166525E-03   0.100845E-02   0.189085E+03   0.000000E+00   0.000000E+00   0.189085E+03  -0.378170E+03
   0.100571E+03   0.948908E+00   0.344195E+01  -0.100967E+01  -0.567330E+01   0.699391E-03   0.333462E-03   0.166525E-03   0.100845E-02   0.189610E+03   0.000000E+00   0.000000E+00   0.189610E+03  -0.379220E+03
   0.100571E+03   0.948908E+00   0.344195E+01   0.357470E+01   0.861549E+01   0.123058E-02   0.333462E-03   0.823753E-03   0.100845E-02   0.183734E+03   0.000000E+00   0.000000E+00   0.183734E+03  -0.367468E+03
   0.101291E+03   0.244421E+01  -0.841990E+00  -0.141144E+01  -0.162998E+02   0.123058E-02   0.333462E-03   0.823753E-03   0.130212E-02   0.183326E+03   0.000000E+00   0.000000E+00   0.183326E+03  -0.366652E+03
   0.101291E+03   0.244421E+01  -0.458543E+00  -0.462710E+01  -0.143004E+02   0.123058E-02   0.333462E-03   0.110942E-02   0.130212E-02   0.181857E+03   0.000000E+00   0.000000E+00   0.181857E+03  -0.363714E+03
   0.101291E+03   0.796918E+01  -0.617939E+01  -0.462710E+01  -0.363948E+01   0.123058E-02   0.350925E-03   0.110942E-02   0.142580E-02   0.179360E+03   0.000000E+00   0.000000E+00   0.179360E+03  -0.358720E+03
   0.101291E+03   0.796918E+01  -0.617939E+01  -0.660446E+01  -0.363948E+01   0.123058E-02   0.350925E-03   0.110942E-02   0.162628E-02   0.178906E+03   0.000000E+00   0.000000E+00   0.178906E+03  -0.357812E+03
   0.101291E+03   0.250827E+01  -0.424064E+00  -0.660446E+01   0.167888E+01   0.190310E-02   0.132758E-04   0.110942E-02   0.162628E-02   0.180682E+03   0.000000E+00   0.000000E+00   0.180682E+03  -0.361364E+03
   0.101291E+03   0.250827E+01  -0.424064E+00   0.367024E+01   0.108851E+02   0.190310E-02   0.132758E-04   0.110942E-02   0.162628E-02   0.180685E+03   0.000000E+00   0.000000E+00   0.180685E+03  -0.361370E+03
   0.101291E+03   0.153488E+01   0.499820E+01   0.367024E+01   0.115580E+02   0.190310E-02   0.132758E-04   0.110942E-02   0.162628E-02   0.180223E+03   0.000000E+00   0.000000E+00   0.180223E+03  -0.360446E+03
   0.101291E+03   0.275800E+01   0.800120E+00   0.109850E+02  -0.661253E+01   0.209877E-02   0.205166E-03   0.110942E-02   0.162628E-02   0.178876E+03   0.000000E+00   0.000000E+00   0.178876E+03  -0.357752E+03
   0.103513E+03   0.719478E+01   0.320441E+01   0.255246E+02   0.122807E+02   0.209877E-02   0.178218E-03   0.110942E-02   0.162628E-02   0.177445E+03   0.000000E+00   0.000000E+00   0.177445E+03  -0.354890E+03
   0.103513E+03   0.790571E+01   0.537805E+01   0.231685E+02   0.528810E+01   0.209877E-02   0.178218E-03   0.110942E-02   0.228077E-02   0.176949E+03   0.000000E+00   0.000000E+00   0.176949E+03  -0.353898E+03
   0.102271E+03   0.941282E+01   0.140913E+02   0.231685E+02   0.528810E+01   0.209877E-02   0.565187E-03   0.110942E-02   0.229696E-02   0.175208E+03   0.000000E+00   0.000000E+00   0.175208E+03  -0.350416E+03
   0.103829E+03   0.941282E+01   0.140913E+02   0.119384E+02   0.225492E+02   0.169719E-02   0.566087E-03   0.327305E-03   0.229696E-02   0.181481E+03   0.000000E+00   0.000000E+00   0.181481E+03  -0.362962E+03
   0.103082E+03   0.589147E+01   0.140913E+02   0.131194E+02   0.217046E+02   0.620924E-03   0.566087E-03   0.327305E-03   0.272326E-02   0.186428E+03   0.000000E+00   0.000000E+00   0.186428E+03  -0.372856E+03
   0.103082E+03   0.589147E+01   0.161410E+02   0.131194E+02   0.647598E+01   0.620924E-03   0.566087E-03   0.327305E-03   0.272326E-02   0.184910E+03   0.000000E+00   0.000000E+00   0.184910E+03  -0.369820E+03
   0.103082E+03   0.589147E+01   0.161410E+02   0.112082E+02   0.647598E+01   0.620924E-03   0.369815E-03   0.327305E-03   0.710688E-03   0.186773E+03   0.000000E+00   0.000000E+00   0.186773E+03  -0.373546E+03
   0.103082E+03   0.589147E+01   0.161410E+02   0.112082E+02   0.667964E+01   0.620924E-03   0.369815E-03   0.327305E-03   0.149453E-02   0.188595E+03   0.000000E+00   0.000000E+00   0.188595E+03  -0.377190E+03
   0.103082E+03   0.440590E+01   0.161410E+02   0.980678E+01   0.100811E+02   0.620924E-03   0.369815E-03   0.651481E-03   0.918838E-03   0.186663E+03   0.000000E+00   0.000000E+00   0.186663E+03  -0.373326E+03
   0.103082E+03   0.440590E+01   0.198052E+02   0.980678E+01   0.102938E+02   0.620924E-03   0.369815E-03   0.651481E-03   0.918838E-03   0.185846E+03   0.000000E+00   0.000000E+00   0.185846E+03  -0.371692E+03
   0.103082E+03   0.440590E+01   0.309710E+01   0.833548E+01  -0.342383E-01   0.620924E-03   0.369815E-03   0.651481E-03   0.918838E-03   0.182634E+03   0.000000E+00   0.000000E+00   0.182634E+03  -0.365268E+03
   0.998622E+02   0.731013E+01  -0.545711E+01   0.833548E+01   0.101119E+01   0.620924E-03   0.369815E-03   0.651481E-03   0.918838E-03   0.184665E+03   0.000000E+00   0.000000E+00   0.184665E+03  -0.369330E+03
   0.100123E+03   0.731013E+01  -0.372803E+01   0.389458E+01   0.101119E+01   0.422732E-03   0.369815E-03   0.651481E-03   0.918838E-03   0.185843E+03   0.000000E+00   0.000000E+00   0.185843E+03  -0.371686E+03
   0.100123E+03  -0.574015E+00  -0.599365E+01  -0.104265E+02   0.101119E+01   0.422732E-03   0.369815E-03   0.651481E-03   0.918838E-03   0.186650E+03   0.000000E+00   0.000000E+00   0.186650E+03  -0.373300E+03
   0.100123E+03  -0.628693E+00  -0.599365E+01  -0.512946E+01   0.101119E+01   0.554344E-03   0.369815E-03   0.282399E-03   0.918838E-03   0.189064E+03   0.000000E+00   0.000000E+00   0.189064E+03  -0.378128E+03
   0.101033E+03  -0.232500E+01  -0.599365E+01  -0.666770E+01  -0.297243E+01   0.554344E-03   0.369815E-03   0.282399E-03   0.918838E-03   0.188335E+03   0.000000E+00   0.000000E+00   0.188335E+03  -0.376670E+03
   0.101033E+03   0.563539E+00  -0.599365E+01  -0.903517E+01   0.222823E+01   0.258594E-03   0.807661E-04   0.282399E-03   0.918838E-03   0.190301E+03   0.000000E+00   0.000000E+00   0.190301E+03  -0.380602E+03
   0.101033E+03  -0.178692E+01   0.450325E+01  -0.903517E+01   0.222823E+01   0.258594E-03   0.317738E-03   0.282399E-03   0.918838E-03   0.190098E+03   0.000000E+00   0.000000E+00   0.190098E+03  -0.380196E+03
   0.101033E+03   0.479919E+01   0.143435E+02   0.138166E+02   0.106492E+02   0.258594E-03   0.437143E-03   0.282399E-03   0.918838E-03   0.187623E+03   0.000000E+00   0.000000E+00   0.187623E+03  -0.375246E+03
   0.101033E+03   0.479919E+01   0.581357E+01   0.138166E+02   0.106492E+02   0.258594E-03   0.437143E-03   0.282399E-03   0.918838E-03   0.190635E+03   0.000000E+00   0.000000E+00   0.190635E+03  -0.381270E+03
   0.101033E+03   0.647309E+01   0.581357E+01   0.138166E+02   0.106492E+02   0.258594E-03   0.437143E-03   0.117338E-03   0.918838E-03   0.191159E+03   0.000000E+00   0.000000E+00   0.191159E+03  -0.382318E+03
   0.101033E+03   0.690964E+00   0.581357E+01   0.998698E+01   0.112462E+02   0.258594E-03   0.437143E-03   0.117338E-03   0.918838E-03   0.190238E+03   0.000000E+00   0.000000E+00   0.190238E+03  -0.380476E+03
   0.101033E+03   0.200824E+01   0.581357E+01   0.998698E+01   0.358637E+01   0.258594E-03   0.437143E-03   0.117338E-03   0.169021E-02   0.190395E+03   0.000000E+00   0.000000E+00   0.190395E+03  -0.380790E+03
   0.101033E+03   0.200824E+01   0.241779E+01  -0.406179E+01   0.415806E+01   0.258594E-03   0.437143E-03   0.117338E-03   0.169021E-02   0.190667E+03   0.000000E+00   0.000000E+00   0.190667E+03  -0.381334E+03
   0.101033E+03   0.118612E+01   0.664526E+00   0.302076E+01   0.250843E+01   0.258594E-03   0.750122E-04   0.117338E-03   0.169300E-02   0.192571E+03   0.000000E+00   0.000000E+00   0.192571E+03  -0.385142E+03
   0.101033E+03   0.118612E+01   0.664526E+00   0.320189E+01   0.250843E+01   0.373633E-04   0.750122E-04   0.117338E-03   0.169300E-02   0.192800E+03   0.000000E+00   0.000000E+00   0.192800E+03  -0.385600E+03
   0.101033E+03   0.118612E+01   0.664526E+00  -0.188362E+01   0.995098E+01   0.373633E-04   0.750122E-04   0.117338E-03   0.169300E-02   0.192419E+03   0.000000E+00   0.000000E+00   0.192419E+03  -0.384838E+03
   0.101033E+03   0.118612E+01   0.664526E+00  -0.131907E+01   0.995098E+01   0.373633E-04   0.750122E-04   0.117338E-03   0.169300E-02   0.192474E+03   0.000000E+00   0.000000E+00   0.192474E+03  -0.384948E+03
   0.101033E+03   0.118612E+01   0.339628E+01   0.181059E+01   0.920627E+01   0.373633E-04   0.750122E-04   0.117338E-03   0.173084E-02   0.192645E+03   0.000000E+00   0.000000E+00   0.192645E+03  -0.385290E+03
   0.101033E+03   0.118612E+01  -0.918335E+00  -0.589855E+01   0.101025E+02   0.373633E-04   0.750122E-04   0.117338E-03   0.173084E-02   0.191356E+03   0.000000E+00   0.000000E+00   0.191356E+03  -0.382712E+03
   0.101869E+03  -0.158566E+01   0.457703E+01  -0.819737E+01   0.101025E+02   0.608901E-03   0.750122E-04   0.117338E-03   0.173084E-02   0.190849E+03   0.000000E+00   0.000000E+00   0.190849E+03  -0.381698E+03
   0.101869E+03  -0.158566E+01   0.457703E+01  -0.620546E+01   0.497697E+01   0.608901E-03   0.750122E-04   0.117338E-03   0.173084E-02   0.190886E+03   0.000000E+00   0.000000E+00   0.190886E+03  -0.381772E+03
   0.101869E+03  -0.158566E+01   0.670583E+01  -0.990285E+01   0.497697E+01   0.608901E-03   0.750122E-04   0.117338E-03   0.207186E-02   0.189429E+03   0.000000E+00   0.000000E+00   0.189429E+03  -0.378858E+03
   0.101869E+03  -0.158566E+01   0.970209E+00  -0.989142E+01   0.278158E+01   0.608901E-03   0.750122E-04   0.117338E-03   0.207186E-02   0.189863E+03   0.000000E+00   0.000000E+00   0.189863E+03  -0.379726E+03
   0.101869E+03  -0.158566E+01  -0.131636E+01  -0.978549E+01   0.278158E+01   0.608901E-03   0.750122E-04   0.189961E-03   0.207186E-02   0.189426E+03   0.000000E+00   0.000000E+00   0.189426E+03  -0.378852E+03
   0.101869E+03  -0.158566E+01  -0.383699E+01  -0.978549E+01   0.294760E+01   0.608901E-03   0.750122E-04   0.189961E-03   0.217311E-02   0.188659E+03   0.000000E+00   0.000000E+00   0.188659E+03  -0.377318E+03
   0.101869E+03  -0.158566E+01  -0.383699E+01  -0.978549E+01  -0.165052E+01   0.608901E-03   0.750122E-04   0.189961E-03   0.103623E-02   0.189389E+03   0.000000E+00   0.000000E+00   0.189389E+03  -0.378778E+03
   0.101869E+03   0.953405E+00  -0.337793E+01  -0.978549E+01  -0.886409E+01   0.608901E-03   0.750122E-04   0.189961E-03   0.103623E-02   0.189175E+03   0.000000E+00   0.000000E+00   0.189175E+03  -0.378350E+03
   0.101869E+03   0.953405E+00  -0.337793E+01  -0.978549E+01   0.456557E+01   0.608901E-03   0.750122E-04   0.189961E-03   0.103623E-02   0.188631E+03   0.000000E+00   0.000000E+00   0.188631E+03  -0.377262E+03
   0.101869E+03   0.197581E+01   0.808895E+01  -0.708280E+01   0.456557E+01   0.608901E-03   0.389604E-03   0.189961E-03   0.103623E-02   0.188612E+03   0.000000E+00   0.000000E+00   0.188612E+03  -0.377224E+03
   0.101869E+03   0.197581E+01   0.808895E+01  -0.334782E+01   0.132544E+02   0.608901E-03   0.389604E-03   0.189961E-03   0.103623E-02   0.190113E+03   0.000000E+00   0.000000E+00   0.190113E+03  -0.380226E+03
   0.101869E+03   0.197581E+01   0.808895E+01   0.215485E+01   0.122001E+02   0.608901E-03   0.389604E-03   0.189961E-03   0.103623E-02   0.191102E+03   0.000000E+00   0.000000E+00   0.191102E+03  -0.382204E+03
   0.101869E+03   0.197581E+01   0.808895E+01   0.376446E+01   0.386462E+01   0.608901E-03   0.965185E-04   0.189961E-03   0.103623E-02   0.191451E+03   0.000000E+00   0.000000E+00   0.191451E+03  -0.382902E+03
   0.102400E+03   0.197581E+01   0.808895E+01   0.142881E+02   0.205481E+02   0.608901E-03   0.965185E-04   0.189961E-03   0.130498E-02   0.189296E+03   0.000000E+00   0.000000E+00   0.189296E+03  -0.378592E+03
   0.102400E+03   0.127746E+01   0.809706E+01   0.142881E+02   0.634177E+01   0.608901E-03   0.965185E-04   0.189961E-03   0.130498E-02   0.188899E+03   0.000000E+00   0.000000E+00   0.188899E+03  -0.377798E+03
   0.102400E+03   0.155733E+01   0.809706E+01   0.215252E+01   0.293880E+02   0.608901E-03   0.379358E-03   0.189961E-03   0.130498E-02   0.188976E+03   0.000000E+00   0.000000E+00   0.188976E+03  -0.377952E+03
   0.102400E+03   0.155733E+01   0.625487E+01   0.491462E+01   0.285059E+01   0.105312E-02   0.379358E-03   0.189961E-03   0.130498E-02   0.187836E+03   0.000000E+00   0.000000E+00   0.187836E+03  -0.375672E+03
   0.102400E+03   0.155733E+01   0.112324E+02   0.883399E+01   0.285059E+01   0.105312E-02   0.379358E-03   0.189961E-03   0.235176E-02   0.185672E+03   0.000000E+00   0.000000E+00   0.185672E+03  -0.371344E+03
   0.102400E+03   0.155733E+01   0.793202E+01   0.792571E+01   0.356265E+01   0.105312E-02   0.379358E-03   0.189961E-03   0.235176E-02   0.186146E+03   0.000000E+00   0.000000E+00   0.186146E+03  -0.372292E+03
   0.102944E+03   0.155733E+01   0.793202E+01   0.312964E+01   0.517914E+01   0.105312E-02   0.379358E-03   0.189961E-03   0.181848E-02   0.186416E+03   0.000000E+00   0.000000E+00   0.186416E+03  -0.372832E+03
   0.102944E+03   0.155733E+01   0.976886E+01  -0.226796E+01   0.568675E+01   0.105312E-02   0.149179E-03   0.189961E-03   0.181848E-02   0.187294E+03   0.000000E+00   0.000000E+00   0.187294E+03  -0.374588E+03
   0.102944E+03   0.833681E-01   0.976886E+01   0.187596E+01   0.200254E+02   0.105312E-02   0.149179E-03   0.189961E-03   0.181848E-02   0.188716E+03   0.000000E+00   0.000000E+00   0.188716E+03  -0.377432E+03
   0.102944E+03   0.833681E-01   0.909571E+01   0.187596E+01   0.101577E+02   0.105312E-02   0.149179E-03   0.189961E-03   0.181848E-02   0.188023E+03   0.000000E+00   0.000000E+00   0.188023E+03  -0.376046E+03
   0.102944E+03   0.833681E-01   0.909571E+01   0.100819E+02   0.224634E+02   0.105312E-02   0.149179E-03   0.155034E-03   0.181848E-02   0.186752E+03   0.000000E+00   0.000000E+00   0.186752E+03  -0.373504E+03
   0.102944E+03  -0.417562E+01   0.204649E+02  -0.125036E+02   0.100471E+02   0.105312E-02   0.149179E-03   0.155034E-03   0.722325E-03   0.181903E+03   0.000000E+00   0.000000E+00   0.181903E+03  -0.363806E+03
   0.102944E+03   0.363779E+00   0.204649E+02  -0.276688E+01   0.241705E+02   0.105312E-02   0.160933E-02   0.290025E-04   0.722325E-03   0.182008E+03   0.000000E+00   0.000000E+00   0.182008E+03  -0.364016E+03
   0.102944E+03   0.363779E+00   0.176996E+02  -0.276688E+01   0.258408E+02   0.498556E-03   0.115522E-02   0.290025E-04   0.798981E-03   0.186449E+03   0.000000E+00   0.000000E+00   0.186449E+03  -0.372898E+03
   0.102944E+03   0.363779E+00   0.191084E+02   0.527909E+01   0.184026E+02   0.498556E-03   0.115522E-02   0.290025E-04   0.931142E-03   0.187131E+03   0.000000E+00   0.000000E+00   0.187131E+03  -0.374262E+03
   0.102944E+03   0.355032E+01   0.202796E+02   0.729301E+01   0.207430E+02   0.498556E-03   0.103568E-02   0.290025E-04   0.931142E-03   0.188208E+03   0.000000E+00   0.000000E+00   0.188208E+03  -0.376416E+03
   0.102944E+03   0.355032E+01   0.170090E+02   0.139458E+02   0.239145E+02   0.498556E-03   0.103568E-02   0.290025E-04   0.931142E-03   0.188376E+03   0.000000E+00   0.000000E+00   0.188376E+03  -0.376752E+03
   0.102944E+03   0.498587E+01   0.170090E+02   0.139458E+02   0.239145E+02   0.498556E-03   0.103568E-02   0.290025E-04   0.123946E-02   0.188760E+03   0.000000E+00   0.000000E+00   0.188760E+03  -0.377520E+03
   0.102874E+03   0.498587E+01   0.170090E+02   0.139458E+02   0.239145E+02   0.724489E-04   0.103568E-02   0.157815E-03   0.957037E-03   0.189222E+03   0.000000E+00   0.000000E+00   0.189222E+03  -0.378444E+03
   0.102874E+03   0.498587E+01   0.170090E+02   0.176382E+02   0.158698E+02   0.724489E-04   0.130842E-03   0.157815E-03   0.957037E-03   0.191195E+03   0.000000E+00   0.000000E+00   0.191195E+03  -0.382390E+03
   0.102874E+03   0.498587E+01   0.111061E+02   0.800989E+01   0.145515E+02   0.724489E-04   0.130842E-03   0.157815E-03   0.238791E-02   0.191160E+03   0.000000E+00   0.000000E+00   0.191160E+03  -0.382320E+03
   0.102874E+03   0.544034E+01   0.122149E+02   0.601445E+01   0.138317E+02   0.724489E-04   0.261849E-03   0.157815E-03   0.238791E-02   0.190167E+03   0.000000E+00   0.000000E+00   0.190167E+03  -0.380334E+03
   0.102874E+03   0.544034E+01   0.122149E+02   0.155574E+02   0.197297E+02   0.724489E-04   0.261849E-03   0.157815E-03   0.238791E-02   0.190623E+03   0.000000E+00   0.000000E+00   0.190623E+03  -0.381246E+03
   0.102874E+03   0.936586E+01   0.122149E+02   0.155574E+02   0.257827E+02   0.724489E-04   0.261849E-03   0.157815E-03   0.238791E-02   0.189276E+03   0.000000E+00   0.000000E+00   0.189276E+03  -0.378552E+03
   0.102874E+03   0.936586E+01   0.122149E+02   0.204055E+02   0.201674E+02   0.724489E-04   0.313004E-03   0.157815E-03   0.304591E-02   0.188526E+03   0.000000E+00   0.000000E+00   0.188526E+03  -0.377052E+03
   0.102874E+03   0.936586E+01   0.909521E+01   0.139723E+02   0.201674E+02   0.953657E-04   0.313004E-03   0.157815E-03   0.304591E-02   0.187177E+03   0.000000E+00   0.000000E+00   0.187177E+03  -0.374354E+03
   0.102874E+03   0.141170E+00   0.899536E+01   0.137057E+02   0.155689E+02   0.953657E-04   0.313004E-03   0.157815E-03   0.183913E-02   0.187785E+03   0.000000E+00   0.000000E+00   0.187785E+03  -0.375570E+03
   0.102874E+03   0.141170E+00   0.899536E+01   0.137057E+02   0.128005E+02   0.194712E-03   0.313004E-03   0.157815E-03   0.183913E-02   0.187646E+03   0.000000E+00   0.000000E+00   0.187646E+03  -0.375292E+03
   0.101269E+03   0.651566E+01   0.789875E+01   0.137057E+02   0.128005E+02   0.194712E-03   0.313004E-03   0.157815E-03   0.195842E-02   0.190304E+03   0.000000E+00   0.000000E+00   0.190304E+03  -0.380608E+03
   0.101269E+03   0.651566E+01   0.919536E+01   0.139075E+02   0.149904E+02   0.194712E-03   0.205369E-03   0.157815E-03   0.195842E-02   0.189937E+03   0.000000E+00   0.000000E+00   0.189937E+03  -0.379874E+03
   0.103032E+03   0.651566E+01   0.919536E+01   0.139075E+02   0.210661E+02   0.194712E-03   0.205369E-03   0.157815E-03   0.128826E-02   0.192489E+03   0.000000E+00   0.000000E+00   0.192489E+03  -0.384978E+03
   0.103032E+03   0.651566E+01   0.114953E+02   0.139075E+02   0.206438E+02   0.194712E-03   0.205369E-03   0.157815E-03   0.128826E-02   0.193188E+03   0.000000E+00   0.000000E+00   0.193188E+03  -0.386376E+03
   0.103377E+03   0.691514E+01   0.114953E+02   0.139075E+02   0.238236E+02   0.194712E-03   0.205369E-03   0.129414E-03   0.128826E-02   0.192709E+03   0.000000E+00   0.000000E+00   0.192709E+03  -0.385418E+03
   0.103326E+03   0.691514E+01   0.176769E+02   0.149622E+02   0.200198E+02   0.194712E-03   0.205369E-03   0.129414E-03   0.236734E-02   0.190928E+03   0.000000E+00   0.000000E+00   0.190928E+03  -0.381856E+03
   0.104071E+03   0.691514E+01   0.184092E+02   0.160675E+02   0.200198E+02   0.194712E-03   0.205369E-03   0.129414E-03   0.964876E-03   0.192547E+03   0.000000E+00   0.000000E+00   0.192547E+03  -0.385094E+03
   0.104071E+03   0.860144E+01   0.161235E+02   0.253206E+02   0.275226E+02   0.194712E-03   0.205369E-03   0.129414E-03   0.633831E-03   0.189335E+03   0.000000E+00   0.000000E+00   0.189335E+03  -0.378670E+03
   0.104071E+03   0.860144E+01   0.184249E+02   0.130982E+02   0.275226E+02   0.194712E-03   0.205369E-03   0.129414E-03   0.633831E-03   0.190155E+03   0.000000E+00   0.000000E+00   0.190155E+03  -0.380310E+03
   0.104071E+03   0.860144E+01   0.221172E+02   0.192949E+02   0.275226E+02   0.194712E-03   0.205369E-03   0.129414E-03   0.135620E-02   0.192717E+03   0.000000E+00   0.000000E+00   0.192717E+03  -0.385434E+03
   0.104071E+03   0.136200E+02   0.221172E+02   0.184614E+02   0.253258E+02   0.194712E-03   0.205369E-03   0.129414E-03   0.135620E-02   0.190690E+03   0.000000E+00   0.000000E+00   0.190690E+03  -0.381380E+03
   0.104071E+03   0.136200E+02   0.199447E+02   0.184614E+02   0.253258E+02   0.194712E-03   0.205369E-03   0.116992E-03   0.135620E-02   0.190661E+03   0.000000E+00   0.000000E+00   0.190661E+03  -0.381322E+03
   0.104071E+03   0.133281E+02   0.171890E+02   0.184614E+02   0.216340E+02   0.874590E-04   0.205369E-03   0.371079E-03   0.135620E-02   0.190246E+03   0.000000E+00   0.000000E+00   0.190246E+03  -0.380492E+03
   0.104071E+03   0.545977E+01   0.171890E+02   0.226710E+02   0.216340E+02   0.220015E-03   0.205369E-03   0.371079E-03   0.135620E-02   0.188826E+03   0.000000E+00   0.000000E+00   0.188826E+03  -0.377652E+03
   0.104071E+03   0.151769E+02   0.244546E+02   0.281787E+02   0.219076E+02   0.296279E-03   0.205369E-03   0.371079E-03   0.135620E-02   0.189294E+03   0.000000E+00   0.000000E+00   0.189294E+03  -0.378588E+03
   0.104071E+03   0.151769E+02   0.177217E+02   0.336682E+02   0.219076E+02   0.296279E-03   0.260086E-03   0.371079E-03   0.135620E-02   0.189679E+03   0.000000E+00   0.000000E+00   0.189679E+03  -0.379358E+03
   0.104974E+03   0.151769E+02   0.153832E+02   0.298027E+02   0.216640E+02   0.296279E-03   0.260086E-03   0.190757E-03   0.135620E-02   0.188759E+03   0.000000E+00   0.000000E+00   0.188759E+03  -0.377518E+03
   0.104974E+03   0.151769E+02   0.172418E+02   0.296845E+02   0.379756E+02   0.296279E-03   0.260086E-03   0.190757E-03   0.135620E-02   0.188622E+03   0.000000E+00   0.000000E+00   0.188622E+03  -0.377244E+03
   0.105892E+03   0.996198E+01   0.172418E+02   0.296845E+02   0.316247E+02   0.275907E-04   0.260086E-03   0.190757E-03   0.135620E-02   0.188462E+03   0.000000E+00   0.000000E+00   0.188462E+03  -0.376924E+03
   0.105892E+03   0.996198E+01   0.172418E+02   0.296845E+02   0.316247E+02   0.275907E-04   0.219319E-03   0.190757E-03   0.135620E-02   0.188563E+03   0.000000E+00   0.000000E+00   0.188563E+03  -0.377126E+03
   0.106245E+03   0.155763E+02   0.249709E+02   0.296845E+02   0.308391E+02   0.275907E-04   0.219319E-03   0.274675E-03   0.118900E-02   0.191856E+03   0.000000E+00   0.000000E+00   0.191856E+03  -0.383712E+03
   0.106245E+03   0.179491E+02   0.283116E+02   0.257887E+02   0.284892E+02   0.275907E-04   0.219319E-03   0.274675E-03   0.118900E-02   0.189974E+03   0.000000E+00   0.000000E+00   0.189974E+03  -0.379948E+03
   0.106261E+03   0.179491E+02   0.353085E+02   0.288198E+02   0.284892E+02   0.166248E-03   0.219319E-03   0.274675E-03   0.118900E-02   0.189509E+03   0.000000E+00   0.000000E+00   0.189509E+03  -0.379018E+03
   0.106261E+03   0.179491E+02   0.269193E+02   0.315862E+02   0.298757E+02   0.166248E-03   0.219319E-03   0.274675E-03   0.118900E-02   0.191617E+03   0.000000E+00   0.000000E+00   0.191617E+03  -0.383234E+03
   0.106261E+03   0.149380E+02   0.269158E+02   0.315862E+02   0.299482E+02   0.481703E-03   0.219319E-03   0.274675E-03   0.118900E-02   0.191380E+03   0.000000E+00   0.000000E+00   0.191380E+03  -0.382760E+03
   0.106261E+03   0.149380E+02   0.292949E+02   0.252571E+02   0.385996E+02   0.481703E-03   0.219319E-03   0.274675E-03   0.118900E-02   0.191516E+03   0.000000E+00   0.000000E+00   0.191516E+03  -0.383032E+03
   0.106261E+03   0.149380E+02   0.264426E+02   0.330135E+02   0.297526E+02   0.481703E-03   0.219319E-03   0.274675E-03   0.118900E-02   0.191143E+03   0.000000E+00   0.000000E+00   0.191143E+03  -0.382286E+03
   0.106261E+03   0.120008E+02   0.220493E+02   0.330135E+02   0.283360E+02   0.177436E-03   0.219319E-03   0.274675E-03   0.222041E-02   0.187751E+03   0.000000E+00   0.000000E+00   0.187751E+03  -0.375502E+03
   0.106261E+03   0.176398E+02   0.214276E+02   0.330135E+02   0.283360E+02   0.130785E-03   0.219319E-03   0.681682E-03   0.222041E-02   0.186637E+03   0.000000E+00   0.000000E+00   0.186637E+03  -0.373274E+03
   0.106261E+03   0.150609E+02   0.214276E+02   0.330135E+02   0.405208E+02   0.130785E-03   0.219319E-03   0.681682E-03   0.222041E-02   0.186438E+03   0.000000E+00   0.000000E+00   0.186438E+03  -0.372876E+03
   0.106261E+03   0.150609E+02   0.214276E+02   0.333388E+02   0.405208E+02   0.130785E-03   0.219319E-03   0.650185E-03   0.222041E-02   0.186540E+03   0.000000E+00   0.000000E+00   0.186540E+03  -0.373080E+03
   0.106261E+03   0.187160E+02   0.209707E+02   0.333388E+02   0.405208E+02   0.130785E-03   0.704622E-04   0.650185E-03   0.249028E-02   0.185410E+03   0.000000E+00   0.000000E+00   0.185410E+03  -0.370820E+03
   0.107271E+03   0.160163E+02   0.195777E+02   0.300300E+02   0.443917E+02   0.130785E-03   0.704622E-04   0.650185E-03   0.249028E-02   0.184190E+03   0.000000E+00   0.000000E+00   0.184190E+03  -0.368380E+03
   0.107271E+03   0.160163E+02   0.341441E+02   0.242389E+02   0.424962E+02   0.130785E-03   0.704622E-04   0.650185E-03   0.249028E-02   0.187184E+03   0.000000E+00   0.000000E+00   0.187184E+03  -0.374368E+03
   0.107271E+03   0.160163E+02   0.341441E+02   0.195236E+02   0.424962E+02   0.113327E-03   0.704622E-04   0.650185E-03   0.104257E-02   0.188380E+03   0.000000E+00   0.000000E+00   0.188380E+03  -0.376760E+03
   0.107271E+03   0.158399E+02   0.273302E+02   0.232733E+02   0.414729E+02   0.113327E-03   0.704622E-04   0.650185E-03   0.104257E-02   0.188238E+03   0.000000E+00   0.000000E+00   0.188238E+03  -0.376476E+03
   0.107271E+03   0.171008E+02   0.273302E+02   0.385172E+02   0.414729E+02   0.537379E-04   0.704622E-04   0.827350E-03   0.160284E-02   0.187034E+03   0.000000E+00   0.000000E+00   0.187034E+03  -0.374068E+03
   0.107271E+03   0.171008E+02   0.273302E+02   0.335527E+02   0.417118E+02   0.537379E-04   0.704622E-04   0.827350E-03   0.160284E-02   0.188304E+03   0.000000E+00   0.000000E+00   0.188304E+03  -0.376608E+03
   0.107271E+03   0.171744E+02   0.301615E+02   0.342717E+02   0.417118E+02   0.537379E-04   0.175277E-04   0.461384E-03   0.142694E-02   0.191056E+03   0.000000E+00   0.000000E+00   0.191056E+03  -0.382112E+03
   0.107271E+03   0.171744E+02   0.388539E+02   0.355711E+02   0.432087E+02   0.537379E-04   0.175277E-04   0.461384E-03   0.140198E-02   0.185984E+03   0.000000E+00   0.000000E+00   0.185984E+03  -0.371968E+03
   0.108241E+03   0.171744E+02   0.281874E+02   0.294202E+02   0.474989E+02   0.128225E-02   0.175277E-04   0.461384E-03   0.133757E-02   0.185422E+03   0.000000E+00   0.000000E+00   0.185422E+03  -0.370844E+03
   0.107283E+03   0.171744E+02   0.281874E+02   0.296764E+02   0.335175E+02   0.984377E-03   0.175277E-04   0.211696E-03   0.133757E-02   0.188596E+03   0.000000E+00   0.000000E+00   0.188596E+03  -0.377192E+03
   0.106455E+03   0.130883E+02   0.284416E+02   0.296764E+02   0.345210E+02   0.645339E-03   0.175277E-04   0.211696E-03   0.133757E-02   0.191270E+03   0.000000E+00   0.000000E+00   0.191270E+03  -0.382540E+03
   0.106455E+03   0.130883E+02   0.284416E+02   0.284986E+02   0.345210E+02   0.645339E-03   0.175277E-04   0.211696E-03   0.133757E-02   0.191550E+03   0.000000E+00   0.000000E+00   0.191550E+03  -0.383100E+03
   0.106455E+03   0.156245E+02   0.303040E+02   0.266310E+02   0.345210E+02   0.645339E-03   0.175277E-04   0.211696E-03   0.133757E-02   0.191581E+03   0.000000E+00   0.000000E+00   0.191581E+03  -0.383162E+03
   0.106455E+03   0.126110E+02   0.306377E+02   0.283156E+02   0.378103E+02   0.645339E-03   0.175277E-04   0.449013E-03   0.133757E-02   0.189248E+03   0.000000E+00   0.000000E+00   0.189248E+03  -0.378496E+03
   0.106032E+03   0.126110E+02   0.275841E+02   0.268050E+02   0.378103E+02   0.645339E-03   0.175277E-04   0.449013E-03   0.133757E-02   0.189922E+03   0.000000E+00   0.000000E+00   0.189922E+03  -0.379844E+03
   0.106032E+03   0.126110E+02   0.275841E+02   0.288787E+02   0.378103E+02   0.645339E-03   0.175277E-04   0.449013E-03   0.133757E-02   0.189235E+03   0.000000E+00   0.000000E+00   0.189235E+03  -0.378470E+03
   0.106032E+03   0.125427E+02   0.253794E+02   0.288787E+02   0.259933E+02   0.645339E-03   0.267673E-03   0.206903E-03   0.133757E-02   0.190226E+03   0.000000E+00   0.000000E+00   0.190226E+03  -0.380452E+03
   0.106032E+03   0.125427E+02   0.251381E+02   0.275739E+02   0.375247E+02   0.645339E-03   0.267673E-03   0.206903E-03   0.103822E-02   0.190973E+03   0.000000E+00   0.000000E+00   0.190973E+03  -0.381946E+03
   0.106032E+03   0.141475E+02   0.251381E+02   0.323205E+02   0.297741E+02   0.645339E-03   0.267673E-03   0.206903E-03   0.103822E-02   0.190661E+03   0.000000E+00   0.000000E+00   0.190661E+03  -0.381322E+03
   0.106032E+03   0.141475E+02   0.251381E+02   0.247802E+02   0.260235E+02   0.645339E-03   0.267673E-03   0.206903E-03   0.194134E-02   0.188798E+03   0.000000E+00   0.000000E+00   0.188798E+03  -0.377596E+03
   0.106032E+03   0.119688E+02   0.252718E+02   0.247802E+02   0.491985E+02   0.645339E-03   0.267673E-03   0.206903E-03   0.194134E-02   0.186180E+03   0.000000E+00   0.000000E+00   0.186180E+03  -0.372360E+03
   0.106032E+03   0.871741E+01   0.238807E+02   0.178334E+02   0.491985E+02   0.645339E-03   0.267673E-03   0.206903E-03   0.194134E-02   0.187036E+03   0.000000E+00   0.000000E+00   0.187036E+03  -0.374072E+03
   0.106032E+03   0.872115E+01   0.351635E+02   0.150750E+02   0.385261E+02   0.645339E-03   0.267673E-03   0.206903E-03   0.194134E-02   0.187543E+03   0.000000E+00   0.000000E+00   0.187543E+03  -0.375086E+03
   0.106032E+03   0.872115E+01   0.329379E+02   0.181793E+02   0.385261E+02   0.156118E-03   0.267673E-03   0.206903E-03   0.171385E-02   0.190212E+03   0.000000E+00   0.000000E+00   0.190212E+03  -0.380424E+03
   0.106032E+03   0.845332E+01   0.329238E+02   0.133196E+02   0.287196E+02   0.156118E-03   0.267673E-03   0.206903E-03   0.203340E-02   0.188829E+03   0.000000E+00   0.000000E+00   0.188829E+03  -0.377658E+03
   0.106032E+03   0.845332E+01   0.329238E+02   0.133196E+02   0.303892E+02   0.156118E-03   0.267673E-03   0.206903E-03   0.203340E-02   0.189160E+03   0.000000E+00   0.000000E+00   0.189160E+03  -0.378320E+03
   0.106032E+03   0.845332E+01   0.329238E+02   0.135309E+02   0.303892E+02   0.156118E-03   0.267673E-03   0.206903E-03   0.203340E-02   0.189188E+03   0.000000E+00   0.000000E+00   0.189188E+03  -0.378376E+03
   0.106468E+03   0.845332E+01   0.329238E+02   0.143850E+02   0.373923E+02   0.147584E-03   0.267673E-03   0.206903E-03   0.203340E-02   0.190259E+03   0.000000E+00   0.000000E+00   0.190259E+03  -0.380518E+03
   0.106468E+03   0.880457E+01   0.331687E+02   0.195245E+02   0.339669E+02   0.147584E-03   0.267673E-03   0.206903E-03   0.326506E-02   0.186845E+03   0.000000E+00   0.000000E+00   0.186845E+03  -0.373690E+03
   0.106468E+03   0.765020E+01   0.302865E+02   0.166410E+02   0.359837E+02   0.147584E-03   0.267673E-03   0.206903E-03   0.812634E-03   0.190706E+03   0.000000E+00   0.000000E+00   0.190706E+03  -0.381412E+03
   0.106468E+03   0.765020E+01   0.320246E+02   0.344305E+01   0.479370E+02   0.147584E-03   0.167336E-04   0.206903E-03   0.812634E-03   0.185980E+03   0.000000E+00   0.000000E+00   0.185980E+03  -0.371960E+03
   0.106468E+03   0.186270E+01   0.326495E+02   0.836991E+01   0.370707E+02   0.189741E-03   0.167336E-04   0.206903E-03   0.169457E-02   0.188954E+03   0.000000E+00   0.000000E+00   0.188954E+03  -0.377908E+03
   0.106468E+03   0.186270E+01   0.265872E+02   0.222936E+01   0.370707E+02   0.189741E-03   0.167336E-04   0.206903E-03   0.169457E-02   0.189435E+03   0.000000E+00   0.000000E+00   0.189435E+03  -0.378870E+03
   0.106468E+03   0.186270E+01   0.265872E+02   0.193764E+01   0.370707E+02   0.189741E-03   0.167336E-04   0.206903E-03   0.169457E-02   0.189397E+03   0.000000E+00   0.000000E+00   0.189397E+03  -0.378794E+03
   0.106468E+03   0.186270E+01   0.265872E+02   0.707235E+01   0.439880E+02   0.189741E-03   0.167336E-04   0.206903E-03   0.169457E-02   0.189752E+03   0.000000E+00   0.000000E+00   0.189752E+03  -0.379504E+03
   0.106468E+03   0.186270E+01   0.263878E+02   0.707235E+01   0.439880E+02   0.189741E-03   0.167336E-04   0.206903E-03   0.169457E-02   0.189727E+03   0.000000E+00   0.000000E+00   0.189727E+03  -0.379454E+03
   0.106468E+03   0.186270E+01   0.335552E+02   0.707235E+01   0.395584E+02   0.189741E-03   0.167336E-04   0.206903E-03   0.169457E-02   0.189076E+03   0.000000E+00   0.000000E+00   0.189076E+03  -0.378152E+03
   0.106468E+03   0.186270E+01   0.324493E+02   0.707235E+01   0.395584E+02   0.189741E-03   0.167336E-04   0.206903E-03   0.169457E-02   0.189472E+03   0.000000E+00   0.000000E+00   0.189472E+03  -0.378944E+03
   0.106468E+03   0.633376E+01   0.278628E+02   0.707235E+01   0.395584E+02   0.189741E-03   0.167336E-04   0.206903E-03   0.894519E-03   0.190111E+03   0.000000E+00   0.000000E+00   0.190111E+03  -0.380222E+03
   0.106468E+03   0.633376E+01   0.225797E+02   0.707235E+01   0.353270E+02   0.189741E-03   0.167336E-04   0.206903E-03   0.204940E-02   0.186912E+03   0.000000E+00   0.000000E+00   0.186912E+03  -0.373824E+03
   0.106468E+03   0.633376E+01   0.283333E+02   0.220782E+02   0.353270E+02   0.323059E-03   0.167336E-04   0.206903E-03   0.204940E-02   0.187698E+03   0.000000E+00   0.000000E+00   0.187698E+03  -0.375396E+03
   0.106468E+03   0.643539E+01   0.254277E+02   0.110032E+02   0.353270E+02   0.323059E-03   0.167336E-04   0.206903E-03   0.204940E-02   0.189234E+03   0.000000E+00   0.000000E+00   0.189234E+03  -0.378468E+03
   0.106468E+03   0.643539E+01   0.317751E+02   0.110032E+02   0.382714E+02   0.323059E-03   0.167336E-04   0.206903E-03   0.777604E-03   0.190560E+03   0.000000E+00   0.000000E+00   0.190560E+03  -0.381120E+03
   0.106468E+03   0.643539E+01   0.319210E+02   0.110032E+02   0.382447E+02   0.241676E-03   0.167336E-04   0.206903E-03   0.777604E-03   0.190705E+03   0.000000E+00   0.000000E+00   0.190705E+03  -0.381410E+03
   0.106468E+03   0.643539E+01   0.287132E+02   0.110032E+02   0.382447E+02   0.241676E-03   0.167336E-04   0.206903E-03   0.216166E-02   0.190308E+03   0.000000E+00   0.000000E+00   0.190308E+03  -0.380616E+03
   0.106468E+03   0.954067E+01   0.290925E+02   0.108416E+02   0.446754E+02   0.241676E-03   0.167336E-04   0.206903E-03   0.111290E-02   0.190467E+03   0.000000E+00   0.000000E+00   0.190467E+03  -0.380934E+03
   0.106468E+03   0.130536E+01   0.233203E+02   0.108416E+02   0.420414E+02   0.660239E-03   0.167336E-04   0.206903E-03   0.182250E-02   0.186268E+03   0.000000E+00   0.000000E+00   0.186268E+03  -0.372536E+03
   0.105790E+03  -0.409126E+01   0.287808E+02  -0.505871E+01   0.304058E+02   0.660239E-03   0.167336E-04   0.206903E-03   0.120931E-02   0.186973E+03   0.000000E+00   0.000000E+00   0.186973E+03  -0.373946E+03
   0.105790E+03  -0.371524E+01   0.198229E+02  -0.505871E+01   0.517828E+02   0.660239E-03   0.167336E-04   0.206903E-03   0.120931E-02   0.184006E+03   0.000000E+00   0.000000E+00   0.184006E+03  -0.368012E+03
   0.105790E+03   0.760640E+00   0.198229E+02   0.976818E+01   0.397151E+02   0.660239E-03   0.167336E-04   0.206903E-03   0.120931E-02   0.187049E+03   0.000000E+00   0.000000E+00   0.187049E+03  -0.374098E+03
   0.105790E+03   0.760640E+00   0.245775E+02   0.508030E+01   0.356246E+02   0.385004E-03   0.167336E-04   0.206903E-03   0.120931E-02   0.190091E+03   0.000000E+00   0.000000E+00   0.190091E+03  -0.380182E+03
   0.105852E+03   0.760640E+00   0.292236E+02   0.508030E+01   0.356246E+02   0.385004E-03   0.167336E-04   0.372612E-03   0.120931E-02   0.188946E+03   0.000000E+00   0.000000E+00   0.188946E+03  -0.377892E+03
   0.105852E+03   0.831073E+01   0.256694E+02   0.130033E+02   0.356246E+02   0.385004E-03   0.167336E-04   0.195650E-03   0.120931E-02   0.192118E+03   0.000000E+00   0.000000E+00   0.192118E+03  -0.384236E+03
   0.105852E+03   0.831073E+01   0.281065E+02   0.180048E+02   0.317109E+02   0.385004E-03   0.167336E-04   0.285322E-03   0.102662E-02   0.191618E+03   0.000000E+00   0.000000E+00   0.191618E+03  -0.383236E+03
   0.105852E+03   0.831073E+01   0.258176E+02   0.157589E+02   0.453096E+02   0.385004E-03   0.167336E-04   0.102829E-03   0.102662E-02   0.191363E+03   0.000000E+00   0.000000E+00   0.191363E+03  -0.382726E+03
   0.105115E+03   0.831073E+01   0.258176E+02   0.732334E+01   0.370427E+02   0.330127E-04   0.167336E-04   0.102829E-03   0.102662E-02   0.190589E+03   0.000000E+00   0.000000E+00   0.190589E+03  -0.381178E+03
   0.105115E+03   0.831073E+01   0.232979E+02   0.196080E+02   0.370427E+02   0.330127E-04   0.167336E-04   0.102829E-03   0.102662E-02   0.192971E+03   0.000000E+00   0.000000E+00   0.192971E+03  -0.385942E+03
   0.105115E+03   0.831073E+01   0.267136E+02   0.156044E+02   0.370427E+02   0.330127E-04   0.167336E-04   0.102829E-03   0.102662E-02   0.193027E+03   0.000000E+00   0.000000E+00   0.193027E+03  -0.386054E+03
   0.105115E+03   0.831073E+01   0.245925E+02   0.210472E+02   0.370427E+02   0.330127E-04   0.167336E-04   0.102829E-03   0.102662E-02   0.192317E+03   0.000000E+00   0.000000E+00   0.192317E+03  -0.384634E+03
   0.105115E+03   0.831073E+01   0.245925E+02   0.215312E+02   0.370427E+02   0.330127E-04   0.167336E-04   0.102829E-03   0.102662E-02   0.192106E+03   0.000000E+00   0.000000E+00   0.192106E+03  -0.384212E+03
   0.106010E+03   0.831073E+01   0.245925E+02   0.206873E+02   0.382544E+02   0.330127E-04   0.167336E-04   0.102829E-03   0.102662E-02   0.192462E+03   0.000000E+00   0.000000E+00   0.192462E+03  -0.384924E+03
   0.106010E+03   0.760757E+01   0.245925E+02   0.206873E+02   0.372337E+02   0.330127E-04   0.167336E-04   0.102829E-03   0.102662E-02   0.191978E+03   0.000000E+00   0.000000E+00   0.191978E+03  -0.383956E+03
   0.106010E+03   0.124401E+02   0.245925E+02   0.205846E+02   0.310087E+02   0.330127E-04   0.167336E-04   0.102829E-03   0.102662E-02   0.191930E+03   0.000000E+00   0.000000E+00   0.191930E+03  -0.383860E+03
   0.106010E+03   0.124401E+02   0.269250E+02   0.205846E+02   0.310087E+02   0.330127E-04   0.167336E-04   0.102829E-03   0.103423E-02   0.192783E+03   0.000000E+00   0.000000E+00   0.192783E+03  -0.385566E+03
   0.106010E+03   0.124401E+02   0.269250E+02   0.265613E+02   0.310087E+02   0.330127E-04   0.167336E-04   0.102829E-03   0.103423E-02   0.193394E+03   0.000000E+00   0.000000E+00   0.193394E+03  -0.386788E+03
   0.106010E+03   0.124401E+02   0.224125E+02   0.265613E+02   0.310087E+02   0.330127E-04   0.167336E-04   0.102829E-03   0.103423E-02   0.192152E+03   0.000000E+00   0.000000E+00   0.192152E+03  -0.384304E+03
   0.106010E+03   0.124401E+02   0.207279E+02   0.265613E+02   0.293367E+02   0.330127E-04   0.167336E-04   0.102829E-03   0.103423E-02   0.190876E+03   0.000000E+00   0.000000E+00   0.190876E+03  -0.381752E+03
   0.106010E+03   0.148021E+02   0.237021E+02   0.265613E+02   0.294369E+02   0.330127E-04   0.167336E-04   0.102829E-03   0.103423E-02   0.192014E+03   0.000000E+00   0.000000E+00   0.192014E+03  -0.384028E+03
   0.103916E+03   0.110925E+02   0.265980E+02   0.210318E+02   0.294369E+02   0.330127E-04   0.167336E-04   0.102829E-03   0.103423E-02   0.190020E+03   0.000000E+00   0.000000E+00   0.190020E+03  -0.380040E+03
   0.103916E+03   0.110925E+02   0.265980E+02   0.210318E+02   0.294369E+02   0.330127E-04   0.167336E-04   0.102829E-03   0.114165E-02   0.189872E+03   0.000000E+00   0.000000E+00   0.189872E+03  -0.379744E+03
   0.103916E+03   0.111384E+02   0.217847E+02   0.155019E+02   0.159819E+02   0.330127E-04   0.167336E-04   0.102829E-03   0.114165E-02   0.191360E+03   0.000000E+00   0.000000E+00   0.191360E+03  -0.382720E+03
   0.103916E+03   0.111384E+02   0.235103E+02   0.149147E+02   0.374082E+02   0.330127E-04   0.167336E-04   0.102829E-03   0.114165E-02   0.188378E+03   0.000000E+00   0.000000E+00   0.188378E+03  -0.376756E+03
   0.103916E+03   0.111384E+02   0.235103E+02   0.149147E+02   0.123299E+02   0.330127E-04   0.167336E-04   0.102829E-03   0.114165E-02   0.189328E+03   0.000000E+00   0.000000E+00   0.189328E+03  -0.378656E+03
   0.103916E+03   0.963646E+01   0.206268E+02   0.193871E+02   0.313509E+02   0.265731E-03   0.167336E-04   0.102829E-03   0.114165E-02   0.192712E+03   0.000000E+00   0.000000E+00   0.192712E+03  -0.385424E+03
   0.103916E+03   0.963646E+01   0.193001E+02   0.193871E+02   0.272307E+02   0.265731E-03   0.167336E-04   0.102829E-03   0.118612E-02   0.193652E+03   0.000000E+00   0.000000E+00   0.193652E+03  -0.387304E+03
   0.103916E+03   0.963646E+01   0.193001E+02   0.193871E+02   0.272307E+02   0.930841E-03   0.167336E-04   0.102829E-03   0.829921E-03   0.190850E+03   0.000000E+00   0.000000E+00   0.190850E+03  -0.381700E+03
   0.103916E+03   0.107485E+02   0.203368E+02   0.193871E+02   0.267279E+02   0.930841E-03   0.167336E-04   0.182532E-03   0.829921E-03   0.190385E+03   0.000000E+00   0.000000E+00   0.190385E+03  -0.380770E+03
   0.103916E+03   0.113522E+02   0.205326E+02   0.193871E+02   0.270986E+02   0.930841E-03   0.163651E-04   0.182532E-03   0.829921E-03   0.190103E+03   0.000000E+00   0.000000E+00   0.190103E+03  -0.380206E+03
   0.103916E+03   0.113522E+02   0.205326E+02   0.270424E+02   0.270986E+02   0.930841E-03   0.163651E-04   0.182532E-03   0.829921E-03   0.189253E+03   0.000000E+00   0.000000E+00   0.189253E+03  -0.378506E+03
   0.103916E+03   0.126978E+02   0.205326E+02   0.270424E+02   0.226104E+02   0.930841E-03   0.163651E-04   0.272911E-04   0.829921E-03   0.190150E+03   0.000000E+00   0.000000E+00   0.190150E+03  -0.380300E+03
   0.103916E+03   0.103662E+02   0.205326E+02   0.216631E+02   0.226104E+02   0.930841E-03   0.163651E-04   0.272911E-04   0.829921E-03   0.190877E+03   0.000000E+00   0.000000E+00   0.190877E+03  -0.381754E+03
   0.103916E+03   0.103662E+02   0.205326E+02   0.216631E+02   0.226104E+02   0.930841E-03   0.103407E-03   0.847415E-04   0.829921E-03   0.190729E+03   0.000000E+00   0.000000E+00   0.190729E+03  -0.381458E+03
   0.103916E+03   0.103662E+02   0.205326E+02   0.216631E+02   0.226104E+02   0.930841E-03   0.103407E-03   0.847415E-04   0.119878E-02   0.191192E+03   0.000000E+00   0.000000E+00   0.191192E+03  -0.382384E+03
   0.103916E+03   0.868019E+01   0.205326E+02   0.126085E+02   0.151382E+02   0.930841E-03   0.103407E-03   0.847415E-04   0.119878E-02   0.189584E+03   0.000000E+00   0.000000E+00   0.189584E+03  -0.379168E+03
   0.103916E+03   0.868019E+01   0.205326E+02   0.126085E+02   0.300671E+02   0.930841E-03   0.103407E-03   0.406070E-03   0.119878E-02   0.189112E+03   0.000000E+00   0.000000E+00   0.189112E+03  -0.378224E+03
   0.103916E+03   0.868019E+01   0.205326E+02   0.126085E+02   0.300671E+02   0.930841E-03   0.103407E-03   0.329577E-03   0.119878E-02   0.189536E+03   0.000000E+00   0.000000E+00   0.189536E+03  -0.379072E+03
   0.103916E+03   0.811482E+01   0.174537E+02   0.133258E+02   0.251483E+02   0.930841E-03   0.103407E-03   0.329577E-03   0.119878E-02   0.190278E+03   0.000000E+00   0.000000E+00   0.190278E+03  -0.380556E+03
   0.103916E+03   0.811482E+01   0.174537E+02   0.133258E+02   0.311816E+02   0.930841E-03   0.103407E-03   0.329577E-03   0.119878E-02   0.189743E+03   0.000000E+00   0.000000E+00   0.189743E+03  -0.379486E+03
   0.103916E+03   0.811482E+01   0.174537E+02   0.133258E+02   0.181551E+02   0.930841E-03   0.103407E-03   0.329577E-03   0.156453E-02   0.189488E+03   0.000000E+00   0.000000E+00   0.189488E+03  -0.378976E+03
   0.103916E+03   0.597665E+01   0.174537E+02   0.186600E+02   0.899176E+01   0.100515E-02   0.162378E-03   0.329577E-03   0.156453E-02   0.186969E+03   0.000000E+00   0.000000E+00   0.186969E+03  -0.373938E+03
   0.103916E+03   0.597665E+01   0.171535E+02   0.186600E+02   0.277952E+02   0.100515E-02   0.162378E-03   0.329577E-03   0.156453E-02   0.188297E+03   0.000000E+00   0.000000E+00   0.188297E+03  -0.376594E+03
   0.105155E+03   0.597665E+01   0.186698E+02   0.139316E+02   0.277952E+02   0.100515E-02   0.162378E-03   0.329577E-03   0.156453E-02   0.188057E+03   0.000000E+00   0.000000E+00   0.188057E+03  -0.376114E+03
   0.105155E+03   0.721488E+01   0.186698E+02   0.139316E+02   0.322071E+02   0.111108E-02   0.162378E-03   0.362552E-03   0.130505E-02   0.188171E+03   0.000000E+00   0.000000E+00   0.188171E+03  -0.376342E+03
   0.105155E+03   0.228582E+01   0.189116E+02   0.647108E+01   0.431854E+02   0.251680E-03   0.162378E-03   0.362552E-03   0.130505E-02   0.189163E+03   0.000000E+00   0.000000E+00   0.189163E+03  -0.378326E+03
   0.105155E+03   0.228582E+01   0.189116E+02   0.913656E+01   0.431854E+02   0.451762E-03   0.162378E-03   0.362552E-03   0.130505E-02   0.188172E+03   0.000000E+00   0.000000E+00   0.188172E+03  -0.376344E+03
   0.105155E+03   0.487238E+01   0.181873E+02   0.358655E+01   0.431854E+02   0.451762E-03   0.233666E-03   0.869396E-04   0.130505E-02   0.188044E+03   0.000000E+00   0.000000E+00   0.188044E+03  -0.376088E+03
   0.105155E+03   0.105795E+01   0.265722E+02  -0.235815E+00   0.431854E+02   0.451762E-03   0.233666E-03   0.869396E-04   0.130505E-02   0.189047E+03   0.000000E+00   0.000000E+00   0.189047E+03  -0.378094E+03
   0.106945E+03   0.105795E+01   0.265722E+02   0.117362E+01   0.431854E+02   0.451762E-03   0.233666E-03   0.869396E-04   0.130505E-02   0.188492E+03   0.000000E+00   0.000000E+00   0.188492E+03  -0.376984E+03
   0.105413E+03   0.105795E+01   0.253776E+02  -0.241906E+01   0.431854E+02   0.451762E-03   0.233666E-03   0.869396E-04   0.130505E-02   0.189115E+03   0.000000E+00   0.000000E+00   0.189115E+03  -0.378230E+03
   0.105413E+03   0.105795E+01   0.253776E+02   0.778238E+01   0.431854E+02   0.444892E-03   0.233666E-03   0.869396E-04   0.130505E-02   0.189096E+03   0.000000E+00   0.000000E+00   0.189096E+03  -0.378192E+03
   0.105413E+03   0.105795E+01   0.229601E+02  -0.812474E+00   0.431854E+02   0.444892E-03   0.233666E-03   0.869396E-04   0.141881E-02   0.189490E+03   0.000000E+00   0.000000E+00   0.189490E+03  -0.378980E+03
   0.105413E+03   0.105795E+01   0.229601E+02  -0.220188E+01   0.431854E+02   0.197065E-02   0.517650E-03   0.869396E-04   0.186261E-02   0.181889E+03   0.000000E+00   0.000000E+00   0.181889E+03  -0.363778E+03
   0.105080E+03   0.105795E+01   0.228821E+02   0.518984E+01   0.267352E+02   0.661546E-03   0.517650E-03   0.869396E-04   0.110871E-02   0.188421E+03   0.000000E+00   0.000000E+00   0.188421E+03  -0.376842E+03
   0.104245E+03   0.105795E+01   0.228821E+02   0.518984E+01   0.211045E+02   0.661546E-03   0.517650E-03   0.869396E-04   0.110871E-02   0.188962E+03   0.000000E+00   0.000000E+00   0.188962E+03  -0.377924E+03
   0.104245E+03   0.105795E+01   0.228821E+02   0.578476E+01   0.211045E+02   0.661546E-03   0.517650E-03   0.869396E-04   0.235386E-02   0.186823E+03   0.000000E+00   0.000000E+00   0.186823E+03  -0.373646E+03
   0.104245E+03   0.105795E+01   0.251004E+02   0.137830E+02   0.264919E+02   0.661546E-03   0.517650E-03   0.869396E-04   0.235386E-02   0.184183E+03   0.000000E+00   0.000000E+00   0.184183E+03  -0.368366E+03
   0.104245E+03   0.105795E+01   0.255770E+02   0.108317E+02   0.337955E+02   0.661546E-03   0.517650E-03   0.869396E-04   0.838243E-03   0.187237E+03   0.000000E+00   0.000000E+00   0.187237E+03  -0.374474E+03
   0.104245E+03   0.105795E+01   0.247606E+02   0.108317E+02   0.337955E+02   0.661546E-03   0.517650E-03   0.869396E-04   0.838243E-03   0.187496E+03   0.000000E+00   0.000000E+00   0.187496E+03  -0.374992E+03
   0.104415E+03   0.916280E+01   0.247606E+02   0.108317E+02   0.336408E+02   0.661546E-03   0.517650E-03   0.869396E-04   0.838243E-03   0.188495E+03   0.000000E+00   0.000000E+00   0.188495E+03  -0.376990E+03
   0.104415E+03   0.916280E+01   0.288909E+02   0.173654E+02   0.354063E+02   0.661546E-03   0.517650E-03   0.869396E-04   0.838243E-03   0.188693E+03   0.000000E+00   0.000000E+00   0.188693E+03  -0.377386E+03
   0.106395E+03   0.916280E+01   0.288909E+02   0.145343E+02   0.354331E+02   0.980140E-06   0.517650E-03   0.869396E-04   0.838243E-03   0.189592E+03   0.000000E+00   0.000000E+00   0.189592E+03  -0.379184E+03
   0.106395E+03   0.916280E+01   0.288909E+02   0.145343E+02   0.389226E+02   0.980140E-06   0.517650E-03   0.869396E-04   0.185971E-02   0.190082E+03   0.000000E+00   0.000000E+00   0.190082E+03  -0.380164E+03
   0.105525E+03   0.108526E+02   0.252211E+02   0.145343E+02   0.389226E+02   0.980140E-06   0.138815E-03   0.869396E-04   0.185971E-02   0.190679E+03   0.000000E+00   0.000000E+00   0.190679E+03  -0.381358E+03
   0.106241E+03   0.103729E+02   0.252211E+02   0.271972E+02   0.389226E+02   0.980140E-06   0.138815E-03   0.869396E-04   0.185971E-02   0.190692E+03   0.000000E+00   0.000000E+00   0.190692E+03  -0.381384E+03
   0.106241E+03   0.103729E+02   0.252211E+02   0.207339E+02   0.309372E+02   0.980140E-06   0.138815E-03   0.869396E-04   0.185971E-02   0.191216E+03   0.000000E+00   0.000000E+00   0.191216E+03  -0.382432E+03
   0.106241E+03   0.103729E+02   0.252211E+02   0.207339E+02   0.366737E+02   0.980140E-06   0.138815E-03   0.869396E-04   0.227316E-02   0.191044E+03   0.000000E+00   0.000000E+00   0.191044E+03  -0.382088E+03
   0.106241E+03   0.103729E+02   0.252211E+02   0.207339E+02   0.342579E+02   0.980140E-06   0.138815E-03   0.869396E-04   0.236250E-02   0.190650E+03   0.000000E+00   0.000000E+00   0.190650E+03  -0.381300E+03
   0.106241E+03   0.103729E+02   0.242040E+02   0.207339E+02   0.382512E+02   0.980140E-06   0.138815E-03   0.869396E-04   0.236250E-02   0.190570E+03   0.000000E+00   0.000000E+00   0.190570E+03  -0.381140E+03
   0.105029E+03   0.103729E+02   0.192613E+02   0.207339E+02   0.282129E+02   0.980140E-06   0.138815E-03   0.869396E-04   0.236250E-02   0.190904E+03   0.000000E+00   0.000000E+00   0.190904E+03  -0.381808E+03
   0.105029E+03   0.111626E+02   0.232839E+02   0.185520E+02   0.282129E+02   0.980140E-06   0.381067E-03   0.869396E-04   0.236250E-02   0.190033E+03   0.000000E+00   0.000000E+00   0.190033E+03  -0.380066E+03
   0.105029E+03   0.931699E+01   0.232839E+02   0.185520E+02   0.282129E+02   0.980140E-06   0.381067E-03   0.869396E-04   0.227594E-02   0.190672E+03   0.000000E+00   0.000000E+00   0.190672E+03  -0.381344E+03
