a0_min         Y1_intercept   Y2_intercept   Y3_intercept   Y4_intercept   LogPost        
   0.101373E+03   0.406465E-03   0.186952E-03   0.210481E-03   0.149889E-02   0.191541E+03
   0.101373E+03   0.406465E-03   0.186952E-03   0.210481E-03   0.149889E-02   0.191541E+03
   0.101373E+03   0.406465E-03   0.186952E-03   0.210481E-03   0.149889E-02   0.191541E+03
   0.101373E+03   0.406465E-03   0.186952E-03   0.210481E-03   0.149889E-02   0.191541E+03
   0.101373E+03   0.406465E-03   0.186952E-03   0.210481E-03   0.149889E-02   0.191541E+03
   0.101373E+03   0.406465E-03   0.186952E-03   0.488109E-04   0.121050E-02   0.192132E+03
   0.101138E+03   0.406465E-03   0.186952E-03   0.488109E-04   0.121050E-02   0.192427E+03
   0.101138E+03   0.406465E-03   0.186952E-03   0.488109E-04   0.121050E-02   0.192427E+03
   0.101138E+03   0.406465E-03   0.752687E-03   0.488109E-04   0.121050E-02   0.189515E+03
   0.101138E+03   0.406465E-03   0.752687E-03   0.488109E-04   0.121050E-02   0.189515E+03
   0.101138E+03   0.109574E-03   0.752687E-03   0.488109E-04   0.121050E-02   0.190048E+03
   0.101138E+03   0.109574E-03   0.752687E-03   0.488109E-04   0.121050E-02   0.190048E+03
   0.101138E+03   0.109574E-03   0.752687E-03   0.488109E-04   0.200568E-02   0.188849E+03
   0.101138E+03   0.354624E-03   0.752687E-03   0.488109E-04   0.221140E-02   0.187979E+03
   0.101138E+03   0.354624E-03   0.752687E-03   0.488109E-04   0.286303E-02   0.186511E+03
   0.101138E+03   0.354624E-03   0.752687E-03   0.488109E-04   0.286303E-02   0.186511E+03
   0.101138E+03   0.354624E-03   0.270541E-03   0.488109E-04   0.201288E-02   0.191058E+03
   0.101138E+03   0.354624E-03   0.270541E-03   0.488109E-04   0.994327E-03   0.191942E+03
   0.101138E+03   0.293415E-04   0.270541E-03   0.488109E-04   0.994327E-03   0.192386E+03
   0.101138E+03   0.293415E-04   0.270541E-03   0.488109E-04   0.994327E-03   0.192386E+03
   0.101138E+03   0.293415E-04   0.270541E-03   0.488109E-04   0.994327E-03   0.192386E+03
   0.101138E+03   0.293415E-04   0.270541E-03   0.488109E-04   0.994327E-03   0.192386E+03
   0.101138E+03   0.293415E-04   0.270541E-03   0.488109E-04   0.994327E-03   0.192386E+03
   0.101138E+03   0.293415E-04   0.270541E-03   0.488109E-04   0.994327E-03   0.192386E+03
   0.101138E+03   0.293415E-04   0.270541E-03   0.488109E-04   0.948983E-03   0.192223E+03
   0.101138E+03   0.293415E-04   0.270541E-03   0.488109E-04   0.948983E-03   0.192223E+03
   0.101138E+03   0.293415E-04   0.270541E-03   0.488109E-04   0.948983E-03   0.192223E+03
   0.101138E+03   0.293415E-04   0.270541E-03   0.488109E-04   0.948983E-03   0.192223E+03
   0.100744E+03   0.293415E-04   0.270541E-03   0.488109E-04   0.948983E-03   0.192524E+03
   0.100744E+03   0.293415E-04   0.270541E-03   0.488109E-04   0.948983E-03   0.192524E+03
   0.100744E+03   0.293415E-04   0.249395E-03   0.488109E-04   0.948983E-03   0.192590E+03
   0.100744E+03   0.293415E-04   0.341389E-03   0.488109E-04   0.428186E-02   0.186460E+03
   0.100744E+03   0.267932E-03   0.341389E-03   0.265258E-03   0.282576E-02   0.188182E+03
   0.100744E+03   0.200001E-03   0.341389E-03   0.265258E-03   0.282576E-02   0.188295E+03
   0.100460E+03   0.200001E-03   0.341389E-03   0.265258E-03   0.282576E-02   0.187918E+03
   0.100460E+03   0.200001E-03   0.341389E-03   0.265258E-03   0.105566E-02   0.191367E+03
   0.100460E+03   0.200001E-03   0.341389E-03   0.265258E-03   0.105566E-02   0.191367E+03
   0.100460E+03   0.200001E-03   0.341389E-03   0.265258E-03   0.105566E-02   0.191367E+03
   0.100460E+03   0.200001E-03   0.341389E-03   0.265258E-03   0.105566E-02   0.191367E+03
   0.100460E+03   0.200001E-03   0.341389E-03   0.265258E-03   0.105566E-02   0.191367E+03
   0.100460E+03   0.200001E-03   0.341389E-03   0.265258E-03   0.105566E-02   0.191367E+03
   0.100460E+03   0.200001E-03   0.341389E-03   0.265258E-03   0.105566E-02   0.191367E+03
   0.101638E+03   0.200001E-03   0.341389E-03   0.265258E-03   0.105566E-02   0.190427E+03
   0.101638E+03   0.200001E-03   0.341389E-03   0.265258E-03   0.105566E-02   0.190427E+03
   0.101638E+03   0.200001E-03   0.341389E-03   0.265258E-03   0.294669E-02   0.187728E+03
   0.101638E+03   0.200001E-03   0.341389E-03   0.265258E-03   0.294669E-02   0.187728E+03
   0.997119E+02   0.200001E-03   0.341389E-03   0.265258E-03   0.377607E-02   0.183767E+03
   0.997119E+02   0.200001E-03   0.341389E-03   0.265258E-03   0.400757E-02   0.183337E+03
   0.997119E+02   0.372580E-03   0.341389E-03   0.190932E-03   0.400757E-02   0.183459E+03
   0.997119E+02   0.625215E-03   0.649763E-03   0.190932E-03   0.251487E-02   0.185321E+03
   0.997119E+02   0.625215E-03   0.649763E-03   0.190932E-03   0.251487E-02   0.185321E+03
   0.100727E+03   0.737517E-03   0.649763E-03   0.190932E-03   0.251487E-02   0.186383E+03
   0.100727E+03   0.737517E-03   0.649763E-03   0.190932E-03   0.251487E-02   0.186383E+03
   0.100727E+03   0.737517E-03   0.649763E-03   0.190932E-03   0.149630E-02   0.188680E+03
   0.100727E+03   0.737517E-03   0.649763E-03   0.190932E-03   0.149630E-02   0.188680E+03
   0.100727E+03   0.737517E-03   0.505535E-03   0.190932E-03   0.149630E-02   0.189447E+03
   0.100727E+03   0.737517E-03   0.505535E-03   0.190932E-03   0.149630E-02   0.189447E+03
   0.100727E+03   0.737517E-03   0.266996E-03   0.190932E-03   0.149630E-02   0.190457E+03
   0.100727E+03   0.737517E-03   0.266996E-03   0.190932E-03   0.149630E-02   0.190457E+03
   0.101179E+03   0.737517E-03   0.266996E-03   0.190932E-03   0.149630E-02   0.190442E+03
   0.101179E+03   0.737517E-03   0.266996E-03   0.190932E-03   0.149630E-02   0.190442E+03
   0.101179E+03   0.737517E-03   0.309721E-03   0.190932E-03   0.149630E-02   0.190263E+03
   0.101179E+03   0.737517E-03   0.309721E-03   0.190932E-03   0.149630E-02   0.190263E+03
   0.100980E+03   0.102561E-02   0.309721E-03   0.190932E-03   0.149630E-02   0.189244E+03
   0.100980E+03   0.102561E-02   0.309721E-03   0.190932E-03   0.149630E-02   0.189244E+03
   0.100980E+03   0.102561E-02   0.309721E-03   0.190932E-03   0.149630E-02   0.189244E+03
   0.101133E+03   0.102561E-02   0.309721E-03   0.190932E-03   0.149630E-02   0.189186E+03
   0.101133E+03   0.600642E-03   0.309721E-03   0.190932E-03   0.149630E-02   0.190785E+03
   0.101133E+03   0.600642E-03   0.309721E-03   0.190932E-03   0.149630E-02   0.190785E+03
   0.101133E+03   0.600642E-03   0.309721E-03   0.190932E-03   0.149630E-02   0.190785E+03
   0.101133E+03   0.600642E-03   0.309721E-03   0.190932E-03   0.149630E-02   0.190785E+03
   0.101133E+03   0.600642E-03   0.309721E-03   0.190932E-03   0.149630E-02   0.190785E+03
   0.101133E+03   0.600642E-03   0.309721E-03   0.190932E-03   0.149630E-02   0.190785E+03
   0.101133E+03   0.187164E-03   0.309721E-03   0.190932E-03   0.149630E-02   0.191829E+03
   0.101133E+03   0.144086E-02   0.309721E-03   0.190932E-03   0.149630E-02   0.187589E+03
   0.101133E+03   0.144086E-02   0.309721E-03   0.190932E-03   0.806818E-03   0.186469E+03
   0.101133E+03   0.144086E-02   0.309721E-03   0.190932E-03   0.224859E-02   0.186036E+03
   0.101133E+03   0.144086E-02   0.309721E-03   0.190932E-03   0.162213E-02   0.187385E+03
   0.101133E+03   0.144086E-02   0.309721E-03   0.190932E-03   0.162213E-02   0.187385E+03
   0.101133E+03   0.144086E-02   0.309721E-03   0.190932E-03   0.976646E-03   0.187409E+03
   0.100696E+03   0.144086E-02   0.309721E-03   0.190932E-03   0.976646E-03   0.187678E+03
   0.100696E+03   0.144086E-02   0.309721E-03   0.190932E-03   0.976646E-03   0.187678E+03
   0.997845E+02   0.189031E-03   0.309721E-03   0.190932E-03   0.976646E-03   0.190431E+03
   0.997845E+02   0.189031E-03   0.309721E-03   0.190932E-03   0.976646E-03   0.190431E+03
   0.997845E+02   0.189031E-03   0.309721E-03   0.190932E-03   0.976646E-03   0.190431E+03
   0.997845E+02   0.189031E-03   0.309721E-03   0.190932E-03   0.976646E-03   0.190431E+03
   0.997845E+02   0.189031E-03   0.309721E-03   0.190932E-03   0.976646E-03   0.190431E+03
   0.997845E+02   0.189031E-03   0.106432E-02   0.190932E-03   0.976646E-03   0.187909E+03
   0.997845E+02   0.189031E-03   0.897570E-03   0.190932E-03   0.976646E-03   0.188646E+03
   0.997845E+02   0.189031E-03   0.897570E-03   0.190932E-03   0.976646E-03   0.188646E+03
   0.997845E+02   0.189031E-03   0.897570E-03   0.190932E-03   0.976646E-03   0.188646E+03
   0.997845E+02   0.189031E-03   0.897570E-03   0.190932E-03   0.783966E-03   0.188135E+03
   0.997845E+02   0.189031E-03   0.897570E-03   0.190932E-03   0.783966E-03   0.188135E+03
   0.997845E+02   0.189031E-03   0.897570E-03   0.613512E-03   0.783966E-03   0.185194E+03
   0.100649E+03   0.417222E-03   0.897570E-03   0.613512E-03   0.783966E-03   0.184611E+03
   0.100649E+03   0.417222E-03   0.897570E-03   0.613512E-03   0.783966E-03   0.184611E+03
   0.100649E+03   0.417222E-03   0.897570E-03   0.613512E-03   0.783966E-03   0.184611E+03
   0.100649E+03   0.417222E-03   0.466105E-03   0.223368E-03   0.783966E-03   0.189701E+03
   0.100437E+03   0.417222E-03   0.466105E-03   0.223368E-03   0.783966E-03   0.189760E+03
   0.100437E+03   0.417222E-03   0.466105E-03   0.223368E-03   0.131085E-02   0.190623E+03
   0.100437E+03   0.417222E-03   0.466105E-03   0.223368E-03   0.131085E-02   0.190623E+03
   0.100437E+03   0.417222E-03   0.466105E-03   0.223368E-03   0.131085E-02   0.190623E+03
   0.100437E+03   0.417222E-03   0.466105E-03   0.223368E-03   0.131085E-02   0.190623E+03
   0.100437E+03   0.417222E-03   0.466105E-03   0.223368E-03   0.148140E-02   0.190361E+03
   0.100437E+03   0.417222E-03   0.466105E-03   0.223368E-03   0.148140E-02   0.190361E+03
   0.100437E+03   0.417222E-03   0.466105E-03   0.433602E-03   0.188579E-02   0.188029E+03
   0.100437E+03   0.417222E-03   0.466105E-03   0.433602E-03   0.188579E-02   0.188029E+03
   0.100437E+03   0.758683E-03   0.661912E-03   0.433602E-03   0.188579E-02   0.186001E+03
   0.996359E+02   0.758683E-03   0.661912E-03   0.433602E-03   0.188579E-02   0.184774E+03
   0.996359E+02   0.722649E-03   0.600803E-03   0.433602E-03   0.188579E-02   0.185081E+03
   0.996359E+02   0.722649E-03   0.600803E-03   0.433602E-03   0.188579E-02   0.185081E+03
   0.996359E+02   0.722649E-03   0.600803E-03   0.410065E-03   0.188579E-02   0.185253E+03
   0.102459E+03   0.722649E-03   0.600803E-03   0.588944E-03   0.188579E-02   0.183631E+03
   0.102459E+03   0.722649E-03   0.600803E-03   0.588944E-03   0.188579E-02   0.183631E+03
   0.102459E+03   0.722649E-03   0.271553E-03   0.122384E-02   0.188579E-02   0.181960E+03
   0.102141E+03   0.722649E-03   0.271553E-03   0.107564E-02   0.130757E-02   0.183881E+03
   0.102141E+03   0.896143E-03   0.271553E-03   0.107564E-02   0.130757E-02   0.183273E+03
   0.102645E+03   0.896143E-03   0.271553E-03   0.107564E-02   0.113618E-02   0.181777E+03
   0.102645E+03   0.896143E-03   0.454321E-03   0.107564E-02   0.113618E-02   0.180883E+03
   0.102473E+03   0.896143E-03   0.454321E-03   0.107564E-02   0.113618E-02   0.181328E+03
   0.102473E+03   0.667888E-04   0.454321E-03   0.107564E-02   0.113618E-02   0.183185E+03
   0.102473E+03   0.475144E-04   0.454321E-03   0.617249E-03   0.113618E-02   0.185742E+03
   0.101352E+03   0.331332E-03   0.454321E-03   0.617249E-03   0.131290E-02   0.188086E+03
   0.101352E+03   0.331332E-03   0.454321E-03   0.617249E-03   0.131290E-02   0.188086E+03
   0.101352E+03   0.171497E-03   0.454321E-03   0.617249E-03   0.139527E-02   0.188319E+03
   0.101352E+03   0.171497E-03   0.454321E-03   0.617249E-03   0.108249E-02   0.188204E+03
   0.101352E+03   0.171497E-03   0.454321E-03   0.617249E-03   0.108249E-02   0.188204E+03
   0.101352E+03   0.171497E-03   0.454321E-03   0.617249E-03   0.108249E-02   0.188204E+03
   0.101352E+03   0.171497E-03   0.463168E-03   0.617249E-03   0.108249E-02   0.188153E+03
   0.101352E+03   0.171497E-03   0.463168E-03   0.617249E-03   0.108249E-02   0.188153E+03
   0.101352E+03   0.171497E-03   0.463168E-03   0.617249E-03   0.108249E-02   0.188153E+03
   0.101352E+03   0.171497E-03   0.173851E-03   0.617249E-03   0.147426E-02   0.189509E+03
   0.101352E+03   0.171497E-03   0.173851E-03   0.617249E-03   0.147426E-02   0.189509E+03
   0.101352E+03   0.171497E-03   0.173851E-03   0.617249E-03   0.147426E-02   0.189509E+03
   0.101352E+03   0.171497E-03   0.173851E-03   0.617249E-03   0.103692E-02   0.189365E+03
   0.101352E+03   0.171497E-03   0.173851E-03   0.554047E-03   0.154046E-02   0.189873E+03
   0.101352E+03   0.171497E-03   0.173851E-03   0.554047E-03   0.154046E-02   0.189873E+03
   0.101352E+03   0.171497E-03   0.173851E-03   0.554047E-03   0.154046E-02   0.189873E+03
   0.101352E+03   0.171497E-03   0.173851E-03   0.554047E-03   0.154046E-02   0.189873E+03
   0.101352E+03   0.171497E-03   0.173851E-03   0.554047E-03   0.154046E-02   0.189873E+03
   0.101352E+03   0.171497E-03   0.173851E-03   0.454959E-03   0.154046E-02   0.190570E+03
   0.101352E+03   0.171497E-03   0.173851E-03   0.454959E-03   0.154046E-02   0.190570E+03
   0.101352E+03   0.171497E-03   0.173851E-03   0.454959E-03   0.154046E-02   0.190570E+03
   0.101352E+03   0.171497E-03   0.173851E-03   0.454959E-03   0.154046E-02   0.190570E+03
   0.101352E+03   0.171497E-03   0.173851E-03   0.367180E-03   0.154046E-02   0.191154E+03
   0.101352E+03   0.171497E-03   0.173851E-03   0.367180E-03   0.154046E-02   0.191154E+03
   0.101352E+03   0.171497E-03   0.173851E-03   0.367180E-03   0.154046E-02   0.191154E+03
   0.101352E+03   0.986091E-04   0.173851E-03   0.367180E-03   0.154046E-02   0.191226E+03
   0.101352E+03   0.986091E-04   0.173851E-03   0.367180E-03   0.151293E-02   0.191264E+03
   0.101352E+03   0.446626E-04   0.173851E-03   0.367180E-03   0.953617E-03   0.190902E+03
   0.101352E+03   0.446626E-04   0.173851E-03   0.367180E-03   0.270850E-02   0.188800E+03
   0.101352E+03   0.446626E-04   0.173851E-03   0.367180E-03   0.222305E-02   0.189885E+03
   0.101066E+03   0.446626E-04   0.173851E-03   0.367180E-03   0.222305E-02   0.189923E+03
   0.101066E+03   0.446626E-04   0.173851E-03   0.367180E-03   0.222305E-02   0.189923E+03
   0.101522E+03   0.446626E-04   0.173851E-03   0.367180E-03   0.135021E-02   0.191245E+03
   0.101522E+03   0.446626E-04   0.173851E-03   0.367180E-03   0.135021E-02   0.191245E+03
   0.101522E+03   0.326197E-04   0.173851E-03   0.367180E-03   0.136152E-02   0.191244E+03
   0.101522E+03   0.326197E-04   0.173851E-03   0.367180E-03   0.136152E-02   0.191244E+03
   0.101522E+03   0.132698E-04   0.173851E-03   0.384238E-03   0.136152E-02   0.191143E+03
   0.101522E+03   0.132698E-04   0.173851E-03   0.384238E-03   0.136152E-02   0.191143E+03
   0.101522E+03   0.132698E-04   0.173851E-03   0.384238E-03   0.136152E-02   0.191143E+03
   0.101801E+03   0.132698E-04   0.173851E-03   0.384238E-03   0.136152E-02   0.190626E+03
   0.101801E+03   0.132698E-04   0.173851E-03   0.384238E-03   0.136152E-02   0.190626E+03
   0.101553E+03   0.132698E-04   0.173851E-03   0.381725E-03   0.136152E-02   0.191114E+03
   0.100359E+03   0.132698E-04   0.173851E-03   0.381725E-03   0.161692E-02   0.190312E+03
   0.102266E+03   0.132698E-04   0.173851E-03   0.381725E-03   0.161692E-02   0.189115E+03
   0.102266E+03   0.132698E-04   0.662201E-04   0.606438E-04   0.194747E-02   0.189524E+03
   0.100787E+03   0.132698E-04   0.662201E-04   0.606438E-04   0.194747E-02   0.192050E+03
   0.100787E+03   0.132698E-04   0.662201E-04   0.606438E-04   0.194747E-02   0.192050E+03
   0.100787E+03   0.132698E-04   0.662201E-04   0.606438E-04   0.166563E-02   0.192674E+03
   0.101113E+03   0.132698E-04   0.662201E-04   0.606438E-04   0.166563E-02   0.192754E+03
   0.101007E+03   0.132698E-04   0.662201E-04   0.606438E-04   0.166563E-02   0.192769E+03
   0.101280E+03   0.132698E-04   0.662201E-04   0.606438E-04   0.166563E-02   0.192645E+03
   0.101280E+03   0.132698E-04   0.662201E-04   0.606438E-04   0.166563E-02   0.192645E+03
   0.101280E+03   0.132698E-04   0.662201E-04   0.606438E-04   0.166563E-02   0.192645E+03
   0.100581E+03   0.132698E-04   0.662201E-04   0.606438E-04   0.130958E-02   0.193025E+03
   0.100547E+03   0.132698E-04   0.662201E-04   0.606438E-04   0.130958E-02   0.192982E+03
   0.100547E+03   0.132698E-04   0.662201E-04   0.144571E-04   0.130958E-02   0.193032E+03
   0.100547E+03   0.132698E-04   0.662201E-04   0.144571E-04   0.130958E-02   0.193032E+03
   0.100547E+03   0.132698E-04   0.662201E-04   0.144571E-04   0.130958E-02   0.193032E+03
   0.100547E+03   0.132698E-04   0.221277E-03   0.641896E-04   0.825291E-03   0.192056E+03
   0.100547E+03   0.132698E-04   0.221277E-03   0.641896E-04   0.825291E-03   0.192056E+03
   0.100547E+03   0.132698E-04   0.249737E-03   0.641896E-04   0.825291E-03   0.191987E+03
   0.100547E+03   0.132698E-04   0.249737E-03   0.641896E-04   0.825291E-03   0.191987E+03
   0.100534E+03   0.132698E-04   0.249737E-03   0.641896E-04   0.825291E-03   0.191980E+03
   0.101247E+03   0.132698E-04   0.249737E-03   0.641896E-04   0.218408E-02   0.191103E+03
   0.101247E+03   0.132698E-04   0.249737E-03   0.641896E-04   0.277495E-02   0.189776E+03
   0.101247E+03   0.132698E-04   0.249737E-03   0.641896E-04   0.277495E-02   0.189776E+03
   0.101247E+03   0.132698E-04   0.249737E-03   0.641896E-04   0.193220E-02   0.191664E+03
   0.101247E+03   0.132698E-04   0.249737E-03   0.641896E-04   0.193220E-02   0.191664E+03
   0.102032E+03   0.225633E-03   0.249737E-03   0.641896E-04   0.193220E-02   0.189803E+03
   0.991970E+02   0.225633E-03   0.249737E-03   0.641896E-04   0.193220E-02   0.186157E+03
   0.102936E+03   0.225633E-03   0.249737E-03   0.641896E-04   0.193220E-02   0.185393E+03
   0.102180E+03   0.294307E-03   0.192855E-05   0.641896E-04   0.193220E-02   0.189701E+03
   0.102180E+03   0.294307E-03   0.192855E-05   0.641896E-04   0.193220E-02   0.189701E+03
   0.102180E+03   0.294307E-03   0.219879E-03   0.641896E-04   0.193220E-02   0.189267E+03
   0.101472E+03   0.430051E-03   0.219879E-03   0.641896E-04   0.193220E-02   0.190876E+03
   0.101472E+03   0.430051E-03   0.219879E-03   0.641896E-04   0.193220E-02   0.190876E+03
   0.101250E+03   0.430051E-03   0.219879E-03   0.770764E-04   0.140232E-02   0.192031E+03
   0.101250E+03   0.527635E-03   0.292449E-03   0.770764E-04   0.140232E-02   0.191459E+03
   0.101250E+03   0.527635E-03   0.292449E-03   0.770764E-04   0.140232E-02   0.191459E+03
   0.101250E+03   0.527635E-03   0.292449E-03   0.770764E-04   0.140232E-02   0.191459E+03
   0.101250E+03   0.527635E-03   0.292449E-03   0.770764E-04   0.140232E-02   0.191459E+03
   0.100746E+03   0.481991E-03   0.315893E-03   0.143965E-03   0.140232E-02   0.191510E+03
   0.100061E+03   0.481991E-03   0.315893E-03   0.143965E-03   0.140232E-02   0.190509E+03
   0.101396E+03   0.481991E-03   0.315893E-03   0.208137E-03   0.140232E-02   0.190892E+03
   0.101396E+03   0.396662E-03   0.256757E-03   0.208137E-03   0.193769E-02   0.190502E+03
   0.100362E+03   0.396662E-03   0.256757E-03   0.208137E-03   0.193769E-02   0.190028E+03
   0.100362E+03   0.396662E-03   0.256757E-03   0.208137E-03   0.127343E-02   0.191374E+03
   0.100362E+03   0.396662E-03   0.256757E-03   0.208137E-03   0.127343E-02   0.191374E+03
   0.100362E+03   0.396662E-03   0.256757E-03   0.208137E-03   0.127343E-02   0.191374E+03
   0.100362E+03   0.396662E-03   0.256757E-03   0.208137E-03   0.127343E-02   0.191374E+03
   0.100362E+03   0.396662E-03   0.256757E-03   0.208137E-03   0.137809E-02   0.191238E+03
   0.100362E+03   0.338152E-03   0.256757E-03   0.208137E-03   0.137809E-02   0.191375E+03
   0.101877E+03   0.338152E-03   0.256757E-03   0.208137E-03   0.137809E-02   0.190507E+03
   0.100902E+03   0.338152E-03   0.256757E-03   0.208137E-03   0.148691E-02   0.191740E+03
   0.100902E+03   0.373438E-03   0.256757E-03   0.208137E-03   0.148691E-02   0.191656E+03
   0.100902E+03   0.373438E-03   0.256757E-03   0.344849E-03   0.148691E-02   0.190835E+03
   0.101570E+03   0.373438E-03   0.256757E-03   0.344849E-03   0.148691E-02   0.190424E+03
   0.101570E+03   0.373438E-03   0.256757E-03   0.344849E-03   0.153765E-02   0.190364E+03
   0.101570E+03   0.373438E-03   0.256757E-03   0.344849E-03   0.153765E-02   0.190364E+03
   0.101576E+03   0.373438E-03   0.256757E-03   0.344849E-03   0.153765E-02   0.190349E+03
   0.100408E+03   0.105218E-03   0.256757E-03   0.252879E-03   0.153765E-02   0.191275E+03
   0.100408E+03   0.105218E-03   0.256757E-03   0.252879E-03   0.153765E-02   0.191275E+03
   0.100408E+03   0.105218E-03   0.372446E-03   0.252879E-03   0.160749E-02   0.190801E+03
   0.100408E+03   0.105218E-03   0.372446E-03   0.252879E-03   0.160749E-02   0.190801E+03
   0.100408E+03   0.670874E-03   0.372446E-03   0.252879E-03   0.160749E-02   0.189471E+03
   0.100408E+03   0.670874E-03   0.372446E-03   0.315693E-03   0.160749E-02   0.189063E+03
   0.100408E+03   0.670874E-03   0.372446E-03   0.315693E-03   0.160749E-02   0.189063E+03
   0.100408E+03   0.670874E-03   0.372446E-03   0.315693E-03   0.160749E-02   0.189063E+03
   0.100408E+03   0.373424E-03   0.372446E-03   0.315693E-03   0.160749E-02   0.189960E+03
   0.100408E+03   0.178920E-03   0.372446E-03   0.315693E-03   0.160749E-02   0.190319E+03
   0.101304E+03   0.206187E-03   0.372446E-03   0.315693E-03   0.160749E-02   0.190545E+03
   0.101304E+03   0.206187E-03   0.372446E-03   0.315693E-03   0.160749E-02   0.190545E+03
   0.101304E+03   0.206187E-03   0.372446E-03   0.315693E-03   0.160749E-02   0.190545E+03
   0.101304E+03   0.206187E-03   0.372446E-03   0.315693E-03   0.160749E-02   0.190545E+03
   0.101304E+03   0.206187E-03   0.372446E-03   0.315693E-03   0.174866E-02   0.190289E+03
   0.101304E+03   0.206187E-03   0.372446E-03   0.315693E-03   0.174866E-02   0.190289E+03
   0.100409E+03   0.206187E-03   0.372446E-03   0.315693E-03   0.174866E-02   0.189967E+03
   0.100409E+03   0.206187E-03   0.372446E-03   0.365743E-03   0.174866E-02   0.189611E+03
   0.100145E+03   0.595645E-03   0.372446E-03   0.918569E-03   0.174866E-02   0.184053E+03
   0.100145E+03   0.595645E-03   0.372446E-03   0.918569E-03   0.174866E-02   0.184053E+03
   0.100145E+03   0.595645E-03   0.372446E-03   0.918569E-03   0.174866E-02   0.184053E+03
   0.100145E+03   0.595645E-03   0.146639E-03   0.918569E-03   0.174866E-02   0.184397E+03
   0.100145E+03   0.730317E-03   0.146639E-03   0.475769E-03   0.174866E-02   0.187212E+03
   0.100145E+03   0.730317E-03   0.146639E-03   0.106937E-02   0.174866E-02   0.182985E+03
   0.100145E+03   0.730317E-03   0.146639E-03   0.106937E-02   0.174866E-02   0.182985E+03
   0.100145E+03   0.104833E-02   0.146639E-03   0.106937E-02   0.174866E-02   0.181812E+03
   0.100886E+03   0.496274E-03   0.146639E-03   0.652885E-03   0.984957E-03   0.188482E+03
   0.100886E+03   0.496274E-03   0.146639E-03   0.652885E-03   0.984957E-03   0.188482E+03
   0.100495E+03   0.496274E-03   0.146639E-03   0.652885E-03   0.984957E-03   0.188190E+03
   0.100495E+03   0.496274E-03   0.146639E-03   0.652885E-03   0.726476E-03   0.186890E+03
   0.100495E+03   0.569874E-03   0.198377E-03   0.652885E-03   0.726476E-03   0.186578E+03
   0.100495E+03   0.569874E-03   0.198377E-03   0.652885E-03   0.997505E-03   0.187903E+03
   0.100495E+03   0.569874E-03   0.198377E-03   0.652885E-03   0.733759E-03   0.186642E+03
   0.100495E+03   0.178693E-03   0.198377E-03   0.838762E-03   0.733759E-03   0.186216E+03
   0.100495E+03   0.178693E-03   0.198377E-03   0.838762E-03   0.111388E-02   0.187604E+03
   0.100495E+03   0.600423E-03   0.198377E-03   0.838762E-03   0.111388E-02   0.186577E+03
   0.100495E+03   0.600423E-03   0.198377E-03   0.838762E-03   0.111388E-02   0.186577E+03
   0.100495E+03   0.600423E-03   0.198377E-03   0.838762E-03   0.111388E-02   0.186577E+03
   0.100495E+03   0.740832E-03   0.198377E-03   0.167944E-03   0.111388E-02   0.190845E+03
   0.100495E+03   0.740832E-03   0.198377E-03   0.167944E-03   0.111388E-02   0.190845E+03
   0.100191E+03   0.740832E-03   0.198377E-03   0.167944E-03   0.111388E-02   0.190366E+03
   0.100191E+03   0.740832E-03   0.198377E-03   0.167944E-03   0.111388E-02   0.190366E+03
   0.100327E+03   0.370554E-03   0.198377E-03   0.167944E-03   0.111388E-02   0.191767E+03
   0.100327E+03   0.370554E-03   0.198377E-03   0.167944E-03   0.115055E-02   0.191766E+03
   0.100327E+03   0.581414E-03   0.198377E-03   0.167944E-03   0.136941E-02   0.190965E+03
   0.100327E+03   0.581414E-03   0.198377E-03   0.590498E-04   0.136941E-02   0.191309E+03
   0.100327E+03   0.581414E-03   0.509305E-05   0.130308E-03   0.136941E-02   0.191253E+03
   0.100327E+03   0.581414E-03   0.509305E-05   0.130308E-03   0.136941E-02   0.191253E+03
   0.100327E+03   0.416273E-03   0.509305E-05   0.130308E-03   0.136941E-02   0.191735E+03
   0.101236E+03   0.719576E-03   0.509305E-05   0.130308E-03   0.136941E-02   0.191383E+03
   0.101236E+03   0.719576E-03   0.509305E-05   0.130308E-03   0.136941E-02   0.191383E+03
   0.101386E+03   0.114309E-02   0.509305E-05   0.130308E-03   0.136941E-02   0.189594E+03
   0.101386E+03   0.114309E-02   0.509305E-05   0.130308E-03   0.136941E-02   0.189594E+03
   0.101386E+03   0.114309E-02   0.509305E-05   0.130308E-03   0.136941E-02   0.189594E+03
   0.101386E+03   0.626109E-03   0.509305E-05   0.130308E-03   0.136941E-02   0.191552E+03
   0.101386E+03   0.518201E-03   0.509305E-05   0.130308E-03   0.136941E-02   0.191905E+03
   0.100987E+03   0.518201E-03   0.172844E-03   0.130308E-03   0.136941E-02   0.191968E+03
   0.100114E+03   0.518201E-03   0.172844E-03   0.130308E-03   0.136941E-02   0.190820E+03
   0.101320E+03   0.515593E-03   0.172844E-03   0.130308E-03   0.136941E-02   0.191749E+03
   0.101320E+03   0.913668E-03   0.527345E-03   0.130308E-03   0.136941E-02   0.188628E+03
   0.101320E+03   0.913668E-03   0.527345E-03   0.438328E-03   0.136421E-02   0.187000E+03
   0.101791E+03   0.513735E-03   0.527345E-03   0.438328E-03   0.136421E-02   0.187710E+03
   0.101791E+03   0.513735E-03   0.527345E-03   0.112643E-03   0.136421E-02   0.189067E+03
   0.101791E+03   0.513735E-03   0.545942E-03   0.813152E-03   0.136421E-02   0.185176E+03
   0.101791E+03   0.513735E-03   0.545942E-03   0.813152E-03   0.136421E-02   0.185176E+03
   0.100708E+03   0.513735E-03   0.545942E-03   0.813152E-03   0.259260E-02   0.183107E+03
   0.100708E+03   0.513735E-03   0.545942E-03   0.813152E-03   0.104549E-02   0.185808E+03
   0.100708E+03   0.513735E-03   0.545942E-03   0.813152E-03   0.104549E-02   0.185808E+03
   0.100708E+03   0.513735E-03   0.545942E-03   0.393588E-04   0.104549E-02   0.190686E+03
   0.100708E+03   0.513735E-03   0.545942E-03   0.393588E-04   0.101669E-02   0.190636E+03
   0.100708E+03   0.513735E-03   0.109194E-03   0.393588E-04   0.101669E-02   0.192191E+03
   0.100708E+03   0.513735E-03   0.109194E-03   0.393588E-04   0.101669E-02   0.192191E+03
   0.100708E+03   0.513735E-03   0.109194E-03   0.393588E-04   0.110307E-02   0.192308E+03
   0.100708E+03   0.513735E-03   0.109194E-03   0.393588E-04   0.110307E-02   0.192308E+03
   0.100708E+03   0.513735E-03   0.109194E-03   0.393588E-04   0.110307E-02   0.192308E+03
   0.100708E+03   0.513735E-03   0.415574E-03   0.393588E-04   0.990004E-03   0.191213E+03
   0.101914E+03   0.513735E-03   0.415574E-03   0.393588E-04   0.990004E-03   0.188773E+03
   0.101914E+03   0.513735E-03   0.415574E-03   0.393588E-04   0.190738E-02   0.188765E+03
   0.101914E+03   0.513735E-03   0.415574E-03   0.393588E-04   0.162185E-02   0.189241E+03
   0.101914E+03   0.513735E-03   0.415574E-03   0.393588E-04   0.162185E-02   0.189241E+03
   0.101914E+03   0.513735E-03   0.415574E-03   0.393588E-04   0.162185E-02   0.189241E+03
   0.101914E+03   0.513735E-03   0.415574E-03   0.393588E-04   0.162185E-02   0.189241E+03
   0.101914E+03   0.513735E-03   0.415574E-03   0.393588E-04   0.162185E-02   0.189241E+03
   0.101914E+03   0.513735E-03   0.696706E-03   0.393588E-04   0.162185E-02   0.187501E+03
   0.101914E+03   0.513735E-03   0.696706E-03   0.393588E-04   0.162185E-02   0.187501E+03
   0.101339E+03   0.726684E-03   0.696706E-03   0.393588E-04   0.165372E-02   0.188076E+03
   0.101339E+03   0.726684E-03   0.696706E-03   0.393588E-04   0.165372E-02   0.188076E+03
   0.101339E+03   0.725208E-03   0.696706E-03   0.393588E-04   0.165372E-02   0.188081E+03
   0.101339E+03   0.102033E-02   0.696706E-03   0.393588E-04   0.165372E-02   0.186951E+03
   0.101339E+03   0.102033E-02   0.696706E-03   0.393588E-04   0.165167E-02   0.186955E+03
   0.101339E+03   0.102033E-02   0.262370E-03   0.393588E-04   0.165167E-02   0.189371E+03
   0.101339E+03   0.102033E-02   0.262370E-03   0.393588E-04   0.147620E-02   0.189633E+03
   0.100153E+03   0.102375E-02   0.294266E-04   0.393588E-04   0.147620E-02   0.189236E+03
   0.100153E+03   0.102375E-02   0.404789E-03   0.393588E-04   0.147620E-02   0.188758E+03
   0.100153E+03   0.145024E-02   0.404789E-03   0.393588E-04   0.147620E-02   0.187165E+03
   0.100153E+03   0.104790E-02   0.404789E-03   0.393588E-04   0.147620E-02   0.188666E+03
   0.101402E+03   0.104790E-02   0.404789E-03   0.393588E-04   0.153440E-02   0.188677E+03
   0.101402E+03   0.104790E-02   0.404789E-03   0.281773E-04   0.195853E-02   0.187901E+03
   0.101402E+03   0.104790E-02   0.404789E-03   0.281773E-04   0.195853E-02   0.187901E+03
   0.101402E+03   0.104790E-02   0.404789E-03   0.281773E-04   0.195853E-02   0.187901E+03
   0.101402E+03   0.470079E-03   0.404789E-03   0.281773E-04   0.195853E-02   0.189986E+03
   0.101356E+03   0.282179E-03   0.404789E-03   0.281773E-04   0.195853E-02   0.190506E+03
   0.101356E+03   0.282179E-03   0.404789E-03   0.281773E-04   0.195853E-02   0.190506E+03
   0.101356E+03   0.282179E-03   0.404789E-03   0.281773E-04   0.195853E-02   0.190506E+03
   0.101356E+03   0.282179E-03   0.404789E-03   0.281773E-04   0.195853E-02   0.190506E+03
   0.101356E+03   0.282179E-03   0.404789E-03   0.281773E-04   0.195853E-02   0.190506E+03
   0.101356E+03   0.282179E-03   0.934322E-03   0.281773E-04   0.195853E-02   0.187342E+03
   0.101356E+03   0.582423E-03   0.934322E-03   0.281773E-04   0.195853E-02   0.186527E+03
   0.101036E+03   0.582423E-03   0.131016E-03   0.281773E-04   0.761290E-03   0.190471E+03
   0.101036E+03   0.582423E-03   0.131016E-03   0.281773E-04   0.204252E-02   0.190786E+03
   0.101036E+03   0.582423E-03   0.131016E-03   0.281773E-04   0.204252E-02   0.190786E+03
   0.101036E+03   0.211544E-03   0.131016E-03   0.281773E-04   0.204252E-02   0.191734E+03
   0.101036E+03   0.176408E-03   0.131016E-03   0.281773E-04   0.204252E-02   0.191784E+03
   0.100712E+03   0.176408E-03   0.131016E-03   0.281773E-04   0.204252E-02   0.191591E+03
   0.100712E+03   0.176408E-03   0.131016E-03   0.281773E-04   0.204252E-02   0.191591E+03
   0.100712E+03   0.176408E-03   0.131016E-03   0.281773E-04   0.204252E-02   0.191591E+03
   0.100712E+03   0.495057E-03   0.131016E-03   0.281773E-04   0.204252E-02   0.190880E+03
   0.100712E+03   0.495057E-03   0.131016E-03   0.281773E-04   0.204252E-02   0.190880E+03
   0.100712E+03   0.513359E-03   0.131016E-03   0.281773E-04   0.204252E-02   0.190824E+03
   0.100712E+03   0.374988E-03   0.131016E-03   0.486267E-03   0.204252E-02   0.188758E+03
   0.101549E+03   0.374988E-03   0.131016E-03   0.230073E-03   0.204252E-02   0.190459E+03
   0.101549E+03   0.443625E-04   0.179990E-03   0.230073E-03   0.204252E-02   0.190799E+03
   0.101549E+03   0.498963E-03   0.179990E-03   0.230073E-03   0.204252E-02   0.189988E+03
   0.101549E+03   0.498963E-03   0.179990E-03   0.230073E-03   0.204252E-02   0.189988E+03
   0.100771E+03   0.688402E-03   0.179990E-03   0.230073E-03   0.321176E-02   0.186877E+03
   0.100771E+03   0.688402E-03   0.179990E-03   0.230073E-03   0.548428E-03   0.186661E+03
   0.100771E+03   0.688402E-03   0.179990E-03   0.230073E-03   0.548428E-03   0.186661E+03
   0.100771E+03   0.688402E-03   0.179990E-03   0.230073E-03   0.548428E-03   0.186661E+03
   0.100771E+03   0.688402E-03   0.179990E-03   0.401965E-06   0.254660E-02   0.189021E+03
   0.100771E+03   0.688402E-03   0.179990E-03   0.197813E-03   0.254660E-02   0.188507E+03
   0.101061E+03   0.688402E-03   0.179990E-03   0.265963E-03   0.254660E-02   0.188323E+03
   0.100948E+03   0.688402E-03   0.179990E-03   0.121969E-03   0.254660E-02   0.188940E+03
   0.100948E+03   0.688402E-03   0.373783E-04   0.106170E-03   0.254660E-02   0.189206E+03
   0.100948E+03   0.688402E-03   0.373783E-04   0.106170E-03   0.254660E-02   0.189206E+03
   0.100948E+03   0.688402E-03   0.373783E-04   0.106170E-03   0.254660E-02   0.189206E+03
   0.101255E+03   0.688402E-03   0.373783E-04   0.106170E-03   0.352009E-02   0.187172E+03
   0.101255E+03   0.688402E-03   0.373783E-04   0.173944E-03   0.352009E-02   0.186959E+03
   0.101806E+03   0.737144E-03   0.373783E-04   0.173944E-03   0.409233E-02   0.185114E+03
   0.101806E+03   0.737144E-03   0.373783E-04   0.173944E-03   0.290118E-02   0.187373E+03
   0.101709E+03   0.737144E-03   0.373783E-04   0.173944E-03   0.182736E-02   0.189842E+03
   0.101709E+03   0.737144E-03   0.373783E-04   0.173944E-03   0.279645E-02   0.187785E+03
   0.101709E+03   0.103838E-02   0.373783E-04   0.173944E-03   0.279645E-02   0.186653E+03
   0.101709E+03   0.326565E-03   0.373783E-04   0.173944E-03   0.279645E-02   0.189012E+03
   0.101709E+03   0.326565E-03   0.373783E-04   0.264985E-03   0.255227E-02   0.189200E+03
   0.101709E+03   0.326565E-03   0.373783E-04   0.264985E-03   0.255227E-02   0.189200E+03
   0.101709E+03   0.326565E-03   0.373783E-04   0.264985E-03   0.255227E-02   0.189200E+03
   0.101709E+03   0.185203E-03   0.373783E-04   0.264985E-03   0.163629E-02   0.191302E+03
   0.101709E+03   0.185203E-03   0.373783E-04   0.264985E-03   0.163629E-02   0.191302E+03
   0.101709E+03   0.185203E-03   0.373783E-04   0.245533E-03   0.163629E-02   0.191384E+03
   0.101709E+03   0.185203E-03   0.373783E-04   0.245533E-03   0.163629E-02   0.191384E+03
   0.101156E+03   0.185203E-03   0.373783E-04   0.245533E-03   0.128585E-02   0.192460E+03
   0.100796E+03   0.185203E-03   0.373783E-04   0.245533E-03   0.128585E-02   0.192434E+03
   0.100796E+03   0.382395E-03   0.373783E-04   0.245533E-03   0.128585E-02   0.192047E+03
   0.100796E+03   0.382395E-03   0.373783E-04   0.245533E-03   0.146311E-02   0.191842E+03
   0.100796E+03   0.382395E-03   0.373783E-04   0.245533E-03   0.146311E-02   0.191842E+03
   0.100796E+03   0.382395E-03   0.373783E-04   0.245533E-03   0.143596E-02   0.191883E+03
   0.100796E+03   0.382395E-03   0.373783E-04   0.245533E-03   0.143596E-02   0.191883E+03
   0.100796E+03   0.382395E-03   0.762255E-04   0.245533E-03   0.143596E-02   0.191855E+03
   0.100479E+03   0.382395E-03   0.762255E-04   0.245533E-03   0.143596E-02   0.191440E+03
   0.101714E+03   0.382395E-03   0.762255E-04   0.245533E-03   0.143596E-02   0.191207E+03
   0.101714E+03   0.382395E-03   0.762255E-04   0.245533E-03   0.143596E-02   0.191207E+03
   0.101572E+03   0.382395E-03   0.762255E-04   0.245533E-03   0.143596E-02   0.191480E+03
   0.101572E+03   0.382395E-03   0.762255E-04   0.245533E-03   0.143596E-02   0.191480E+03
   0.101708E+03   0.382395E-03   0.762255E-04   0.245533E-03   0.123296E-02   0.191225E+03
   0.101795E+03   0.387847E-04   0.762255E-04   0.245533E-03   0.123296E-02   0.191502E+03
   0.101795E+03   0.387847E-04   0.762255E-04   0.245533E-03   0.123296E-02   0.191502E+03
   0.100473E+03   0.387847E-04   0.762255E-04   0.187235E-04   0.123296E-02   0.192959E+03
   0.100473E+03   0.387847E-04   0.762255E-04   0.187235E-04   0.123296E-02   0.192959E+03
   0.100473E+03   0.387847E-04   0.762255E-04   0.209543E-03   0.123296E-02   0.192367E+03
   0.100385E+03   0.387847E-04   0.762255E-04   0.274771E-04   0.123296E-02   0.192806E+03
   0.100385E+03   0.387847E-04   0.762255E-04   0.274771E-04   0.127630E-02   0.192768E+03
   0.100385E+03   0.387847E-04   0.762255E-04   0.274771E-04   0.127630E-02   0.192768E+03
   0.100385E+03   0.387847E-04   0.139247E-03   0.274771E-04   0.127630E-02   0.192717E+03
   0.100385E+03   0.235559E-03   0.139247E-03   0.274771E-04   0.127630E-02   0.192528E+03
   0.100385E+03   0.235559E-03   0.141178E-03   0.274771E-04   0.982567E-03   0.192463E+03
   0.100385E+03   0.235559E-03   0.141178E-03   0.274771E-04   0.982567E-03   0.192463E+03
   0.994525E+02   0.235559E-03   0.141178E-03   0.274771E-04   0.982567E-03   0.189403E+03
   0.996432E+02   0.235559E-03   0.141178E-03   0.274771E-04   0.982567E-03   0.190290E+03
   0.993969E+02   0.361573E-03   0.798654E-03   0.216163E-03   0.982567E-03   0.187933E+03
