X1_obs         X2_obs         X3_obs         X4_obs         X1_true        X2_true        X3_true        X4_true        Y1_obs         Y2_obs         Y3_obs         Y4_obs         Y5_obs         Y1_unbiased    Y2_unbiased    Y3_unbiased    Y4_unbiased    Y5_unbiased    Y1_sim         Y2_sim         Y3_sim         Y4_sim         Y5_sim         Y1_res         Y2_res         Y3_res         Y4_res         Y5_res         Y1_stdres      Y2_stdres      Y3_stdres      Y4_stdres      Y5_stdres      
   0.100000E+01   0.100000E+01   0.100000E+01   0.108000E+05   0.100000E+01   0.100000E+01   0.100000E+01   0.108000E+05   0.109560E+02  -0.999900E+04  -0.999900E+04  -0.999900E+04  -0.999900E+04   0.109560E+02  -0.999900E+04  -0.999900E+04  -0.999900E+04  -0.999900E+04   0.109549E+02   0.500000E+01   0.214665E+01   0.379731E+02   0.180000E+02   0.104650E-02  -0.999900E+04  -0.999900E+04  -0.999900E+04  -0.999900E+04   0.104442E+01  -0.999900E+04  -0.999900E+04  -0.999900E+04  -0.999900E+04
   0.100000E+01   0.100000E+01   0.200000E+01   0.108000E+05   0.100000E+01   0.100000E+01   0.200000E+01   0.108000E+05   0.109506E+02  -0.999900E+04  -0.999900E+04  -0.999900E+04  -0.999900E+04   0.109506E+02  -0.999900E+04  -0.999900E+04  -0.999900E+04  -0.999900E+04   0.109508E+02   0.500000E+01   0.212923E+01   0.369116E+02   0.180000E+02  -0.187637E-03  -0.999900E+04  -0.999900E+04  -0.999900E+04  -0.999900E+04  -0.187263E+00  -0.999900E+04  -0.999900E+04  -0.999900E+04  -0.999900E+04
   0.100000E+01   0.100000E+01   0.300000E+01   0.108000E+05   0.100000E+01   0.100000E+01   0.300000E+01   0.108000E+05   0.109455E+02  -0.999900E+04  -0.999900E+04  -0.999900E+04  -0.999900E+04   0.109455E+02  -0.999900E+04  -0.999900E+04  -0.999900E+04  -0.999900E+04   0.109459E+02   0.500000E+01   0.211390E+01   0.362393E+02   0.180000E+02  -0.436241E-03  -0.999900E+04  -0.999900E+04  -0.999900E+04  -0.999900E+04  -0.435372E+00  -0.999900E+04  -0.999900E+04  -0.999900E+04  -0.999900E+04
   0.100000E+01   0.100000E+01   0.400000E+01   0.108000E+05   0.100000E+01   0.100000E+01   0.400000E+01   0.108000E+05   0.109398E+02  -0.999900E+04  -0.999900E+04  -0.999900E+04  -0.999900E+04   0.109398E+02  -0.999900E+04  -0.999900E+04  -0.999900E+04  -0.999900E+04   0.109408E+02   0.500000E+01   0.209965E+01   0.358709E+02   0.180000E+02  -0.999869E-03  -0.999900E+04  -0.999900E+04  -0.999900E+04  -0.999900E+04  -0.997878E+00  -0.999900E+04  -0.999900E+04  -0.999900E+04  -0.999900E+04
   0.100000E+01   0.100000E+01   0.500000E+01   0.108000E+05   0.100000E+01   0.100000E+01   0.500000E+01   0.108000E+05   0.109362E+02  -0.999900E+04  -0.999900E+04  -0.999900E+04  -0.999900E+04   0.109362E+02  -0.999900E+04  -0.999900E+04  -0.999900E+04  -0.999900E+04   0.109356E+02   0.500000E+01   0.208570E+01   0.357291E+02   0.180000E+02   0.651305E-03  -0.999900E+04  -0.999900E+04  -0.999900E+04  -0.999900E+04   0.650008E+00  -0.999900E+04  -0.999900E+04  -0.999900E+04  -0.999900E+04
   0.100000E+01   0.100000E+01   0.600000E+01   0.108000E+05   0.100000E+01   0.100000E+01   0.600000E+01   0.108000E+05   0.109312E+02  -0.999900E+04  -0.999900E+04  -0.999900E+04  -0.999900E+04   0.109312E+02  -0.999900E+04  -0.999900E+04  -0.999900E+04  -0.999900E+04   0.109306E+02   0.500000E+01   0.207155E+01   0.357448E+02   0.180000E+02   0.697954E-03  -0.999900E+04  -0.999900E+04  -0.999900E+04  -0.999900E+04   0.696564E+00  -0.999900E+04  -0.999900E+04  -0.999900E+04  -0.999900E+04
   0.100000E+01   0.100000E+01   0.700000E+01   0.108000E+05   0.100000E+01   0.100000E+01   0.700000E+01   0.108000E+05   0.109266E+02  -0.999900E+04  -0.999900E+04  -0.999900E+04  -0.999900E+04   0.109266E+02  -0.999900E+04  -0.999900E+04  -0.999900E+04  -0.999900E+04   0.109258E+02   0.500000E+01   0.205690E+01   0.358571E+02   0.180000E+02   0.850915E-03  -0.999900E+04  -0.999900E+04  -0.999900E+04  -0.999900E+04   0.849221E+00  -0.999900E+04  -0.999900E+04  -0.999900E+04  -0.999900E+04
   0.100000E+01   0.100000E+01   0.900000E+01   0.108000E+05   0.100000E+01   0.100000E+01   0.900000E+01   0.108000E+05   0.109163E+02  -0.999900E+04  -0.999900E+04  -0.999900E+04  -0.999900E+04   0.109163E+02  -0.999900E+04  -0.999900E+04  -0.999900E+04  -0.999900E+04   0.109172E+02   0.500000E+01   0.202583E+01   0.361679E+02   0.180000E+02  -0.898601E-03  -0.999900E+04  -0.999900E+04  -0.999900E+04  -0.999900E+04  -0.896812E+00  -0.999900E+04  -0.999900E+04  -0.999900E+04  -0.999900E+04
   0.100000E+01   0.100000E+01   0.100000E+02   0.108000E+05   0.100000E+01   0.100000E+01   0.100000E+02   0.108000E+05   0.109129E+02  -0.999900E+04  -0.999900E+04  -0.999900E+04  -0.999900E+04   0.109129E+02  -0.999900E+04  -0.999900E+04  -0.999900E+04  -0.999900E+04   0.109134E+02   0.500000E+01   0.200955E+01   0.362853E+02   0.180000E+02  -0.457267E-03  -0.999900E+04  -0.999900E+04  -0.999900E+04  -0.999900E+04  -0.456356E+00  -0.999900E+04  -0.999900E+04  -0.999900E+04  -0.999900E+04
   0.100000E+01   0.100000E+01   0.110000E+02   0.108000E+05   0.100000E+01   0.100000E+01   0.110000E+02   0.108000E+05   0.109103E+02  -0.999900E+04  -0.999900E+04  -0.999900E+04  -0.999900E+04   0.109103E+02  -0.999900E+04  -0.999900E+04  -0.999900E+04  -0.999900E+04   0.109098E+02   0.500000E+01   0.199297E+01   0.363367E+02   0.180000E+02   0.557577E-03  -0.999900E+04  -0.999900E+04  -0.999900E+04  -0.999900E+04   0.556467E+00  -0.999900E+04  -0.999900E+04  -0.999900E+04  -0.999900E+04
   0.100000E+01   0.100000E+01   0.120000E+02   0.108000E+05   0.100000E+01   0.100000E+01   0.120000E+02   0.108000E+05   0.109071E+02  -0.999900E+04  -0.999900E+04  -0.999900E+04  -0.999900E+04   0.109071E+02  -0.999900E+04  -0.999900E+04  -0.999900E+04  -0.999900E+04   0.109063E+02   0.500000E+01   0.197630E+01   0.363018E+02   0.180000E+02   0.799773E-03  -0.999900E+04  -0.999900E+04  -0.999900E+04  -0.999900E+04   0.798181E+00  -0.999900E+04  -0.999900E+04  -0.999900E+04  -0.999900E+04
   0.100000E+01   0.100000E+01   0.130000E+02   0.108000E+05   0.100000E+01   0.100000E+01   0.130000E+02   0.108000E+05   0.109022E+02  -0.999900E+04  -0.999900E+04  -0.999900E+04  -0.999900E+04   0.109022E+02  -0.999900E+04  -0.999900E+04  -0.999900E+04  -0.999900E+04   0.109030E+02   0.500000E+01   0.195970E+01   0.361685E+02   0.180000E+02  -0.726916E-03  -0.999900E+04  -0.999900E+04  -0.999900E+04  -0.999900E+04  -0.725469E+00  -0.999900E+04  -0.999900E+04  -0.999900E+04  -0.999900E+04
   0.100000E+01   0.100000E+01   0.140000E+02   0.108000E+05   0.100000E+01   0.100000E+01   0.140000E+02   0.108000E+05   0.109000E+02  -0.999900E+04  -0.999900E+04  -0.999900E+04  -0.999900E+04   0.109000E+02  -0.999900E+04  -0.999900E+04  -0.999900E+04  -0.999900E+04   0.108996E+02   0.500000E+01   0.194334E+01   0.359329E+02   0.180000E+02   0.355852E-03  -0.999900E+04  -0.999900E+04  -0.999900E+04  -0.999900E+04   0.355143E+00  -0.999900E+04  -0.999900E+04  -0.999900E+04  -0.999900E+04
   0.100000E+01   0.300000E+01   0.190000E+02   0.108000E+05   0.100000E+01   0.300000E+01   0.190000E+02   0.108000E+05   0.108750E+02  -0.999900E+04  -0.999900E+04  -0.999900E+04  -0.999900E+04   0.108750E+02  -0.999900E+04  -0.999900E+04  -0.999900E+04  -0.999900E+04   0.108766E+02   0.600000E+01   0.225472E+01   0.337827E+02   0.180000E+02  -0.160308E-02  -0.999900E+04  -0.999900E+04  -0.999900E+04  -0.999900E+04  -0.159988E+01  -0.999900E+04  -0.999900E+04  -0.999900E+04  -0.999900E+04
   0.100000E+01   0.300000E+01   0.210000E+02   0.108000E+05   0.100000E+01   0.300000E+01   0.210000E+02   0.108000E+05   0.108580E+02  -0.999900E+04  -0.999900E+04  -0.999900E+04  -0.999900E+04   0.108580E+02  -0.999900E+04  -0.999900E+04  -0.999900E+04  -0.999900E+04   0.108578E+02   0.600000E+01   0.224942E+01   0.328855E+02   0.180000E+02   0.185940E-03  -0.999900E+04  -0.999900E+04  -0.999900E+04  -0.999900E+04   0.185570E+00  -0.999900E+04  -0.999900E+04  -0.999900E+04  -0.999900E+04
   0.100000E+01   0.300000E+01   0.220000E+02   0.108000E+05   0.100000E+01   0.300000E+01   0.220000E+02   0.108000E+05   0.108469E+02  -0.999900E+04  -0.999900E+04  -0.999900E+04  -0.999900E+04   0.108469E+02  -0.999900E+04  -0.999900E+04  -0.999900E+04  -0.999900E+04   0.108477E+02   0.600000E+01   0.224882E+01   0.326129E+02   0.180000E+02  -0.748273E-03  -0.999900E+04  -0.999900E+04  -0.999900E+04  -0.999900E+04  -0.746783E+00  -0.999900E+04  -0.999900E+04  -0.999900E+04  -0.999900E+04
   0.100000E+01   0.300000E+01   0.230000E+02   0.108000E+05   0.100000E+01   0.300000E+01   0.230000E+02   0.108000E+05   0.108389E+02  -0.999900E+04  -0.999900E+04  -0.999900E+04  -0.999900E+04   0.108389E+02  -0.999900E+04  -0.999900E+04  -0.999900E+04  -0.999900E+04   0.108373E+02   0.600000E+01   0.224865E+01   0.325405E+02   0.180000E+02   0.152989E-02  -0.999900E+04  -0.999900E+04  -0.999900E+04  -0.999900E+04   0.152684E+01  -0.999900E+04  -0.999900E+04  -0.999900E+04  -0.999900E+04
   0.100000E+01   0.300000E+01   0.240000E+02   0.108000E+05   0.100000E+01   0.300000E+01   0.240000E+02   0.108000E+05   0.108263E+02  -0.999900E+04  -0.999900E+04  -0.999900E+04  -0.999900E+04   0.108263E+02  -0.999900E+04  -0.999900E+04  -0.999900E+04  -0.999900E+04   0.108274E+02   0.600000E+01   0.224732E+01   0.327400E+02   0.180000E+02  -0.106497E-02  -0.999900E+04  -0.999900E+04  -0.999900E+04  -0.999900E+04  -0.106285E+01  -0.999900E+04  -0.999900E+04  -0.999900E+04  -0.999900E+04
   0.200000E+01   0.200000E+01   0.100000E+01   0.108000E+05   0.200000E+01   0.200000E+01   0.100000E+01   0.108000E+05   0.108068E+02  -0.999900E+04  -0.999900E+04  -0.999900E+04  -0.999900E+04   0.108068E+02  -0.999900E+04  -0.999900E+04  -0.999900E+04  -0.999900E+04   0.108063E+02   0.200000E+01   0.108503E+01   0.276509E+02   0.180000E+02   0.473153E-03  -0.999900E+04  -0.999900E+04  -0.999900E+04  -0.999900E+04   0.472211E+00  -0.999900E+04  -0.999900E+04  -0.999900E+04  -0.999900E+04
   0.200000E+01   0.200000E+01   0.200000E+01   0.108000E+05   0.200000E+01   0.200000E+01   0.200000E+01   0.108000E+05   0.108025E+02  -0.999900E+04  -0.999900E+04  -0.999900E+04  -0.999900E+04   0.108025E+02  -0.999900E+04  -0.999900E+04  -0.999900E+04  -0.999900E+04   0.108036E+02   0.200000E+01   0.107218E+01   0.307417E+02   0.180000E+02  -0.113496E-02  -0.999900E+04  -0.999900E+04  -0.999900E+04  -0.999900E+04  -0.113270E+01  -0.999900E+04  -0.999900E+04  -0.999900E+04  -0.999900E+04
   0.200000E+01   0.200000E+01   0.300000E+01   0.108000E+05   0.200000E+01   0.200000E+01   0.300000E+01   0.108000E+05   0.108021E+02  -0.999900E+04  -0.999900E+04  -0.999900E+04  -0.999900E+04   0.108021E+02  -0.999900E+04  -0.999900E+04  -0.999900E+04  -0.999900E+04   0.108018E+02   0.200000E+01   0.105810E+01   0.327763E+02   0.180000E+02   0.350158E-03  -0.999900E+04  -0.999900E+04  -0.999900E+04  -0.999900E+04   0.349461E+00  -0.999900E+04  -0.999900E+04  -0.999900E+04  -0.999900E+04
   0.200000E+01   0.200000E+01   0.400000E+01   0.108000E+05   0.200000E+01   0.200000E+01   0.400000E+01   0.108000E+05   0.108009E+02  -0.999900E+04  -0.999900E+04  -0.999900E+04  -0.999900E+04   0.108009E+02  -0.999900E+04  -0.999900E+04  -0.999900E+04  -0.999900E+04   0.108004E+02   0.200000E+01   0.104364E+01   0.339198E+02   0.180000E+02   0.486919E-03  -0.999900E+04  -0.999900E+04  -0.999900E+04  -0.999900E+04   0.485950E+00  -0.999900E+04  -0.999900E+04  -0.999900E+04  -0.999900E+04
   0.200000E+01   0.200000E+01   0.500000E+01   0.108000E+05   0.200000E+01   0.200000E+01   0.500000E+01   0.108000E+05   0.107989E+02  -0.999900E+04  -0.999900E+04  -0.999900E+04  -0.999900E+04   0.107989E+02  -0.999900E+04  -0.999900E+04  -0.999900E+04  -0.999900E+04   0.107992E+02   0.200000E+01   0.102922E+01   0.343301E+02   0.180000E+02  -0.338638E-03  -0.999900E+04  -0.999900E+04  -0.999900E+04  -0.999900E+04  -0.337964E+00  -0.999900E+04  -0.999900E+04  -0.999900E+04  -0.999900E+04
   0.200000E+01   0.200000E+01   0.700000E+01   0.108000E+05   0.200000E+01   0.200000E+01   0.700000E+01   0.108000E+05   0.107977E+02  -0.999900E+04  -0.999900E+04  -0.999900E+04  -0.999900E+04   0.107977E+02  -0.999900E+04  -0.999900E+04  -0.999900E+04  -0.999900E+04   0.107971E+02   0.200000E+01   0.100135E+01   0.335473E+02   0.180000E+02   0.588406E-03  -0.999900E+04  -0.999900E+04  -0.999900E+04  -0.999900E+04   0.587234E+00  -0.999900E+04  -0.999900E+04  -0.999900E+04  -0.999900E+04
   0.200000E+01   0.200000E+01   0.900000E+01   0.108000E+05   0.200000E+01   0.200000E+01   0.900000E+01   0.108000E+05   0.107938E+02  -0.999900E+04  -0.999900E+04  -0.999900E+04  -0.999900E+04   0.107938E+02  -0.999900E+04  -0.999900E+04  -0.999900E+04  -0.999900E+04   0.107946E+02   0.200000E+01   0.975401E+00   0.315479E+02   0.180000E+02  -0.779759E-03  -0.999900E+04  -0.999900E+04  -0.999900E+04  -0.999900E+04  -0.778207E+00  -0.999900E+04  -0.999900E+04  -0.999900E+04  -0.999900E+04
   0.200000E+01   0.200000E+01   0.110000E+02   0.108000E+05   0.200000E+01   0.200000E+01   0.110000E+02   0.108000E+05   0.107914E+02  -0.999900E+04  -0.999900E+04  -0.999900E+04  -0.999900E+04   0.107914E+02  -0.999900E+04  -0.999900E+04  -0.999900E+04  -0.999900E+04   0.107915E+02   0.200000E+01   0.951591E+00   0.293379E+02   0.180000E+02  -0.351933E-04  -0.999900E+04  -0.999900E+04  -0.999900E+04  -0.999900E+04  -0.351232E-01  -0.999900E+04  -0.999900E+04  -0.999900E+04  -0.999900E+04
   0.200000E+01   0.200000E+01   0.120000E+02   0.108000E+05   0.200000E+01   0.200000E+01   0.120000E+02   0.108000E+05   0.107903E+02  -0.999900E+04  -0.999900E+04  -0.999900E+04  -0.999900E+04   0.107903E+02  -0.999900E+04  -0.999900E+04  -0.999900E+04  -0.999900E+04   0.107897E+02   0.200000E+01   0.940425E+00   0.284370E+02   0.180000E+02   0.638529E-03  -0.999900E+04  -0.999900E+04  -0.999900E+04  -0.999900E+04   0.637258E+00  -0.999900E+04  -0.999900E+04  -0.999900E+04  -0.999900E+04
   0.200000E+01   0.200000E+01   0.140000E+02   0.108000E+05   0.200000E+01   0.200000E+01   0.140000E+02   0.108000E+05   0.107870E+02  -0.999900E+04  -0.999900E+04  -0.999900E+04  -0.999900E+04   0.107870E+02  -0.999900E+04  -0.999900E+04  -0.999900E+04  -0.999900E+04   0.107859E+02   0.200000E+01   0.919175E+00   0.275466E+02   0.180000E+02   0.114791E-02  -0.999900E+04  -0.999900E+04  -0.999900E+04  -0.999900E+04   0.114563E+01  -0.999900E+04  -0.999900E+04  -0.999900E+04  -0.999900E+04
   0.200000E+01   0.200000E+01   0.150000E+02   0.108000E+05   0.200000E+01   0.200000E+01   0.150000E+02   0.108000E+05   0.107839E+02  -0.999900E+04  -0.999900E+04  -0.999900E+04  -0.999900E+04   0.107839E+02  -0.999900E+04  -0.999900E+04  -0.999900E+04  -0.999900E+04   0.107840E+02   0.200000E+01   0.908853E+00   0.277372E+02   0.180000E+02  -0.118800E-03  -0.999900E+04  -0.999900E+04  -0.999900E+04  -0.999900E+04  -0.118564E+00  -0.999900E+04  -0.999900E+04  -0.999900E+04  -0.999900E+04
   0.200000E+01   0.200000E+01   0.160000E+02   0.108000E+05   0.200000E+01   0.200000E+01   0.160000E+02   0.108000E+05   0.107825E+02  -0.999900E+04  -0.999900E+04  -0.999900E+04  -0.999900E+04   0.107825E+02  -0.999900E+04  -0.999900E+04  -0.999900E+04  -0.999900E+04   0.107823E+02   0.200000E+01   0.898562E+00   0.284595E+02   0.180000E+02   0.146084E-03  -0.999900E+04  -0.999900E+04  -0.999900E+04  -0.999900E+04   0.145793E+00  -0.999900E+04  -0.999900E+04  -0.999900E+04  -0.999900E+04
