a0_min         a1_min         a2_min         a3_min         a4_min         Y1_intercept   Y2_intercept   Y3_intercept   LogPost        
   0.100613E+03   0.526307E+01   0.220094E+01   0.462736E+01  -0.428050E+01   0.139697E-03   0.297060E-03   0.914120E-04   0.148882E+03
   0.100613E+03   0.466325E+01  -0.204818E+01  -0.467644E+00   0.647990E+01   0.139697E-03   0.297060E-03   0.914120E-04   0.148198E+03
   0.100613E+03   0.207998E+01  -0.204818E+01   0.490289E+01  -0.482052E+01   0.139697E-03   0.297060E-03   0.914120E-04   0.150111E+03
   0.100613E+03   0.207998E+01  -0.383088E+01  -0.561014E+01  -0.482052E+01   0.139697E-03   0.297060E-03   0.914120E-04   0.149992E+03
   0.100613E+03   0.207998E+01  -0.466015E+01  -0.561014E+01  -0.482052E+01   0.139697E-03   0.297060E-03   0.914120E-04   0.149954E+03
   0.100613E+03   0.207998E+01  -0.356498E+01   0.224556E+01  -0.135312E+02   0.139697E-03   0.297060E-03   0.914120E-04   0.149134E+03
   0.100613E+03   0.207998E+01  -0.402247E+01   0.136248E+02   0.115632E+02   0.139697E-03   0.297060E-03   0.914120E-04   0.145896E+03
   0.100613E+03   0.456478E+01   0.499770E+01   0.107797E+02   0.459570E+01   0.139697E-03   0.297060E-03   0.914120E-04   0.149248E+03
   0.100266E+03   0.456478E+01   0.125024E+01   0.107797E+02   0.459570E+01   0.139697E-03   0.297060E-03   0.914120E-04   0.148788E+03
   0.100266E+03   0.572413E+01   0.125024E+01   0.107797E+02   0.459570E+01   0.139697E-03   0.297060E-03   0.914120E-04   0.148430E+03
   0.100266E+03   0.572413E+01   0.125024E+01   0.107797E+02  -0.125420E+02   0.139697E-03   0.297060E-03   0.914120E-04   0.145540E+03
   0.100266E+03   0.572413E+01   0.665263E-01   0.577990E+01   0.294838E+00   0.139697E-03   0.297060E-03   0.914120E-04   0.148531E+03
   0.100266E+03   0.572413E+01   0.665263E-01   0.577990E+01   0.675827E+01   0.139697E-03   0.297060E-03   0.914120E-04   0.148082E+03
   0.100266E+03   0.572413E+01  -0.352140E+01   0.577990E+01  -0.436814E+01   0.139697E-03   0.297060E-03   0.914120E-04   0.147881E+03
   0.100266E+03   0.572413E+01   0.273026E+01   0.131210E+02  -0.450167E+01   0.170232E-03   0.297060E-03   0.914120E-04   0.147050E+03
   0.100266E+03   0.303124E+01  -0.228873E+01   0.554187E+01   0.485430E+01   0.574627E-03   0.297060E-03   0.914120E-04   0.148376E+03
   0.100266E+03   0.303124E+01  -0.228873E+01   0.602308E+01   0.708348E+00   0.574627E-03   0.538797E-03   0.914120E-04   0.147529E+03
   0.100266E+03   0.303124E+01  -0.124785E+01   0.113822E+02   0.509771E+01   0.574627E-03   0.538797E-03   0.914120E-04   0.146666E+03
   0.101237E+03   0.292139E+01  -0.184846E+01  -0.314496E+01  -0.179386E+02   0.574627E-03   0.538797E-03   0.159688E-04   0.146061E+03
   0.101237E+03  -0.385218E+00   0.987625E+00  -0.573765E+01  -0.147254E+02   0.574627E-03   0.538797E-03   0.159688E-04   0.146792E+03
   0.101237E+03  -0.385218E+00   0.987625E+00  -0.138494E+02  -0.174122E+01   0.574627E-03   0.538797E-03   0.159688E-04   0.147103E+03
   0.101237E+03  -0.385218E+00   0.188754E+01  -0.234349E+01   0.540860E+01   0.391663E-03   0.416328E-03   0.159688E-04   0.150004E+03
   0.102286E+03  -0.385218E+00   0.188754E+01  -0.120908E+02   0.540860E+01   0.391663E-03   0.416328E-03   0.159688E-04   0.147880E+03
   0.102781E+03  -0.575941E+01   0.979406E+01  -0.120908E+02   0.177508E+02   0.391663E-03   0.310525E-03   0.241609E-03   0.147559E+03
   0.102781E+03  -0.575941E+01   0.979406E+01  -0.142043E+02   0.198917E+02   0.391663E-03   0.310525E-03   0.241609E-03   0.147389E+03
   0.102734E+03  -0.484159E+01   0.852013E+01  -0.162714E+02   0.177206E+02   0.391663E-03   0.310525E-03   0.241609E-03   0.147596E+03
   0.102831E+03  -0.484159E+01   0.852013E+01  -0.140614E+02   0.177206E+02   0.391663E-03   0.310525E-03   0.241609E-03   0.147946E+03
   0.102831E+03  -0.446996E+01   0.852013E+01  -0.140614E+02   0.202447E+02   0.391663E-03   0.310525E-03   0.241609E-03   0.147830E+03
   0.102831E+03  -0.570137E+01   0.102357E+02  -0.144844E+02   0.108229E+02   0.903684E-03   0.310525E-03   0.241609E-03   0.145839E+03
   0.102831E+03  -0.343915E+01   0.102357E+02  -0.144518E+02   0.207294E+02   0.903684E-03   0.310525E-03   0.241609E-03   0.145828E+03
   0.102831E+03  -0.146396E+00   0.116217E+02  -0.129486E+02   0.161061E+02   0.903684E-03   0.310525E-03   0.241609E-03   0.144924E+03
   0.102831E+03  -0.196216E+01   0.116217E+02  -0.103857E+02   0.161061E+02   0.107288E-04   0.310525E-03   0.241609E-03   0.148894E+03
   0.102831E+03  -0.196216E+01   0.302365E+01  -0.294746E+01  -0.225323E+02   0.107288E-04   0.310525E-03   0.613526E-04   0.143357E+03
   0.102831E+03   0.214713E+01   0.155679E+01  -0.588165E+01  -0.239962E+02   0.107288E-04   0.310525E-03   0.613526E-04   0.144106E+03
   0.102831E+03  -0.667907E+00   0.155679E+01  -0.163820E+02  -0.239962E+02   0.929498E-03   0.310525E-03   0.613526E-04   0.143411E+03
   0.102831E+03  -0.667907E+00  -0.427077E+01  -0.163820E+02  -0.157818E+02   0.929498E-03   0.310525E-03   0.613526E-04   0.145505E+03
   0.102831E+03  -0.667907E+00  -0.523545E+01  -0.163820E+02  -0.157818E+02   0.929498E-03   0.569315E-03   0.613526E-04   0.144186E+03
   0.102281E+03  -0.261020E+01  -0.633696E+01  -0.163820E+02  -0.157818E+02   0.821130E-03   0.569315E-03   0.613526E-04   0.145624E+03
   0.102281E+03  -0.261020E+01  -0.912981E+01  -0.163820E+02  -0.201415E+02   0.821130E-03   0.569315E-03   0.613526E-04   0.144815E+03
   0.102281E+03  -0.261020E+01  -0.915309E+00  -0.211006E+02  -0.201415E+02   0.821130E-03   0.479330E-03   0.613526E-04   0.144306E+03
   0.102281E+03  -0.277465E+01  -0.983274E+00  -0.133672E+02  -0.733362E+01   0.821130E-03   0.479330E-03   0.613526E-04   0.146270E+03
   0.102281E+03  -0.277465E+01   0.546318E+01  -0.237037E+01  -0.164310E+01   0.821130E-03   0.479330E-03   0.613526E-04   0.146068E+03
   0.102281E+03   0.132064E+01   0.804837E+01  -0.178648E+01   0.773916E+01   0.624749E-03   0.479330E-03   0.613526E-04   0.148293E+03
   0.102281E+03  -0.262364E+01   0.804837E+01  -0.129545E+02  -0.134952E+01   0.624749E-03   0.479330E-03   0.374364E-03   0.145370E+03
   0.102638E+03  -0.262364E+01   0.144940E+02  -0.932303E+01  -0.210352E+00   0.624749E-03   0.479330E-03   0.385674E-03   0.143576E+03
   0.102638E+03  -0.262364E+01   0.119634E+01  -0.932303E+01  -0.947754E+01   0.598206E-03   0.479330E-03   0.409074E-03   0.144803E+03
   0.102638E+03  -0.262364E+01   0.155655E+01  -0.175913E+02   0.975671E+01   0.598206E-03   0.479330E-03   0.409074E-03   0.145601E+03
   0.102638E+03  -0.262364E+01   0.155655E+01  -0.891206E+01   0.440497E+01   0.598206E-03   0.479330E-03   0.409074E-03   0.145678E+03
   0.102638E+03   0.308199E+01   0.919417E+01  -0.891206E+01   0.818864E+01   0.598206E-03   0.308807E-03   0.409074E-03   0.145341E+03
   0.102638E+03   0.308199E+01   0.302441E+01   0.138274E+01   0.699653E+01   0.598206E-03   0.308807E-03   0.409074E-03   0.146891E+03
   0.101757E+03   0.308199E+01   0.165097E+01   0.128745E+02  -0.579979E+01   0.598206E-03   0.308807E-03   0.261432E-03   0.147047E+03
   0.101757E+03   0.308199E+01   0.684424E+01   0.103633E+02   0.144697E+02   0.598206E-03   0.308807E-03   0.261432E-03   0.148772E+03
   0.101757E+03   0.308199E+01   0.310531E+01   0.103633E+02   0.587443E+01   0.598206E-03   0.308807E-03   0.261432E-03   0.148783E+03
   0.101757E+03   0.308199E+01   0.391910E+01   0.494195E+01   0.310342E+01   0.149995E-03   0.308807E-03   0.261432E-03   0.150182E+03
   0.100575E+03   0.308199E+01  -0.341304E+01   0.494195E+01   0.310342E+01   0.149995E-03   0.308807E-03   0.261432E-03   0.149397E+03
   0.100575E+03  -0.158807E+01  -0.429218E+01   0.125460E-01   0.310342E+01   0.149995E-03   0.308807E-03   0.261432E-03   0.148363E+03
   0.100528E+03  -0.158807E+01  -0.121342E+01  -0.176741E+00   0.425310E+01   0.149995E-03   0.308807E-03   0.261432E-03   0.148486E+03
   0.100528E+03  -0.158807E+01  -0.264263E+01   0.495513E+01   0.261222E+01   0.149995E-03   0.362660E-04   0.261432E-03   0.147303E+03
   0.100528E+03   0.142393E+01   0.485442E+00   0.100233E+02   0.408777E+01   0.149995E-03   0.362660E-04   0.261432E-03   0.148382E+03
   0.100654E+03   0.701568E+00  -0.293214E+01   0.100233E+02   0.171019E+02   0.149995E-03   0.362660E-04   0.261432E-03   0.144264E+03
   0.100654E+03   0.701568E+00  -0.191584E+01  -0.391489E+01   0.175614E+02   0.149995E-03   0.362660E-04   0.261432E-03   0.146763E+03
   0.103372E+03   0.701568E+00   0.991499E+00  -0.673227E+01   0.224720E+02   0.681783E-03   0.362660E-04   0.467303E-04   0.144255E+03
   0.103372E+03   0.701568E+00   0.146636E+02   0.159554E+02   0.774401E+01   0.681783E-03   0.685301E-05   0.467303E-04   0.144319E+03
   0.103372E+03   0.701568E+00   0.794631E+01   0.159554E+02   0.102111E+02   0.681783E-03   0.685301E-05   0.467303E-04   0.144723E+03
   0.103372E+03   0.412110E+01   0.897211E+01   0.117492E+02   0.110059E+02   0.418211E-03   0.685301E-05   0.467303E-04   0.149284E+03
   0.103372E+03   0.435370E+01   0.813278E+01   0.117492E+02   0.762868E+01   0.418211E-03   0.685301E-05   0.467303E-04   0.148357E+03
   0.103372E+03   0.435370E+01   0.813278E+01   0.117492E+02   0.162157E+02   0.418211E-03   0.275927E-03   0.467303E-04   0.148974E+03
   0.103372E+03   0.435370E+01   0.124904E+02   0.201688E+02   0.143092E+02   0.114514E-04   0.139048E-03   0.630056E-03   0.145872E+03
   0.103372E+03   0.765460E+01   0.916435E+01   0.201688E+02   0.648212E+01   0.273611E-04   0.139048E-03   0.634929E-03   0.147084E+03
   0.103372E+03   0.765460E+01   0.916435E+01   0.996216E+01   0.140423E+02   0.273611E-04   0.139048E-03   0.634929E-03   0.147775E+03
   0.101578E+03   0.680012E+01   0.899258E+01   0.292462E+01   0.100134E+02   0.273611E-04   0.139048E-03   0.634929E-03   0.147007E+03
   0.101578E+03   0.705184E+01   0.899258E+01   0.292462E+01   0.111026E+02   0.273611E-04   0.139048E-03   0.300044E-03   0.148079E+03
   0.101578E+03   0.705184E+01   0.899258E+01   0.213740E+02   0.108064E+02   0.273611E-04   0.139048E-03   0.182994E-03   0.148167E+03
   0.101578E+03   0.525335E+01   0.899258E+01   0.172702E+02   0.108064E+02   0.273611E-04   0.139048E-03   0.182994E-03   0.149193E+03
   0.101578E+03   0.525335E+01   0.788174E+01   0.172702E+02   0.921721E+01   0.273611E-04   0.139048E-03   0.182994E-03   0.149585E+03
   0.101578E+03   0.525335E+01   0.788174E+01   0.960234E+01   0.218363E+02   0.273611E-04   0.139048E-03   0.182994E-03   0.149073E+03
   0.101578E+03   0.525335E+01   0.788174E+01   0.933591E+01   0.218363E+02   0.121558E-03   0.139048E-03   0.182994E-03   0.149022E+03
   0.101578E+03   0.525335E+01   0.422234E+01   0.101607E+02   0.105205E+02   0.918059E-04   0.139048E-03   0.182994E-03   0.151182E+03
   0.101578E+03   0.381510E+01   0.911156E+01   0.749275E+01   0.105205E+02   0.918059E-04   0.326582E-03   0.182994E-03   0.150377E+03
   0.101578E+03   0.350465E+01   0.911156E+01   0.772130E+01   0.105205E+02   0.918059E-04   0.326582E-03   0.182994E-03   0.150341E+03
   0.101578E+03   0.350465E+01   0.911156E+01   0.584869E+01   0.105205E+02   0.306273E-03   0.326582E-03   0.182994E-03   0.150054E+03
   0.101578E+03   0.350465E+01   0.911156E+01   0.584869E+01   0.105205E+02   0.306273E-03   0.330312E-03   0.182994E-03   0.150040E+03
   0.101578E+03   0.249524E+01   0.911156E+01   0.542989E+01   0.105205E+02   0.306273E-03   0.330312E-03   0.182994E-03   0.149975E+03
   0.101931E+03   0.249524E+01   0.911156E+01   0.125487E+02   0.820444E+01   0.369128E-03   0.330312E-03   0.182994E-03   0.148970E+03
   0.101931E+03   0.249524E+01   0.112403E+02   0.510239E+01   0.820444E+01   0.369128E-03   0.330312E-03   0.182994E-03   0.149539E+03
   0.102575E+03   0.249524E+01   0.114767E+02   0.387367E+01   0.820444E+01   0.369128E-03   0.330312E-03   0.182994E-03   0.149582E+03
   0.102575E+03   0.249524E+01   0.114767E+02   0.772076E+01   0.135639E+02   0.369128E-03   0.330312E-03   0.182994E-03   0.150083E+03
   0.102575E+03   0.249524E+01   0.114767E+02   0.772076E+01   0.227332E+02   0.369128E-03   0.330312E-03   0.182994E-03   0.149722E+03
   0.102575E+03   0.249524E+01   0.114767E+02   0.438045E+01   0.161230E+02   0.369128E-03   0.330312E-03   0.182994E-03   0.150281E+03
   0.102575E+03   0.249524E+01   0.114767E+02   0.284813E+01   0.161230E+02   0.369128E-03   0.330312E-03   0.182994E-03   0.150183E+03
   0.102575E+03   0.215418E+01   0.114767E+02   0.284813E+01   0.190802E+02   0.369128E-03   0.330312E-03   0.182994E-03   0.150148E+03
   0.102575E+03   0.215418E+01   0.923083E+01   0.284813E+01   0.136987E+02   0.369128E-03   0.330312E-03   0.182994E-03   0.150134E+03
   0.102727E+03   0.703376E+01   0.923083E+01   0.935165E+01   0.130560E+02   0.369128E-03   0.330312E-03   0.182994E-03   0.149256E+03
   0.103958E+03   0.703376E+01   0.173711E+02   0.164960E+02   0.187788E+02   0.369128E-03   0.330312E-03   0.182994E-03   0.149938E+03
   0.103958E+03   0.506617E+01   0.165213E+02   0.127587E+02   0.279227E+02   0.369128E-03   0.330312E-03   0.182994E-03   0.150034E+03
   0.104368E+03   0.506617E+01   0.165213E+02   0.140795E+02   0.303835E+02   0.369128E-03   0.330312E-03   0.599390E-03   0.146940E+03
   0.104368E+03   0.880501E+01   0.213085E+02   0.140795E+02   0.148212E+02   0.369128E-03   0.330312E-03   0.599390E-03   0.146314E+03
   0.104368E+03   0.880501E+01   0.213085E+02   0.140795E+02   0.170012E+02   0.369128E-03   0.330312E-03   0.599390E-03   0.146683E+03
   0.104368E+03   0.880501E+01   0.164545E+02   0.140795E+02   0.170012E+02   0.127480E-03   0.330312E-03   0.599390E-03   0.147021E+03
   0.104368E+03   0.880501E+01   0.212354E+02   0.140795E+02   0.308983E+02   0.228440E-03   0.330312E-03   0.599390E-03   0.147653E+03
   0.104368E+03   0.731858E+01   0.212354E+02   0.157550E+02   0.259552E+02   0.228440E-03   0.330312E-03   0.599390E-03   0.147610E+03
   0.104368E+03   0.731858E+01   0.219349E+02   0.157550E+02   0.224800E+02   0.228440E-03   0.330312E-03   0.599390E-03   0.147312E+03
   0.104368E+03   0.697260E+01   0.219349E+02   0.189663E+02   0.272816E+02   0.228440E-03   0.850966E-03   0.599390E-03   0.144207E+03
   0.102177E+03   0.697260E+01   0.132451E+02   0.210646E+02   0.232569E+02   0.228440E-03   0.227954E-04   0.599390E-03   0.143675E+03
   0.102177E+03   0.750102E+01   0.107167E+02   0.846488E+01   0.120165E+02   0.228440E-03   0.227954E-04   0.344200E-03   0.149806E+03
   0.102177E+03   0.698667E+01   0.908976E+01   0.846488E+01   0.175409E+02   0.228440E-03   0.227954E-04   0.344200E-03   0.149975E+03
   0.102177E+03   0.698667E+01   0.908976E+01   0.114570E+02   0.252870E+01   0.228440E-03   0.227954E-04   0.344200E-03   0.149600E+03
   0.102614E+03   0.698667E+01   0.395422E+01   0.881177E+01  -0.768474E+00   0.228440E-03   0.227954E-04   0.344200E-03   0.147518E+03
   0.102614E+03   0.698667E+01   0.288882E+01   0.469099E+01  -0.501528E+01   0.714524E-03   0.227954E-04   0.448270E-03   0.144862E+03
   0.102614E+03   0.698667E+01   0.765548E+01   0.139014E+02  -0.283240E+01   0.714524E-03   0.227954E-04   0.244392E-03   0.147180E+03
   0.102614E+03   0.461459E+01   0.765548E+01   0.174063E+02   0.699135E+01   0.127536E-02   0.227954E-04   0.244392E-03   0.146229E+03
   0.103776E+03   0.946310E+01   0.765548E+01   0.191878E+02   0.734024E+01   0.418721E-03   0.227954E-04   0.327682E-03   0.146104E+03
   0.103776E+03   0.946310E+01   0.765548E+01   0.191878E+02  -0.777270E+00   0.418721E-03   0.227954E-04   0.327682E-03   0.144310E+03
   0.103776E+03   0.946310E+01   0.109591E+02   0.191878E+02   0.941884E+01   0.418721E-03   0.227954E-04   0.327682E-03   0.148071E+03
   0.103776E+03   0.946310E+01   0.109591E+02   0.213315E+02   0.207379E+02   0.418721E-03   0.227954E-04   0.327682E-03   0.149400E+03
   0.102698E+03   0.946310E+01   0.109591E+02   0.126472E+02   0.128680E+02   0.418721E-03   0.227954E-04   0.204030E-03   0.149498E+03
   0.102657E+03   0.946310E+01   0.109591E+02   0.303770E+02   0.128680E+02   0.418721E-03   0.227954E-04   0.204030E-03   0.146090E+03
   0.102657E+03   0.932731E+01   0.109591E+02   0.717500E+01   0.128680E+02   0.221516E-03   0.227954E-04   0.465815E-03   0.147745E+03
   0.102851E+03   0.433899E+01   0.109591E+02   0.726909E+01   0.128680E+02   0.221516E-03   0.861464E-04   0.133064E-02   0.144488E+03
   0.102851E+03   0.182122E+01   0.912584E+01   0.436350E+01   0.151276E+02   0.221516E-03   0.119169E-02   0.514840E-03   0.143119E+03
   0.102851E+03   0.182122E+01   0.176727E+02   0.436350E+01   0.274049E+02   0.221516E-03   0.119169E-02   0.514840E-03   0.142767E+03
   0.102851E+03   0.182122E+01   0.176727E+02   0.839909E+00   0.348726E+02   0.192722E-03   0.119169E-02   0.514840E-03   0.141523E+03
   0.102851E+03   0.182122E+01   0.137422E+02   0.635026E+01   0.233081E+02   0.192722E-03   0.119169E-02   0.514840E-03   0.143410E+03
   0.104466E+03   0.330088E+00   0.137422E+02   0.211952E+01   0.262431E+02   0.192722E-03   0.119169E-02   0.514840E-03   0.141969E+03
   0.104466E+03   0.330088E+00   0.137422E+02  -0.157194E+01   0.454999E+02   0.192722E-03   0.119169E-02   0.514840E-03   0.141101E+03
   0.104466E+03   0.330088E+00   0.157850E+02  -0.157194E+01   0.455496E+02   0.192722E-03   0.119169E-02   0.514840E-03   0.141257E+03
   0.104466E+03   0.330088E+00   0.157850E+02  -0.157194E+01   0.450259E+02   0.192722E-03   0.100291E-02   0.514840E-03   0.142199E+03
   0.103895E+03   0.201899E+01   0.214585E+02  -0.157194E+01   0.257617E+02   0.192722E-03   0.100291E-02   0.514840E-03   0.143613E+03
   0.103895E+03  -0.446047E+01   0.220406E+02  -0.930614E+01   0.335727E+02   0.192722E-03   0.100291E-02   0.514840E-03   0.142298E+03
   0.105204E+03  -0.446047E+01   0.215922E+02  -0.118457E+02   0.472053E+02   0.192722E-03   0.100291E-02   0.514840E-03   0.141485E+03
   0.105204E+03  -0.446047E+01   0.158422E+02  -0.108760E+02   0.472053E+02   0.192722E-03   0.100291E-02   0.514840E-03   0.141467E+03
   0.105204E+03  -0.360695E+01   0.123639E+02  -0.178199E+02   0.472053E+02   0.192722E-03   0.100291E-02   0.514840E-03   0.139495E+03
   0.105204E+03  -0.360695E+01   0.137580E+02  -0.134864E+02   0.306830E+02   0.192722E-03   0.100291E-02   0.514840E-03   0.141469E+03
   0.105204E+03  -0.360695E+01   0.234249E+02  -0.134864E+02   0.306830E+02   0.192722E-03   0.100291E-02   0.514840E-03   0.142424E+03
   0.104853E+03  -0.360695E+01   0.271514E+02  -0.510623E+01   0.306830E+02   0.192722E-03   0.100291E-02   0.514840E-03   0.142534E+03
   0.104462E+03   0.251314E+01   0.264547E+02  -0.809861E+01   0.228774E+02   0.192722E-03   0.100291E-02   0.514840E-03   0.140737E+03
   0.105021E+03   0.251314E+01   0.250946E+02   0.323652E+01   0.319756E+02   0.192722E-03   0.100291E-02   0.514840E-03   0.143909E+03
   0.105021E+03   0.251314E+01   0.234690E+02   0.101305E+01   0.416233E+02   0.192722E-03   0.100291E-02   0.514840E-03   0.143418E+03
   0.105021E+03   0.251314E+01   0.284124E+02  -0.270331E+00   0.451039E+02   0.192722E-03   0.100291E-02   0.390832E-03   0.142375E+03
   0.106633E+03   0.452761E+00   0.269444E+02   0.106831E+02   0.521995E+02   0.192722E-03   0.100291E-02   0.390832E-03   0.141754E+03
   0.106117E+03   0.587826E+01   0.234733E+02   0.206503E+02   0.521995E+02   0.515641E-04   0.100291E-02   0.390832E-03   0.141554E+03
   0.106117E+03   0.113118E+02   0.220889E+02   0.179041E+02   0.493262E+02   0.515641E-04   0.100291E-02   0.390832E-03   0.143083E+03
   0.106117E+03   0.550492E+01   0.220889E+02   0.179041E+02   0.346850E+02   0.515641E-04   0.100291E-02   0.390832E-03   0.143643E+03
   0.106117E+03   0.796520E+01   0.220889E+02   0.179041E+02   0.346850E+02   0.515641E-04   0.100291E-02   0.126407E-03   0.145066E+03
   0.106117E+03   0.446053E+01   0.258206E+02   0.678495E+01   0.407688E+02   0.515641E-04   0.100291E-02   0.126407E-03   0.145769E+03
   0.106117E+03   0.552552E+01   0.279966E+02   0.722354E+01   0.464252E+02   0.515641E-04   0.100291E-02   0.126407E-03   0.145447E+03
   0.106117E+03   0.539329E+01   0.310319E+02   0.722354E+01   0.473052E+02   0.843154E-03   0.100291E-02   0.126407E-03   0.143179E+03
   0.106117E+03   0.515045E+01   0.230794E+02   0.722354E+01   0.483325E+02   0.843154E-03   0.100291E-02   0.126407E-03   0.142396E+03
   0.106117E+03   0.515045E+01   0.349440E+02   0.722354E+01   0.510357E+02   0.843154E-03   0.100291E-02   0.126407E-03   0.141250E+03
   0.106117E+03   0.515045E+01   0.349440E+02   0.722354E+01   0.510357E+02   0.843154E-03   0.100291E-02   0.126407E-03   0.141250E+03
   0.107746E+03   0.462971E+01   0.369716E+02   0.376371E+00   0.510357E+02   0.175867E-03   0.100291E-02   0.126407E-03   0.143114E+03
   0.107912E+03   0.620479E+01   0.369716E+02   0.758304E+01   0.469895E+02   0.175867E-03   0.100291E-02   0.126407E-03   0.145079E+03
   0.107912E+03  -0.129008E+01   0.344592E+02  -0.145277E+01   0.469895E+02   0.938906E-03   0.100291E-02   0.126407E-03   0.142316E+03
   0.107912E+03  -0.577158E+00   0.371632E+02  -0.145277E+01   0.469895E+02   0.938906E-03   0.100291E-02   0.126407E-03   0.142572E+03
   0.107912E+03  -0.577158E+00   0.371632E+02   0.549870E+01   0.469895E+02   0.145808E-02   0.406505E-03   0.126407E-03   0.142728E+03
   0.107912E+03  -0.577158E+00   0.353568E+02   0.555560E+01   0.456284E+02   0.687524E-03   0.208512E-03   0.126407E-03   0.145360E+03
   0.107912E+03   0.241952E+01   0.259701E+02   0.628942E+01   0.456284E+02   0.687524E-03   0.301997E-03   0.126407E-03   0.143619E+03
   0.107912E+03   0.168331E+01   0.260366E+02   0.766543E+01   0.431084E+02   0.602242E-03   0.280325E-03   0.126407E-03   0.142944E+03
   0.107912E+03   0.168331E+01   0.355842E+02   0.228026E+01   0.521561E+02   0.602242E-03   0.280325E-03   0.261444E-03   0.146404E+03
   0.109994E+03   0.232467E+01   0.413797E+02   0.228026E+01   0.535160E+02   0.602242E-03   0.280325E-03   0.261444E-03   0.144669E+03
   0.109994E+03   0.232467E+01   0.413797E+02   0.483230E+01   0.535160E+02   0.602242E-03   0.620166E-03   0.315602E-03   0.143617E+03
   0.109848E+03   0.232467E+01   0.413797E+02   0.483230E+01   0.555256E+02   0.602242E-03   0.620166E-03   0.315602E-03   0.144234E+03
   0.109848E+03   0.644771E+01   0.278487E+02   0.483230E+01   0.598525E+02   0.602242E-03   0.203238E-03   0.315602E-03   0.138278E+03
   0.109848E+03   0.113119E+01   0.346076E+02   0.483230E+01   0.661184E+02   0.280173E-03   0.203238E-03   0.315602E-03   0.143796E+03
   0.110156E+03   0.113119E+01   0.346076E+02   0.483230E+01   0.661184E+02   0.280173E-03   0.203238E-03   0.315602E-03   0.143452E+03
   0.110156E+03   0.113119E+01   0.396167E+02   0.483230E+01   0.661184E+02   0.280173E-03   0.203238E-03   0.315602E-03   0.144605E+03
   0.110156E+03   0.113119E+01   0.396167E+02   0.483230E+01   0.579475E+02   0.280173E-03   0.203238E-03   0.315602E-03   0.144868E+03
   0.110156E+03   0.747608E+01   0.396167E+02   0.616664E+01   0.611419E+02   0.280173E-03   0.203238E-03   0.315602E-03   0.144793E+03
   0.110156E+03   0.747608E+01   0.396167E+02   0.131556E+02   0.624743E+02   0.280173E-03   0.203238E-03   0.315602E-03   0.146762E+03
   0.110156E+03   0.113241E+02   0.396167E+02   0.131556E+02   0.624743E+02   0.280173E-03   0.203238E-03   0.475133E-03   0.145161E+03
   0.110156E+03   0.113241E+02   0.396167E+02   0.131556E+02   0.572472E+02   0.280173E-03   0.203238E-03   0.475133E-03   0.145212E+03
   0.108789E+03   0.104127E+02   0.325437E+02   0.198961E+02   0.572472E+02   0.280173E-03   0.203238E-03   0.475133E-03   0.146711E+03
   0.108789E+03   0.104127E+02   0.295101E+02   0.190929E+02   0.572472E+02   0.280173E-03   0.487937E-03   0.475133E-03   0.144934E+03
   0.108789E+03   0.104127E+02   0.349714E+02   0.190929E+02   0.572472E+02   0.280173E-03   0.487937E-03   0.397556E-03   0.146548E+03
   0.108789E+03   0.101150E+02   0.349714E+02   0.170643E+02   0.572472E+02   0.280173E-03   0.487937E-03   0.397556E-03   0.146451E+03
   0.108789E+03   0.134733E+02   0.398028E+02   0.261921E+02   0.446249E+02   0.280173E-03   0.487937E-03   0.397556E-03   0.147247E+03
   0.108789E+03   0.134733E+02   0.398028E+02   0.248484E+02   0.467471E+02   0.280173E-03   0.337973E-04   0.397556E-03   0.148884E+03
   0.108789E+03   0.134733E+02   0.313535E+02   0.320747E+02   0.467471E+02   0.280173E-03   0.337973E-04   0.397556E-03   0.146960E+03
   0.108574E+03   0.143599E+02   0.311706E+02   0.320747E+02   0.399202E+02   0.304358E-03   0.337973E-04   0.397556E-03   0.147131E+03
   0.107853E+03   0.199705E+02   0.309297E+02   0.298587E+02   0.367117E+02   0.304358E-03   0.337973E-04   0.397556E-03   0.147351E+03
   0.107853E+03   0.190898E+02   0.346598E+02   0.278374E+02   0.382722E+02   0.304358E-03   0.337973E-04   0.397556E-03   0.148292E+03
   0.107853E+03   0.110866E+02   0.346598E+02   0.267540E+02   0.382722E+02   0.304358E-03   0.367399E-04   0.355776E-03   0.147809E+03
   0.107853E+03   0.110866E+02   0.381833E+02   0.267540E+02   0.338424E+02   0.304358E-03   0.367399E-04   0.355776E-03   0.146052E+03
   0.107477E+03   0.110866E+02   0.381833E+02   0.164562E+02   0.345367E+02   0.304358E-03   0.367399E-04   0.355776E-03   0.147471E+03
   0.107477E+03   0.120209E+02   0.381833E+02   0.196258E+02   0.372226E+02   0.304358E-03   0.367399E-04   0.355776E-03   0.148231E+03
   0.108209E+03   0.120209E+02   0.381833E+02   0.196258E+02   0.372226E+02   0.596614E-03   0.367399E-04   0.355776E-03   0.147378E+03
   0.108209E+03   0.120209E+02   0.381833E+02   0.196258E+02   0.372226E+02   0.596614E-03   0.367399E-04   0.355776E-03   0.147378E+03
   0.107560E+03   0.120209E+02   0.356170E+02   0.196258E+02   0.372226E+02   0.821209E-04   0.367399E-04   0.355776E-03   0.149224E+03
   0.107560E+03   0.102390E+02   0.356170E+02   0.226342E+02   0.396117E+02   0.821209E-04   0.367399E-04   0.355776E-03   0.148676E+03
   0.107560E+03   0.140371E+02   0.356170E+02   0.226342E+02   0.396117E+02   0.821209E-04   0.367399E-04   0.355776E-03   0.149707E+03
   0.108628E+03   0.140371E+02   0.370639E+02   0.226342E+02   0.482522E+02   0.821209E-04   0.367399E-04   0.355776E-03   0.149562E+03
   0.108628E+03   0.151406E+02   0.370639E+02   0.226342E+02   0.482522E+02   0.821209E-04   0.367399E-04   0.355776E-03   0.149236E+03
   0.108628E+03   0.161311E+02   0.349494E+02   0.220618E+02   0.482522E+02   0.821209E-04   0.367399E-04   0.355776E-03   0.147930E+03
   0.108628E+03   0.161311E+02   0.402714E+02   0.270783E+02   0.482522E+02   0.821209E-04   0.308591E-03   0.355776E-03   0.148836E+03
   0.108628E+03   0.161311E+02   0.402714E+02   0.249561E+02   0.546303E+02   0.143178E-03   0.308591E-03   0.355776E-03   0.147458E+03
   0.110260E+03   0.153323E+02   0.447224E+02   0.271580E+02   0.546303E+02   0.143178E-03   0.101672E-04   0.355776E-03   0.149054E+03
   0.110260E+03   0.176521E+02   0.435609E+02   0.261286E+02   0.599572E+02   0.143178E-03   0.101672E-04   0.355776E-03   0.148106E+03
   0.110260E+03   0.125217E+02   0.437713E+02   0.261286E+02   0.599572E+02   0.143178E-03   0.101672E-04   0.355776E-03   0.147404E+03
   0.110260E+03   0.125217E+02   0.389239E+02   0.261286E+02   0.542323E+02   0.143178E-03   0.101672E-04   0.355776E-03   0.147243E+03
   0.111440E+03   0.189342E+02   0.411500E+02   0.292160E+02   0.636281E+02   0.143178E-03   0.509938E-03   0.355776E-03   0.144700E+03
   0.111440E+03   0.188304E+02   0.411500E+02   0.291010E+02   0.648077E+02   0.434831E-03   0.509938E-03   0.355776E-03   0.144255E+03
   0.111440E+03   0.188304E+02   0.508927E+02   0.322228E+02   0.582584E+02   0.434831E-03   0.509938E-03   0.355776E-03   0.146846E+03
   0.111440E+03   0.188304E+02   0.486239E+02   0.315665E+02   0.663475E+02   0.434831E-03   0.509938E-03   0.355776E-03   0.146104E+03
   0.111440E+03   0.185816E+02   0.474975E+02   0.373738E+02   0.562028E+02   0.434831E-03   0.509938E-03   0.355776E-03   0.146247E+03
   0.110249E+03   0.185816E+02   0.474975E+02   0.285587E+02   0.557704E+02   0.445322E-03   0.509938E-03   0.468269E-03   0.145961E+03
   0.111305E+03   0.176398E+02   0.500301E+02   0.356171E+02   0.528511E+02   0.341123E-03   0.509938E-03   0.468269E-03   0.145246E+03
   0.111305E+03   0.242387E+02   0.490568E+02   0.380577E+02   0.561876E+02   0.478190E-03   0.509938E-03   0.468269E-03   0.145994E+03
   0.111829E+03   0.194887E+02   0.490568E+02   0.380577E+02   0.501264E+02   0.478190E-03   0.509938E-03   0.468269E-03   0.144587E+03
   0.112264E+03   0.222401E+02   0.490568E+02   0.521319E+02   0.501264E+02   0.478190E-03   0.509938E-03   0.468269E-03   0.141669E+03
   0.112264E+03   0.222401E+02   0.490568E+02   0.458424E+02   0.604861E+02   0.206337E-03   0.509938E-03   0.352559E-03   0.145809E+03
   0.112264E+03   0.264172E+02   0.554789E+02   0.458424E+02   0.571640E+02   0.206337E-03   0.151815E-03   0.352559E-03   0.147017E+03
   0.112264E+03   0.246499E+02   0.554789E+02   0.458424E+02   0.534749E+02   0.294472E-03   0.538785E-03   0.364365E-03   0.145426E+03
   0.112264E+03   0.232577E+02   0.554789E+02   0.406980E+02   0.534749E+02   0.294472E-03   0.622006E-03   0.365175E-03   0.145748E+03
   0.111574E+03   0.232577E+02   0.554789E+02   0.395816E+02   0.526210E+02   0.264414E-03   0.622006E-03   0.447164E-03   0.144858E+03
   0.111882E+03   0.199769E+02   0.516814E+02   0.409374E+02   0.526210E+02   0.264414E-03   0.622006E-03   0.447164E-03   0.144498E+03
   0.111882E+03   0.199769E+02   0.516814E+02   0.409374E+02   0.526210E+02   0.138894E-03   0.622006E-03   0.447164E-03   0.144616E+03
   0.111882E+03   0.233473E+02   0.516814E+02   0.409374E+02   0.526210E+02   0.180378E-03   0.622006E-03   0.447164E-03   0.145878E+03
   0.111882E+03   0.254978E+02   0.516814E+02   0.391399E+02   0.526210E+02   0.180378E-03   0.189755E-03   0.447164E-03   0.147668E+03
   0.111882E+03   0.254363E+02   0.530398E+02   0.415547E+02   0.526210E+02   0.180378E-03   0.189755E-03   0.447164E-03   0.147641E+03
   0.111882E+03   0.254363E+02   0.544673E+02   0.415547E+02   0.365914E+02   0.704556E-03   0.189755E-03   0.447164E-03   0.142228E+03
   0.111882E+03   0.254363E+02   0.544673E+02   0.429770E+02   0.479032E+02   0.704556E-03   0.189755E-03   0.447164E-03   0.145212E+03
   0.109353E+03   0.254363E+02   0.357310E+02   0.429770E+02   0.390344E+02   0.704556E-03   0.189755E-03   0.447164E-03   0.146004E+03
   0.109353E+03   0.254363E+02   0.421731E+02   0.429770E+02   0.413359E+02   0.545637E-03   0.189755E-03   0.286628E-03   0.147618E+03
   0.109353E+03   0.254363E+02   0.384002E+02   0.408003E+02   0.440482E+02   0.545637E-03   0.189755E-03   0.286628E-03   0.147362E+03
   0.109353E+03   0.204599E+02   0.459331E+02   0.326604E+02   0.397224E+02   0.545637E-03   0.173611E-03   0.286628E-03   0.146883E+03
   0.109533E+03   0.143959E+02   0.363760E+02   0.285477E+02   0.439381E+02   0.545637E-03   0.173611E-03   0.286628E-03   0.146557E+03
   0.108296E+03   0.143959E+02   0.329972E+02   0.274754E+02   0.518631E+02   0.249887E-03   0.173611E-03   0.286628E-03   0.148990E+03
   0.107582E+03   0.143959E+02   0.358858E+02   0.274754E+02   0.489984E+02   0.249887E-03   0.173611E-03   0.286628E-03   0.148244E+03
   0.108167E+03   0.159167E+02   0.358858E+02   0.274754E+02   0.441457E+02   0.249887E-03   0.173611E-03   0.286628E-03   0.149954E+03
   0.108167E+03   0.159167E+02   0.358858E+02   0.339975E+02   0.441457E+02   0.249887E-03   0.173611E-03   0.286628E-03   0.148937E+03
   0.108167E+03   0.159167E+02   0.345603E+02   0.339975E+02   0.351756E+02   0.249887E-03   0.173611E-03   0.286628E-03   0.148698E+03
   0.107023E+03   0.159167E+02   0.345603E+02   0.339975E+02   0.401058E+02   0.249887E-03   0.855073E-05   0.286628E-03   0.147564E+03
   0.107023E+03   0.159167E+02   0.345603E+02   0.339975E+02   0.351811E+02   0.249887E-03   0.855073E-05   0.286628E-03   0.148149E+03
   0.108876E+03   0.164703E+02   0.345603E+02   0.285197E+02   0.420233E+02   0.249887E-03   0.855073E-05   0.224674E-03   0.148677E+03
   0.108876E+03   0.171847E+02   0.366765E+02   0.314523E+02   0.420233E+02   0.249887E-03   0.855073E-05   0.224674E-03   0.149862E+03
   0.108876E+03   0.171847E+02   0.357454E+02   0.314523E+02   0.582411E+02   0.252393E-03   0.750144E-03   0.621968E-05   0.145753E+03
   0.108876E+03   0.171847E+02   0.413949E+02   0.314523E+02   0.572537E+02   0.252393E-03   0.750144E-03   0.621968E-05   0.145952E+03
   0.108876E+03   0.171847E+02   0.413949E+02   0.237079E+02   0.511003E+02   0.252393E-03   0.750144E-03   0.621968E-05   0.145914E+03
   0.108876E+03   0.171847E+02   0.413949E+02   0.270093E+02   0.511003E+02   0.252393E-03   0.750144E-03   0.621968E-05   0.147082E+03
   0.109199E+03   0.171847E+02   0.413949E+02   0.270093E+02   0.511003E+02   0.911845E-05   0.750144E-03   0.621968E-05   0.147337E+03
   0.109199E+03   0.167731E+02   0.413949E+02   0.422247E+02   0.424816E+02   0.911845E-05   0.750144E-03   0.920062E-04   0.144240E+03
   0.109199E+03   0.210354E+02   0.436433E+02   0.422247E+02   0.424816E+02   0.911845E-05   0.750144E-03   0.920062E-04   0.146368E+03
   0.109341E+03   0.224467E+02   0.403322E+02   0.443328E+02   0.424816E+02   0.911845E-05   0.750144E-03   0.920062E-04   0.147093E+03
   0.110324E+03   0.224467E+02   0.403322E+02   0.463247E+02   0.424816E+02   0.911845E-05   0.750144E-03   0.920062E-04   0.145895E+03
   0.108946E+03   0.213559E+02   0.377490E+02   0.359602E+02   0.487711E+02   0.911845E-05   0.750144E-03   0.920062E-04   0.146923E+03
   0.108953E+03   0.201167E+02   0.377490E+02   0.370923E+02   0.487711E+02   0.911845E-05   0.761858E-04   0.920062E-04   0.150423E+03
   0.108515E+03   0.201167E+02   0.377490E+02   0.422776E+02   0.423199E+02   0.911845E-05   0.761858E-04   0.360887E-03   0.147588E+03
   0.109328E+03   0.193781E+02   0.377490E+02   0.330636E+02   0.511923E+02   0.911845E-05   0.761858E-04   0.360887E-03   0.149441E+03
   0.109328E+03   0.193781E+02   0.378427E+02   0.330636E+02   0.476534E+02   0.911845E-05   0.761858E-04   0.360887E-03   0.149541E+03
   0.109328E+03   0.193781E+02   0.378427E+02   0.350404E+02   0.476534E+02   0.911845E-05   0.761858E-04   0.360887E-03   0.149681E+03
   0.109328E+03   0.175323E+02   0.378427E+02   0.284071E+02   0.476534E+02   0.163584E-03   0.761858E-04   0.360887E-03   0.148983E+03
   0.109328E+03   0.175323E+02   0.378427E+02   0.365523E+02   0.476534E+02   0.163584E-03   0.761858E-04   0.390556E-03   0.148591E+03
   0.109328E+03   0.175323E+02   0.378427E+02   0.379424E+02   0.413078E+02   0.840251E-03   0.347860E-03   0.390556E-03   0.145577E+03
   0.109328E+03   0.175323E+02   0.365450E+02   0.320841E+02   0.441660E+02   0.840251E-03   0.347860E-03   0.390556E-03   0.145986E+03
   0.109328E+03   0.190373E+02   0.418859E+02   0.337415E+02   0.513469E+02   0.840251E-03   0.347860E-03   0.390556E-03   0.146252E+03
   0.109328E+03   0.190373E+02   0.409512E+02   0.337415E+02   0.487195E+02   0.645018E-03   0.347860E-03   0.390556E-03   0.147349E+03
   0.109328E+03   0.190373E+02   0.326848E+02   0.345349E+02   0.487195E+02   0.645018E-03   0.347860E-03   0.390556E-03   0.145852E+03
   0.109328E+03   0.201971E+02   0.434345E+02   0.345349E+02   0.548031E+02   0.645018E-03   0.347860E-03   0.390556E-03   0.145745E+03
   0.109328E+03   0.201971E+02   0.459975E+02   0.345349E+02   0.492496E+02   0.645018E-03   0.347860E-03   0.390556E-03   0.145802E+03
   0.109328E+03   0.204770E+02   0.354342E+02   0.351809E+02   0.492496E+02   0.645018E-03   0.347860E-03   0.390556E-03   0.146584E+03
   0.109328E+03   0.147784E+02   0.370405E+02   0.243454E+02   0.413053E+02   0.645018E-03   0.347860E-03   0.216985E-03   0.145342E+03
   0.109328E+03   0.206141E+02   0.408632E+02   0.374678E+02   0.413053E+02   0.645018E-03   0.347860E-03   0.216985E-03   0.147925E+03
   0.109328E+03   0.206141E+02   0.396512E+02   0.374678E+02   0.470440E+02   0.645018E-03   0.347860E-03   0.216985E-03   0.148210E+03
   0.109328E+03   0.206141E+02   0.396512E+02   0.376923E+02   0.483800E+02   0.645018E-03   0.347860E-03   0.216985E-03   0.148133E+03
   0.109328E+03   0.212861E+02   0.396512E+02   0.376923E+02   0.428935E+02   0.645018E-03   0.347860E-03   0.302370E-03   0.147676E+03
   0.109328E+03   0.212861E+02   0.339892E+02   0.376923E+02   0.457303E+02   0.645018E-03   0.347860E-03   0.302370E-03   0.146400E+03
   0.109328E+03   0.212861E+02   0.385199E+02   0.401153E+02   0.507509E+02   0.645018E-03   0.347860E-03   0.302370E-03   0.147213E+03
   0.109328E+03   0.175149E+02   0.414331E+02   0.340637E+02   0.520701E+02   0.645018E-03   0.347860E-03   0.664494E-04   0.148150E+03
   0.110327E+03   0.173835E+02   0.459118E+02   0.340637E+02   0.476187E+02   0.372977E-03   0.405174E-03   0.664494E-04   0.148237E+03
   0.110327E+03   0.223146E+02   0.461665E+02   0.340637E+02   0.540786E+02   0.372977E-03   0.405174E-03   0.664494E-04   0.147979E+03
   0.110327E+03   0.200058E+02   0.391579E+02   0.458390E+02   0.540786E+02   0.372977E-03   0.247072E-04   0.664494E-04   0.146031E+03
   0.110327E+03   0.245452E+02   0.391579E+02   0.401882E+02   0.467033E+02   0.372977E-03   0.133884E-02   0.664494E-04   0.140709E+03
   0.108656E+03   0.245452E+02   0.391579E+02   0.451515E+02   0.467033E+02   0.372977E-03   0.133884E-02   0.664494E-04   0.142625E+03
   0.108656E+03   0.245452E+02   0.395205E+02   0.451515E+02   0.372178E+02   0.372977E-03   0.133884E-02   0.664494E-04   0.142977E+03
   0.108656E+03   0.245452E+02   0.391156E+02   0.476120E+02   0.349810E+02   0.542497E-03   0.133884E-02   0.664494E-04   0.142193E+03
   0.107941E+03   0.245452E+02   0.416013E+02   0.476120E+02   0.349810E+02   0.542497E-03   0.133884E-02   0.664494E-04   0.139994E+03
   0.107941E+03   0.134270E+02   0.416013E+02   0.272004E+02   0.436019E+02   0.690057E-03   0.133884E-02   0.664494E-04   0.143079E+03
   0.107941E+03   0.134270E+02   0.410134E+02   0.228988E+02   0.417002E+02   0.849084E-03   0.133884E-02   0.456672E-04   0.142564E+03
   0.107941E+03   0.134270E+02   0.408393E+02   0.264099E+02   0.482571E+02   0.849084E-03   0.114871E-02   0.456672E-04   0.143401E+03
   0.107941E+03   0.167377E+02   0.414447E+02   0.264099E+02   0.482571E+02   0.849084E-03   0.115907E-02   0.458204E-03   0.140950E+03
   0.107635E+03   0.167377E+02   0.420032E+02   0.269468E+02   0.391375E+02   0.849084E-03   0.115907E-02   0.458204E-03   0.140780E+03
   0.107635E+03   0.167377E+02   0.369916E+02   0.252088E+02   0.391375E+02   0.849084E-03   0.151875E-02   0.458204E-03   0.139529E+03
   0.107635E+03   0.167377E+02   0.447383E+02   0.252088E+02   0.391375E+02   0.299094E-03   0.151875E-02   0.458204E-03   0.139754E+03
   0.109469E+03   0.167377E+02   0.482836E+02   0.276730E+02   0.455262E+02   0.299094E-03   0.149994E-02   0.458204E-03   0.141003E+03
   0.109469E+03   0.167377E+02   0.451139E+02   0.276730E+02   0.503043E+02   0.299094E-03   0.115592E-02   0.458204E-03   0.143264E+03
   0.109469E+03   0.167377E+02   0.413188E+02   0.212399E+02   0.542733E+02   0.322011E-03   0.564179E-03   0.458204E-03   0.144998E+03
   0.109469E+03   0.167612E+02   0.413188E+02   0.366351E+02   0.542733E+02   0.322011E-03   0.564179E-03   0.458204E-03   0.144930E+03
   0.109469E+03   0.228807E+02   0.377331E+02   0.274523E+02   0.542733E+02   0.322011E-03   0.564179E-03   0.458204E-03   0.141460E+03
   0.109037E+03   0.205286E+02   0.445380E+02   0.306816E+02   0.542733E+02   0.322011E-03   0.564179E-03   0.458204E-03   0.144727E+03
   0.111251E+03   0.205286E+02   0.503532E+02   0.321079E+02   0.545176E+02   0.322011E-03   0.564179E-03   0.371019E-03   0.146577E+03
   0.111251E+03   0.205286E+02   0.503532E+02   0.321079E+02   0.557198E+02   0.322011E-03   0.564179E-03   0.371019E-03   0.146646E+03
   0.111924E+03   0.205286E+02   0.503532E+02   0.326002E+02   0.584411E+02   0.322011E-03   0.564179E-03   0.371019E-03   0.146394E+03
   0.111924E+03   0.146670E+02   0.581591E+02   0.140457E+02   0.624347E+02   0.322011E-03   0.564179E-03   0.314018E-03   0.142691E+03
   0.111924E+03   0.130795E+02   0.580403E+02   0.261120E+02   0.631272E+02   0.322011E-03   0.564179E-03   0.314018E-03   0.144285E+03
   0.111924E+03   0.130795E+02   0.567338E+02   0.261120E+02   0.631272E+02   0.322011E-03   0.545702E-03   0.314018E-03   0.144964E+03
   0.112669E+03   0.130795E+02   0.532333E+02   0.148903E+02   0.644647E+02   0.322011E-03   0.545702E-03   0.314018E-03   0.143788E+03
   0.112669E+03   0.923183E+01   0.532333E+02   0.148903E+02   0.703064E+02   0.322011E-03   0.545702E-03   0.314018E-03   0.145453E+03
   0.112669E+03   0.989046E+01   0.532333E+02   0.267215E+02   0.652475E+02   0.322011E-03   0.545702E-03   0.314018E-03   0.143137E+03
   0.112669E+03   0.989046E+01   0.532333E+02   0.248879E+02   0.771183E+02   0.322011E-03   0.545702E-03   0.749046E-03   0.139374E+03
   0.112788E+03   0.153995E+02   0.412052E+02   0.248879E+02   0.761098E+02   0.322011E-03   0.545702E-03   0.749046E-03   0.141046E+03
   0.112788E+03   0.153995E+02   0.557437E+02   0.247194E+02   0.639826E+02   0.322011E-03   0.545702E-03   0.749046E-03   0.143563E+03
   0.112788E+03   0.153995E+02   0.513910E+02   0.247194E+02   0.688863E+02   0.322011E-03   0.330014E-04   0.209858E-03   0.147618E+03
   0.112788E+03   0.142154E+02   0.513910E+02   0.247194E+02   0.700994E+02   0.322011E-03   0.330014E-04   0.209858E-03   0.147507E+03
   0.112788E+03   0.142154E+02   0.514405E+02   0.288691E+02   0.658395E+02   0.322011E-03   0.330014E-04   0.209858E-03   0.146849E+03
   0.112788E+03   0.174504E+02   0.517366E+02   0.288691E+02   0.673042E+02   0.579882E-03   0.330014E-04   0.209858E-03   0.147563E+03
   0.112788E+03   0.174504E+02   0.517366E+02   0.288691E+02   0.673042E+02   0.649770E-03   0.330014E-04   0.209858E-03   0.147349E+03
   0.112788E+03   0.174504E+02   0.519220E+02   0.279567E+02   0.735627E+02   0.649770E-03   0.330014E-04   0.209858E-03   0.146050E+03
   0.112509E+03   0.174504E+02   0.522237E+02   0.279567E+02   0.735627E+02   0.649770E-03   0.330014E-04   0.209858E-03   0.145584E+03
   0.112509E+03   0.174504E+02   0.522237E+02   0.268555E+02   0.735627E+02   0.649770E-03   0.367667E-03   0.209858E-03   0.145219E+03
   0.113504E+03   0.186849E+02   0.612941E+02   0.254791E+02   0.628067E+02   0.649770E-03   0.367667E-03   0.209858E-03   0.145424E+03
   0.113504E+03   0.186849E+02   0.612941E+02   0.254791E+02   0.634515E+02   0.609003E-03   0.367667E-03   0.285384E-03   0.145421E+03
   0.113504E+03   0.187102E+02   0.612941E+02   0.254791E+02   0.782141E+02   0.478085E-03   0.367667E-03   0.285384E-03   0.143126E+03
   0.114186E+03   0.173837E+02   0.645901E+02   0.254791E+02   0.782141E+02   0.478085E-03   0.373622E-03   0.285384E-03   0.144372E+03
   0.113659E+03   0.173837E+02   0.610165E+02   0.254791E+02   0.750348E+02   0.478085E-03   0.373622E-03   0.285384E-03   0.145469E+03
   0.113659E+03   0.173837E+02   0.610165E+02   0.254791E+02   0.761806E+02   0.478085E-03   0.373622E-03   0.285384E-03   0.145103E+03
   0.113659E+03   0.173837E+02   0.625556E+02   0.293853E+02   0.633599E+02   0.169212E-03   0.373622E-03   0.825249E-04   0.147088E+03
   0.113659E+03   0.188779E+02   0.614642E+02   0.276276E+02   0.662475E+02   0.169212E-03   0.343268E-04   0.128246E-03   0.147951E+03
   0.113659E+03   0.144996E+02   0.614642E+02   0.276276E+02   0.662475E+02   0.169212E-03   0.343268E-04   0.128246E-03   0.146543E+03
   0.113659E+03   0.209395E+02   0.606646E+02   0.263806E+02   0.706834E+02   0.169212E-03   0.786225E-03   0.128246E-03   0.143855E+03
   0.113659E+03   0.209395E+02   0.627561E+02   0.306945E+02   0.616399E+02   0.122561E-03   0.786225E-03   0.128246E-03   0.145233E+03
   0.114776E+03   0.209395E+02   0.635210E+02   0.306945E+02   0.700565E+02   0.122561E-03   0.786225E-03   0.128246E-03   0.145255E+03
   0.114776E+03   0.209395E+02   0.681714E+02   0.306945E+02   0.713279E+02   0.145334E-03   0.786225E-03   0.128246E-03   0.145255E+03
   0.114776E+03   0.209395E+02   0.650149E+02   0.305351E+02   0.713279E+02   0.145334E-03   0.786225E-03   0.800903E-04   0.145574E+03
   0.114776E+03   0.209395E+02   0.713834E+02   0.281123E+02   0.713279E+02   0.363927E-03   0.115434E-02   0.800903E-04   0.141818E+03
   0.114776E+03   0.209395E+02   0.706670E+02   0.281123E+02   0.713279E+02   0.363927E-03   0.115434E-02   0.800903E-04   0.142076E+03
   0.114776E+03   0.253488E+02   0.651852E+02   0.438302E+02   0.643206E+02   0.363927E-03   0.248676E-03   0.104838E-04   0.147148E+03
   0.114776E+03   0.286437E+02   0.598347E+02   0.491807E+02   0.643206E+02   0.363927E-03   0.232964E-03   0.104838E-04   0.148282E+03
   0.114776E+03   0.286437E+02   0.598347E+02   0.491807E+02   0.691341E+02   0.363927E-03   0.232964E-03   0.104838E-04   0.148342E+03
   0.114776E+03   0.376443E+02   0.598347E+02   0.609224E+02   0.518656E+02   0.736208E-03   0.232964E-03   0.104838E-04   0.145098E+03
   0.114776E+03   0.352064E+02   0.598347E+02   0.609224E+02   0.579898E+02   0.736208E-03   0.232964E-03   0.104838E-04   0.146218E+03
   0.114776E+03   0.352064E+02   0.598347E+02   0.646507E+02   0.581873E+02   0.736208E-03   0.232964E-03   0.104838E-04   0.144534E+03
   0.115885E+03   0.350271E+02   0.598347E+02   0.646507E+02   0.596006E+02   0.736208E-03   0.232964E-03   0.104838E-04   0.144871E+03
   0.116589E+03   0.358720E+02   0.635834E+02   0.656705E+02   0.516127E+02   0.736208E-03   0.232964E-03   0.104838E-04   0.141616E+03
   0.115650E+03   0.358720E+02   0.635834E+02   0.656705E+02   0.655019E+02   0.580773E-03   0.186011E-03   0.104838E-04   0.143819E+03
   0.115650E+03   0.358720E+02   0.635834E+02   0.556863E+02   0.568716E+02   0.627414E-03   0.186011E-03   0.104838E-04   0.145540E+03
   0.115650E+03   0.308611E+02   0.609230E+02   0.542407E+02   0.580595E+02   0.627414E-03   0.776414E-04   0.132402E-03   0.145008E+03
   0.115650E+03   0.308611E+02   0.591237E+02   0.542407E+02   0.812141E+02   0.627414E-03   0.776414E-04   0.132402E-03   0.143395E+03
   0.115650E+03   0.293177E+02   0.591237E+02   0.511839E+02   0.640301E+02   0.627414E-03   0.776414E-04   0.132402E-03   0.145600E+03
   0.115650E+03   0.293177E+02   0.591237E+02   0.511839E+02   0.720909E+02   0.627414E-03   0.776414E-04   0.964845E-04   0.146905E+03
   0.115650E+03   0.293177E+02   0.591237E+02   0.478249E+02   0.741293E+02   0.627414E-03   0.776414E-04   0.964845E-04   0.146661E+03
   0.115650E+03   0.293177E+02   0.597747E+02   0.478249E+02   0.741293E+02   0.157964E-03   0.776414E-04   0.964845E-04   0.147920E+03
   0.115650E+03   0.294199E+02   0.597747E+02   0.478249E+02   0.705155E+02   0.157964E-03   0.776414E-04   0.964845E-04   0.147678E+03
   0.115650E+03   0.294199E+02   0.572571E+02   0.492105E+02   0.705155E+02   0.157964E-03   0.302772E-03   0.964845E-04   0.146016E+03
   0.115650E+03   0.294199E+02   0.572571E+02   0.472065E+02   0.803608E+02   0.157964E-03   0.302772E-03   0.349276E-03   0.145346E+03
   0.115650E+03   0.285987E+02   0.614079E+02   0.426197E+02   0.762439E+02   0.157964E-03   0.302772E-03   0.349276E-03   0.146438E+03
   0.115073E+03   0.285987E+02   0.616057E+02   0.491536E+02   0.641201E+02   0.157964E-03   0.302772E-03   0.349276E-03   0.147129E+03
   0.115073E+03   0.300497E+02   0.608291E+02   0.504326E+02   0.686971E+02   0.157964E-03   0.302772E-03   0.349276E-03   0.147634E+03
   0.115238E+03   0.378974E+02   0.608291E+02   0.614483E+02   0.670297E+02   0.105958E-03   0.302772E-03   0.349276E-03   0.146380E+03
   0.115238E+03   0.378974E+02   0.621627E+02   0.603462E+02   0.670297E+02   0.105958E-03   0.302772E-03   0.349276E-03   0.146302E+03
   0.115238E+03   0.402633E+02   0.629423E+02   0.603462E+02   0.639195E+02   0.105958E-03   0.630740E-03   0.349276E-03   0.144201E+03
   0.115238E+03   0.320907E+02   0.574778E+02   0.515792E+02   0.639195E+02   0.268806E-04   0.627325E-03   0.465508E-03   0.144086E+03
   0.115238E+03   0.320907E+02   0.559121E+02   0.566705E+02   0.639195E+02   0.268806E-04   0.627325E-03   0.465508E-03   0.144355E+03
   0.115238E+03   0.375451E+02   0.723158E+02   0.566705E+02   0.733686E+02   0.268806E-04   0.627325E-03   0.465508E-03   0.138926E+03
   0.115238E+03   0.375451E+02   0.624977E+02   0.609958E+02   0.590047E+02   0.268806E-04   0.627325E-03   0.465508E-03   0.144840E+03
   0.115238E+03   0.375451E+02   0.516847E+02   0.689881E+02   0.590047E+02   0.725467E-03   0.619644E-03   0.465508E-03   0.141946E+03
   0.115238E+03   0.347475E+02   0.550638E+02   0.689881E+02   0.595190E+02   0.791192E-03   0.619644E-03   0.465508E-03   0.141641E+03
   0.113831E+03   0.347475E+02   0.488266E+02   0.682212E+02   0.453966E+02   0.791192E-03   0.866633E-03   0.465508E-03   0.140299E+03
   0.113819E+03   0.358859E+02   0.600657E+02   0.643283E+02   0.484384E+02   0.791192E-03   0.866633E-03   0.465508E-03   0.140266E+03
   0.113819E+03   0.358859E+02   0.600657E+02   0.643283E+02   0.470943E+02   0.791192E-03   0.866633E-03   0.465508E-03   0.140142E+03
   0.115248E+03   0.358859E+02   0.606338E+02   0.576597E+02   0.470943E+02   0.833349E-03   0.866633E-03   0.465508E-03   0.139781E+03
   0.115248E+03   0.364000E+02   0.606338E+02   0.701603E+02   0.479696E+02   0.762167E-03   0.866633E-03   0.465508E-03   0.139616E+03
   0.115248E+03   0.364000E+02   0.541390E+02   0.655711E+02   0.578645E+02   0.762167E-03   0.866633E-03   0.465508E-03   0.141130E+03
   0.115248E+03   0.366827E+02   0.631613E+02   0.622594E+02   0.569148E+02   0.762167E-03   0.971359E-03   0.465508E-03   0.141372E+03
   0.115248E+03   0.382284E+02   0.631613E+02   0.643238E+02   0.569148E+02   0.762167E-03   0.131351E-03   0.465508E-03   0.143869E+03
   0.115248E+03   0.382284E+02   0.659342E+02   0.612983E+02   0.569148E+02   0.762167E-03   0.131351E-03   0.465508E-03   0.143313E+03
   0.115248E+03   0.300482E+02   0.524359E+02   0.600819E+02   0.733306E+02   0.762167E-03   0.131351E-03   0.251787E-03   0.142354E+03
   0.115248E+03   0.300482E+02   0.461438E+02   0.587548E+02   0.720194E+02   0.762167E-03   0.131351E-03   0.251787E-03   0.140612E+03
   0.114960E+03   0.311823E+02   0.461438E+02   0.590641E+02   0.720194E+02   0.111419E-03   0.131351E-03   0.251787E-03   0.142525E+03
   0.113436E+03   0.311823E+02   0.437553E+02   0.596104E+02   0.592749E+02   0.111419E-03   0.131351E-03   0.251787E-03   0.145028E+03
   0.113496E+03   0.316064E+02   0.470039E+02   0.596104E+02   0.592749E+02   0.111419E-03   0.131351E-03   0.251787E-03   0.146522E+03
   0.113496E+03   0.316064E+02   0.470039E+02   0.641968E+02   0.550982E+02   0.111419E-03   0.131351E-03   0.251787E-03   0.145115E+03
   0.113496E+03   0.316064E+02   0.470039E+02   0.641968E+02   0.550982E+02   0.111419E-03   0.131351E-03   0.251787E-03   0.145115E+03
   0.113496E+03   0.316064E+02   0.470039E+02   0.612616E+02   0.550982E+02   0.111419E-03   0.131351E-03   0.251787E-03   0.146151E+03
   0.113496E+03   0.334630E+02   0.472182E+02   0.612616E+02   0.550982E+02   0.111419E-03   0.131351E-03   0.251787E-03   0.146375E+03
   0.113496E+03   0.333294E+02   0.472182E+02   0.612616E+02   0.607641E+02   0.111419E-03   0.348763E-04   0.251787E-03   0.146187E+03
   0.113496E+03   0.333294E+02   0.484741E+02   0.533925E+02   0.656392E+02   0.529982E-03   0.348763E-04   0.511895E-03   0.144359E+03
   0.113496E+03   0.333294E+02   0.568343E+02   0.522666E+02   0.577380E+02   0.529982E-03   0.348763E-04   0.556582E-04   0.147481E+03
   0.113496E+03   0.276496E+02   0.568343E+02   0.522666E+02   0.568909E+02   0.529982E-03   0.348763E-04   0.556582E-04   0.146677E+03
   0.113496E+03   0.339958E+02   0.558494E+02   0.542726E+02   0.598200E+02   0.529982E-03   0.348763E-04   0.556582E-04   0.147187E+03
   0.115231E+03   0.339958E+02   0.558494E+02   0.543676E+02   0.621887E+02   0.529982E-03   0.348763E-04   0.556582E-04   0.145080E+03
   0.115231E+03   0.339958E+02   0.592889E+02   0.543676E+02   0.565163E+02   0.529982E-03   0.348763E-04   0.556582E-04   0.145706E+03
   0.113994E+03   0.339958E+02   0.599818E+02   0.543676E+02   0.527771E+02   0.529982E-03   0.348763E-04   0.556582E-04   0.146738E+03
   0.113994E+03   0.356763E+02   0.592056E+02   0.543676E+02   0.527771E+02   0.583653E-03   0.869007E-05   0.556582E-04   0.145979E+03
   0.113994E+03   0.293729E+02   0.569964E+02   0.435586E+02   0.667213E+02   0.583653E-03   0.869007E-05   0.556582E-04   0.146948E+03
   0.113640E+03   0.229812E+02   0.573489E+02   0.427489E+02   0.667213E+02   0.583653E-03   0.869007E-05   0.556582E-04   0.147327E+03
   0.113640E+03   0.222181E+02   0.532538E+02   0.358214E+02   0.713978E+02   0.583653E-03   0.869007E-05   0.556582E-04   0.147216E+03
   0.113640E+03   0.210259E+02   0.554806E+02   0.358214E+02   0.713978E+02   0.583653E-03   0.869007E-05   0.556582E-04   0.147784E+03
   0.113640E+03   0.210259E+02   0.585858E+02   0.358214E+02   0.713978E+02   0.583653E-03   0.869007E-05   0.556582E-04   0.147418E+03
   0.113640E+03   0.210259E+02   0.568854E+02   0.358214E+02   0.679491E+02   0.583653E-03   0.869007E-05   0.556582E-04   0.148240E+03
   0.113640E+03   0.210259E+02   0.568854E+02   0.334882E+02   0.679491E+02   0.583653E-03   0.869007E-05   0.556582E-04   0.148121E+03
   0.113640E+03   0.210259E+02   0.581128E+02   0.334882E+02   0.679491E+02   0.377752E-03   0.190432E-03   0.556582E-04   0.148554E+03
   0.113582E+03   0.210259E+02   0.568143E+02   0.314013E+02   0.679491E+02   0.377752E-03   0.190432E-03   0.556582E-04   0.147945E+03
   0.112629E+03   0.165935E+02   0.568143E+02   0.314013E+02   0.679491E+02   0.961772E-03   0.190432E-03   0.556582E-04   0.145017E+03
   0.112629E+03   0.165935E+02   0.527698E+02   0.314013E+02   0.679491E+02   0.688695E-03   0.190432E-03   0.332284E-03   0.146065E+03
   0.112629E+03   0.165935E+02   0.527698E+02   0.314013E+02   0.668853E+02   0.688695E-03   0.190432E-03   0.332284E-03   0.146218E+03
   0.112629E+03   0.165935E+02   0.508687E+02   0.277605E+02   0.668853E+02   0.783877E-04   0.190432E-03   0.332284E-03   0.147777E+03
   0.112629E+03   0.165935E+02   0.508687E+02   0.236869E+02   0.608792E+02   0.783877E-04   0.190432E-03   0.249588E-03   0.145921E+03
   0.112092E+03   0.165935E+02   0.502476E+02   0.264987E+02   0.608792E+02   0.651918E-03   0.190432E-03   0.190380E-03   0.147298E+03
   0.112092E+03   0.165935E+02   0.553775E+02   0.293567E+02   0.648379E+02   0.651918E-03   0.190432E-03   0.190380E-03   0.146636E+03
   0.112092E+03   0.165935E+02   0.542483E+02   0.215082E+02   0.594067E+02   0.651918E-03   0.190432E-03   0.954680E-04   0.146103E+03
   0.112092E+03   0.162372E+02   0.542483E+02   0.250706E+02   0.594067E+02   0.651918E-03   0.190432E-03   0.452699E-03   0.146065E+03
