a0_min         a1_min         Y1_intercept   Y2_intercept   Y3_intercept   Y4_intercept   Y5_intercept   Y6_intercept   Y7_intercept   Y8_intercept   LogPost        LogPrior       LogHyper       LogLkh         Deviance       
   0.100299E+03   0.624108E+00   0.103268E-02   0.467607E-03   0.238994E-03   0.566165E-04   0.843048E-03   0.790532E-03   0.177314E-03   0.222817E-03   0.184808E+03   0.000000E+00   0.000000E+00   0.184808E+03  -0.369616E+03
   0.100299E+03   0.624108E+00   0.106661E-02   0.467607E-03   0.238994E-03   0.566165E-04   0.843048E-03   0.790532E-03   0.177314E-03   0.222817E-03   0.184729E+03   0.000000E+00   0.000000E+00   0.184729E+03  -0.369458E+03
   0.100299E+03   0.508551E+01   0.106661E-02   0.467607E-03   0.238994E-03   0.116961E-02   0.116348E-02   0.790532E-03   0.177314E-03   0.222817E-03   0.183977E+03   0.000000E+00   0.000000E+00   0.183977E+03  -0.367954E+03
   0.100299E+03   0.508551E+01   0.106661E-02   0.467607E-03   0.238994E-03   0.163801E-02   0.337800E-02   0.790532E-03   0.177314E-03   0.222817E-03   0.179639E+03   0.000000E+00   0.000000E+00   0.179639E+03  -0.359278E+03
   0.100299E+03   0.437506E+01   0.106661E-02   0.467607E-03   0.238994E-03   0.163801E-02   0.805567E-02   0.790532E-03   0.934882E-04   0.761731E-03   0.176286E+03   0.000000E+00   0.000000E+00   0.176286E+03  -0.352572E+03
   0.100299E+03   0.437506E+01   0.106661E-02   0.467607E-03   0.238994E-03   0.163801E-02   0.959725E-02   0.790532E-03   0.934882E-04   0.974820E-03   0.175142E+03   0.000000E+00   0.000000E+00   0.175142E+03  -0.350284E+03
   0.100299E+03   0.437506E+01   0.255193E-02   0.467607E-03   0.238994E-03   0.163801E-02   0.610658E-02   0.790532E-03   0.934882E-04   0.974820E-03   0.174199E+03   0.000000E+00   0.000000E+00   0.174199E+03  -0.348398E+03
   0.101501E+03  -0.376970E+01   0.248148E-02   0.705596E-03   0.238994E-03   0.640966E-02   0.147630E-02   0.202312E-02   0.934882E-04   0.974820E-03   0.168252E+03   0.000000E+00   0.000000E+00   0.168252E+03  -0.336504E+03
   0.101158E+03  -0.300283E+01   0.248148E-02   0.705596E-03   0.238994E-03   0.278462E-02   0.147630E-02   0.202312E-02   0.344199E-03   0.974820E-03   0.172672E+03   0.000000E+00   0.000000E+00   0.172672E+03  -0.345344E+03
   0.101158E+03   0.384785E+01   0.203027E-03   0.705596E-03   0.238994E-03   0.266706E-02   0.147630E-02   0.128778E-02   0.344199E-03   0.974820E-03   0.180191E+03   0.000000E+00   0.000000E+00   0.180191E+03  -0.360382E+03
   0.101158E+03   0.384785E+01   0.203027E-03   0.705596E-03   0.238994E-03   0.305364E-02   0.147630E-02   0.772924E-03   0.540556E-03   0.206070E-03   0.180731E+03   0.000000E+00   0.000000E+00   0.180731E+03  -0.361462E+03
   0.101158E+03   0.336062E+01   0.257053E-03   0.705596E-03   0.330517E-03   0.345979E-02   0.147630E-02   0.772924E-03   0.540556E-03   0.206070E-03   0.180683E+03   0.000000E+00   0.000000E+00   0.180683E+03  -0.361366E+03
   0.101158E+03   0.544666E+01   0.257053E-03   0.705596E-03   0.330517E-03   0.985664E-03   0.123945E-02   0.772924E-03   0.707787E-03   0.206070E-03   0.183757E+03   0.000000E+00   0.000000E+00   0.183757E+03  -0.367514E+03
   0.101158E+03   0.544666E+01   0.257053E-03   0.705596E-03   0.330517E-03   0.431530E-03   0.123945E-02   0.786407E-03   0.707787E-03   0.206070E-03   0.183917E+03   0.000000E+00   0.000000E+00   0.183917E+03  -0.367834E+03
   0.101158E+03  -0.597977E+00   0.257053E-03   0.705596E-03   0.330517E-03   0.431530E-03   0.123945E-02   0.786407E-03   0.707787E-03   0.206070E-03   0.183724E+03   0.000000E+00   0.000000E+00   0.183724E+03  -0.367448E+03
   0.101158E+03   0.245234E+01   0.257053E-03   0.705596E-03   0.330517E-03   0.884990E-03   0.218981E-02   0.376129E-03   0.114308E-02   0.206070E-03   0.181240E+03   0.000000E+00   0.000000E+00   0.181240E+03  -0.362480E+03
   0.101158E+03   0.576547E+01   0.257053E-03   0.705596E-03   0.362511E-03   0.884990E-03   0.218981E-02   0.114667E-02   0.114308E-02   0.206070E-03   0.181225E+03   0.000000E+00   0.000000E+00   0.181225E+03  -0.362450E+03
   0.101158E+03   0.887141E+00   0.170355E-03   0.705596E-03   0.362511E-03   0.884990E-03   0.145638E-02   0.114667E-02   0.170258E-02   0.206070E-03   0.181671E+03   0.000000E+00   0.000000E+00   0.181671E+03  -0.363342E+03
   0.101158E+03   0.887141E+00   0.170355E-03   0.705596E-03   0.362511E-03   0.884990E-03   0.207385E-03   0.114667E-02   0.170258E-02   0.206070E-03   0.183099E+03   0.000000E+00   0.000000E+00   0.183099E+03  -0.366198E+03
   0.101158E+03   0.324546E+01   0.170355E-03   0.569673E-03   0.362511E-03   0.884990E-03   0.207385E-03   0.114667E-02   0.442916E-03   0.206070E-03   0.185990E+03   0.000000E+00   0.000000E+00   0.185990E+03  -0.371980E+03
   0.101158E+03   0.228078E+01   0.170355E-03   0.569673E-03   0.362511E-03   0.884990E-03   0.526878E-03   0.114667E-02   0.442916E-03   0.206070E-03   0.186319E+03   0.000000E+00   0.000000E+00   0.186319E+03  -0.372638E+03
   0.995845E+02   0.228078E+01   0.170355E-03   0.569673E-03   0.242101E-03   0.884990E-03   0.235400E-02   0.114667E-02   0.442916E-03   0.206070E-03   0.184127E+03   0.000000E+00   0.000000E+00   0.184127E+03  -0.368254E+03
   0.995845E+02   0.228078E+01   0.170355E-03   0.569673E-03   0.242101E-03   0.884990E-03   0.235400E-02   0.114667E-02   0.442916E-03   0.206070E-03   0.184127E+03   0.000000E+00   0.000000E+00   0.184127E+03  -0.368254E+03
   0.995845E+02   0.228078E+01   0.170355E-03   0.539088E-03   0.914295E-03   0.106589E-02   0.509564E-03   0.114667E-02   0.442916E-03   0.206070E-03   0.186564E+03   0.000000E+00   0.000000E+00   0.186564E+03  -0.373128E+03
   0.994513E+02   0.228078E+01   0.170355E-03   0.539088E-03   0.914295E-03   0.106589E-02   0.509564E-03   0.114667E-02   0.442916E-03   0.206070E-03   0.186359E+03   0.000000E+00   0.000000E+00   0.186359E+03  -0.372718E+03
   0.990585E+02   0.228078E+01   0.170355E-03   0.539088E-03   0.374906E-03   0.106589E-02   0.509564E-03   0.114667E-02   0.442916E-03   0.206070E-03   0.186184E+03   0.000000E+00   0.000000E+00   0.186184E+03  -0.372368E+03
   0.996846E+02   0.228078E+01   0.170355E-03   0.539088E-03   0.374906E-03   0.106589E-02   0.509564E-03   0.114667E-02   0.442916E-03   0.206070E-03   0.187312E+03   0.000000E+00   0.000000E+00   0.187312E+03  -0.374624E+03
   0.996846E+02   0.228078E+01   0.152000E-03   0.539088E-03   0.374906E-03   0.106589E-02   0.509564E-03   0.114667E-02   0.442916E-03   0.206070E-03   0.187295E+03   0.000000E+00   0.000000E+00   0.187295E+03  -0.374590E+03
   0.996846E+02   0.230871E+01   0.152000E-03   0.539088E-03   0.374906E-03   0.106589E-02   0.509564E-03   0.114667E-02   0.413424E-03   0.206070E-03   0.187316E+03   0.000000E+00   0.000000E+00   0.187316E+03  -0.374632E+03
   0.997314E+02   0.230871E+01   0.152000E-03   0.539088E-03   0.374906E-03   0.106589E-02   0.509564E-03   0.114667E-02   0.413424E-03   0.206070E-03   0.187362E+03   0.000000E+00   0.000000E+00   0.187362E+03  -0.374724E+03
   0.997314E+02   0.230871E+01   0.152000E-03   0.539088E-03   0.127589E-02   0.106589E-02   0.509564E-03   0.138297E-02   0.413424E-03   0.206070E-03   0.185568E+03   0.000000E+00   0.000000E+00   0.185568E+03  -0.371136E+03
   0.997314E+02   0.230871E+01   0.152000E-03   0.539088E-03   0.127589E-02   0.106589E-02   0.505309E-03   0.286684E-02   0.413424E-03   0.206070E-03   0.183286E+03   0.000000E+00   0.000000E+00   0.183286E+03  -0.366572E+03
   0.997314E+02   0.230871E+01   0.152000E-03   0.822866E-03   0.127589E-02   0.122491E-02   0.505309E-03   0.327493E-02   0.413424E-03   0.206070E-03   0.182001E+03   0.000000E+00   0.000000E+00   0.182001E+03  -0.364002E+03
   0.997314E+02   0.199229E+01   0.152000E-03   0.822866E-03   0.127589E-02   0.122491E-02   0.505309E-03   0.368247E-02   0.413424E-03   0.206070E-03   0.181591E+03   0.000000E+00   0.000000E+00   0.181591E+03  -0.363182E+03
   0.997314E+02   0.137935E+01   0.152000E-03   0.509705E-03   0.127589E-02   0.122491E-02   0.505309E-03   0.368247E-02   0.228693E-03   0.206070E-03   0.182187E+03   0.000000E+00   0.000000E+00   0.182187E+03  -0.364374E+03
   0.997314E+02  -0.702547E+00   0.152000E-03   0.509705E-03   0.161231E-03   0.181273E-02   0.505309E-03   0.368247E-02   0.228693E-03   0.206070E-03   0.181034E+03   0.000000E+00   0.000000E+00   0.181034E+03  -0.362068E+03
   0.100105E+03  -0.702547E+00   0.671020E-03   0.509705E-03   0.161231E-03   0.181273E-02   0.505309E-03   0.368247E-02   0.228693E-03   0.206070E-03   0.180884E+03   0.000000E+00   0.000000E+00   0.180884E+03  -0.361768E+03
   0.100105E+03  -0.702547E+00   0.671020E-03   0.114094E-03   0.161231E-03   0.181273E-02   0.505309E-03   0.368247E-02   0.228693E-03   0.180116E-03   0.180806E+03   0.000000E+00   0.000000E+00   0.180806E+03  -0.361612E+03
   0.100105E+03  -0.858983E+00   0.671020E-03   0.114094E-03   0.161231E-03   0.181273E-02   0.505309E-03   0.160588E-02   0.228693E-03   0.180116E-03   0.183494E+03   0.000000E+00   0.000000E+00   0.183494E+03  -0.366988E+03
   0.100105E+03  -0.858983E+00   0.334550E-03   0.114094E-03   0.397562E-03   0.144464E-02   0.505309E-03   0.160588E-02   0.228693E-03   0.180116E-03   0.185091E+03   0.000000E+00   0.000000E+00   0.185091E+03  -0.370182E+03
   0.100242E+03  -0.858983E+00   0.334550E-03   0.731596E-04   0.397562E-03   0.144464E-02   0.505309E-03   0.934157E-03   0.228693E-03   0.250321E-03   0.186162E+03   0.000000E+00   0.000000E+00   0.186162E+03  -0.372324E+03
   0.100224E+03  -0.858983E+00   0.334550E-03   0.731596E-04   0.397562E-03   0.144464E-02   0.505309E-03   0.934157E-03   0.228693E-03   0.250321E-03   0.186172E+03   0.000000E+00   0.000000E+00   0.186172E+03  -0.372344E+03
   0.100224E+03  -0.858983E+00   0.334550E-03   0.731596E-04   0.190732E-02   0.144464E-02   0.505309E-03   0.934157E-03   0.470568E-03   0.906849E-03   0.182865E+03   0.000000E+00   0.000000E+00   0.182865E+03  -0.365730E+03
   0.100224E+03  -0.144801E+01   0.334550E-03   0.731596E-04   0.575498E-02   0.144464E-02   0.505309E-03   0.934157E-03   0.470568E-03   0.906849E-03   0.178424E+03   0.000000E+00   0.000000E+00   0.178424E+03  -0.356848E+03
   0.100224E+03  -0.728736E+00   0.334550E-03   0.731596E-04   0.575498E-02   0.144464E-02   0.505309E-03   0.934157E-03   0.470568E-03   0.906849E-03   0.178895E+03   0.000000E+00   0.000000E+00   0.178895E+03  -0.357790E+03
   0.100224E+03  -0.728736E+00   0.334550E-03   0.731596E-04   0.634161E-02   0.144464E-02   0.350197E-03   0.934157E-03   0.470568E-03   0.906849E-03   0.178475E+03   0.000000E+00   0.000000E+00   0.178475E+03  -0.356950E+03
   0.100224E+03  -0.728736E+00   0.334550E-03   0.731596E-04   0.634161E-02   0.414511E-03   0.350197E-03   0.934157E-03   0.470568E-03   0.906849E-03   0.179192E+03   0.000000E+00   0.000000E+00   0.179192E+03  -0.358384E+03
   0.100822E+03   0.710157E+01   0.334550E-03   0.280054E-03   0.222665E-02   0.414511E-03   0.350197E-03   0.934157E-03   0.119072E-02   0.906849E-03   0.181524E+03   0.000000E+00   0.000000E+00   0.181524E+03  -0.363048E+03
   0.100822E+03   0.710157E+01   0.334550E-03   0.280054E-03   0.222665E-02   0.434152E-03   0.350197E-03   0.746395E-03   0.119072E-02   0.906849E-03   0.181454E+03   0.000000E+00   0.000000E+00   0.181454E+03  -0.362908E+03
   0.100822E+03   0.255993E+01   0.334550E-03   0.280054E-03   0.962220E-03   0.440168E-03   0.350197E-03   0.746395E-03   0.119072E-02   0.906849E-03   0.185207E+03   0.000000E+00   0.000000E+00   0.185207E+03  -0.370414E+03
   0.100822E+03   0.255993E+01   0.334550E-03   0.280054E-03   0.962220E-03   0.440168E-03   0.350197E-03   0.242645E-03   0.119072E-02   0.906849E-03   0.183580E+03   0.000000E+00   0.000000E+00   0.183580E+03  -0.367160E+03
   0.100822E+03   0.241165E+01   0.334550E-03   0.280054E-03   0.962220E-03   0.553444E-03   0.350197E-03   0.389031E-02   0.119072E-02   0.906849E-03   0.181289E+03   0.000000E+00   0.000000E+00   0.181289E+03  -0.362578E+03
   0.996175E+02   0.241165E+01   0.334550E-03   0.280054E-03   0.862073E-03   0.553444E-03   0.350197E-03   0.163145E-02   0.104622E-02   0.906849E-03   0.184243E+03   0.000000E+00   0.000000E+00   0.184243E+03  -0.368486E+03
   0.996175E+02   0.241165E+01   0.334550E-03   0.280054E-03   0.251471E-03   0.553444E-03   0.350197E-03   0.163145E-02   0.104622E-02   0.906849E-03   0.184638E+03   0.000000E+00   0.000000E+00   0.184638E+03  -0.369276E+03
   0.996175E+02   0.241165E+01   0.334550E-03   0.280054E-03   0.251471E-03   0.553444E-03   0.350197E-03   0.938921E-03   0.104622E-02   0.906849E-03   0.185836E+03   0.000000E+00   0.000000E+00   0.185836E+03  -0.371672E+03
   0.996175E+02   0.241165E+01   0.334550E-03   0.280054E-03   0.251471E-03   0.553444E-03   0.479410E-03   0.938921E-03   0.104622E-02   0.906849E-03   0.185851E+03   0.000000E+00   0.000000E+00   0.185851E+03  -0.371702E+03
   0.996175E+02   0.235481E+01   0.137378E-02   0.190877E-03   0.251471E-03   0.108667E-02   0.479410E-03   0.938921E-03   0.104622E-02   0.906849E-03   0.183561E+03   0.000000E+00   0.000000E+00   0.183561E+03  -0.367122E+03
   0.996175E+02   0.283005E+01   0.130266E-02   0.682706E-03   0.251471E-03   0.900831E-03   0.479410E-03   0.938921E-03   0.104622E-02   0.906849E-03   0.183714E+03   0.000000E+00   0.000000E+00   0.183714E+03  -0.367428E+03
   0.996175E+02   0.283005E+01   0.128316E-02   0.682706E-03   0.251471E-03   0.900831E-03   0.479410E-03   0.938921E-03   0.104622E-02   0.906849E-03   0.183755E+03   0.000000E+00   0.000000E+00   0.183755E+03  -0.367510E+03
   0.996175E+02   0.283005E+01   0.656374E-03   0.682706E-03   0.251471E-03   0.900831E-03   0.479410E-03   0.938921E-03   0.104622E-02   0.906849E-03   0.185047E+03   0.000000E+00   0.000000E+00   0.185047E+03  -0.370094E+03
   0.996175E+02   0.283005E+01   0.656374E-03   0.686850E-03   0.251471E-03   0.446597E-03   0.479410E-03   0.765863E-03   0.104622E-02   0.368473E-03   0.186340E+03   0.000000E+00   0.000000E+00   0.186340E+03  -0.372680E+03
   0.996175E+02   0.283005E+01   0.656374E-03   0.686850E-03   0.251471E-03   0.446597E-03   0.479410E-03   0.765863E-03   0.112382E-02   0.368473E-03   0.186167E+03   0.000000E+00   0.000000E+00   0.186167E+03  -0.372334E+03
   0.996175E+02   0.495881E+01   0.803704E-03   0.686850E-03   0.251471E-03   0.446597E-03   0.479410E-03   0.765863E-03   0.112382E-02   0.368473E-03   0.185557E+03   0.000000E+00   0.000000E+00   0.185557E+03  -0.371114E+03
   0.996175E+02   0.495881E+01   0.179039E-03   0.686850E-03   0.251471E-03   0.446597E-03   0.876704E-03   0.765863E-03   0.123019E-02   0.368473E-03   0.184800E+03   0.000000E+00   0.000000E+00   0.184800E+03  -0.369600E+03
   0.996175E+02   0.383940E+01   0.179039E-03   0.686850E-03   0.251471E-03   0.446597E-03   0.876704E-03   0.765863E-03   0.123019E-02   0.368473E-03   0.185322E+03   0.000000E+00   0.000000E+00   0.185322E+03  -0.370644E+03
   0.996175E+02   0.383940E+01   0.179039E-03   0.686850E-03   0.251471E-03   0.446597E-03   0.876704E-03   0.765863E-03   0.946973E-03   0.368473E-03   0.185950E+03   0.000000E+00   0.000000E+00   0.185950E+03  -0.371900E+03
   0.996175E+02   0.383940E+01   0.179039E-03   0.686850E-03   0.251471E-03   0.446597E-03   0.876704E-03   0.765863E-03   0.946973E-03   0.368473E-03   0.185950E+03   0.000000E+00   0.000000E+00   0.185950E+03  -0.371900E+03
   0.100845E+03   0.383940E+01   0.179039E-03   0.686850E-03   0.251471E-03   0.446597E-03   0.876704E-03   0.765863E-03   0.946973E-03   0.509643E-03   0.185581E+03   0.000000E+00   0.000000E+00   0.185581E+03  -0.371162E+03
   0.100845E+03   0.383940E+01   0.179039E-03   0.686850E-03   0.251471E-03   0.520704E-03   0.876704E-03   0.765863E-03   0.946973E-03   0.509643E-03   0.185690E+03   0.000000E+00   0.000000E+00   0.185690E+03  -0.371380E+03
   0.100845E+03   0.383940E+01   0.179039E-03   0.686850E-03   0.251471E-03   0.520704E-03   0.876704E-03   0.765863E-03   0.103173E-02   0.509643E-03   0.185513E+03   0.000000E+00   0.000000E+00   0.185513E+03  -0.371026E+03
   0.100482E+03   0.530508E+01   0.179039E-03   0.152944E-02   0.251471E-03   0.520704E-03   0.876704E-03   0.152545E-02   0.103173E-02   0.509643E-03   0.182832E+03   0.000000E+00   0.000000E+00   0.182832E+03  -0.365664E+03
   0.100482E+03   0.530508E+01   0.179039E-03   0.152944E-02   0.251471E-03   0.520704E-03   0.876704E-03   0.152545E-02   0.103173E-02   0.165478E-03   0.182460E+03   0.000000E+00   0.000000E+00   0.182460E+03  -0.364920E+03
   0.991318E+02   0.530508E+01   0.179039E-03   0.152944E-02   0.479540E-03   0.520704E-03   0.142249E-02   0.152545E-02   0.103173E-02   0.165478E-03   0.180221E+03   0.000000E+00   0.000000E+00   0.180221E+03  -0.360442E+03
   0.991318E+02   0.530508E+01   0.179039E-03   0.317397E-03   0.479540E-03   0.520704E-03   0.142249E-02   0.152545E-02   0.103173E-02   0.165478E-03   0.181671E+03   0.000000E+00   0.000000E+00   0.181671E+03  -0.363342E+03
   0.991318E+02   0.373768E+01   0.179039E-03   0.317397E-03   0.479540E-03   0.520704E-03   0.142249E-02   0.582610E-03   0.103173E-02   0.165478E-03   0.184194E+03   0.000000E+00   0.000000E+00   0.184194E+03  -0.368388E+03
   0.991318E+02   0.373768E+01   0.179039E-03   0.317397E-03   0.479540E-03   0.520704E-03   0.142249E-02   0.582610E-03   0.103173E-02   0.165478E-03   0.184194E+03   0.000000E+00   0.000000E+00   0.184194E+03  -0.368388E+03
   0.993562E+02   0.373768E+01   0.179039E-03   0.317397E-03   0.479540E-03   0.520704E-03   0.142249E-02   0.582610E-03   0.103173E-02   0.165478E-03   0.184711E+03   0.000000E+00   0.000000E+00   0.184711E+03  -0.369422E+03
   0.993562E+02  -0.206683E+01   0.462346E-03   0.317397E-03   0.479540E-03   0.520704E-03   0.954690E-03   0.582610E-03   0.103173E-02   0.165478E-03   0.184784E+03   0.000000E+00   0.000000E+00   0.184784E+03  -0.369568E+03
   0.993562E+02  -0.206683E+01   0.462346E-03   0.739751E-03   0.479540E-03   0.123491E-02   0.954690E-03   0.582610E-03   0.103173E-02   0.165478E-03   0.183964E+03   0.000000E+00   0.000000E+00   0.183964E+03  -0.367928E+03
   0.993562E+02   0.429384E+01   0.462346E-03   0.739751E-03   0.479540E-03   0.123491E-02   0.954690E-03   0.582610E-03   0.103173E-02   0.165478E-03   0.184589E+03   0.000000E+00   0.000000E+00   0.184589E+03  -0.369178E+03
   0.995569E+02   0.429384E+01   0.132448E-03   0.424701E-03   0.479540E-03   0.123491E-02   0.121890E-02   0.582610E-03   0.103173E-02   0.165478E-03   0.184314E+03   0.000000E+00   0.000000E+00   0.184314E+03  -0.368628E+03
   0.995569E+02   0.429384E+01   0.132448E-03   0.424701E-03   0.479540E-03   0.271340E-03   0.121890E-02   0.582610E-03   0.103173E-02   0.165478E-03   0.184550E+03   0.000000E+00   0.000000E+00   0.184550E+03  -0.369100E+03
   0.997442E+02   0.290035E+01   0.132448E-03   0.424701E-03   0.524815E-03   0.271340E-03   0.121890E-02   0.582610E-03   0.103173E-02   0.165478E-03   0.185414E+03   0.000000E+00   0.000000E+00   0.185414E+03  -0.370828E+03
   0.100231E+03   0.290035E+01   0.132448E-03   0.424701E-03   0.340402E-03   0.271340E-03   0.121890E-02   0.582610E-03   0.103173E-02   0.165478E-03   0.185441E+03   0.000000E+00   0.000000E+00   0.185441E+03  -0.370882E+03
   0.993676E+02  -0.179267E+01   0.132448E-03   0.424701E-03   0.340402E-03   0.871444E-03   0.121890E-02   0.582610E-03   0.103173E-02   0.165478E-03   0.184343E+03   0.000000E+00   0.000000E+00   0.184343E+03  -0.368686E+03
   0.993676E+02  -0.179267E+01   0.132448E-03   0.424701E-03   0.854049E-03   0.871444E-03   0.266720E-02   0.582610E-03   0.130741E-02   0.165478E-03   0.181417E+03   0.000000E+00   0.000000E+00   0.181417E+03  -0.362834E+03
   0.985415E+02  -0.179267E+01   0.132448E-03   0.424701E-03   0.673266E-03   0.871444E-03   0.929891E-03   0.582610E-03   0.130741E-02   0.165478E-03   0.182371E+03   0.000000E+00   0.000000E+00   0.182371E+03  -0.364742E+03
   0.985415E+02  -0.320339E+00   0.238609E-03   0.424701E-03   0.673266E-03   0.871444E-03   0.929891E-03   0.582610E-03   0.130741E-02   0.165478E-03   0.183316E+03   0.000000E+00   0.000000E+00   0.183316E+03  -0.366632E+03
   0.102181E+03   0.377204E+01   0.238609E-03   0.424701E-03   0.673266E-03   0.871444E-03   0.929891E-03   0.582610E-03   0.139468E-02   0.165478E-03   0.181020E+03   0.000000E+00   0.000000E+00   0.181020E+03  -0.362040E+03
   0.102181E+03   0.377204E+01   0.238609E-03   0.424701E-03   0.988918E-03   0.871444E-03   0.929891E-03   0.582610E-03   0.139468E-02   0.165478E-03   0.180793E+03   0.000000E+00   0.000000E+00   0.180793E+03  -0.361586E+03
   0.102181E+03   0.314390E+01   0.238609E-03   0.424701E-03   0.984502E-03   0.701825E-03   0.167107E-02   0.582610E-03   0.113988E-02   0.165478E-03   0.180092E+03   0.000000E+00   0.000000E+00   0.180092E+03  -0.360184E+03
   0.102181E+03   0.314390E+01   0.238609E-03   0.424701E-03   0.984502E-03   0.695416E-03   0.167107E-02   0.582610E-03   0.113988E-02   0.415833E-03   0.180529E+03   0.000000E+00   0.000000E+00   0.180529E+03  -0.361058E+03
   0.102181E+03   0.340913E+01   0.238609E-03   0.424701E-03   0.984502E-03   0.695416E-03   0.167107E-02   0.124477E-02   0.113988E-02   0.415833E-03   0.180874E+03   0.000000E+00   0.000000E+00   0.180874E+03  -0.361748E+03
   0.102181E+03   0.340913E+01   0.238609E-03   0.424701E-03   0.984502E-03   0.695416E-03   0.167107E-02   0.124477E-02   0.122678E-02   0.415833E-03   0.180705E+03   0.000000E+00   0.000000E+00   0.180705E+03  -0.361410E+03
   0.102181E+03   0.891366E+00   0.437693E-03   0.424701E-03   0.984502E-03   0.695416E-03   0.167107E-02   0.561782E-03   0.107712E-03   0.415833E-03   0.181129E+03   0.000000E+00   0.000000E+00   0.181129E+03  -0.362258E+03
   0.102181E+03  -0.202069E+01   0.113939E-02   0.424701E-03   0.183539E-02   0.695416E-03   0.167107E-02   0.561782E-03   0.107712E-03   0.415833E-03   0.179270E+03   0.000000E+00   0.000000E+00   0.179270E+03  -0.358540E+03
   0.100702E+03   0.375892E+01   0.110739E-02   0.424701E-03   0.183539E-02   0.695416E-03   0.167107E-02   0.561782E-03   0.107712E-03   0.415833E-03   0.181433E+03   0.000000E+00   0.000000E+00   0.181433E+03  -0.362866E+03
   0.100244E+03   0.292919E+01   0.207904E-02   0.424701E-03   0.116438E-02   0.446527E-03   0.167107E-02   0.561782E-03   0.107712E-03   0.415833E-03   0.181610E+03   0.000000E+00   0.000000E+00   0.181610E+03  -0.363220E+03
   0.100244E+03   0.292919E+01   0.302493E-02   0.424701E-03   0.116438E-02   0.446527E-03   0.167107E-02   0.561782E-03   0.107712E-03   0.415833E-03   0.180252E+03   0.000000E+00   0.000000E+00   0.180252E+03  -0.360504E+03
   0.100244E+03   0.497198E+01   0.302493E-02   0.943558E-03   0.116438E-02   0.446527E-03   0.167107E-02   0.561782E-03   0.107712E-03   0.415833E-03   0.178171E+03   0.000000E+00   0.000000E+00   0.178171E+03  -0.356342E+03
   0.100244E+03   0.457855E+01   0.331884E-02   0.710497E-03   0.116438E-02   0.940190E-04   0.251552E-02   0.561782E-03   0.107712E-03   0.415833E-03   0.176182E+03   0.000000E+00   0.000000E+00   0.176182E+03  -0.352364E+03
   0.100244E+03   0.457855E+01   0.312843E-03   0.356919E-03   0.116438E-02   0.940190E-04   0.251552E-02   0.561782E-03   0.107712E-03   0.415833E-03   0.181566E+03   0.000000E+00   0.000000E+00   0.181566E+03  -0.363132E+03
   0.100244E+03  -0.190090E+01   0.312843E-03   0.356919E-03   0.116438E-02   0.940190E-04   0.169537E-02   0.114956E-02   0.107712E-03   0.415833E-03   0.181867E+03   0.000000E+00   0.000000E+00   0.181867E+03  -0.363734E+03
   0.100244E+03   0.138909E+01   0.312843E-03   0.356919E-03   0.116438E-02   0.940190E-04   0.169537E-02   0.114956E-02   0.107712E-03   0.415833E-03   0.183553E+03   0.000000E+00   0.000000E+00   0.183553E+03  -0.367106E+03
   0.100244E+03   0.219049E+01   0.312843E-03   0.356919E-03   0.120373E-02   0.940190E-04   0.169537E-02   0.114956E-02   0.107712E-03   0.415833E-03   0.183494E+03   0.000000E+00   0.000000E+00   0.183494E+03  -0.366988E+03
   0.100244E+03   0.219049E+01   0.310593E-03   0.356919E-03   0.120373E-02   0.940190E-04   0.169537E-02   0.164936E-02   0.170420E-03   0.415833E-03   0.182692E+03   0.000000E+00   0.000000E+00   0.182692E+03  -0.365384E+03
   0.100244E+03   0.219049E+01   0.310593E-03   0.356919E-03   0.295638E-03   0.914819E-04   0.169537E-02   0.707482E-03   0.170420E-03   0.415833E-03   0.184988E+03   0.000000E+00   0.000000E+00   0.184988E+03  -0.369976E+03
   0.100244E+03   0.219049E+01   0.310593E-03   0.356919E-03   0.295638E-03   0.914819E-04   0.111230E-03   0.707482E-03   0.170420E-03   0.615873E-03   0.186533E+03   0.000000E+00   0.000000E+00   0.186533E+03  -0.373066E+03
   0.100244E+03   0.623616E+01   0.310593E-03   0.636234E-03   0.295638E-03   0.914819E-04   0.111230E-03   0.707482E-03   0.170420E-03   0.615873E-03   0.184629E+03   0.000000E+00   0.000000E+00   0.184629E+03  -0.369258E+03
   0.100244E+03   0.472202E+01   0.310593E-03   0.636234E-03   0.295638E-03   0.914819E-04   0.590658E-04   0.707482E-03   0.170420E-03   0.615873E-03   0.185622E+03   0.000000E+00   0.000000E+00   0.185622E+03  -0.371244E+03
   0.100244E+03   0.467526E+01   0.781849E-03   0.636234E-03   0.295638E-03   0.914819E-04   0.590658E-04   0.707482E-03   0.170420E-03   0.615873E-03   0.185086E+03   0.000000E+00   0.000000E+00   0.185086E+03  -0.370172E+03
   0.100244E+03   0.467526E+01   0.781849E-03   0.636234E-03   0.295638E-03   0.914819E-04   0.590658E-04   0.707482E-03   0.170420E-03   0.615873E-03   0.185086E+03   0.000000E+00   0.000000E+00   0.185086E+03  -0.370172E+03
   0.100244E+03   0.428800E+01   0.781849E-03   0.636234E-03   0.295638E-03   0.914819E-04   0.590658E-04   0.707482E-03   0.130934E-03   0.615873E-03   0.185163E+03   0.000000E+00   0.000000E+00   0.185163E+03  -0.370326E+03
   0.100244E+03   0.428800E+01   0.781849E-03   0.636234E-03   0.295638E-03   0.914819E-04   0.590658E-04   0.707482E-03   0.130934E-03   0.136332E-02   0.183594E+03   0.000000E+00   0.000000E+00   0.183594E+03  -0.367188E+03
   0.100244E+03   0.428800E+01   0.781849E-03   0.636234E-03   0.295638E-03   0.914819E-04   0.590658E-04   0.707482E-03   0.130934E-03   0.136332E-02   0.183594E+03   0.000000E+00   0.000000E+00   0.183594E+03  -0.367188E+03
   0.101137E+03  -0.135468E+01   0.781849E-03   0.636234E-03   0.308060E-03   0.363541E-02   0.590658E-04   0.707482E-03   0.319073E-04   0.136332E-02   0.178395E+03   0.000000E+00   0.000000E+00   0.178395E+03  -0.356790E+03
   0.101137E+03   0.502311E+01   0.781849E-03   0.497128E-03   0.308060E-03   0.363541E-02   0.590658E-04   0.707482E-03   0.319073E-04   0.136332E-02   0.178546E+03   0.000000E+00   0.000000E+00   0.178546E+03  -0.357092E+03
   0.101137E+03  -0.149721E+01   0.781849E-03   0.497128E-03   0.584079E-03   0.205385E-02   0.538308E-03   0.707482E-03   0.319073E-04   0.136332E-02   0.181701E+03   0.000000E+00   0.000000E+00   0.181701E+03  -0.363402E+03
   0.101137E+03   0.212565E+01   0.683499E-03   0.497128E-03   0.584079E-03   0.128246E-02   0.538308E-03   0.707482E-03   0.319073E-04   0.136332E-02   0.183891E+03   0.000000E+00   0.000000E+00   0.183891E+03  -0.367782E+03
   0.101137E+03   0.212565E+01   0.683499E-03   0.497128E-03   0.584079E-03   0.128246E-02   0.538308E-03   0.707482E-03   0.571543E-03   0.136332E-02   0.184156E+03   0.000000E+00   0.000000E+00   0.184156E+03  -0.368312E+03
   0.101137E+03   0.212565E+01   0.683499E-03   0.497128E-03   0.584079E-03   0.164893E-03   0.538308E-03   0.707482E-03   0.571543E-03   0.136332E-02   0.183564E+03   0.000000E+00   0.000000E+00   0.183564E+03  -0.367128E+03
   0.101137E+03   0.727564E+00   0.136491E-03   0.522233E-03   0.584079E-03   0.164893E-03   0.538308E-03   0.707482E-03   0.571543E-03   0.481476E-03   0.185217E+03   0.000000E+00   0.000000E+00   0.185217E+03  -0.370434E+03
   0.101137E+03   0.727564E+00   0.136491E-03   0.522233E-03   0.584079E-03   0.352496E-03   0.538308E-03   0.147735E-02   0.673935E-03   0.481476E-03   0.184974E+03   0.000000E+00   0.000000E+00   0.184974E+03  -0.369948E+03
   0.101137E+03   0.727564E+00   0.107851E-02   0.522233E-03   0.584079E-03   0.352496E-03   0.538308E-03   0.179817E-02   0.673935E-03   0.481476E-03   0.183545E+03   0.000000E+00   0.000000E+00   0.183545E+03  -0.367090E+03
   0.101137E+03   0.727564E+00   0.107851E-02   0.522233E-03   0.584079E-03   0.352496E-03   0.538308E-03   0.179817E-02   0.673935E-03   0.481476E-03   0.183545E+03   0.000000E+00   0.000000E+00   0.183545E+03  -0.367090E+03
   0.101137E+03   0.844632E+01   0.588880E-03   0.522233E-03   0.187701E-03   0.352496E-03   0.538308E-03   0.219480E-02   0.869329E-03   0.481476E-03   0.182280E+03   0.000000E+00   0.000000E+00   0.182280E+03  -0.364560E+03
   0.100594E+03  -0.247718E+00   0.588880E-03   0.127480E-02   0.600438E-03   0.352496E-03   0.538308E-03   0.219480E-02   0.869329E-03   0.596889E-03   0.182070E+03   0.000000E+00   0.000000E+00   0.182070E+03  -0.364140E+03
   0.100594E+03  -0.181177E+00   0.588880E-03   0.647421E-03   0.600438E-03   0.352496E-03   0.432165E-03   0.219480E-02   0.538034E-03   0.596889E-03   0.184110E+03   0.000000E+00   0.000000E+00   0.184110E+03  -0.368220E+03
   0.100594E+03   0.599851E+01   0.588880E-03   0.647421E-03   0.567407E-03   0.352496E-03   0.432165E-03   0.219480E-02   0.179311E-05   0.596889E-03   0.183399E+03   0.000000E+00   0.000000E+00   0.183399E+03  -0.366798E+03
   0.100594E+03  -0.473874E-01   0.588880E-03   0.172908E-02   0.567407E-03   0.770474E-03   0.432165E-03   0.219480E-02   0.179311E-05   0.596889E-03   0.182359E+03   0.000000E+00   0.000000E+00   0.182359E+03  -0.364718E+03
   0.100594E+03  -0.508707E+01   0.588880E-03   0.184385E-02   0.567407E-03   0.283099E-03   0.514711E-03   0.342841E-03   0.179311E-05   0.123271E-02   0.177917E+03   0.000000E+00   0.000000E+00   0.177917E+03  -0.355834E+03
   0.101706E+03  -0.115341E+01   0.588880E-03   0.184385E-02   0.476860E-03   0.283099E-03   0.514711E-03   0.227342E-02   0.179311E-05   0.123271E-02   0.177136E+03   0.000000E+00   0.000000E+00   0.177136E+03  -0.354272E+03
   0.100562E+03  -0.115341E+01   0.588880E-03   0.225707E-02   0.476860E-03   0.161243E-02   0.514711E-03   0.227342E-02   0.765032E-03   0.874855E-03   0.178426E+03   0.000000E+00   0.000000E+00   0.178426E+03  -0.356852E+03
   0.100904E+03   0.997423E+01   0.588880E-03   0.128065E-02   0.476860E-03   0.161243E-02   0.514711E-03   0.227342E-02   0.765032E-03   0.874855E-03   0.178768E+03   0.000000E+00   0.000000E+00   0.178768E+03  -0.357536E+03
   0.100904E+03   0.580167E+01   0.588880E-03   0.128065E-02   0.476860E-03   0.161243E-02   0.514711E-03   0.227342E-02   0.765032E-03   0.680942E-03   0.181166E+03   0.000000E+00   0.000000E+00   0.181166E+03  -0.362332E+03
   0.100904E+03   0.618436E+01   0.588880E-03   0.128065E-02   0.476860E-03   0.697536E-03   0.514711E-03   0.227342E-02   0.765032E-03   0.680942E-03   0.182523E+03   0.000000E+00   0.000000E+00   0.182523E+03  -0.365046E+03
   0.100904E+03   0.618436E+01   0.588880E-03   0.128065E-02   0.476860E-03   0.697536E-03   0.474041E-03   0.227342E-02   0.765032E-03   0.680942E-03   0.182534E+03   0.000000E+00   0.000000E+00   0.182534E+03  -0.365068E+03
   0.100904E+03   0.618436E+01   0.349956E-03   0.858998E-03   0.476860E-03   0.697536E-03   0.474041E-03   0.227342E-02   0.426614E-03   0.680942E-03   0.183839E+03   0.000000E+00   0.000000E+00   0.183839E+03  -0.367678E+03
   0.100904E+03   0.618436E+01   0.568791E-03   0.858998E-03   0.476860E-03   0.697536E-03   0.474041E-03   0.105169E-02   0.426614E-03   0.680942E-03   0.185245E+03   0.000000E+00   0.000000E+00   0.185245E+03  -0.370490E+03
   0.997144E+02   0.618436E+01   0.568791E-03   0.175495E-03   0.667460E-04   0.697536E-03   0.474041E-03   0.105169E-02   0.389374E-03   0.680942E-03   0.185803E+03   0.000000E+00   0.000000E+00   0.185803E+03  -0.371606E+03
   0.100233E+03   0.618436E+01   0.568791E-03   0.175495E-03   0.956052E-03   0.697536E-03   0.474041E-03   0.114193E-02   0.389374E-03   0.680942E-03   0.185499E+03   0.000000E+00   0.000000E+00   0.185499E+03  -0.370998E+03
   0.100233E+03   0.273967E+01   0.568791E-03   0.175495E-03   0.657340E-03   0.697536E-03   0.474041E-03   0.114193E-02   0.389374E-03   0.680942E-03   0.187432E+03   0.000000E+00   0.000000E+00   0.187432E+03  -0.374864E+03
   0.100233E+03   0.273967E+01   0.568791E-03   0.175495E-03   0.539100E-03   0.697536E-03   0.474041E-03   0.100798E-02   0.389374E-03   0.698424E-04   0.188101E+03   0.000000E+00   0.000000E+00   0.188101E+03  -0.376202E+03
   0.100233E+03   0.336317E+01   0.568791E-03   0.175495E-03   0.539100E-03   0.419072E-03   0.555301E-03   0.426072E-03   0.389374E-03   0.698424E-04   0.187480E+03   0.000000E+00   0.000000E+00   0.187480E+03  -0.374960E+03
   0.100233E+03  -0.523016E+00   0.568791E-03   0.175495E-03   0.539100E-03   0.419072E-03   0.555301E-03   0.133168E-03   0.389374E-03   0.698424E-04   0.186220E+03   0.000000E+00   0.000000E+00   0.186220E+03  -0.372440E+03
   0.100233E+03  -0.523016E+00   0.568791E-03   0.175495E-03   0.539100E-03   0.419072E-03   0.555301E-03   0.133168E-03   0.256893E-03   0.392997E-03   0.186100E+03   0.000000E+00   0.000000E+00   0.186100E+03  -0.372200E+03
   0.100233E+03  -0.523016E+00   0.568791E-03   0.175495E-03   0.539100E-03   0.716943E-03   0.555301E-03   0.133168E-03   0.256893E-03   0.392997E-03   0.186358E+03   0.000000E+00   0.000000E+00   0.186358E+03  -0.372716E+03
   0.100233E+03  -0.763864E+00   0.568791E-03   0.175495E-03   0.598552E-03   0.716943E-03   0.555301E-03   0.133168E-03   0.256893E-03   0.719876E-04   0.186377E+03   0.000000E+00   0.000000E+00   0.186377E+03  -0.372754E+03
   0.100233E+03  -0.233337E-01   0.700554E-03   0.175495E-03   0.598552E-03   0.716943E-03   0.555301E-03   0.133168E-03   0.256893E-03   0.719876E-04   0.186436E+03   0.000000E+00   0.000000E+00   0.186436E+03  -0.372872E+03
   0.995077E+02  -0.233337E-01   0.700554E-03   0.179128E-03   0.534872E-03   0.716943E-03   0.555301E-03   0.133168E-03   0.256893E-03   0.719876E-04   0.186368E+03   0.000000E+00   0.000000E+00   0.186368E+03  -0.372736E+03
   0.995077E+02  -0.233337E-01   0.700554E-03   0.179128E-03   0.534872E-03   0.896377E-03   0.555301E-03   0.133168E-03   0.256893E-03   0.719876E-04   0.186238E+03   0.000000E+00   0.000000E+00   0.186238E+03  -0.372476E+03
   0.995077E+02   0.561453E+00   0.700554E-03   0.498670E-03   0.534872E-03   0.896377E-03   0.555301E-03   0.133168E-03   0.256893E-03   0.719876E-04   0.186412E+03   0.000000E+00   0.000000E+00   0.186412E+03  -0.372824E+03
   0.995077E+02   0.328685E+01   0.700554E-03   0.498670E-03   0.133018E-02   0.134774E-02   0.555301E-03   0.133168E-03   0.256893E-03   0.719876E-04   0.183722E+03   0.000000E+00   0.000000E+00   0.183722E+03  -0.367444E+03
   0.995077E+02   0.112257E+01   0.700554E-03   0.498670E-03   0.133018E-02   0.238819E-02   0.771757E-03   0.133168E-03   0.256893E-03   0.719876E-04   0.182529E+03   0.000000E+00   0.000000E+00   0.182529E+03  -0.365058E+03
   0.988589E+02   0.112257E+01   0.700554E-03   0.498670E-03   0.133018E-02   0.238819E-02   0.771757E-03   0.104245E-02   0.256893E-03   0.719876E-04   0.182235E+03   0.000000E+00   0.000000E+00   0.182235E+03  -0.364470E+03
   0.988589E+02   0.112257E+01   0.372234E-03   0.498670E-03   0.133018E-02   0.238819E-02   0.771757E-03   0.104245E-02   0.256893E-03   0.719876E-04   0.182458E+03   0.000000E+00   0.000000E+00   0.182458E+03  -0.364916E+03
   0.997547E+02   0.112257E+01   0.372234E-03   0.286518E-03   0.133018E-02   0.303932E-02   0.771757E-03   0.104245E-02   0.256893E-03   0.719876E-04   0.183147E+03   0.000000E+00   0.000000E+00   0.183147E+03  -0.366294E+03
   0.997547E+02   0.112257E+01   0.372234E-03   0.286518E-03   0.133018E-02   0.303932E-02   0.771757E-03   0.104245E-02   0.256893E-03   0.719876E-04   0.183147E+03   0.000000E+00   0.000000E+00   0.183147E+03  -0.366294E+03
   0.100477E+03   0.222607E+01   0.372234E-03   0.615212E-03   0.133018E-02   0.120131E-02   0.294905E-03   0.753602E-03   0.256893E-03   0.719876E-04   0.186093E+03   0.000000E+00   0.000000E+00   0.186093E+03  -0.372186E+03
   0.100477E+03   0.222607E+01   0.827203E-03   0.615212E-03   0.133018E-02   0.120131E-02   0.294905E-03   0.753602E-03   0.256893E-03   0.719876E-04   0.185332E+03   0.000000E+00   0.000000E+00   0.185332E+03  -0.370664E+03
   0.100612E+03   0.222607E+01   0.827203E-03   0.615212E-03   0.133018E-02   0.120131E-02   0.294905E-03   0.753602E-03   0.256893E-03   0.719876E-04   0.185199E+03   0.000000E+00   0.000000E+00   0.185199E+03  -0.370398E+03
   0.100115E+03   0.222607E+01   0.245030E-04   0.324042E-03   0.133018E-02   0.688901E-03   0.294905E-03   0.753602E-03   0.256893E-03   0.719876E-04   0.187118E+03   0.000000E+00   0.000000E+00   0.187118E+03  -0.374236E+03
   0.100115E+03   0.222607E+01   0.245030E-04   0.324042E-03   0.133018E-02   0.503316E-03   0.294905E-03   0.753602E-03   0.256893E-03   0.719876E-04   0.187068E+03   0.000000E+00   0.000000E+00   0.187068E+03  -0.374136E+03
   0.100115E+03   0.243647E+01   0.111069E-02   0.324042E-03   0.433412E-03   0.172779E-02   0.294905E-03   0.753602E-03   0.256893E-03   0.719876E-04   0.185684E+03   0.000000E+00   0.000000E+00   0.185684E+03  -0.371368E+03
   0.100115E+03   0.243647E+01   0.546322E-03   0.324042E-03   0.433412E-03   0.172779E-02   0.294905E-03   0.753602E-03   0.256893E-03   0.719876E-04   0.186883E+03   0.000000E+00   0.000000E+00   0.186883E+03  -0.373766E+03
   0.100257E+03   0.243647E+01   0.546322E-03   0.286211E-03   0.116206E-02   0.172779E-02   0.119645E-02   0.753602E-03   0.656965E-03   0.617023E-03   0.184056E+03   0.000000E+00   0.000000E+00   0.184056E+03  -0.368112E+03
   0.100511E+03   0.243647E+01   0.546322E-03   0.286211E-03   0.116206E-02   0.120053E-02   0.233184E-03   0.753602E-03   0.656965E-03   0.617023E-03   0.185972E+03   0.000000E+00   0.000000E+00   0.185972E+03  -0.371944E+03
   0.100116E+03  -0.221099E+00   0.546322E-03   0.286211E-03   0.116206E-02   0.120053E-02   0.233184E-03   0.868163E-03   0.656965E-03   0.617023E-03   0.185375E+03   0.000000E+00   0.000000E+00   0.185375E+03  -0.370750E+03
   0.100116E+03  -0.221099E+00   0.546322E-03   0.286211E-03   0.116206E-02   0.122715E-02   0.233184E-03   0.287522E-02   0.656965E-03   0.617023E-03   0.182159E+03   0.000000E+00   0.000000E+00   0.182159E+03  -0.364318E+03
   0.100116E+03  -0.221099E+00   0.546322E-03   0.286211E-03   0.116206E-02   0.122715E-02   0.233184E-03   0.287522E-02   0.671356E-03   0.187281E-04   0.182664E+03   0.000000E+00   0.000000E+00   0.182664E+03  -0.365328E+03
   0.100424E+03  -0.130429E+01   0.112606E-02   0.286211E-03   0.264811E-03   0.108422E-02   0.233184E-03   0.534323E-02   0.671356E-03   0.187281E-04   0.178968E+03   0.000000E+00   0.000000E+00   0.178968E+03  -0.357936E+03
   0.100424E+03  -0.130429E+01   0.112606E-02   0.126915E-02   0.594594E-03   0.140768E-02   0.233184E-03   0.534323E-02   0.671356E-03   0.187281E-04   0.177556E+03   0.000000E+00   0.000000E+00   0.177556E+03  -0.355112E+03
   0.100424E+03   0.673269E+01   0.112606E-02   0.126915E-02   0.594594E-03   0.140768E-02   0.233184E-03   0.664160E-02   0.671356E-03   0.139046E-02   0.175170E+03   0.000000E+00   0.000000E+00   0.175170E+03  -0.350340E+03
   0.100424E+03   0.524044E+01   0.134347E-02   0.123588E-02   0.594594E-03   0.140768E-02   0.134401E-02   0.664160E-02   0.671356E-03   0.139046E-02   0.173655E+03   0.000000E+00   0.000000E+00   0.173655E+03  -0.347310E+03
   0.100424E+03   0.524044E+01   0.134347E-02   0.123588E-02   0.594594E-03   0.140768E-02   0.100839E-02   0.238339E-02   0.671356E-03   0.410720E-03   0.179733E+03   0.000000E+00   0.000000E+00   0.179733E+03  -0.359466E+03
   0.100424E+03   0.580080E+01   0.120555E-02   0.152180E-02   0.594594E-03   0.717801E-03   0.292629E-03   0.238339E-02   0.671356E-03   0.148515E-02   0.179447E+03   0.000000E+00   0.000000E+00   0.179447E+03  -0.358894E+03
   0.100630E+03   0.711452E+01   0.120555E-02   0.152180E-02   0.594594E-03   0.717801E-03   0.292629E-03   0.238339E-02   0.671356E-03   0.148515E-02   0.179019E+03   0.000000E+00   0.000000E+00   0.179019E+03  -0.358038E+03
   0.100630E+03   0.446548E+01   0.120555E-02   0.972873E-03   0.553363E-03   0.717801E-03   0.562940E-03   0.791179E-03   0.671356E-03   0.114020E-02   0.183628E+03   0.000000E+00   0.000000E+00   0.183628E+03  -0.367256E+03
   0.100630E+03   0.558600E+01   0.120555E-02   0.338521E-03   0.553363E-03   0.717801E-03   0.562940E-03   0.203914E-02   0.671356E-03   0.655484E-05   0.183251E+03   0.000000E+00   0.000000E+00   0.183251E+03  -0.366502E+03
   0.100630E+03   0.558600E+01   0.963238E-03   0.338521E-03   0.553363E-03   0.717801E-03   0.562940E-03   0.166893E-02   0.671356E-03   0.695276E-03   0.184917E+03   0.000000E+00   0.000000E+00   0.184917E+03  -0.369834E+03
   0.100563E+03   0.571246E+01   0.743727E-04   0.338521E-03   0.553363E-03   0.717801E-03   0.562940E-03   0.166893E-02   0.671356E-03   0.695276E-03   0.185736E+03   0.000000E+00   0.000000E+00   0.185736E+03  -0.371472E+03
   0.100563E+03  -0.325116E-01   0.743727E-04   0.338521E-03   0.553363E-03   0.690138E-03   0.562940E-03   0.166893E-02   0.671356E-03   0.695276E-03   0.185256E+03   0.000000E+00   0.000000E+00   0.185256E+03  -0.370512E+03
   0.100563E+03  -0.325116E-01   0.546570E-03   0.338521E-03   0.107512E-02   0.690138E-03   0.562940E-03   0.166893E-02   0.671356E-03   0.695276E-03   0.184788E+03   0.000000E+00   0.000000E+00   0.184788E+03  -0.369576E+03
   0.100563E+03   0.562359E+01   0.546570E-03   0.338521E-03   0.107512E-02   0.155332E-03   0.562940E-03   0.166893E-02   0.671356E-03   0.695276E-03   0.183846E+03   0.000000E+00   0.000000E+00   0.183846E+03  -0.367692E+03
   0.101010E+03   0.562359E+01   0.546570E-03   0.338521E-03   0.107512E-02   0.155332E-03   0.562940E-03   0.166893E-02   0.197826E-02   0.695276E-03   0.181168E+03   0.000000E+00   0.000000E+00   0.181168E+03  -0.362336E+03
   0.100657E+03   0.326754E+01   0.326357E-03   0.338521E-03   0.107512E-02   0.155332E-03   0.693505E-03   0.166893E-02   0.197826E-02   0.695276E-03   0.181691E+03   0.000000E+00   0.000000E+00   0.181691E+03  -0.363382E+03
   0.100657E+03   0.326754E+01   0.326357E-03   0.338521E-03   0.107512E-02   0.155332E-03   0.693505E-03   0.166893E-02   0.197826E-02   0.695276E-03   0.181691E+03   0.000000E+00   0.000000E+00   0.181691E+03  -0.363382E+03
   0.100657E+03   0.326754E+01   0.326357E-03   0.338521E-03   0.107512E-02   0.155332E-03   0.693505E-03   0.166893E-02   0.197826E-02   0.675346E-03   0.181729E+03   0.000000E+00   0.000000E+00   0.181729E+03  -0.363458E+03
   0.100657E+03   0.861621E+00   0.326357E-03   0.338521E-03   0.125566E-02   0.155332E-03   0.693505E-03   0.166893E-02   0.197826E-02   0.675346E-03   0.180827E+03   0.000000E+00   0.000000E+00   0.180827E+03  -0.361654E+03
   0.994202E+02   0.121719E+01   0.326357E-03   0.155076E-04   0.849965E-03   0.155332E-03   0.693505E-03   0.166893E-02   0.197826E-02   0.675346E-03   0.181087E+03   0.000000E+00   0.000000E+00   0.181087E+03  -0.362174E+03
   0.994202E+02   0.121719E+01   0.326357E-03   0.547784E-03   0.849965E-03   0.516515E-03   0.297004E-03   0.166893E-02   0.197826E-02   0.675346E-03   0.182207E+03   0.000000E+00   0.000000E+00   0.182207E+03  -0.364414E+03
   0.994202E+02   0.121719E+01   0.326357E-03   0.547784E-03   0.849965E-03   0.516515E-03   0.297004E-03   0.166893E-02   0.197826E-02   0.675346E-03   0.182207E+03   0.000000E+00   0.000000E+00   0.182207E+03  -0.364414E+03
   0.994202E+02   0.540952E+00   0.326357E-03   0.547784E-03   0.849965E-03   0.516515E-03   0.297004E-03   0.166893E-02   0.197826E-02   0.675346E-03   0.182041E+03   0.000000E+00   0.000000E+00   0.182041E+03  -0.364082E+03
   0.994202E+02   0.530060E+00   0.326357E-03   0.547784E-03   0.849965E-03   0.623407E-03   0.297004E-03   0.373442E-03   0.197826E-02   0.675346E-03   0.183485E+03   0.000000E+00   0.000000E+00   0.183485E+03  -0.366970E+03
   0.994202E+02  -0.263492E+01   0.326357E-03   0.547784E-03   0.849965E-03   0.623407E-03   0.297004E-03   0.373442E-03   0.197826E-02   0.675346E-03   0.181796E+03   0.000000E+00   0.000000E+00   0.181796E+03  -0.363592E+03
   0.994202E+02  -0.263492E+01   0.326357E-03   0.547784E-03   0.849965E-03   0.201655E-02   0.297004E-03   0.373442E-03   0.197826E-02   0.169823E-03   0.180569E+03   0.000000E+00   0.000000E+00   0.180569E+03  -0.361138E+03
   0.994202E+02   0.330533E+01   0.326357E-03   0.547784E-03   0.214882E-03   0.201655E-02   0.115409E-02   0.146406E-02   0.111908E-02   0.169823E-03   0.182257E+03   0.000000E+00   0.000000E+00   0.182257E+03  -0.364514E+03
   0.994202E+02   0.237416E+01   0.326357E-03   0.547784E-03   0.214882E-03   0.201999E-02   0.115409E-02   0.259437E-02   0.318872E-04   0.169823E-03   0.181910E+03   0.000000E+00   0.000000E+00   0.181910E+03  -0.363820E+03
   0.994202E+02   0.237416E+01   0.110903E-02   0.547784E-03   0.214882E-03   0.201999E-02   0.115409E-02   0.259437E-02   0.318872E-04   0.169823E-03   0.180780E+03   0.000000E+00   0.000000E+00   0.180780E+03  -0.361560E+03
   0.992769E+02   0.553801E+01   0.110903E-02   0.547784E-03   0.214882E-03   0.201999E-02   0.115409E-02   0.259437E-02   0.318872E-04   0.169823E-03   0.179411E+03   0.000000E+00   0.000000E+00   0.179411E+03  -0.358822E+03
   0.995991E+02   0.553801E+01   0.110903E-02   0.547784E-03   0.214882E-03   0.201999E-02   0.115409E-02   0.259437E-02   0.318872E-04   0.169823E-03   0.179531E+03   0.000000E+00   0.000000E+00   0.179531E+03  -0.359062E+03
   0.996747E+02   0.553801E+01   0.786493E-03   0.547784E-03   0.214882E-03   0.201999E-02   0.983841E-03   0.259437E-02   0.318872E-04   0.560237E-03   0.180599E+03   0.000000E+00   0.000000E+00   0.180599E+03  -0.361198E+03
   0.996747E+02   0.553801E+01   0.786493E-03   0.547784E-03   0.214882E-03   0.201999E-02   0.118873E-02   0.259437E-02   0.942463E-03   0.560237E-03   0.179856E+03   0.000000E+00   0.000000E+00   0.179856E+03  -0.359712E+03
   0.996747E+02   0.444913E+01   0.857476E-03   0.547784E-03   0.849946E-03   0.201999E-02   0.118873E-02   0.149092E-03   0.436580E-04   0.560237E-03   0.181062E+03   0.000000E+00   0.000000E+00   0.181062E+03  -0.362124E+03
   0.996747E+02   0.134124E+01   0.857476E-03   0.112841E-03   0.849946E-03   0.752003E-03   0.118873E-02   0.149092E-03   0.526040E-03   0.560237E-03   0.184442E+03   0.000000E+00   0.000000E+00   0.184442E+03  -0.368884E+03
   0.996747E+02   0.327651E+01   0.857476E-03   0.112841E-03   0.390124E-03   0.752003E-03   0.118873E-02   0.149092E-03   0.922897E-03   0.560237E-03   0.183758E+03   0.000000E+00   0.000000E+00   0.183758E+03  -0.367516E+03
   0.999736E+02   0.327651E+01   0.857476E-03   0.112841E-03   0.390124E-03   0.752003E-03   0.118873E-02   0.149092E-03   0.922897E-03   0.560237E-03   0.183724E+03   0.000000E+00   0.000000E+00   0.183724E+03  -0.367448E+03
   0.999736E+02  -0.270046E+01   0.857476E-03   0.112841E-03   0.231856E-02   0.752003E-03   0.118873E-02   0.149092E-03   0.133271E-02   0.291021E-03   0.179346E+03   0.000000E+00   0.000000E+00   0.179346E+03  -0.358692E+03
   0.100176E+03  -0.270046E+01   0.857476E-03   0.112841E-03   0.135730E-02   0.752003E-03   0.118873E-02   0.149092E-03   0.133271E-02   0.291021E-03   0.180961E+03   0.000000E+00   0.000000E+00   0.180961E+03  -0.361922E+03
   0.100176E+03  -0.270046E+01   0.857476E-03   0.112841E-03   0.135730E-02   0.752003E-03   0.118873E-02   0.368092E-03   0.977941E-03   0.291021E-03   0.182358E+03   0.000000E+00   0.000000E+00   0.182358E+03  -0.364716E+03
   0.100176E+03  -0.270046E+01   0.857476E-03   0.264957E-03   0.135730E-02   0.505433E-03   0.118873E-02   0.368092E-03   0.977941E-03   0.291021E-03   0.182474E+03   0.000000E+00   0.000000E+00   0.182474E+03  -0.364948E+03
   0.100176E+03  -0.270046E+01   0.186943E-02   0.264957E-03   0.141313E-02   0.505433E-03   0.118873E-02   0.368092E-03   0.977941E-03   0.291021E-03   0.180334E+03   0.000000E+00   0.000000E+00   0.180334E+03  -0.360668E+03
   0.100176E+03  -0.198825E+01   0.186943E-02   0.264957E-03   0.592989E-03   0.505433E-03   0.162027E-02   0.368092E-03   0.977941E-03   0.104287E-02   0.179795E+03   0.000000E+00   0.000000E+00   0.179795E+03  -0.359590E+03
   0.100176E+03  -0.618517E+00   0.428303E-02   0.264957E-03   0.592989E-03   0.505433E-03   0.162027E-02   0.368092E-03   0.158744E-02   0.104287E-02   0.176097E+03   0.000000E+00   0.000000E+00   0.176097E+03  -0.352194E+03
   0.100176E+03  -0.618517E+00   0.428303E-02   0.264957E-03   0.592989E-03   0.505433E-03   0.352572E-03   0.368092E-03   0.158744E-02   0.104287E-02   0.177896E+03   0.000000E+00   0.000000E+00   0.177896E+03  -0.355792E+03
   0.100176E+03  -0.618517E+00   0.428303E-02   0.131030E-02   0.611660E-03   0.127187E-02   0.352572E-03   0.663172E-03   0.820458E-03   0.104287E-02   0.177443E+03   0.000000E+00   0.000000E+00   0.177443E+03  -0.354886E+03
   0.100176E+03   0.556999E+01   0.470581E-02   0.203636E-02   0.611660E-03   0.160366E-02   0.352572E-03   0.663172E-03   0.485815E-04   0.104287E-02   0.175108E+03   0.000000E+00   0.000000E+00   0.175108E+03  -0.350216E+03
   0.100176E+03   0.556999E+01   0.151002E-02   0.203636E-02   0.611660E-03   0.160366E-02   0.352572E-03   0.663172E-03   0.485815E-04   0.104287E-02   0.179147E+03   0.000000E+00   0.000000E+00   0.179147E+03  -0.358294E+03
   0.100176E+03   0.236386E+00   0.595263E-03   0.203636E-02   0.611660E-03   0.160366E-02   0.465917E-03   0.663172E-03   0.485815E-04   0.104287E-02   0.182057E+03   0.000000E+00   0.000000E+00   0.182057E+03  -0.364114E+03
   0.996470E+02   0.236386E+00   0.595263E-03   0.203636E-02   0.133448E-02   0.160366E-02   0.465917E-03   0.663172E-03   0.485815E-04   0.148816E-03   0.182103E+03   0.000000E+00   0.000000E+00   0.182103E+03  -0.364206E+03
   0.996470E+02   0.486010E+01   0.595263E-03   0.160004E-03   0.172064E-02   0.160366E-02   0.465917E-03   0.663172E-03   0.485815E-04   0.148816E-03   0.183031E+03   0.000000E+00   0.000000E+00   0.183031E+03  -0.366062E+03
   0.996470E+02   0.486010E+01   0.127360E-02   0.935500E-03   0.294604E-03   0.649533E-03   0.378278E-03   0.107378E-02   0.485815E-04   0.295323E-03   0.184911E+03   0.000000E+00   0.000000E+00   0.184911E+03  -0.369822E+03
   0.996470E+02   0.339704E+01   0.151853E-02   0.935500E-03   0.113081E-03   0.130564E-02   0.326362E-03   0.107378E-02   0.485815E-04   0.644561E-03   0.183299E+03   0.000000E+00   0.000000E+00   0.183299E+03  -0.366598E+03
   0.996470E+02   0.339704E+01   0.820582E-03   0.935500E-03   0.113081E-03   0.130564E-02   0.326362E-03   0.107378E-02   0.188354E-02   0.644561E-03   0.182086E+03   0.000000E+00   0.000000E+00   0.182086E+03  -0.364172E+03
   0.996470E+02   0.339704E+01   0.820582E-03   0.935500E-03   0.113081E-03   0.130564E-02   0.326362E-03   0.107378E-02   0.754884E-04   0.644561E-03   0.184762E+03   0.000000E+00   0.000000E+00   0.184762E+03  -0.369524E+03
   0.996470E+02  -0.217300E+01   0.820582E-03   0.575921E-03   0.729775E-03   0.130564E-02   0.326362E-03   0.128129E-02   0.754884E-04   0.644561E-03   0.183091E+03   0.000000E+00   0.000000E+00   0.183091E+03  -0.366182E+03
   0.998042E+02  -0.217300E+01   0.820582E-03   0.575921E-03   0.670625E-03   0.130564E-02   0.326362E-03   0.177649E-02   0.754884E-04   0.644561E-03   0.182502E+03   0.000000E+00   0.000000E+00   0.182502E+03  -0.365004E+03
   0.998042E+02  -0.217300E+01   0.820582E-03   0.668748E-03   0.670625E-03   0.130564E-02   0.326362E-03   0.177649E-02   0.754884E-04   0.644561E-03   0.182352E+03   0.000000E+00   0.000000E+00   0.182352E+03  -0.364704E+03
   0.998042E+02  -0.510549E+00   0.262323E-02   0.495865E-03   0.176656E-03   0.130564E-02   0.326362E-03   0.177649E-02   0.754884E-04   0.165689E-02   0.177682E+03   0.000000E+00   0.000000E+00   0.177682E+03  -0.355364E+03
   0.998042E+02   0.685215E+01   0.610224E-03   0.495865E-03   0.737989E-03   0.130564E-02   0.326362E-03   0.645243E-03   0.754884E-04   0.165689E-02   0.181967E+03   0.000000E+00   0.000000E+00   0.181967E+03  -0.363934E+03
   0.998042E+02   0.721474E+01   0.610224E-03   0.495865E-03   0.737989E-03   0.130564E-02   0.326362E-03   0.645243E-03   0.610540E-03   0.165689E-02   0.182320E+03   0.000000E+00   0.000000E+00   0.182320E+03  -0.364640E+03
   0.995091E+02   0.226581E+01   0.287295E-02   0.684221E-03   0.297021E-03   0.130564E-02   0.326362E-03   0.645243E-03   0.610540E-03   0.165689E-02   0.179849E+03   0.000000E+00   0.000000E+00   0.179849E+03  -0.359698E+03
   0.995091E+02   0.226581E+01   0.178918E-02   0.684221E-03   0.297021E-03   0.242423E-02   0.326362E-03   0.645243E-03   0.610540E-03   0.165689E-02   0.179742E+03   0.000000E+00   0.000000E+00   0.179742E+03  -0.359484E+03
   0.995091E+02   0.226581E+01   0.178918E-02   0.469935E-03   0.297021E-03   0.861894E-03   0.326362E-03   0.863387E-03   0.953111E-03   0.162522E-02   0.181667E+03   0.000000E+00   0.000000E+00   0.181667E+03  -0.363334E+03
   0.995091E+02   0.226581E+01   0.178918E-02   0.469935E-03   0.297021E-03   0.861894E-03   0.326362E-03   0.863387E-03   0.953111E-03   0.922908E-03   0.183249E+03   0.000000E+00   0.000000E+00   0.183249E+03  -0.366498E+03
   0.995091E+02   0.226581E+01   0.178918E-02   0.469935E-03   0.921718E-03   0.527012E-03   0.326362E-03   0.863387E-03   0.953111E-03   0.900547E-03   0.182812E+03   0.000000E+00   0.000000E+00   0.182812E+03  -0.365624E+03
   0.995091E+02   0.272028E+01   0.178918E-02   0.469935E-03   0.732766E-03   0.527012E-03   0.506070E-03   0.111473E-02   0.953111E-03   0.900547E-03   0.182868E+03   0.000000E+00   0.000000E+00   0.182868E+03  -0.365736E+03
   0.995091E+02   0.272028E+01   0.178918E-02   0.469935E-03   0.732766E-03   0.527012E-03   0.104339E-02   0.172385E-02   0.953111E-03   0.900547E-03   0.180970E+03   0.000000E+00   0.000000E+00   0.180970E+03  -0.361940E+03
   0.101336E+03   0.673257E+01   0.178918E-02   0.469935E-03   0.732766E-03   0.527012E-03   0.209139E-04   0.172385E-02   0.953111E-03   0.900547E-03   0.180156E+03   0.000000E+00   0.000000E+00   0.180156E+03  -0.360312E+03
   0.101336E+03   0.673257E+01   0.178918E-02   0.469935E-03   0.732766E-03   0.527012E-03   0.209139E-04   0.172385E-02   0.953111E-03   0.900547E-03   0.180156E+03   0.000000E+00   0.000000E+00   0.180156E+03  -0.360312E+03
   0.101336E+03   0.673257E+01   0.659283E-03   0.469935E-03   0.732766E-03   0.527012E-03   0.209139E-04   0.172385E-02   0.953111E-03   0.963701E-03   0.182532E+03   0.000000E+00   0.000000E+00   0.182532E+03  -0.365064E+03
   0.101387E+03   0.450562E+01   0.659283E-03   0.469935E-03   0.380127E-03   0.527012E-03   0.209139E-04   0.172385E-02   0.953111E-03   0.963701E-03   0.182905E+03   0.000000E+00   0.000000E+00   0.182905E+03  -0.365810E+03
   0.101387E+03   0.450562E+01   0.659283E-03   0.469935E-03   0.380127E-03   0.486161E-03   0.209139E-04   0.172385E-02   0.953111E-03   0.963701E-03   0.182843E+03   0.000000E+00   0.000000E+00   0.182843E+03  -0.365686E+03
   0.101387E+03   0.294293E+01   0.769667E-03   0.469935E-03   0.380127E-03   0.591209E-03   0.209139E-04   0.172385E-02   0.713388E-03   0.106352E-03   0.183527E+03   0.000000E+00   0.000000E+00   0.183527E+03  -0.367054E+03
   0.101387E+03   0.294293E+01   0.769667E-03   0.469935E-03   0.380127E-03   0.738484E-03   0.228276E-02   0.172385E-02   0.713388E-03   0.167150E-03   0.181189E+03   0.000000E+00   0.000000E+00   0.181189E+03  -0.362378E+03
   0.101387E+03   0.440702E+01   0.636784E-03   0.469935E-03   0.380127E-03   0.171793E-02   0.228276E-02   0.172385E-02   0.713388E-03   0.167150E-03   0.179674E+03   0.000000E+00   0.000000E+00   0.179674E+03  -0.359348E+03
   0.101387E+03   0.459081E+00   0.636784E-03   0.806549E-03   0.380127E-03   0.171793E-02   0.228276E-02   0.172385E-02   0.713388E-03   0.141724E-02   0.177016E+03   0.000000E+00   0.000000E+00   0.177016E+03  -0.354032E+03
   0.101387E+03  -0.216188E+01   0.636784E-03   0.806549E-03   0.380127E-03   0.171793E-02   0.228276E-02   0.161659E-02   0.665290E-03   0.236032E-03   0.178321E+03   0.000000E+00   0.000000E+00   0.178321E+03  -0.356642E+03
   0.101387E+03   0.345770E+01   0.636784E-03   0.806549E-03   0.380127E-03   0.171793E-02   0.284167E-02   0.161659E-02   0.665290E-03   0.131511E-02   0.177498E+03   0.000000E+00   0.000000E+00   0.177498E+03  -0.354996E+03
   0.101336E+03   0.345770E+01   0.879439E-03   0.112426E-02   0.380127E-03   0.171793E-02   0.284167E-02   0.161659E-02   0.665290E-03   0.131511E-02   0.176301E+03   0.000000E+00   0.000000E+00   0.176301E+03  -0.352602E+03
   0.101336E+03  -0.708538E+00   0.523150E-03   0.112426E-02   0.380127E-03   0.171793E-02   0.245582E-02   0.161659E-02   0.665290E-03   0.131511E-02   0.176289E+03   0.000000E+00   0.000000E+00   0.176289E+03  -0.352578E+03
   0.101336E+03   0.126062E+01   0.113781E-02   0.366859E-03   0.380127E-03   0.171793E-02   0.245582E-02   0.161659E-02   0.665290E-03   0.556696E-04   0.178904E+03   0.000000E+00   0.000000E+00   0.178904E+03  -0.357808E+03
   0.982390E+02   0.126062E+01   0.113781E-02   0.366859E-03   0.380127E-03   0.171793E-02   0.245582E-02   0.161659E-02   0.665290E-03   0.718721E-03   0.177722E+03   0.000000E+00   0.000000E+00   0.177722E+03  -0.355444E+03
   0.983458E+02   0.126062E+01   0.113781E-02   0.366859E-03   0.380127E-03   0.102771E-02   0.245582E-02   0.161659E-02   0.665290E-03   0.718721E-03   0.178936E+03   0.000000E+00   0.000000E+00   0.178936E+03  -0.357872E+03
   0.982544E+02  -0.200388E+01   0.113781E-02   0.366859E-03   0.380127E-03   0.102771E-02   0.245582E-02   0.161659E-02   0.665290E-03   0.718721E-03   0.177568E+03   0.000000E+00   0.000000E+00   0.177568E+03  -0.355136E+03
   0.982544E+02   0.227948E+01   0.113781E-02   0.366859E-03   0.380127E-03   0.102771E-02   0.245582E-02   0.108378E-02   0.665290E-03   0.699789E-03   0.179702E+03   0.000000E+00   0.000000E+00   0.179702E+03  -0.359404E+03
   0.100941E+03   0.227948E+01   0.113781E-02   0.175052E-02   0.513108E-03   0.102771E-02   0.209136E-02   0.112235E-02   0.665290E-03   0.108706E-02   0.178527E+03   0.000000E+00   0.000000E+00   0.178527E+03  -0.357054E+03
   0.100941E+03   0.227948E+01   0.521585E-03   0.175052E-02   0.513108E-03   0.102771E-02   0.116742E-02   0.550067E-03   0.665290E-03   0.108706E-02   0.181728E+03   0.000000E+00   0.000000E+00   0.181728E+03  -0.363456E+03
   0.100941E+03   0.227948E+01   0.521585E-03   0.206888E-02   0.513108E-03   0.102771E-02   0.116742E-02   0.666306E-03   0.665290E-03   0.108706E-02   0.181322E+03   0.000000E+00   0.000000E+00   0.181322E+03  -0.362644E+03
   0.100941E+03   0.227948E+01   0.607867E-03   0.206888E-02   0.513108E-03   0.102771E-02   0.116742E-02   0.666306E-03   0.740348E-03   0.812218E-03   0.181676E+03   0.000000E+00   0.000000E+00   0.181676E+03  -0.363352E+03
   0.100941E+03   0.351723E+01   0.607867E-03   0.206888E-02   0.322043E-03   0.102771E-02   0.128963E-02   0.666306E-03   0.740348E-03   0.812218E-03   0.181110E+03   0.000000E+00   0.000000E+00   0.181110E+03  -0.362220E+03
   0.100941E+03   0.351723E+01   0.607867E-03   0.477739E-03   0.322043E-03   0.102771E-02   0.128963E-02   0.666306E-03   0.740348E-03   0.812218E-03   0.184429E+03   0.000000E+00   0.000000E+00   0.184429E+03  -0.368858E+03
   0.997424E+02   0.351723E+01   0.607867E-03   0.927716E-03   0.322043E-03   0.102771E-02   0.410114E-03   0.666306E-03   0.740348E-03   0.812218E-03   0.185706E+03   0.000000E+00   0.000000E+00   0.185706E+03  -0.371412E+03
   0.997424E+02   0.351723E+01   0.607867E-03   0.111225E-03   0.520224E-03   0.965578E-03   0.552229E-03   0.666306E-03   0.936341E-03   0.812218E-03   0.186074E+03   0.000000E+00   0.000000E+00   0.186074E+03  -0.372148E+03
   0.997424E+02  -0.742340E+00   0.446240E-03   0.111225E-03   0.520224E-03   0.965578E-03   0.366444E-03   0.666306E-03   0.936341E-03   0.812218E-03   0.185505E+03   0.000000E+00   0.000000E+00   0.185505E+03  -0.371010E+03
   0.987445E+02   0.297533E+00   0.446240E-03   0.111225E-03   0.520224E-03   0.965578E-03   0.366444E-03   0.666306E-03   0.945418E-03   0.812218E-03   0.183930E+03   0.000000E+00   0.000000E+00   0.183930E+03  -0.367860E+03
   0.987445E+02   0.258374E+01   0.446240E-03   0.111225E-03   0.520224E-03   0.965578E-03   0.366444E-03   0.652617E-05   0.945418E-03   0.812218E-03   0.182785E+03   0.000000E+00   0.000000E+00   0.182785E+03  -0.365570E+03
   0.987445E+02   0.258374E+01   0.731512E-03   0.111225E-03   0.538657E-03   0.965578E-03   0.366444E-03   0.652617E-05   0.945418E-03   0.812218E-03   0.182629E+03   0.000000E+00   0.000000E+00   0.182629E+03  -0.365258E+03
   0.987445E+02   0.258056E+01   0.266087E-03   0.188654E-03   0.538657E-03   0.965578E-03   0.106583E-02   0.820218E-03   0.945418E-03   0.812218E-03   0.183189E+03   0.000000E+00   0.000000E+00   0.183189E+03  -0.366378E+03
   0.101745E+03   0.258056E+01   0.266087E-03   0.188654E-03   0.538657E-03   0.965578E-03   0.681245E-03   0.820218E-03   0.945418E-03   0.812218E-03   0.183992E+03   0.000000E+00   0.000000E+00   0.183992E+03  -0.367984E+03
   0.101745E+03   0.258056E+01   0.266087E-03   0.188654E-03   0.538657E-03   0.965578E-03   0.182726E-02   0.820218E-03   0.945418E-03   0.812218E-03   0.181840E+03   0.000000E+00   0.000000E+00   0.181840E+03  -0.363680E+03
   0.101745E+03   0.258056E+01   0.266087E-03   0.551844E-03   0.538657E-03   0.894475E-03   0.182726E-02   0.820218E-03   0.945418E-03   0.812218E-03   0.181942E+03   0.000000E+00   0.000000E+00   0.181942E+03  -0.363884E+03
   0.101745E+03   0.766556E+00   0.266087E-03   0.551844E-03   0.538657E-03   0.894475E-03   0.182726E-02   0.820218E-03   0.384975E-02   0.812218E-03   0.176772E+03   0.000000E+00   0.000000E+00   0.176772E+03  -0.353544E+03
   0.101745E+03   0.766556E+00   0.294201E-03   0.551844E-03   0.538657E-03   0.894475E-03   0.182726E-02   0.820218E-03   0.645084E-02   0.188062E-02   0.172532E+03   0.000000E+00   0.000000E+00   0.172532E+03  -0.345064E+03
   0.101473E+03   0.996865E+01   0.364079E-03   0.551844E-03   0.311776E-03   0.894475E-03   0.177392E-02   0.820218E-03   0.645084E-02   0.140728E-02   0.173996E+03   0.000000E+00   0.000000E+00   0.173996E+03  -0.347992E+03
   0.101473E+03   0.824202E+01   0.364079E-03   0.576660E-05   0.311776E-03   0.122765E-02   0.233498E-02   0.820218E-03   0.616069E-02   0.410561E-03   0.174100E+03   0.000000E+00   0.000000E+00   0.174100E+03  -0.348200E+03
   0.101473E+03   0.199103E+01   0.364079E-03   0.576660E-05   0.311776E-03   0.323109E-03   0.233498E-02   0.820218E-03   0.175662E-03   0.410561E-03   0.181510E+03   0.000000E+00   0.000000E+00   0.181510E+03  -0.363020E+03
   0.101434E+03   0.166763E+01   0.364079E-03   0.576660E-05   0.311776E-03   0.323109E-03   0.672620E-02   0.820218E-03   0.175662E-03   0.410561E-03   0.177576E+03   0.000000E+00   0.000000E+00   0.177576E+03  -0.355152E+03
   0.101434E+03   0.166763E+01   0.859147E-03   0.576660E-05   0.311776E-03   0.323109E-03   0.665475E-02   0.820218E-03   0.175662E-03   0.200000E-03   0.176891E+03   0.000000E+00   0.000000E+00   0.176891E+03  -0.353782E+03
   0.990657E+02   0.166763E+01   0.859147E-03   0.576660E-05   0.645145E-03   0.323109E-03   0.665475E-02   0.138763E-02   0.175662E-03   0.200000E-03   0.178205E+03   0.000000E+00   0.000000E+00   0.178205E+03  -0.356410E+03
   0.990657E+02   0.166763E+01   0.859147E-03   0.576660E-05   0.645145E-03   0.101480E-02   0.163379E-02   0.138763E-02   0.175662E-03   0.200000E-03   0.183461E+03   0.000000E+00   0.000000E+00   0.183461E+03  -0.366922E+03
   0.101693E+03  -0.672400E+00   0.859147E-03   0.485942E-03   0.427979E-03   0.101480E-02   0.163379E-02   0.142076E-02   0.175662E-03   0.200000E-03   0.181348E+03   0.000000E+00   0.000000E+00   0.181348E+03  -0.362696E+03
   0.990259E+02  -0.672400E+00   0.191915E-03   0.485942E-03   0.427979E-03   0.101480E-02   0.901693E-03   0.142076E-02   0.175662E-03   0.200000E-03   0.184541E+03   0.000000E+00   0.000000E+00   0.184541E+03  -0.369082E+03
   0.997304E+02   0.259424E+01   0.191915E-03   0.485942E-03   0.427979E-03   0.983982E-03   0.901693E-03   0.142076E-02   0.175662E-03   0.200000E-03   0.186490E+03   0.000000E+00   0.000000E+00   0.186490E+03  -0.372980E+03
   0.997304E+02  -0.570211E+00   0.128327E-02   0.485942E-03   0.427979E-03   0.904467E-03   0.369376E-03   0.698263E-02   0.175662E-03   0.200000E-03   0.179052E+03   0.000000E+00   0.000000E+00   0.179052E+03  -0.358104E+03
   0.997304E+02  -0.171854E+01   0.879332E-04   0.105377E-03   0.427979E-03   0.393491E-03   0.369376E-03   0.385654E-02   0.175662E-03   0.200000E-03   0.181374E+03   0.000000E+00   0.000000E+00   0.181374E+03  -0.362748E+03
   0.100102E+03  -0.221972E+01   0.879332E-04   0.105377E-03   0.427979E-03   0.393491E-03   0.369376E-03   0.385654E-02   0.175662E-03   0.200000E-03   0.180906E+03   0.000000E+00   0.000000E+00   0.180906E+03  -0.361812E+03
   0.996854E+02  -0.107661E+01   0.879332E-04   0.105377E-03   0.427979E-03   0.393491E-03   0.369376E-03   0.385654E-02   0.175662E-03   0.200000E-03   0.182037E+03   0.000000E+00   0.000000E+00   0.182037E+03  -0.364074E+03
   0.996854E+02   0.179024E+01   0.879332E-04   0.105377E-03   0.427979E-03   0.393491E-03   0.369376E-03   0.378145E-02   0.175662E-03   0.200000E-03   0.183747E+03   0.000000E+00   0.000000E+00   0.183747E+03  -0.367494E+03
   0.996854E+02   0.179024E+01   0.123599E-03   0.105377E-03   0.304795E-03   0.393491E-03   0.369376E-03   0.290023E-02   0.175662E-03   0.200000E-03   0.184651E+03   0.000000E+00   0.000000E+00   0.184651E+03  -0.369302E+03
   0.100112E+03   0.179024E+01   0.123599E-03   0.105377E-03   0.304795E-03   0.393491E-03   0.369376E-03   0.588131E-02   0.175662E-03   0.200000E-03   0.182237E+03   0.000000E+00   0.000000E+00   0.182237E+03  -0.364474E+03
   0.100112E+03   0.179024E+01   0.123599E-03   0.105377E-03   0.304795E-03   0.393491E-03   0.369376E-03   0.408186E-02   0.175662E-03   0.200000E-03   0.183642E+03   0.000000E+00   0.000000E+00   0.183642E+03  -0.367284E+03
   0.100112E+03   0.215018E+01   0.147933E-03   0.105377E-03   0.304795E-03   0.393491E-03   0.712510E-03   0.405908E-03   0.175662E-03   0.200000E-03   0.187570E+03   0.000000E+00   0.000000E+00   0.187570E+03  -0.375140E+03
   0.100112E+03   0.375498E+01   0.147933E-03   0.105377E-03   0.304795E-03   0.393491E-03   0.118818E-02   0.405908E-03   0.175662E-03   0.200000E-03   0.186026E+03   0.000000E+00   0.000000E+00   0.186026E+03  -0.372052E+03
   0.100112E+03   0.375498E+01   0.147933E-03   0.317715E-03   0.304795E-03   0.393491E-03   0.118818E-02   0.985732E-05   0.175662E-03   0.982152E-04   0.184091E+03   0.000000E+00   0.000000E+00   0.184091E+03  -0.368182E+03
   0.100112E+03   0.375498E+01   0.147933E-03   0.317715E-03   0.957744E-03   0.393491E-03   0.330750E-03   0.985732E-05   0.107545E-02   0.123772E-02   0.182233E+03   0.000000E+00   0.000000E+00   0.182233E+03  -0.364466E+03
   0.100112E+03   0.375498E+01   0.239817E-03   0.362041E-03   0.957744E-03   0.393491E-03   0.195101E-02   0.985732E-05   0.107545E-02   0.236773E-02   0.177519E+03   0.000000E+00   0.000000E+00   0.177519E+03  -0.355038E+03
   0.100112E+03   0.187519E+01   0.239817E-03   0.362041E-03   0.957744E-03   0.420590E-03   0.195101E-02   0.823310E-03   0.107545E-02   0.276110E-04   0.184041E+03   0.000000E+00   0.000000E+00   0.184041E+03  -0.368082E+03
   0.100112E+03   0.187893E+01   0.239817E-03   0.362041E-03   0.957744E-03   0.420590E-03   0.195101E-02   0.823310E-03   0.107545E-02   0.362788E-03   0.184058E+03   0.000000E+00   0.000000E+00   0.184058E+03  -0.368116E+03
   0.997030E+02   0.187893E+01   0.142190E-03   0.357357E-03   0.120076E-02   0.420590E-03   0.951806E-03   0.823310E-03   0.107545E-02   0.362788E-03   0.185101E+03   0.000000E+00   0.000000E+00   0.185101E+03  -0.370202E+03
   0.997030E+02   0.955797E-01   0.308379E-03   0.357357E-03   0.120076E-02   0.844691E-03   0.951806E-03   0.823310E-03   0.107545E-02   0.682337E-03   0.184500E+03   0.000000E+00   0.000000E+00   0.184500E+03  -0.369000E+03
   0.997030E+02   0.955797E-01   0.308379E-03   0.357357E-03   0.120076E-02   0.844691E-03   0.951806E-03   0.823310E-03   0.107545E-02   0.682337E-03   0.184500E+03   0.000000E+00   0.000000E+00   0.184500E+03  -0.369000E+03
   0.997030E+02   0.353777E+01   0.308379E-03   0.421016E-03   0.120076E-02   0.831683E-03   0.238537E-03   0.170511E-03   0.107545E-02   0.900360E-03   0.183102E+03   0.000000E+00   0.000000E+00   0.183102E+03  -0.366204E+03
   0.997030E+02   0.353777E+01   0.308379E-03   0.421016E-03   0.120076E-02   0.831683E-03   0.238537E-03   0.170511E-03   0.176827E-03   0.900360E-03   0.184204E+03   0.000000E+00   0.000000E+00   0.184204E+03  -0.368408E+03
   0.997030E+02   0.353777E+01   0.389520E-03   0.421016E-03   0.674110E-05   0.831683E-03   0.238537E-03   0.170511E-03   0.176827E-03   0.900360E-03   0.185133E+03   0.000000E+00   0.000000E+00   0.185133E+03  -0.370266E+03
   0.100313E+03   0.353777E+01   0.389520E-03   0.421016E-03   0.674110E-05   0.831683E-03   0.110061E-02   0.110542E-02   0.176827E-03   0.900360E-03   0.185326E+03   0.000000E+00   0.000000E+00   0.185326E+03  -0.370652E+03
   0.100313E+03   0.353777E+01   0.389520E-03   0.421016E-03   0.165581E-02   0.831683E-03   0.110061E-02   0.680454E-03   0.176827E-03   0.900360E-03   0.184121E+03   0.000000E+00   0.000000E+00   0.184121E+03  -0.368242E+03
   0.100313E+03  -0.197340E+01   0.596591E-03   0.421016E-03   0.196054E-02   0.831683E-03   0.110061E-02   0.680454E-03   0.622199E-03   0.900360E-03   0.182434E+03   0.000000E+00   0.000000E+00   0.182434E+03  -0.364868E+03
   0.100313E+03  -0.197340E+01   0.508712E-03   0.421016E-03   0.196054E-02   0.831683E-03   0.110061E-02   0.680454E-03   0.622199E-03   0.900360E-03   0.182522E+03   0.000000E+00   0.000000E+00   0.182522E+03  -0.365044E+03
   0.100313E+03  -0.197340E+01   0.508712E-03   0.421016E-03   0.196054E-02   0.831683E-03   0.110061E-02   0.680454E-03   0.622199E-03   0.900360E-03   0.182522E+03   0.000000E+00   0.000000E+00   0.182522E+03  -0.365044E+03
   0.100313E+03  -0.197340E+01   0.508712E-03   0.524076E-03   0.671167E-03   0.831683E-03   0.110061E-02   0.680454E-03   0.622199E-03   0.162882E-03   0.185739E+03   0.000000E+00   0.000000E+00   0.185739E+03  -0.371478E+03
   0.100194E+03  -0.197340E+01   0.508712E-03   0.524076E-03   0.671167E-03   0.831683E-03   0.110061E-02   0.680454E-03   0.912541E-04   0.117360E-02   0.184101E+03   0.000000E+00   0.000000E+00   0.184101E+03  -0.368202E+03
   0.100194E+03   0.324002E+01   0.508712E-03   0.162138E-03   0.671167E-03   0.831683E-03   0.266656E-03   0.428592E-03   0.692444E-03   0.626138E-03   0.187017E+03   0.000000E+00   0.000000E+00   0.187017E+03  -0.374034E+03
   0.100194E+03   0.540902E+01   0.508712E-03   0.162138E-03   0.671167E-03   0.831683E-03   0.266656E-03   0.428592E-03   0.692444E-03   0.626138E-03   0.185954E+03   0.000000E+00   0.000000E+00   0.185954E+03  -0.371908E+03
   0.100194E+03   0.654313E+01   0.508712E-03   0.162138E-03   0.671167E-03   0.831683E-03   0.266656E-03   0.428592E-03   0.692444E-03   0.626138E-03   0.184978E+03   0.000000E+00   0.000000E+00   0.184978E+03  -0.369956E+03
   0.100194E+03   0.654313E+01   0.673302E-03   0.116920E-02   0.671167E-03   0.831683E-03   0.266656E-03   0.428592E-03   0.864212E-03   0.626138E-03   0.183298E+03   0.000000E+00   0.000000E+00   0.183298E+03  -0.366596E+03
   0.100194E+03   0.654313E+01   0.673302E-03   0.303676E-03   0.671167E-03   0.877416E-03   0.266656E-03   0.271447E-02   0.864212E-03   0.626138E-03   0.182945E+03   0.000000E+00   0.000000E+00   0.182945E+03  -0.365890E+03
   0.100194E+03   0.298748E+01   0.673302E-03   0.303676E-03   0.671167E-03   0.877416E-03   0.266656E-03   0.271447E-02   0.864212E-03   0.127520E-03   0.184194E+03   0.000000E+00   0.000000E+00   0.184194E+03  -0.368388E+03
   0.100194E+03   0.298748E+01   0.673302E-03   0.303676E-03   0.671167E-03   0.877416E-03   0.266656E-03   0.271447E-02   0.864212E-03   0.127520E-03   0.184194E+03   0.000000E+00   0.000000E+00   0.184194E+03  -0.368388E+03
   0.100194E+03   0.298748E+01   0.673302E-03   0.303676E-03   0.671167E-03   0.877416E-03   0.266656E-03   0.271447E-02   0.209247E-03   0.127520E-03   0.184807E+03   0.000000E+00   0.000000E+00   0.184807E+03  -0.369614E+03
   0.100194E+03   0.470780E+01   0.540964E-03   0.303676E-03   0.671167E-03   0.877416E-03   0.266656E-03   0.428786E-02   0.209247E-03   0.127520E-03   0.182511E+03   0.000000E+00   0.000000E+00   0.182511E+03  -0.365022E+03
   0.100194E+03   0.377731E+01   0.540964E-03   0.303676E-03   0.671167E-03   0.877416E-03   0.266656E-03   0.224737E-02   0.209247E-03   0.127520E-03   0.185377E+03   0.000000E+00   0.000000E+00   0.185377E+03  -0.370754E+03
   0.100194E+03   0.111107E+01   0.540964E-03   0.303676E-03   0.850194E-03   0.877416E-03   0.266656E-03   0.322887E-02   0.209247E-03   0.127520E-03   0.184235E+03   0.000000E+00   0.000000E+00   0.184235E+03  -0.368470E+03
   0.100194E+03   0.111107E+01   0.540964E-03   0.303676E-03   0.850194E-03   0.877416E-03   0.266656E-03   0.146969E-02   0.209247E-03   0.127520E-03   0.186789E+03   0.000000E+00   0.000000E+00   0.186789E+03  -0.373578E+03
   0.100194E+03   0.111107E+01   0.127019E-02   0.303676E-03   0.850194E-03   0.877416E-03   0.266656E-03   0.146969E-02   0.209247E-03   0.156134E-03   0.185221E+03   0.000000E+00   0.000000E+00   0.185221E+03  -0.370442E+03
   0.100194E+03   0.111107E+01   0.806032E-04   0.303676E-03   0.850194E-03   0.877416E-03   0.266656E-03   0.146969E-02   0.209247E-03   0.156134E-03   0.186817E+03   0.000000E+00   0.000000E+00   0.186817E+03  -0.373634E+03
   0.100194E+03   0.111107E+01   0.333170E-03   0.303676E-03   0.884950E-03   0.877416E-03   0.266656E-03   0.118407E-02   0.209247E-03   0.156134E-03   0.187413E+03   0.000000E+00   0.000000E+00   0.187413E+03  -0.374826E+03
   0.100194E+03   0.111107E+01   0.333170E-03   0.303676E-03   0.884950E-03   0.877416E-03   0.266656E-03   0.194030E-02   0.209247E-03   0.156134E-03   0.186103E+03   0.000000E+00   0.000000E+00   0.186103E+03  -0.372206E+03
   0.100194E+03   0.111107E+01   0.333170E-03   0.267756E-03   0.884950E-03   0.877416E-03   0.266656E-03   0.946148E-03   0.209247E-03   0.156134E-03   0.187787E+03   0.000000E+00   0.000000E+00   0.187787E+03  -0.375574E+03
   0.100440E+03   0.609887E+00   0.333170E-03   0.238188E-04   0.102772E-02   0.877416E-03   0.266656E-03   0.946148E-03   0.209247E-03   0.156134E-03   0.187148E+03   0.000000E+00   0.000000E+00   0.187148E+03  -0.374296E+03
   0.100440E+03   0.272547E+01   0.333170E-03   0.118807E-02   0.102772E-02   0.165547E-03   0.266656E-03   0.946148E-03   0.209247E-03   0.156134E-03   0.184722E+03   0.000000E+00   0.000000E+00   0.184722E+03  -0.369444E+03
   0.100440E+03   0.167008E+01   0.333170E-03   0.118807E-02   0.102772E-02   0.165547E-03   0.266656E-03   0.946148E-03   0.435109E-02   0.772178E-03   0.178302E+03   0.000000E+00   0.000000E+00   0.178302E+03  -0.356604E+03
   0.988690E+02   0.167008E+01   0.333170E-03   0.118807E-02   0.102772E-02   0.165547E-03   0.266656E-03   0.946148E-03   0.159247E-02   0.772178E-03   0.180114E+03   0.000000E+00   0.000000E+00   0.180114E+03  -0.360228E+03
   0.988690E+02   0.167008E+01   0.333170E-03   0.118807E-02   0.102772E-02   0.134603E-02   0.266656E-03   0.946148E-03   0.159247E-02   0.772178E-03   0.180521E+03   0.000000E+00   0.000000E+00   0.180521E+03  -0.361042E+03
   0.988690E+02   0.167008E+01   0.478959E-03   0.118807E-02   0.102772E-02   0.703517E-04   0.266656E-03   0.946148E-03   0.159247E-02   0.772178E-03   0.179889E+03   0.000000E+00   0.000000E+00   0.179889E+03  -0.359778E+03
   0.988690E+02   0.814393E-01   0.988335E-04   0.115211E-02   0.102772E-02   0.703517E-04   0.748562E-03   0.946148E-03   0.159247E-02   0.772178E-03   0.179352E+03   0.000000E+00   0.000000E+00   0.179352E+03  -0.358704E+03
   0.988690E+02   0.448941E+01   0.832474E-03   0.115211E-02   0.102772E-02   0.703517E-04   0.748562E-03   0.946148E-03   0.267837E-02   0.515877E-03   0.178473E+03   0.000000E+00   0.000000E+00   0.178473E+03  -0.356946E+03
   0.988690E+02   0.440454E+01   0.832474E-03   0.115211E-02   0.102772E-02   0.703517E-04   0.748562E-03   0.946148E-03   0.194423E-02   0.515877E-03   0.179613E+03   0.000000E+00   0.000000E+00   0.179613E+03  -0.359226E+03
   0.100260E+03   0.440454E+01   0.832474E-03   0.115211E-02   0.102772E-02   0.703517E-04   0.454302E-03   0.946148E-03   0.194423E-02   0.515877E-03   0.180940E+03   0.000000E+00   0.000000E+00   0.180940E+03  -0.361880E+03
   0.100260E+03  -0.211160E+01   0.832474E-03   0.962647E-03   0.190532E-03   0.207816E-02   0.454302E-03   0.139485E-02   0.516209E-03   0.515877E-03   0.181043E+03   0.000000E+00   0.000000E+00   0.181043E+03  -0.362086E+03
   0.101056E+03  -0.162537E+01   0.692426E-03   0.631016E-03   0.834561E-03   0.207816E-02   0.454302E-03   0.139485E-02   0.516209E-03   0.515877E-03   0.182714E+03   0.000000E+00   0.000000E+00   0.182714E+03  -0.365428E+03
   0.101056E+03  -0.162537E+01   0.592158E-03   0.631016E-03   0.834561E-03   0.207816E-02   0.454302E-03   0.111535E-02   0.516209E-03   0.515877E-03   0.183310E+03   0.000000E+00   0.000000E+00   0.183310E+03  -0.366620E+03
   0.101056E+03   0.553520E+01   0.592158E-03   0.219444E-03   0.834561E-03   0.207816E-02   0.454302E-03   0.111535E-02   0.516209E-03   0.355142E-03   0.183599E+03   0.000000E+00   0.000000E+00   0.183599E+03  -0.367198E+03
   0.101056E+03   0.553520E+01   0.592158E-03   0.219444E-03   0.834561E-03   0.207816E-02   0.454302E-03   0.230004E-02   0.516209E-03   0.355142E-03   0.181965E+03   0.000000E+00   0.000000E+00   0.181965E+03  -0.363930E+03
   0.100822E+03  -0.165346E+01   0.699582E-03   0.219444E-03   0.868061E-03   0.207816E-02   0.977206E-04   0.230004E-02   0.516209E-03   0.355142E-03   0.181069E+03   0.000000E+00   0.000000E+00   0.181069E+03  -0.362138E+03
   0.100822E+03   0.575535E-01   0.699582E-03   0.236173E-03   0.150339E-02   0.946260E-03   0.977206E-04   0.158577E-02   0.516209E-03   0.355142E-03   0.183951E+03   0.000000E+00   0.000000E+00   0.183951E+03  -0.367902E+03
   0.100822E+03   0.200696E+01   0.699582E-03   0.236173E-03   0.150339E-02   0.946260E-03   0.977206E-04   0.158577E-02   0.516209E-03   0.355142E-03   0.184316E+03   0.000000E+00   0.000000E+00   0.184316E+03  -0.368632E+03
   0.100822E+03  -0.100056E+01   0.699582E-03   0.236173E-03   0.150339E-02   0.946260E-03   0.977206E-04   0.977174E-03   0.516209E-03   0.355142E-03   0.184500E+03   0.000000E+00   0.000000E+00   0.184500E+03  -0.369000E+03
   0.100822E+03  -0.103900E+01   0.699582E-03   0.236955E-03   0.150339E-02   0.946260E-03   0.977206E-04   0.977174E-03   0.516209E-03   0.355142E-03   0.184479E+03   0.000000E+00   0.000000E+00   0.184479E+03  -0.368958E+03
   0.100822E+03  -0.103900E+01   0.259959E-03   0.236955E-03   0.150339E-02   0.946260E-03   0.977206E-04   0.977174E-03   0.516209E-03   0.355142E-03   0.184588E+03   0.000000E+00   0.000000E+00   0.184588E+03  -0.369176E+03
   0.100822E+03   0.623434E+01   0.259959E-03   0.236955E-03   0.150339E-02   0.946260E-03   0.111145E-02   0.977174E-03   0.666183E-03   0.355142E-03   0.183232E+03   0.000000E+00   0.000000E+00   0.183232E+03  -0.366464E+03
   0.100822E+03  -0.877780E+00   0.603462E-03   0.236955E-03   0.101018E-02   0.873319E-03   0.111145E-02   0.977174E-03   0.666183E-03   0.355142E-03   0.184895E+03   0.000000E+00   0.000000E+00   0.184895E+03  -0.369790E+03
   0.100822E+03   0.326399E+01   0.603462E-03   0.236955E-03   0.101018E-02   0.873319E-03   0.111089E-02   0.977174E-03   0.666183E-03   0.355142E-03   0.185550E+03   0.000000E+00   0.000000E+00   0.185550E+03  -0.371100E+03
   0.100822E+03   0.326399E+01   0.603462E-03   0.236955E-03   0.101018E-02   0.873319E-03   0.111089E-02   0.977174E-03   0.666183E-03   0.355142E-03   0.185550E+03   0.000000E+00   0.000000E+00   0.185550E+03  -0.371100E+03
   0.990931E+02   0.326399E+01   0.603462E-03   0.236955E-03   0.101018E-02   0.375249E-02   0.111089E-02   0.652604E-03   0.666183E-03   0.355142E-03   0.181031E+03   0.000000E+00   0.000000E+00   0.181031E+03  -0.362062E+03
   0.994996E+02   0.326399E+01   0.603462E-03   0.236955E-03   0.933861E-04   0.375249E-02   0.124356E-02   0.772719E-03   0.666183E-03   0.355142E-03   0.181865E+03   0.000000E+00   0.000000E+00   0.181865E+03  -0.363730E+03
   0.994996E+02   0.155635E+01   0.603462E-03   0.219808E-03   0.323773E-03   0.111579E-02   0.124356E-02   0.772719E-03   0.666183E-03   0.355142E-03   0.185969E+03   0.000000E+00   0.000000E+00   0.185969E+03  -0.371938E+03
   0.994996E+02   0.155635E+01   0.603462E-03   0.219808E-03   0.323773E-03   0.111579E-02   0.474872E-03   0.122810E-02   0.666183E-03   0.355142E-03   0.186408E+03   0.000000E+00   0.000000E+00   0.186408E+03  -0.372816E+03
   0.994996E+02   0.155635E+01   0.603462E-03   0.219808E-03   0.323773E-03   0.172043E-02   0.715741E-04   0.122810E-02   0.666183E-03   0.355142E-03   0.185015E+03   0.000000E+00   0.000000E+00   0.185015E+03  -0.370030E+03
   0.100594E+03   0.155635E+01   0.603462E-03   0.219808E-03   0.323773E-03   0.664574E-03   0.715741E-04   0.122810E-02   0.244346E-03   0.402298E-03   0.186842E+03   0.000000E+00   0.000000E+00   0.186842E+03  -0.373684E+03
   0.100594E+03   0.220646E+01   0.603462E-03   0.902665E-04   0.323773E-03   0.664574E-03   0.302229E-02   0.973679E-03   0.244346E-03   0.402298E-03   0.183454E+03   0.000000E+00   0.000000E+00   0.183454E+03  -0.366908E+03
   0.100594E+03   0.220646E+01   0.603462E-03   0.902665E-04   0.323773E-03   0.664574E-03   0.415952E-02   0.973679E-03   0.244346E-03   0.516516E-03   0.182120E+03   0.000000E+00   0.000000E+00   0.182120E+03  -0.364240E+03
   0.988183E+02   0.220646E+01   0.142098E-02   0.368567E-03   0.323773E-03   0.664574E-03   0.385015E-02   0.973679E-03   0.244346E-03   0.516516E-03   0.180123E+03   0.000000E+00   0.000000E+00   0.180123E+03  -0.360246E+03
   0.989639E+02   0.234655E+01   0.142098E-02   0.368567E-03   0.878910E-03   0.664574E-03   0.304081E-02   0.973679E-03   0.244346E-03   0.516516E-03   0.180717E+03   0.000000E+00   0.000000E+00   0.180717E+03  -0.361434E+03
   0.991290E+02   0.234655E+01   0.142098E-02   0.368567E-03   0.878910E-03   0.664574E-03   0.304081E-02   0.973679E-03   0.244346E-03   0.516516E-03   0.180977E+03   0.000000E+00   0.000000E+00   0.180977E+03  -0.361954E+03
   0.998326E+02  -0.500705E+01   0.142098E-02   0.368567E-03   0.878910E-03   0.122285E-02   0.161641E-02   0.482509E-03   0.244346E-03   0.516516E-03   0.178975E+03   0.000000E+00   0.000000E+00   0.178975E+03  -0.357950E+03
   0.998326E+02  -0.500705E+01   0.142098E-02   0.368567E-03   0.878910E-03   0.122285E-02   0.803248E-03   0.661903E-03   0.244346E-03   0.566776E-03   0.180132E+03   0.000000E+00   0.000000E+00   0.180132E+03  -0.360264E+03
   0.998326E+02  -0.500705E+01   0.142098E-02   0.368567E-03   0.878910E-03   0.122285E-02   0.306204E-02   0.661903E-03   0.244346E-03   0.566776E-03   0.177023E+03   0.000000E+00   0.000000E+00   0.177023E+03  -0.354046E+03
   0.101677E+03  -0.500705E+01   0.132280E-02   0.102349E-02   0.103771E-02   0.122285E-02   0.386499E-02   0.661903E-03   0.244346E-03   0.813792E-03   0.175555E+03   0.000000E+00   0.000000E+00   0.175555E+03  -0.351110E+03
   0.101677E+03  -0.338756E+01   0.167530E-02   0.783500E-03   0.103771E-02   0.158058E-02   0.386499E-02   0.796043E-03   0.244346E-03   0.393715E-03   0.176273E+03   0.000000E+00   0.000000E+00   0.176273E+03  -0.352546E+03
   0.100112E+03   0.616957E+01   0.284941E-03   0.705525E-04   0.550483E-03   0.158058E-02   0.157138E-02   0.125210E-02   0.244346E-03   0.393715E-03   0.182343E+03   0.000000E+00   0.000000E+00   0.182343E+03  -0.364686E+03
   0.100112E+03   0.616957E+01   0.284941E-03   0.705525E-04   0.550483E-03   0.916673E-03   0.157138E-02   0.125210E-02   0.244346E-03   0.128859E-02   0.182246E+03   0.000000E+00   0.000000E+00   0.182246E+03  -0.364492E+03
   0.999302E+02   0.414166E+01   0.284941E-03   0.143145E-03   0.165549E-02   0.916673E-03   0.364656E-03   0.125210E-02   0.244346E-03   0.128859E-02   0.183262E+03   0.000000E+00   0.000000E+00   0.183262E+03  -0.366524E+03
   0.999302E+02   0.414166E+01   0.284941E-03   0.143145E-03   0.877979E-03   0.916673E-03   0.364656E-03   0.125210E-02   0.105609E-02   0.128859E-02   0.183895E+03   0.000000E+00   0.000000E+00   0.183895E+03  -0.367790E+03
   0.999302E+02   0.414166E+01   0.284941E-03   0.264357E-03   0.877979E-03   0.916673E-03   0.364656E-03   0.876534E-04   0.105609E-02   0.139097E-02   0.182121E+03   0.000000E+00   0.000000E+00   0.182121E+03  -0.364242E+03
   0.999302E+02   0.414166E+01   0.284941E-03   0.264357E-03   0.877979E-03   0.916673E-03   0.364656E-03   0.876534E-04   0.338159E-02   0.190136E-02   0.177359E+03   0.000000E+00   0.000000E+00   0.177359E+03  -0.354718E+03
   0.999302E+02   0.535921E+01   0.997789E-04   0.264357E-03   0.877979E-03   0.819576E-04   0.364656E-03   0.876534E-04   0.376674E-02   0.190136E-02   0.175086E+03   0.000000E+00   0.000000E+00   0.175086E+03  -0.350172E+03
   0.999302E+02   0.408654E+01   0.997789E-04   0.264357E-03   0.877979E-03   0.819576E-04   0.364656E-03   0.876534E-04   0.376674E-02   0.190136E-02   0.175939E+03   0.000000E+00   0.000000E+00   0.175939E+03  -0.351878E+03
   0.999302E+02   0.408654E+01   0.278991E-03   0.264357E-03   0.109620E-02   0.819576E-04   0.364656E-03   0.162488E-02   0.286616E-02   0.147704E-02   0.178448E+03   0.000000E+00   0.000000E+00   0.178448E+03  -0.356896E+03
   0.999302E+02   0.729727E+01   0.278991E-03   0.137283E-02   0.109620E-02   0.819576E-04   0.364656E-03   0.162488E-02   0.286616E-02   0.123036E-02   0.176174E+03   0.000000E+00   0.000000E+00   0.176174E+03  -0.352348E+03
   0.100188E+03   0.639702E+01   0.278991E-03   0.137283E-02   0.601554E-03   0.161914E-02   0.364656E-03   0.162488E-02   0.118214E-02   0.123036E-02   0.180097E+03   0.000000E+00   0.000000E+00   0.180097E+03  -0.360194E+03
   0.100188E+03   0.512490E+01   0.278991E-03   0.137283E-02   0.601554E-03   0.656092E-03   0.364656E-03   0.162488E-02   0.118214E-02   0.103688E-02   0.182471E+03   0.000000E+00   0.000000E+00   0.182471E+03  -0.364942E+03
   0.100188E+03   0.512490E+01   0.278991E-03   0.137283E-02   0.601554E-03   0.656092E-03   0.364656E-03   0.162488E-02   0.118214E-02   0.299404E-02   0.179141E+03   0.000000E+00   0.000000E+00   0.179141E+03  -0.358282E+03
   0.100188E+03   0.512490E+01   0.224720E-02   0.137283E-02   0.601554E-03   0.656092E-03   0.364656E-03   0.524056E-03   0.118214E-02   0.299404E-02   0.176614E+03   0.000000E+00   0.000000E+00   0.176614E+03  -0.353228E+03
   0.991341E+02   0.321232E+01   0.224720E-02   0.256445E-02   0.601554E-03   0.656092E-03   0.364656E-03   0.524056E-03   0.118214E-02   0.299404E-02   0.174505E+03   0.000000E+00   0.000000E+00   0.174505E+03  -0.349010E+03
   0.991341E+02   0.321232E+01   0.224720E-02   0.156991E-02   0.846662E-03   0.119027E-03   0.980576E-03   0.524056E-03   0.118214E-02   0.299404E-02   0.173940E+03   0.000000E+00   0.000000E+00   0.173940E+03  -0.347880E+03
   0.991341E+02   0.137593E+01   0.224720E-02   0.902925E-03   0.128878E-02   0.819606E-03   0.980576E-03   0.524056E-03   0.118214E-02   0.299404E-02   0.175287E+03   0.000000E+00   0.000000E+00   0.175287E+03  -0.350574E+03
   0.991341E+02   0.137593E+01   0.224720E-02   0.902925E-03   0.734196E-03   0.819606E-03   0.751856E-03   0.524056E-03   0.952237E-03   0.151533E-02   0.179633E+03   0.000000E+00   0.000000E+00   0.179633E+03  -0.359266E+03
   0.100847E+03   0.137593E+01   0.224720E-02   0.902925E-03   0.734196E-03   0.819606E-03   0.751856E-03   0.524056E-03   0.952237E-03   0.151533E-02   0.179657E+03   0.000000E+00   0.000000E+00   0.179657E+03  -0.359314E+03
   0.101036E+03   0.467899E+01   0.198465E-02   0.902925E-03   0.734196E-03   0.819606E-03   0.751856E-03   0.265143E-02   0.952237E-03   0.145070E-02   0.177730E+03   0.000000E+00   0.000000E+00   0.177730E+03  -0.355460E+03
   0.100408E+03   0.395204E+01   0.198465E-02   0.565889E-03   0.734196E-03   0.819606E-03   0.254792E-03   0.265143E-02   0.952237E-03   0.145070E-02   0.179000E+03   0.000000E+00   0.000000E+00   0.179000E+03  -0.358000E+03
   0.993182E+02   0.395204E+01   0.198465E-02   0.782246E-03   0.734196E-03   0.819606E-03   0.254792E-03   0.265143E-02   0.952237E-03   0.145070E-02   0.178033E+03   0.000000E+00   0.000000E+00   0.178033E+03  -0.356066E+03
   0.993182E+02   0.248440E+00   0.198465E-02   0.782246E-03   0.734196E-03   0.819606E-03   0.254792E-03   0.265143E-02   0.952237E-03   0.145070E-02   0.177204E+03   0.000000E+00   0.000000E+00   0.177204E+03  -0.354408E+03
   0.993182E+02   0.248440E+00   0.709492E-03   0.782246E-03   0.734196E-03   0.819606E-03   0.624022E-03   0.350039E-02   0.952237E-03   0.145070E-02   0.178951E+03   0.000000E+00   0.000000E+00   0.178951E+03  -0.357902E+03
   0.993182E+02   0.666024E+01   0.709492E-03   0.572170E-03   0.734196E-03   0.232117E-02   0.156197E-02   0.339352E-02   0.952237E-03   0.145070E-02   0.174601E+03   0.000000E+00   0.000000E+00   0.174601E+03  -0.349202E+03
   0.993182E+02   0.459636E+01   0.709492E-03   0.572170E-03   0.734196E-03   0.171858E-03   0.124015E-02   0.889570E-03   0.952237E-03   0.145070E-02   0.181406E+03   0.000000E+00   0.000000E+00   0.181406E+03  -0.362812E+03
   0.100859E+03   0.374563E+01   0.744402E-03   0.315387E-03   0.734196E-03   0.264870E-03   0.207155E-02   0.889570E-03   0.952237E-03   0.145070E-02   0.180863E+03   0.000000E+00   0.000000E+00   0.180863E+03  -0.361726E+03
   0.101184E+03   0.241660E+01   0.744402E-03   0.315387E-03   0.752995E-03   0.715539E-03   0.122023E-02   0.889570E-03   0.285037E-03   0.118913E-02   0.183925E+03   0.000000E+00   0.000000E+00   0.183925E+03  -0.367850E+03
   0.101184E+03   0.241660E+01   0.744402E-03   0.315387E-03   0.752995E-03   0.715539E-03   0.243933E-02   0.757759E-03   0.285037E-03   0.118913E-02   0.181800E+03   0.000000E+00   0.000000E+00   0.181800E+03  -0.363600E+03
   0.101184E+03   0.241660E+01   0.762012E-03   0.315387E-03   0.186889E-02   0.715539E-03   0.243933E-02   0.757759E-03   0.285037E-03   0.118913E-02   0.179839E+03   0.000000E+00   0.000000E+00   0.179839E+03  -0.359678E+03
   0.101332E+03   0.241660E+01   0.762012E-03   0.315387E-03   0.220679E-02   0.715539E-03   0.243933E-02   0.757759E-03   0.110015E-02   0.118913E-02   0.178089E+03   0.000000E+00   0.000000E+00   0.178089E+03  -0.356178E+03
