X1_obs         X1_true        Y1_obs         Y2_obs         Y3_obs         Y4_obs         Y1_unbiased    Y2_unbiased    Y3_unbiased    Y4_unbiased    Y1_sim         Y2_sim         Y3_sim         Y4_sim         Y1_res         Y2_res         Y3_res         Y4_res         Y1_stdres      Y2_stdres      Y3_stdres      Y4_stdres      
   0.000000E+00   0.000000E+00  -0.999900E+04  -0.999900E+04  -0.999900E+04  -0.999900E+04  -0.999900E+04  -0.999900E+04  -0.999900E+04  -0.999900E+04   0.112299E+00   0.784348E-01   0.575430E-01   0.426532E-01  -0.999900E+04  -0.999900E+04  -0.999900E+04  -0.999900E+04  -0.999900E+04  -0.999900E+04  -0.999900E+04  -0.999900E+04
   0.600000E-01   0.600000E-01   0.112546E+00   0.782550E-01   0.572459E-01   0.435692E-01   0.112546E+00   0.782550E-01   0.572459E-01   0.435692E-01   0.112241E+00   0.783726E-01   0.574829E-01   0.425938E-01   0.305201E-03  -0.117557E-03  -0.237069E-03   0.975397E-03   0.331783E+00  -0.211803E+00  -0.495955E+00   0.785125E+00
   0.504000E+00   0.504000E+00  -0.999900E+04  -0.999900E+04  -0.999900E+04  -0.999900E+04  -0.999900E+04  -0.999900E+04  -0.999900E+04  -0.999900E+04   0.111808E+00   0.779090E-01   0.570360E-01   0.421529E-01  -0.999900E+04  -0.999900E+04  -0.999900E+04  -0.999900E+04  -0.999900E+04  -0.999900E+04  -0.999900E+04  -0.999900E+04
   0.604000E+00   0.604000E+00  -0.999900E+04  -0.999900E+04  -0.999900E+04  -0.999900E+04  -0.999900E+04  -0.999900E+04  -0.999900E+04  -0.999900E+04   0.111710E+00   0.778039E-01   0.569349E-01   0.420533E-01  -0.999900E+04  -0.999900E+04  -0.999900E+04  -0.999900E+04  -0.999900E+04  -0.999900E+04  -0.999900E+04  -0.999900E+04
   0.650000E+00   0.650000E+00   0.111933E+00   0.776414E-01   0.566323E-01   0.429556E-01   0.111933E+00   0.776414E-01   0.566323E-01   0.429556E-01   0.111665E+00   0.777554E-01   0.568883E-01   0.420075E-01   0.267501E-03  -0.114007E-03  -0.256079E-03   0.948117E-03   0.290799E+00  -0.205407E+00  -0.535725E+00   0.763167E+00
   0.704000E+00   0.704000E+00  -0.999900E+04  -0.999900E+04  -0.999900E+04  -0.999900E+04  -0.999900E+04  -0.999900E+04  -0.999900E+04  -0.999900E+04   0.111612E+00   0.776985E-01   0.568335E-01   0.419535E-01  -0.999900E+04  -0.999900E+04  -0.999900E+04  -0.999900E+04  -0.999900E+04  -0.999900E+04  -0.999900E+04  -0.999900E+04
   0.804000E+00   0.804000E+00  -0.999900E+04  -0.999900E+04  -0.999900E+04  -0.999900E+04  -0.999900E+04  -0.999900E+04  -0.999900E+04  -0.999900E+04   0.111513E+00   0.775928E-01   0.567320E-01   0.418536E-01  -0.999900E+04  -0.999900E+04  -0.999900E+04  -0.999900E+04  -0.999900E+04  -0.999900E+04  -0.999900E+04  -0.999900E+04
   0.904000E+00   0.904000E+00  -0.999900E+04  -0.999900E+04  -0.999900E+04  -0.999900E+04  -0.999900E+04  -0.999900E+04  -0.999900E+04  -0.999900E+04   0.111414E+00   0.774868E-01   0.566302E-01   0.417536E-01  -0.999900E+04  -0.999900E+04  -0.999900E+04  -0.999900E+04  -0.999900E+04  -0.999900E+04  -0.999900E+04  -0.999900E+04
   0.100400E+01   0.100400E+01  -0.999900E+04  -0.999900E+04  -0.999900E+04  -0.999900E+04  -0.999900E+04  -0.999900E+04  -0.999900E+04  -0.999900E+04   0.111316E+00   0.773807E-01   0.565283E-01   0.416535E-01  -0.999900E+04  -0.999900E+04  -0.999900E+04  -0.999900E+04  -0.999900E+04  -0.999900E+04  -0.999900E+04  -0.999900E+04
   0.110400E+01   0.110400E+01  -0.999900E+04  -0.999900E+04  -0.999900E+04  -0.999900E+04  -0.999900E+04  -0.999900E+04  -0.999900E+04  -0.999900E+04   0.111217E+00   0.772743E-01   0.564263E-01   0.415532E-01  -0.999900E+04  -0.999900E+04  -0.999900E+04  -0.999900E+04  -0.999900E+04  -0.999900E+04  -0.999900E+04  -0.999900E+04
   0.120400E+01   0.120400E+01  -0.999900E+04  -0.999900E+04  -0.999900E+04  -0.999900E+04  -0.999900E+04  -0.999900E+04  -0.999900E+04  -0.999900E+04   0.111117E+00   0.771677E-01   0.563240E-01   0.414529E-01  -0.999900E+04  -0.999900E+04  -0.999900E+04  -0.999900E+04  -0.999900E+04  -0.999900E+04  -0.999900E+04  -0.999900E+04
   0.130400E+01   0.130400E+01  -0.999900E+04  -0.999900E+04  -0.999900E+04  -0.999900E+04  -0.999900E+04  -0.999900E+04  -0.999900E+04  -0.999900E+04   0.111018E+00   0.770607E-01   0.562215E-01   0.413523E-01  -0.999900E+04  -0.999900E+04  -0.999900E+04  -0.999900E+04  -0.999900E+04  -0.999900E+04  -0.999900E+04  -0.999900E+04
   0.140400E+01   0.140400E+01  -0.999900E+04  -0.999900E+04  -0.999900E+04  -0.999900E+04  -0.999900E+04  -0.999900E+04  -0.999900E+04  -0.999900E+04   0.110918E+00   0.769535E-01   0.561189E-01   0.412517E-01  -0.999900E+04  -0.999900E+04  -0.999900E+04  -0.999900E+04  -0.999900E+04  -0.999900E+04  -0.999900E+04  -0.999900E+04
   0.150400E+01   0.150400E+01  -0.999900E+04  -0.999900E+04  -0.999900E+04  -0.999900E+04  -0.999900E+04  -0.999900E+04  -0.999900E+04  -0.999900E+04   0.110818E+00   0.768462E-01   0.560161E-01   0.411510E-01  -0.999900E+04  -0.999900E+04  -0.999900E+04  -0.999900E+04  -0.999900E+04  -0.999900E+04  -0.999900E+04  -0.999900E+04
   0.160400E+01   0.160400E+01  -0.999900E+04  -0.999900E+04  -0.999900E+04  -0.999900E+04  -0.999900E+04  -0.999900E+04  -0.999900E+04  -0.999900E+04   0.110718E+00   0.767386E-01   0.559132E-01   0.410502E-01  -0.999900E+04  -0.999900E+04  -0.999900E+04  -0.999900E+04  -0.999900E+04  -0.999900E+04  -0.999900E+04  -0.999900E+04
   0.165000E+01   0.165000E+01   0.111046E+00   0.766031E-01   0.560822E-01   0.422574E-01   0.111046E+00   0.766031E-01   0.560822E-01   0.422574E-01   0.110672E+00   0.766890E-01   0.558657E-01   0.410038E-01   0.373837E-03  -0.858718E-04   0.216424E-03   0.125354E-02   0.406397E+00  -0.154716E+00   0.452765E+00   0.100901E+01
   0.170400E+01   0.170400E+01  -0.999900E+04  -0.999900E+04  -0.999900E+04  -0.999900E+04  -0.999900E+04  -0.999900E+04  -0.999900E+04  -0.999900E+04   0.110618E+00   0.766307E-01   0.558100E-01   0.409493E-01  -0.999900E+04  -0.999900E+04  -0.999900E+04  -0.999900E+04  -0.999900E+04  -0.999900E+04  -0.999900E+04  -0.999900E+04
   0.180400E+01   0.180400E+01  -0.999900E+04  -0.999900E+04  -0.999900E+04  -0.999900E+04  -0.999900E+04  -0.999900E+04  -0.999900E+04  -0.999900E+04   0.110517E+00   0.765225E-01   0.557066E-01   0.408482E-01  -0.999900E+04  -0.999900E+04  -0.999900E+04  -0.999900E+04  -0.999900E+04  -0.999900E+04  -0.999900E+04  -0.999900E+04
   0.190400E+01   0.190400E+01  -0.999900E+04  -0.999900E+04  -0.999900E+04  -0.999900E+04  -0.999900E+04  -0.999900E+04  -0.999900E+04  -0.999900E+04   0.110417E+00   0.764141E-01   0.556031E-01   0.407470E-01  -0.999900E+04  -0.999900E+04  -0.999900E+04  -0.999900E+04  -0.999900E+04  -0.999900E+04  -0.999900E+04  -0.999900E+04
   0.200400E+01   0.200400E+01  -0.999900E+04  -0.999900E+04  -0.999900E+04  -0.999900E+04  -0.999900E+04  -0.999900E+04  -0.999900E+04  -0.999900E+04   0.110316E+00   0.763055E-01   0.554995E-01   0.406458E-01  -0.999900E+04  -0.999900E+04  -0.999900E+04  -0.999900E+04  -0.999900E+04  -0.999900E+04  -0.999900E+04  -0.999900E+04
   0.210400E+01   0.210400E+01  -0.999900E+04  -0.999900E+04  -0.999900E+04  -0.999900E+04  -0.999900E+04  -0.999900E+04  -0.999900E+04  -0.999900E+04   0.110215E+00   0.761967E-01   0.553957E-01   0.405444E-01  -0.999900E+04  -0.999900E+04  -0.999900E+04  -0.999900E+04  -0.999900E+04  -0.999900E+04  -0.999900E+04  -0.999900E+04
   0.220400E+01   0.220400E+01  -0.999900E+04  -0.999900E+04  -0.999900E+04  -0.999900E+04  -0.999900E+04  -0.999900E+04  -0.999900E+04  -0.999900E+04   0.110114E+00   0.760876E-01   0.552917E-01   0.404429E-01  -0.999900E+04  -0.999900E+04  -0.999900E+04  -0.999900E+04  -0.999900E+04  -0.999900E+04  -0.999900E+04  -0.999900E+04
   0.230400E+01   0.230400E+01  -0.999900E+04  -0.999900E+04  -0.999900E+04  -0.999900E+04  -0.999900E+04  -0.999900E+04  -0.999900E+04  -0.999900E+04   0.110012E+00   0.759783E-01   0.551875E-01   0.403413E-01  -0.999900E+04  -0.999900E+04  -0.999900E+04  -0.999900E+04  -0.999900E+04  -0.999900E+04  -0.999900E+04  -0.999900E+04
   0.240400E+01   0.240400E+01  -0.999900E+04  -0.999900E+04  -0.999900E+04  -0.999900E+04  -0.999900E+04  -0.999900E+04  -0.999900E+04  -0.999900E+04   0.109911E+00   0.758687E-01   0.550832E-01   0.402396E-01  -0.999900E+04  -0.999900E+04  -0.999900E+04  -0.999900E+04  -0.999900E+04  -0.999900E+04  -0.999900E+04  -0.999900E+04
   0.250400E+01   0.250400E+01  -0.999900E+04  -0.999900E+04  -0.999900E+04  -0.999900E+04  -0.999900E+04  -0.999900E+04  -0.999900E+04  -0.999900E+04   0.109809E+00   0.757590E-01   0.549787E-01   0.401379E-01  -0.999900E+04  -0.999900E+04  -0.999900E+04  -0.999900E+04  -0.999900E+04  -0.999900E+04  -0.999900E+04  -0.999900E+04
   0.260400E+01   0.260400E+01  -0.999900E+04  -0.999900E+04  -0.999900E+04  -0.999900E+04  -0.999900E+04  -0.999900E+04  -0.999900E+04  -0.999900E+04   0.109708E+00   0.756490E-01   0.548741E-01   0.400360E-01  -0.999900E+04  -0.999900E+04  -0.999900E+04  -0.999900E+04  -0.999900E+04  -0.999900E+04  -0.999900E+04  -0.999900E+04
   0.270400E+01   0.270400E+01  -0.999900E+04  -0.999900E+04  -0.999900E+04  -0.999900E+04  -0.999900E+04  -0.999900E+04  -0.999900E+04  -0.999900E+04   0.109606E+00   0.755388E-01   0.547694E-01   0.399341E-01  -0.999900E+04  -0.999900E+04  -0.999900E+04  -0.999900E+04  -0.999900E+04  -0.999900E+04  -0.999900E+04  -0.999900E+04
   0.280400E+01   0.280400E+01  -0.999900E+04  -0.999900E+04  -0.999900E+04  -0.999900E+04  -0.999900E+04  -0.999900E+04  -0.999900E+04  -0.999900E+04   0.109504E+00   0.754284E-01   0.546644E-01   0.398320E-01  -0.999900E+04  -0.999900E+04  -0.999900E+04  -0.999900E+04  -0.999900E+04  -0.999900E+04  -0.999900E+04  -0.999900E+04
   0.290400E+01   0.290400E+01  -0.999900E+04  -0.999900E+04  -0.999900E+04  -0.999900E+04  -0.999900E+04  -0.999900E+04  -0.999900E+04  -0.999900E+04   0.109401E+00   0.753177E-01   0.545593E-01   0.397298E-01  -0.999900E+04  -0.999900E+04  -0.999900E+04  -0.999900E+04  -0.999900E+04  -0.999900E+04  -0.999900E+04  -0.999900E+04
   0.300400E+01   0.300400E+01  -0.999900E+04  -0.999900E+04  -0.999900E+04  -0.999900E+04  -0.999900E+04  -0.999900E+04  -0.999900E+04  -0.999900E+04   0.109299E+00   0.752069E-01   0.544541E-01   0.396276E-01  -0.999900E+04  -0.999900E+04  -0.999900E+04  -0.999900E+04  -0.999900E+04  -0.999900E+04  -0.999900E+04  -0.999900E+04
   0.310400E+01   0.310400E+01  -0.999900E+04  -0.999900E+04  -0.999900E+04  -0.999900E+04  -0.999900E+04  -0.999900E+04  -0.999900E+04  -0.999900E+04   0.109197E+00   0.750958E-01   0.543487E-01   0.395253E-01  -0.999900E+04  -0.999900E+04  -0.999900E+04  -0.999900E+04  -0.999900E+04  -0.999900E+04  -0.999900E+04  -0.999900E+04
   0.320400E+01   0.320400E+01  -0.999900E+04  -0.999900E+04  -0.999900E+04  -0.999900E+04  -0.999900E+04  -0.999900E+04  -0.999900E+04  -0.999900E+04   0.109094E+00   0.749845E-01   0.542432E-01   0.394229E-01  -0.999900E+04  -0.999900E+04  -0.999900E+04  -0.999900E+04  -0.999900E+04  -0.999900E+04  -0.999900E+04  -0.999900E+04
   0.330400E+01   0.330400E+01  -0.999900E+04  -0.999900E+04  -0.999900E+04  -0.999900E+04  -0.999900E+04  -0.999900E+04  -0.999900E+04  -0.999900E+04   0.108991E+00   0.748730E-01   0.541375E-01   0.393204E-01  -0.999900E+04  -0.999900E+04  -0.999900E+04  -0.999900E+04  -0.999900E+04  -0.999900E+04  -0.999900E+04  -0.999900E+04
   0.340400E+01   0.340400E+01  -0.999900E+04  -0.999900E+04  -0.999900E+04  -0.999900E+04  -0.999900E+04  -0.999900E+04  -0.999900E+04  -0.999900E+04   0.108888E+00   0.747613E-01   0.540317E-01   0.392178E-01  -0.999900E+04  -0.999900E+04  -0.999900E+04  -0.999900E+04  -0.999900E+04  -0.999900E+04  -0.999900E+04  -0.999900E+04
   0.350400E+01   0.350400E+01  -0.999900E+04  -0.999900E+04  -0.999900E+04  -0.999900E+04  -0.999900E+04  -0.999900E+04  -0.999900E+04  -0.999900E+04   0.108785E+00   0.746494E-01   0.539258E-01   0.391152E-01  -0.999900E+04  -0.999900E+04  -0.999900E+04  -0.999900E+04  -0.999900E+04  -0.999900E+04  -0.999900E+04  -0.999900E+04
   0.360400E+01   0.360400E+01  -0.999900E+04  -0.999900E+04  -0.999900E+04  -0.999900E+04  -0.999900E+04  -0.999900E+04  -0.999900E+04  -0.999900E+04   0.108683E+00   0.745374E-01   0.538198E-01   0.390125E-01  -0.999900E+04  -0.999900E+04  -0.999900E+04  -0.999900E+04  -0.999900E+04  -0.999900E+04  -0.999900E+04  -0.999900E+04
   0.365000E+01   0.365000E+01   0.108083E+00   0.738700E-01   0.539269E-01   0.402545E-01   0.108083E+00   0.738700E-01   0.539269E-01   0.402545E-01   0.108635E+00   0.744857E-01   0.537709E-01   0.389653E-01  -0.551640E-03  -0.615705E-03   0.155923E-03   0.128927E-02  -0.599687E+00  -0.110932E+01   0.326194E+00   0.103777E+01
   0.370400E+01   0.370400E+01  -0.999900E+04  -0.999900E+04  -0.999900E+04  -0.999900E+04  -0.999900E+04  -0.999900E+04  -0.999900E+04  -0.999900E+04   0.108579E+00   0.744251E-01   0.537135E-01   0.389097E-01  -0.999900E+04  -0.999900E+04  -0.999900E+04  -0.999900E+04  -0.999900E+04  -0.999900E+04  -0.999900E+04  -0.999900E+04
   0.380400E+01   0.380400E+01  -0.999900E+04  -0.999900E+04  -0.999900E+04  -0.999900E+04  -0.999900E+04  -0.999900E+04  -0.999900E+04  -0.999900E+04   0.108476E+00   0.743125E-01   0.536072E-01   0.388069E-01  -0.999900E+04  -0.999900E+04  -0.999900E+04  -0.999900E+04  -0.999900E+04  -0.999900E+04  -0.999900E+04  -0.999900E+04
   0.390400E+01   0.390400E+01  -0.999900E+04  -0.999900E+04  -0.999900E+04  -0.999900E+04  -0.999900E+04  -0.999900E+04  -0.999900E+04  -0.999900E+04   0.108372E+00   0.741998E-01   0.535007E-01   0.387040E-01  -0.999900E+04  -0.999900E+04  -0.999900E+04  -0.999900E+04  -0.999900E+04  -0.999900E+04  -0.999900E+04  -0.999900E+04
   0.400400E+01   0.400400E+01  -0.999900E+04  -0.999900E+04  -0.999900E+04  -0.999900E+04  -0.999900E+04  -0.999900E+04  -0.999900E+04  -0.999900E+04   0.108269E+00   0.740869E-01   0.533941E-01   0.386010E-01  -0.999900E+04  -0.999900E+04  -0.999900E+04  -0.999900E+04  -0.999900E+04  -0.999900E+04  -0.999900E+04  -0.999900E+04
   0.410400E+01   0.410400E+01  -0.999900E+04  -0.999900E+04  -0.999900E+04  -0.999900E+04  -0.999900E+04  -0.999900E+04  -0.999900E+04  -0.999900E+04   0.108165E+00   0.739738E-01   0.532874E-01   0.384979E-01  -0.999900E+04  -0.999900E+04  -0.999900E+04  -0.999900E+04  -0.999900E+04  -0.999900E+04  -0.999900E+04  -0.999900E+04
   0.420400E+01   0.420400E+01  -0.999900E+04  -0.999900E+04  -0.999900E+04  -0.999900E+04  -0.999900E+04  -0.999900E+04  -0.999900E+04  -0.999900E+04   0.108062E+00   0.738605E-01   0.531805E-01   0.383948E-01  -0.999900E+04  -0.999900E+04  -0.999900E+04  -0.999900E+04  -0.999900E+04  -0.999900E+04  -0.999900E+04  -0.999900E+04
   0.430400E+01   0.430400E+01  -0.999900E+04  -0.999900E+04  -0.999900E+04  -0.999900E+04  -0.999900E+04  -0.999900E+04  -0.999900E+04  -0.999900E+04   0.107958E+00   0.737470E-01   0.530735E-01   0.382916E-01  -0.999900E+04  -0.999900E+04  -0.999900E+04  -0.999900E+04  -0.999900E+04  -0.999900E+04  -0.999900E+04  -0.999900E+04
   0.440400E+01   0.440400E+01  -0.999900E+04  -0.999900E+04  -0.999900E+04  -0.999900E+04  -0.999900E+04  -0.999900E+04  -0.999900E+04  -0.999900E+04   0.107854E+00   0.736334E-01   0.529665E-01   0.381884E-01  -0.999900E+04  -0.999900E+04  -0.999900E+04  -0.999900E+04  -0.999900E+04  -0.999900E+04  -0.999900E+04  -0.999900E+04
   0.450400E+01   0.450400E+01  -0.999900E+04  -0.999900E+04  -0.999900E+04  -0.999900E+04  -0.999900E+04  -0.999900E+04  -0.999900E+04  -0.999900E+04   0.107750E+00   0.735196E-01   0.528593E-01   0.380851E-01  -0.999900E+04  -0.999900E+04  -0.999900E+04  -0.999900E+04  -0.999900E+04  -0.999900E+04  -0.999900E+04  -0.999900E+04
   0.460400E+01   0.460400E+01  -0.999900E+04  -0.999900E+04  -0.999900E+04  -0.999900E+04  -0.999900E+04  -0.999900E+04  -0.999900E+04  -0.999900E+04   0.107646E+00   0.734055E-01   0.527520E-01   0.379818E-01  -0.999900E+04  -0.999900E+04  -0.999900E+04  -0.999900E+04  -0.999900E+04  -0.999900E+04  -0.999900E+04  -0.999900E+04
   0.470400E+01   0.470400E+01  -0.999900E+04  -0.999900E+04  -0.999900E+04  -0.999900E+04  -0.999900E+04  -0.999900E+04  -0.999900E+04  -0.999900E+04   0.107542E+00   0.732913E-01   0.526445E-01   0.378784E-01  -0.999900E+04  -0.999900E+04  -0.999900E+04  -0.999900E+04  -0.999900E+04  -0.999900E+04  -0.999900E+04  -0.999900E+04
   0.480400E+01   0.480400E+01  -0.999900E+04  -0.999900E+04  -0.999900E+04  -0.999900E+04  -0.999900E+04  -0.999900E+04  -0.999900E+04  -0.999900E+04   0.107438E+00   0.731770E-01   0.525370E-01   0.377750E-01  -0.999900E+04  -0.999900E+04  -0.999900E+04  -0.999900E+04  -0.999900E+04  -0.999900E+04  -0.999900E+04  -0.999900E+04
   0.490400E+01   0.490400E+01  -0.999900E+04  -0.999900E+04  -0.999900E+04  -0.999900E+04  -0.999900E+04  -0.999900E+04  -0.999900E+04  -0.999900E+04   0.107333E+00   0.730625E-01   0.524294E-01   0.376715E-01  -0.999900E+04  -0.999900E+04  -0.999900E+04  -0.999900E+04  -0.999900E+04  -0.999900E+04  -0.999900E+04  -0.999900E+04
   0.500400E+01   0.500400E+01  -0.999900E+04  -0.999900E+04  -0.999900E+04  -0.999900E+04  -0.999900E+04  -0.999900E+04  -0.999900E+04  -0.999900E+04   0.107229E+00   0.729478E-01   0.523216E-01   0.375681E-01  -0.999900E+04  -0.999900E+04  -0.999900E+04  -0.999900E+04  -0.999900E+04  -0.999900E+04  -0.999900E+04  -0.999900E+04
   0.510400E+01   0.510400E+01  -0.999900E+04  -0.999900E+04  -0.999900E+04  -0.999900E+04  -0.999900E+04  -0.999900E+04  -0.999900E+04  -0.999900E+04   0.107125E+00   0.728329E-01   0.522138E-01   0.374645E-01  -0.999900E+04  -0.999900E+04  -0.999900E+04  -0.999900E+04  -0.999900E+04  -0.999900E+04  -0.999900E+04  -0.999900E+04
   0.520400E+01   0.520400E+01  -0.999900E+04  -0.999900E+04  -0.999900E+04  -0.999900E+04  -0.999900E+04  -0.999900E+04  -0.999900E+04  -0.999900E+04   0.107020E+00   0.727179E-01   0.521059E-01   0.373610E-01  -0.999900E+04  -0.999900E+04  -0.999900E+04  -0.999900E+04  -0.999900E+04  -0.999900E+04  -0.999900E+04  -0.999900E+04
   0.530400E+01   0.530400E+01  -0.999900E+04  -0.999900E+04  -0.999900E+04  -0.999900E+04  -0.999900E+04  -0.999900E+04  -0.999900E+04  -0.999900E+04   0.106916E+00   0.726027E-01   0.519978E-01   0.372574E-01  -0.999900E+04  -0.999900E+04  -0.999900E+04  -0.999900E+04  -0.999900E+04  -0.999900E+04  -0.999900E+04  -0.999900E+04
   0.540400E+01   0.540400E+01  -0.999900E+04  -0.999900E+04  -0.999900E+04  -0.999900E+04  -0.999900E+04  -0.999900E+04  -0.999900E+04  -0.999900E+04   0.106811E+00   0.724874E-01   0.518897E-01   0.371538E-01  -0.999900E+04  -0.999900E+04  -0.999900E+04  -0.999900E+04  -0.999900E+04  -0.999900E+04  -0.999900E+04  -0.999900E+04
   0.550400E+01   0.550400E+01  -0.999900E+04  -0.999900E+04  -0.999900E+04  -0.999900E+04  -0.999900E+04  -0.999900E+04  -0.999900E+04  -0.999900E+04   0.106707E+00   0.723719E-01   0.517816E-01   0.370502E-01  -0.999900E+04  -0.999900E+04  -0.999900E+04  -0.999900E+04  -0.999900E+04  -0.999900E+04  -0.999900E+04  -0.999900E+04
   0.560400E+01   0.560400E+01  -0.999900E+04  -0.999900E+04  -0.999900E+04  -0.999900E+04  -0.999900E+04  -0.999900E+04  -0.999900E+04  -0.999900E+04   0.106602E+00   0.722563E-01   0.516733E-01   0.369466E-01  -0.999900E+04  -0.999900E+04  -0.999900E+04  -0.999900E+04  -0.999900E+04  -0.999900E+04  -0.999900E+04  -0.999900E+04
   0.565000E+01   0.565000E+01   0.106061E+00   0.716777E-01   0.515902E-01   0.379333E-01   0.106061E+00   0.716777E-01   0.515902E-01   0.379333E-01   0.106554E+00   0.722031E-01   0.516235E-01   0.368989E-01  -0.493264E-03  -0.525401E-03  -0.332830E-04   0.103436E-02  -0.536226E+00  -0.946622E+00  -0.696288E-01   0.832588E+00
   0.570400E+01   0.570400E+01  -0.999900E+04  -0.999900E+04  -0.999900E+04  -0.999900E+04  -0.999900E+04  -0.999900E+04  -0.999900E+04  -0.999900E+04   0.106498E+00   0.721405E-01   0.515650E-01   0.368430E-01  -0.999900E+04  -0.999900E+04  -0.999900E+04  -0.999900E+04  -0.999900E+04  -0.999900E+04  -0.999900E+04  -0.999900E+04
   0.580400E+01   0.580400E+01  -0.999900E+04  -0.999900E+04  -0.999900E+04  -0.999900E+04  -0.999900E+04  -0.999900E+04  -0.999900E+04  -0.999900E+04   0.106393E+00   0.720246E-01   0.514566E-01   0.367393E-01  -0.999900E+04  -0.999900E+04  -0.999900E+04  -0.999900E+04  -0.999900E+04  -0.999900E+04  -0.999900E+04  -0.999900E+04
   0.590400E+01   0.590400E+01  -0.999900E+04  -0.999900E+04  -0.999900E+04  -0.999900E+04  -0.999900E+04  -0.999900E+04  -0.999900E+04  -0.999900E+04   0.106289E+00   0.719086E-01   0.513481E-01   0.366357E-01  -0.999900E+04  -0.999900E+04  -0.999900E+04  -0.999900E+04  -0.999900E+04  -0.999900E+04  -0.999900E+04  -0.999900E+04
   0.600400E+01   0.600400E+01  -0.999900E+04  -0.999900E+04  -0.999900E+04  -0.999900E+04  -0.999900E+04  -0.999900E+04  -0.999900E+04  -0.999900E+04   0.106184E+00   0.717924E-01   0.512395E-01   0.365320E-01  -0.999900E+04  -0.999900E+04  -0.999900E+04  -0.999900E+04  -0.999900E+04  -0.999900E+04  -0.999900E+04  -0.999900E+04
   0.610400E+01   0.610400E+01  -0.999900E+04  -0.999900E+04  -0.999900E+04  -0.999900E+04  -0.999900E+04  -0.999900E+04  -0.999900E+04  -0.999900E+04   0.106079E+00   0.716761E-01   0.511309E-01   0.364284E-01  -0.999900E+04  -0.999900E+04  -0.999900E+04  -0.999900E+04  -0.999900E+04  -0.999900E+04  -0.999900E+04  -0.999900E+04
   0.620400E+01   0.620400E+01  -0.999900E+04  -0.999900E+04  -0.999900E+04  -0.999900E+04  -0.999900E+04  -0.999900E+04  -0.999900E+04  -0.999900E+04   0.105975E+00   0.715597E-01   0.510223E-01   0.363248E-01  -0.999900E+04  -0.999900E+04  -0.999900E+04  -0.999900E+04  -0.999900E+04  -0.999900E+04  -0.999900E+04  -0.999900E+04
   0.630400E+01   0.630400E+01  -0.999900E+04  -0.999900E+04  -0.999900E+04  -0.999900E+04  -0.999900E+04  -0.999900E+04  -0.999900E+04  -0.999900E+04   0.105870E+00   0.714431E-01   0.509135E-01   0.362212E-01  -0.999900E+04  -0.999900E+04  -0.999900E+04  -0.999900E+04  -0.999900E+04  -0.999900E+04  -0.999900E+04  -0.999900E+04
   0.640400E+01   0.640400E+01  -0.999900E+04  -0.999900E+04  -0.999900E+04  -0.999900E+04  -0.999900E+04  -0.999900E+04  -0.999900E+04  -0.999900E+04   0.105765E+00   0.713265E-01   0.508047E-01   0.361176E-01  -0.999900E+04  -0.999900E+04  -0.999900E+04  -0.999900E+04  -0.999900E+04  -0.999900E+04  -0.999900E+04  -0.999900E+04
   0.650400E+01   0.650400E+01  -0.999900E+04  -0.999900E+04  -0.999900E+04  -0.999900E+04  -0.999900E+04  -0.999900E+04  -0.999900E+04  -0.999900E+04   0.105661E+00   0.712097E-01   0.506959E-01   0.360140E-01  -0.999900E+04  -0.999900E+04  -0.999900E+04  -0.999900E+04  -0.999900E+04  -0.999900E+04  -0.999900E+04  -0.999900E+04
   0.660400E+01   0.660400E+01  -0.999900E+04  -0.999900E+04  -0.999900E+04  -0.999900E+04  -0.999900E+04  -0.999900E+04  -0.999900E+04  -0.999900E+04   0.105556E+00   0.710928E-01   0.505870E-01   0.359104E-01  -0.999900E+04  -0.999900E+04  -0.999900E+04  -0.999900E+04  -0.999900E+04  -0.999900E+04  -0.999900E+04  -0.999900E+04
   0.670400E+01   0.670400E+01  -0.999900E+04  -0.999900E+04  -0.999900E+04  -0.999900E+04  -0.999900E+04  -0.999900E+04  -0.999900E+04  -0.999900E+04   0.105452E+00   0.709758E-01   0.504781E-01   0.358069E-01  -0.999900E+04  -0.999900E+04  -0.999900E+04  -0.999900E+04  -0.999900E+04  -0.999900E+04  -0.999900E+04  -0.999900E+04
   0.680400E+01   0.680400E+01  -0.999900E+04  -0.999900E+04  -0.999900E+04  -0.999900E+04  -0.999900E+04  -0.999900E+04  -0.999900E+04  -0.999900E+04   0.105347E+00   0.708586E-01   0.503691E-01   0.357034E-01  -0.999900E+04  -0.999900E+04  -0.999900E+04  -0.999900E+04  -0.999900E+04  -0.999900E+04  -0.999900E+04  -0.999900E+04
   0.690400E+01   0.690400E+01  -0.999900E+04  -0.999900E+04  -0.999900E+04  -0.999900E+04  -0.999900E+04  -0.999900E+04  -0.999900E+04  -0.999900E+04   0.105243E+00   0.707414E-01   0.502601E-01   0.355999E-01  -0.999900E+04  -0.999900E+04  -0.999900E+04  -0.999900E+04  -0.999900E+04  -0.999900E+04  -0.999900E+04  -0.999900E+04
   0.700400E+01   0.700400E+01  -0.999900E+04  -0.999900E+04  -0.999900E+04  -0.999900E+04  -0.999900E+04  -0.999900E+04  -0.999900E+04  -0.999900E+04   0.105138E+00   0.706240E-01   0.501510E-01   0.354965E-01  -0.999900E+04  -0.999900E+04  -0.999900E+04  -0.999900E+04  -0.999900E+04  -0.999900E+04  -0.999900E+04  -0.999900E+04
   0.710400E+01   0.710400E+01  -0.999900E+04  -0.999900E+04  -0.999900E+04  -0.999900E+04  -0.999900E+04  -0.999900E+04  -0.999900E+04  -0.999900E+04   0.105034E+00   0.705066E-01   0.500420E-01   0.353932E-01  -0.999900E+04  -0.999900E+04  -0.999900E+04  -0.999900E+04  -0.999900E+04  -0.999900E+04  -0.999900E+04  -0.999900E+04
   0.720400E+01   0.720400E+01  -0.999900E+04  -0.999900E+04  -0.999900E+04  -0.999900E+04  -0.999900E+04  -0.999900E+04  -0.999900E+04  -0.999900E+04   0.104929E+00   0.703891E-01   0.499329E-01   0.352899E-01  -0.999900E+04  -0.999900E+04  -0.999900E+04  -0.999900E+04  -0.999900E+04  -0.999900E+04  -0.999900E+04  -0.999900E+04
   0.730400E+01   0.730400E+01  -0.999900E+04  -0.999900E+04  -0.999900E+04  -0.999900E+04  -0.999900E+04  -0.999900E+04  -0.999900E+04  -0.999900E+04   0.104825E+00   0.702715E-01   0.498237E-01   0.351866E-01  -0.999900E+04  -0.999900E+04  -0.999900E+04  -0.999900E+04  -0.999900E+04  -0.999900E+04  -0.999900E+04  -0.999900E+04
   0.740400E+01   0.740400E+01  -0.999900E+04  -0.999900E+04  -0.999900E+04  -0.999900E+04  -0.999900E+04  -0.999900E+04  -0.999900E+04  -0.999900E+04   0.104721E+00   0.701538E-01   0.497146E-01   0.350834E-01  -0.999900E+04  -0.999900E+04  -0.999900E+04  -0.999900E+04  -0.999900E+04  -0.999900E+04  -0.999900E+04  -0.999900E+04
   0.750400E+01   0.750400E+01  -0.999900E+04  -0.999900E+04  -0.999900E+04  -0.999900E+04  -0.999900E+04  -0.999900E+04  -0.999900E+04  -0.999900E+04   0.104617E+00   0.700361E-01   0.496055E-01   0.349803E-01  -0.999900E+04  -0.999900E+04  -0.999900E+04  -0.999900E+04  -0.999900E+04  -0.999900E+04  -0.999900E+04  -0.999900E+04
   0.760400E+01   0.760400E+01  -0.999900E+04  -0.999900E+04  -0.999900E+04  -0.999900E+04  -0.999900E+04  -0.999900E+04  -0.999900E+04  -0.999900E+04   0.104512E+00   0.699182E-01   0.494963E-01   0.348773E-01  -0.999900E+04  -0.999900E+04  -0.999900E+04  -0.999900E+04  -0.999900E+04  -0.999900E+04  -0.999900E+04  -0.999900E+04
   0.765000E+01   0.765000E+01   0.104516E+00   0.698072E-01   0.499854E-01   0.363895E-01   0.104516E+00   0.698072E-01   0.499854E-01   0.363895E-01   0.104465E+00   0.698640E-01   0.494461E-01   0.348299E-01   0.513255E-04  -0.568048E-04   0.539257E-03   0.155958E-02   0.557958E-01  -0.102346E+00   0.112814E+01   0.125535E+01
   0.770400E+01   0.770400E+01  -0.999900E+04  -0.999900E+04  -0.999900E+04  -0.999900E+04  -0.999900E+04  -0.999900E+04  -0.999900E+04  -0.999900E+04   0.104409E+00   0.698003E-01   0.493872E-01   0.347743E-01  -0.999900E+04  -0.999900E+04  -0.999900E+04  -0.999900E+04  -0.999900E+04  -0.999900E+04  -0.999900E+04  -0.999900E+04
   0.780400E+01   0.780400E+01  -0.999900E+04  -0.999900E+04  -0.999900E+04  -0.999900E+04  -0.999900E+04  -0.999900E+04  -0.999900E+04  -0.999900E+04   0.104304E+00   0.696824E-01   0.492780E-01   0.346714E-01  -0.999900E+04  -0.999900E+04  -0.999900E+04  -0.999900E+04  -0.999900E+04  -0.999900E+04  -0.999900E+04  -0.999900E+04
   0.790400E+01   0.790400E+01  -0.999900E+04  -0.999900E+04  -0.999900E+04  -0.999900E+04  -0.999900E+04  -0.999900E+04  -0.999900E+04  -0.999900E+04   0.104201E+00   0.695643E-01   0.491689E-01   0.345686E-01  -0.999900E+04  -0.999900E+04  -0.999900E+04  -0.999900E+04  -0.999900E+04  -0.999900E+04  -0.999900E+04  -0.999900E+04
   0.800400E+01   0.800400E+01  -0.999900E+04  -0.999900E+04  -0.999900E+04  -0.999900E+04  -0.999900E+04  -0.999900E+04  -0.999900E+04  -0.999900E+04   0.104097E+00   0.694462E-01   0.490597E-01   0.344659E-01  -0.999900E+04  -0.999900E+04  -0.999900E+04  -0.999900E+04  -0.999900E+04  -0.999900E+04  -0.999900E+04  -0.999900E+04
   0.810400E+01   0.810400E+01  -0.999900E+04  -0.999900E+04  -0.999900E+04  -0.999900E+04  -0.999900E+04  -0.999900E+04  -0.999900E+04  -0.999900E+04   0.103993E+00   0.693281E-01   0.489506E-01   0.343633E-01  -0.999900E+04  -0.999900E+04  -0.999900E+04  -0.999900E+04  -0.999900E+04  -0.999900E+04  -0.999900E+04  -0.999900E+04
   0.820400E+01   0.820400E+01  -0.999900E+04  -0.999900E+04  -0.999900E+04  -0.999900E+04  -0.999900E+04  -0.999900E+04  -0.999900E+04  -0.999900E+04   0.103889E+00   0.692099E-01   0.488416E-01   0.342609E-01  -0.999900E+04  -0.999900E+04  -0.999900E+04  -0.999900E+04  -0.999900E+04  -0.999900E+04  -0.999900E+04  -0.999900E+04
   0.830400E+01   0.830400E+01  -0.999900E+04  -0.999900E+04  -0.999900E+04  -0.999900E+04  -0.999900E+04  -0.999900E+04  -0.999900E+04  -0.999900E+04   0.103786E+00   0.690917E-01   0.487325E-01   0.341585E-01  -0.999900E+04  -0.999900E+04  -0.999900E+04  -0.999900E+04  -0.999900E+04  -0.999900E+04  -0.999900E+04  -0.999900E+04
   0.840400E+01   0.840400E+01  -0.999900E+04  -0.999900E+04  -0.999900E+04  -0.999900E+04  -0.999900E+04  -0.999900E+04  -0.999900E+04  -0.999900E+04   0.103682E+00   0.689734E-01   0.486234E-01   0.340562E-01  -0.999900E+04  -0.999900E+04  -0.999900E+04  -0.999900E+04  -0.999900E+04  -0.999900E+04  -0.999900E+04  -0.999900E+04
   0.850400E+01   0.850400E+01  -0.999900E+04  -0.999900E+04  -0.999900E+04  -0.999900E+04  -0.999900E+04  -0.999900E+04  -0.999900E+04  -0.999900E+04   0.103579E+00   0.688550E-01   0.485144E-01   0.339541E-01  -0.999900E+04  -0.999900E+04  -0.999900E+04  -0.999900E+04  -0.999900E+04  -0.999900E+04  -0.999900E+04  -0.999900E+04
   0.860400E+01   0.860400E+01  -0.999900E+04  -0.999900E+04  -0.999900E+04  -0.999900E+04  -0.999900E+04  -0.999900E+04  -0.999900E+04  -0.999900E+04   0.103476E+00   0.687367E-01   0.484055E-01   0.338521E-01  -0.999900E+04  -0.999900E+04  -0.999900E+04  -0.999900E+04  -0.999900E+04  -0.999900E+04  -0.999900E+04  -0.999900E+04
   0.870400E+01   0.870400E+01  -0.999900E+04  -0.999900E+04  -0.999900E+04  -0.999900E+04  -0.999900E+04  -0.999900E+04  -0.999900E+04  -0.999900E+04   0.103373E+00   0.686184E-01   0.482966E-01   0.337502E-01  -0.999900E+04  -0.999900E+04  -0.999900E+04  -0.999900E+04  -0.999900E+04  -0.999900E+04  -0.999900E+04  -0.999900E+04
   0.880400E+01   0.880400E+01  -0.999900E+04  -0.999900E+04  -0.999900E+04  -0.999900E+04  -0.999900E+04  -0.999900E+04  -0.999900E+04  -0.999900E+04   0.103270E+00   0.685000E-01   0.481877E-01   0.336485E-01  -0.999900E+04  -0.999900E+04  -0.999900E+04  -0.999900E+04  -0.999900E+04  -0.999900E+04  -0.999900E+04  -0.999900E+04
   0.890400E+01   0.890400E+01  -0.999900E+04  -0.999900E+04  -0.999900E+04  -0.999900E+04  -0.999900E+04  -0.999900E+04  -0.999900E+04  -0.999900E+04   0.103167E+00   0.683816E-01   0.480788E-01   0.335469E-01  -0.999900E+04  -0.999900E+04  -0.999900E+04  -0.999900E+04  -0.999900E+04  -0.999900E+04  -0.999900E+04  -0.999900E+04
   0.900400E+01   0.900400E+01  -0.999900E+04  -0.999900E+04  -0.999900E+04  -0.999900E+04  -0.999900E+04  -0.999900E+04  -0.999900E+04  -0.999900E+04   0.103065E+00   0.682631E-01   0.479701E-01   0.334455E-01  -0.999900E+04  -0.999900E+04  -0.999900E+04  -0.999900E+04  -0.999900E+04  -0.999900E+04  -0.999900E+04  -0.999900E+04
   0.910400E+01   0.910400E+01  -0.999900E+04  -0.999900E+04  -0.999900E+04  -0.999900E+04  -0.999900E+04  -0.999900E+04  -0.999900E+04  -0.999900E+04   0.102962E+00   0.681448E-01   0.478614E-01   0.333443E-01  -0.999900E+04  -0.999900E+04  -0.999900E+04  -0.999900E+04  -0.999900E+04  -0.999900E+04  -0.999900E+04  -0.999900E+04
   0.920400E+01   0.920400E+01  -0.999900E+04  -0.999900E+04  -0.999900E+04  -0.999900E+04  -0.999900E+04  -0.999900E+04  -0.999900E+04  -0.999900E+04   0.102860E+00   0.680263E-01   0.477528E-01   0.332432E-01  -0.999900E+04  -0.999900E+04  -0.999900E+04  -0.999900E+04  -0.999900E+04  -0.999900E+04  -0.999900E+04  -0.999900E+04
   0.930400E+01   0.930400E+01  -0.999900E+04  -0.999900E+04  -0.999900E+04  -0.999900E+04  -0.999900E+04  -0.999900E+04  -0.999900E+04  -0.999900E+04   0.102758E+00   0.679079E-01   0.476442E-01   0.331423E-01  -0.999900E+04  -0.999900E+04  -0.999900E+04  -0.999900E+04  -0.999900E+04  -0.999900E+04  -0.999900E+04  -0.999900E+04
   0.940400E+01   0.940400E+01  -0.999900E+04  -0.999900E+04  -0.999900E+04  -0.999900E+04  -0.999900E+04  -0.999900E+04  -0.999900E+04  -0.999900E+04   0.102656E+00   0.677894E-01   0.475357E-01   0.330415E-01  -0.999900E+04  -0.999900E+04  -0.999900E+04  -0.999900E+04  -0.999900E+04  -0.999900E+04  -0.999900E+04  -0.999900E+04
   0.950400E+01   0.950400E+01  -0.999900E+04  -0.999900E+04  -0.999900E+04  -0.999900E+04  -0.999900E+04  -0.999900E+04  -0.999900E+04  -0.999900E+04   0.102554E+00   0.676710E-01   0.474273E-01   0.329410E-01  -0.999900E+04  -0.999900E+04  -0.999900E+04  -0.999900E+04  -0.999900E+04  -0.999900E+04  -0.999900E+04  -0.999900E+04
   0.960400E+01   0.960400E+01  -0.999900E+04  -0.999900E+04  -0.999900E+04  -0.999900E+04  -0.999900E+04  -0.999900E+04  -0.999900E+04  -0.999900E+04   0.102452E+00   0.675527E-01   0.473190E-01   0.328407E-01  -0.999900E+04  -0.999900E+04  -0.999900E+04  -0.999900E+04  -0.999900E+04  -0.999900E+04  -0.999900E+04  -0.999900E+04
   0.965000E+01   0.965000E+01   0.102142E+00   0.672428E-01   0.476209E-01   0.339301E-01   0.102142E+00   0.672428E-01   0.476209E-01   0.339301E-01   0.102406E+00   0.674982E-01   0.472692E-01   0.327946E-01  -0.263663E-03  -0.255395E-03   0.351646E-03   0.113549E-02  -0.286627E+00  -0.460149E+00   0.735653E+00   0.913987E+00
   0.970400E+01   0.970400E+01  -0.999900E+04  -0.999900E+04  -0.999900E+04  -0.999900E+04  -0.999900E+04  -0.999900E+04  -0.999900E+04  -0.999900E+04   0.102351E+00   0.674343E-01   0.472108E-01   0.327405E-01  -0.999900E+04  -0.999900E+04  -0.999900E+04  -0.999900E+04  -0.999900E+04  -0.999900E+04  -0.999900E+04  -0.999900E+04
   0.980400E+01   0.980400E+01  -0.999900E+04  -0.999900E+04  -0.999900E+04  -0.999900E+04  -0.999900E+04  -0.999900E+04  -0.999900E+04  -0.999900E+04   0.102250E+00   0.673159E-01   0.471027E-01   0.326406E-01  -0.999900E+04  -0.999900E+04  -0.999900E+04  -0.999900E+04  -0.999900E+04  -0.999900E+04  -0.999900E+04  -0.999900E+04
   0.990400E+01   0.990400E+01  -0.999900E+04  -0.999900E+04  -0.999900E+04  -0.999900E+04  -0.999900E+04  -0.999900E+04  -0.999900E+04  -0.999900E+04   0.102149E+00   0.671975E-01   0.469946E-01   0.325408E-01  -0.999900E+04  -0.999900E+04  -0.999900E+04  -0.999900E+04  -0.999900E+04  -0.999900E+04  -0.999900E+04  -0.999900E+04
   0.100040E+02   0.100040E+02  -0.999900E+04  -0.999900E+04  -0.999900E+04  -0.999900E+04  -0.999900E+04  -0.999900E+04  -0.999900E+04  -0.999900E+04   0.102047E+00   0.670793E-01   0.468867E-01   0.324413E-01  -0.999900E+04  -0.999900E+04  -0.999900E+04  -0.999900E+04  -0.999900E+04  -0.999900E+04  -0.999900E+04  -0.999900E+04
   0.101040E+02   0.101040E+02  -0.999900E+04  -0.999900E+04  -0.999900E+04  -0.999900E+04  -0.999900E+04  -0.999900E+04  -0.999900E+04  -0.999900E+04   0.101947E+00   0.669611E-01   0.467790E-01   0.323421E-01  -0.999900E+04  -0.999900E+04  -0.999900E+04  -0.999900E+04  -0.999900E+04  -0.999900E+04  -0.999900E+04  -0.999900E+04
   0.102040E+02   0.102040E+02  -0.999900E+04  -0.999900E+04  -0.999900E+04  -0.999900E+04  -0.999900E+04  -0.999900E+04  -0.999900E+04  -0.999900E+04   0.101846E+00   0.668429E-01   0.466713E-01   0.322431E-01  -0.999900E+04  -0.999900E+04  -0.999900E+04  -0.999900E+04  -0.999900E+04  -0.999900E+04  -0.999900E+04  -0.999900E+04
   0.103040E+02   0.103040E+02  -0.999900E+04  -0.999900E+04  -0.999900E+04  -0.999900E+04  -0.999900E+04  -0.999900E+04  -0.999900E+04  -0.999900E+04   0.101746E+00   0.667247E-01   0.465638E-01   0.321443E-01  -0.999900E+04  -0.999900E+04  -0.999900E+04  -0.999900E+04  -0.999900E+04  -0.999900E+04  -0.999900E+04  -0.999900E+04
   0.104040E+02   0.104040E+02  -0.999900E+04  -0.999900E+04  -0.999900E+04  -0.999900E+04  -0.999900E+04  -0.999900E+04  -0.999900E+04  -0.999900E+04   0.101646E+00   0.666066E-01   0.464563E-01   0.320457E-01  -0.999900E+04  -0.999900E+04  -0.999900E+04  -0.999900E+04  -0.999900E+04  -0.999900E+04  -0.999900E+04  -0.999900E+04
   0.105040E+02   0.105040E+02  -0.999900E+04  -0.999900E+04  -0.999900E+04  -0.999900E+04  -0.999900E+04  -0.999900E+04  -0.999900E+04  -0.999900E+04   0.101546E+00   0.664886E-01   0.463491E-01   0.319474E-01  -0.999900E+04  -0.999900E+04  -0.999900E+04  -0.999900E+04  -0.999900E+04  -0.999900E+04  -0.999900E+04  -0.999900E+04
   0.106040E+02   0.106040E+02  -0.999900E+04  -0.999900E+04  -0.999900E+04  -0.999900E+04  -0.999900E+04  -0.999900E+04  -0.999900E+04  -0.999900E+04   0.101447E+00   0.663707E-01   0.462420E-01   0.318495E-01  -0.999900E+04  -0.999900E+04  -0.999900E+04  -0.999900E+04  -0.999900E+04  -0.999900E+04  -0.999900E+04  -0.999900E+04
   0.107040E+02   0.107040E+02  -0.999900E+04  -0.999900E+04  -0.999900E+04  -0.999900E+04  -0.999900E+04  -0.999900E+04  -0.999900E+04  -0.999900E+04   0.101347E+00   0.662529E-01   0.461351E-01   0.317518E-01  -0.999900E+04  -0.999900E+04  -0.999900E+04  -0.999900E+04  -0.999900E+04  -0.999900E+04  -0.999900E+04  -0.999900E+04
   0.108040E+02   0.108040E+02  -0.999900E+04  -0.999900E+04  -0.999900E+04  -0.999900E+04  -0.999900E+04  -0.999900E+04  -0.999900E+04  -0.999900E+04   0.101248E+00   0.661351E-01   0.460283E-01   0.316543E-01  -0.999900E+04  -0.999900E+04  -0.999900E+04  -0.999900E+04  -0.999900E+04  -0.999900E+04  -0.999900E+04  -0.999900E+04
   0.109040E+02   0.109040E+02  -0.999900E+04  -0.999900E+04  -0.999900E+04  -0.999900E+04  -0.999900E+04  -0.999900E+04  -0.999900E+04  -0.999900E+04   0.101149E+00   0.660173E-01   0.459216E-01   0.315571E-01  -0.999900E+04  -0.999900E+04  -0.999900E+04  -0.999900E+04  -0.999900E+04  -0.999900E+04  -0.999900E+04  -0.999900E+04
   0.110040E+02   0.110040E+02  -0.999900E+04  -0.999900E+04  -0.999900E+04  -0.999900E+04  -0.999900E+04  -0.999900E+04  -0.999900E+04  -0.999900E+04   0.101050E+00   0.658997E-01   0.458151E-01   0.314602E-01  -0.999900E+04  -0.999900E+04  -0.999900E+04  -0.999900E+04  -0.999900E+04  -0.999900E+04  -0.999900E+04  -0.999900E+04
   0.111040E+02   0.111040E+02  -0.999900E+04  -0.999900E+04  -0.999900E+04  -0.999900E+04  -0.999900E+04  -0.999900E+04  -0.999900E+04  -0.999900E+04   0.100952E+00   0.657822E-01   0.457089E-01   0.313638E-01  -0.999900E+04  -0.999900E+04  -0.999900E+04  -0.999900E+04  -0.999900E+04  -0.999900E+04  -0.999900E+04  -0.999900E+04
   0.112040E+02   0.112040E+02  -0.999900E+04  -0.999900E+04  -0.999900E+04  -0.999900E+04  -0.999900E+04  -0.999900E+04  -0.999900E+04  -0.999900E+04   0.100854E+00   0.656649E-01   0.456028E-01   0.312675E-01  -0.999900E+04  -0.999900E+04  -0.999900E+04  -0.999900E+04  -0.999900E+04  -0.999900E+04  -0.999900E+04  -0.999900E+04
   0.113040E+02   0.113040E+02  -0.999900E+04  -0.999900E+04  -0.999900E+04  -0.999900E+04  -0.999900E+04  -0.999900E+04  -0.999900E+04  -0.999900E+04   0.100756E+00   0.655476E-01   0.454969E-01   0.311716E-01  -0.999900E+04  -0.999900E+04  -0.999900E+04  -0.999900E+04  -0.999900E+04  -0.999900E+04  -0.999900E+04  -0.999900E+04
   0.114040E+02   0.114040E+02  -0.999900E+04  -0.999900E+04  -0.999900E+04  -0.999900E+04  -0.999900E+04  -0.999900E+04  -0.999900E+04  -0.999900E+04   0.100658E+00   0.654304E-01   0.453913E-01   0.310761E-01  -0.999900E+04  -0.999900E+04  -0.999900E+04  -0.999900E+04  -0.999900E+04  -0.999900E+04  -0.999900E+04  -0.999900E+04
   0.115040E+02   0.115040E+02  -0.999900E+04  -0.999900E+04  -0.999900E+04  -0.999900E+04  -0.999900E+04  -0.999900E+04  -0.999900E+04  -0.999900E+04   0.100561E+00   0.653135E-01   0.452858E-01   0.309809E-01  -0.999900E+04  -0.999900E+04  -0.999900E+04  -0.999900E+04  -0.999900E+04  -0.999900E+04  -0.999900E+04  -0.999900E+04
   0.116040E+02   0.116040E+02  -0.999900E+04  -0.999900E+04  -0.999900E+04  -0.999900E+04  -0.999900E+04  -0.999900E+04  -0.999900E+04  -0.999900E+04   0.100464E+00   0.651966E-01   0.451806E-01   0.308861E-01  -0.999900E+04  -0.999900E+04  -0.999900E+04  -0.999900E+04  -0.999900E+04  -0.999900E+04  -0.999900E+04  -0.999900E+04
   0.116500E+02   0.116500E+02   0.100660E+00   0.650094E-01   0.456141E-01   0.320205E-01   0.100660E+00   0.650094E-01   0.456141E-01   0.320205E-01   0.100420E+00   0.651429E-01   0.451322E-01   0.308425E-01   0.240491E-03  -0.133469E-03   0.481867E-03   0.117800E-02   0.261438E+00  -0.240474E+00   0.100808E+01   0.948205E+00
   0.117040E+02   0.117040E+02  -0.999900E+04  -0.999900E+04  -0.999900E+04  -0.999900E+04  -0.999900E+04  -0.999900E+04  -0.999900E+04  -0.999900E+04   0.100367E+00   0.650798E-01   0.450755E-01   0.307915E-01  -0.999900E+04  -0.999900E+04  -0.999900E+04  -0.999900E+04  -0.999900E+04  -0.999900E+04  -0.999900E+04  -0.999900E+04
   0.118040E+02   0.118040E+02  -0.999900E+04  -0.999900E+04  -0.999900E+04  -0.999900E+04  -0.999900E+04  -0.999900E+04  -0.999900E+04  -0.999900E+04   0.100271E+00   0.649631E-01   0.449706E-01   0.306973E-01  -0.999900E+04  -0.999900E+04  -0.999900E+04  -0.999900E+04  -0.999900E+04  -0.999900E+04  -0.999900E+04  -0.999900E+04
   0.119040E+02   0.119040E+02  -0.999900E+04  -0.999900E+04  -0.999900E+04  -0.999900E+04  -0.999900E+04  -0.999900E+04  -0.999900E+04  -0.999900E+04   0.100175E+00   0.648467E-01   0.448660E-01   0.306036E-01  -0.999900E+04  -0.999900E+04  -0.999900E+04  -0.999900E+04  -0.999900E+04  -0.999900E+04  -0.999900E+04  -0.999900E+04
   0.120040E+02   0.120040E+02  -0.999900E+04  -0.999900E+04  -0.999900E+04  -0.999900E+04  -0.999900E+04  -0.999900E+04  -0.999900E+04  -0.999900E+04   0.100079E+00   0.647305E-01   0.447618E-01   0.305103E-01  -0.999900E+04  -0.999900E+04  -0.999900E+04  -0.999900E+04  -0.999900E+04  -0.999900E+04  -0.999900E+04  -0.999900E+04
   0.121040E+02   0.121040E+02  -0.999900E+04  -0.999900E+04  -0.999900E+04  -0.999900E+04  -0.999900E+04  -0.999900E+04  -0.999900E+04  -0.999900E+04   0.999838E-01   0.646144E-01   0.446577E-01   0.304173E-01  -0.999900E+04  -0.999900E+04  -0.999900E+04  -0.999900E+04  -0.999900E+04  -0.999900E+04  -0.999900E+04  -0.999900E+04
   0.122040E+02   0.122040E+02  -0.999900E+04  -0.999900E+04  -0.999900E+04  -0.999900E+04  -0.999900E+04  -0.999900E+04  -0.999900E+04  -0.999900E+04   0.998886E-01   0.644984E-01   0.445538E-01   0.303247E-01  -0.999900E+04  -0.999900E+04  -0.999900E+04  -0.999900E+04  -0.999900E+04  -0.999900E+04  -0.999900E+04  -0.999900E+04
   0.123040E+02   0.123040E+02  -0.999900E+04  -0.999900E+04  -0.999900E+04  -0.999900E+04  -0.999900E+04  -0.999900E+04  -0.999900E+04  -0.999900E+04   0.997936E-01   0.643826E-01   0.444502E-01   0.302325E-01  -0.999900E+04  -0.999900E+04  -0.999900E+04  -0.999900E+04  -0.999900E+04  -0.999900E+04  -0.999900E+04  -0.999900E+04
   0.124040E+02   0.124040E+02  -0.999900E+04  -0.999900E+04  -0.999900E+04  -0.999900E+04  -0.999900E+04  -0.999900E+04  -0.999900E+04  -0.999900E+04   0.996991E-01   0.642670E-01   0.443469E-01   0.301407E-01  -0.999900E+04  -0.999900E+04  -0.999900E+04  -0.999900E+04  -0.999900E+04  -0.999900E+04  -0.999900E+04  -0.999900E+04
   0.125040E+02   0.125040E+02  -0.999900E+04  -0.999900E+04  -0.999900E+04  -0.999900E+04  -0.999900E+04  -0.999900E+04  -0.999900E+04  -0.999900E+04   0.996050E-01   0.641516E-01   0.442439E-01   0.300494E-01  -0.999900E+04  -0.999900E+04  -0.999900E+04  -0.999900E+04  -0.999900E+04  -0.999900E+04  -0.999900E+04  -0.999900E+04
   0.126040E+02   0.126040E+02  -0.999900E+04  -0.999900E+04  -0.999900E+04  -0.999900E+04  -0.999900E+04  -0.999900E+04  -0.999900E+04  -0.999900E+04   0.995112E-01   0.640365E-01   0.441412E-01   0.299585E-01  -0.999900E+04  -0.999900E+04  -0.999900E+04  -0.999900E+04  -0.999900E+04  -0.999900E+04  -0.999900E+04  -0.999900E+04
   0.127040E+02   0.127040E+02  -0.999900E+04  -0.999900E+04  -0.999900E+04  -0.999900E+04  -0.999900E+04  -0.999900E+04  -0.999900E+04  -0.999900E+04   0.994176E-01   0.639215E-01   0.440387E-01   0.298681E-01  -0.999900E+04  -0.999900E+04  -0.999900E+04  -0.999900E+04  -0.999900E+04  -0.999900E+04  -0.999900E+04  -0.999900E+04
   0.128040E+02   0.128040E+02  -0.999900E+04  -0.999900E+04  -0.999900E+04  -0.999900E+04  -0.999900E+04  -0.999900E+04  -0.999900E+04  -0.999900E+04   0.993244E-01   0.638066E-01   0.439364E-01   0.297780E-01  -0.999900E+04  -0.999900E+04  -0.999900E+04  -0.999900E+04  -0.999900E+04  -0.999900E+04  -0.999900E+04  -0.999900E+04
   0.129040E+02   0.129040E+02  -0.999900E+04  -0.999900E+04  -0.999900E+04  -0.999900E+04  -0.999900E+04  -0.999900E+04  -0.999900E+04  -0.999900E+04   0.992316E-01   0.636920E-01   0.438346E-01   0.296884E-01  -0.999900E+04  -0.999900E+04  -0.999900E+04  -0.999900E+04  -0.999900E+04  -0.999900E+04  -0.999900E+04  -0.999900E+04
   0.130040E+02   0.130040E+02  -0.999900E+04  -0.999900E+04  -0.999900E+04  -0.999900E+04  -0.999900E+04  -0.999900E+04  -0.999900E+04  -0.999900E+04   0.991392E-01   0.635777E-01   0.437331E-01   0.295994E-01  -0.999900E+04  -0.999900E+04  -0.999900E+04  -0.999900E+04  -0.999900E+04  -0.999900E+04  -0.999900E+04  -0.999900E+04
   0.131040E+02   0.131040E+02  -0.999900E+04  -0.999900E+04  -0.999900E+04  -0.999900E+04  -0.999900E+04  -0.999900E+04  -0.999900E+04  -0.999900E+04   0.990471E-01   0.634636E-01   0.436318E-01   0.295108E-01  -0.999900E+04  -0.999900E+04  -0.999900E+04  -0.999900E+04  -0.999900E+04  -0.999900E+04  -0.999900E+04  -0.999900E+04
   0.132040E+02   0.132040E+02  -0.999900E+04  -0.999900E+04  -0.999900E+04  -0.999900E+04  -0.999900E+04  -0.999900E+04  -0.999900E+04  -0.999900E+04   0.989554E-01   0.633497E-01   0.435309E-01   0.294226E-01  -0.999900E+04  -0.999900E+04  -0.999900E+04  -0.999900E+04  -0.999900E+04  -0.999900E+04  -0.999900E+04  -0.999900E+04
   0.133040E+02   0.133040E+02  -0.999900E+04  -0.999900E+04  -0.999900E+04  -0.999900E+04  -0.999900E+04  -0.999900E+04  -0.999900E+04  -0.999900E+04   0.988639E-01   0.632360E-01   0.434302E-01   0.293349E-01  -0.999900E+04  -0.999900E+04  -0.999900E+04  -0.999900E+04  -0.999900E+04  -0.999900E+04  -0.999900E+04  -0.999900E+04
   0.134040E+02   0.134040E+02  -0.999900E+04  -0.999900E+04  -0.999900E+04  -0.999900E+04  -0.999900E+04  -0.999900E+04  -0.999900E+04  -0.999900E+04   0.987729E-01   0.631226E-01   0.433300E-01   0.292477E-01  -0.999900E+04  -0.999900E+04  -0.999900E+04  -0.999900E+04  -0.999900E+04  -0.999900E+04  -0.999900E+04  -0.999900E+04
   0.135040E+02   0.135040E+02  -0.999900E+04  -0.999900E+04  -0.999900E+04  -0.999900E+04  -0.999900E+04  -0.999900E+04  -0.999900E+04  -0.999900E+04   0.986824E-01   0.630095E-01   0.432301E-01   0.291611E-01  -0.999900E+04  -0.999900E+04  -0.999900E+04  -0.999900E+04  -0.999900E+04  -0.999900E+04  -0.999900E+04  -0.999900E+04
   0.136040E+02   0.136040E+02  -0.999900E+04  -0.999900E+04  -0.999900E+04  -0.999900E+04  -0.999900E+04  -0.999900E+04  -0.999900E+04  -0.999900E+04   0.985922E-01   0.628967E-01   0.431306E-01   0.290750E-01  -0.999900E+04  -0.999900E+04  -0.999900E+04  -0.999900E+04  -0.999900E+04  -0.999900E+04  -0.999900E+04  -0.999900E+04
   0.137040E+02   0.137040E+02  -0.999900E+04  -0.999900E+04  -0.999900E+04  -0.999900E+04  -0.999900E+04  -0.999900E+04  -0.999900E+04  -0.999900E+04   0.985024E-01   0.627841E-01   0.430314E-01   0.289894E-01  -0.999900E+04  -0.999900E+04  -0.999900E+04  -0.999900E+04  -0.999900E+04  -0.999900E+04  -0.999900E+04  -0.999900E+04
   0.138040E+02   0.138040E+02  -0.999900E+04  -0.999900E+04  -0.999900E+04  -0.999900E+04  -0.999900E+04  -0.999900E+04  -0.999900E+04  -0.999900E+04   0.984129E-01   0.626717E-01   0.429324E-01   0.289042E-01  -0.999900E+04  -0.999900E+04  -0.999900E+04  -0.999900E+04  -0.999900E+04  -0.999900E+04  -0.999900E+04  -0.999900E+04
   0.139040E+02   0.139040E+02  -0.999900E+04  -0.999900E+04  -0.999900E+04  -0.999900E+04  -0.999900E+04  -0.999900E+04  -0.999900E+04  -0.999900E+04   0.983238E-01   0.625596E-01   0.428340E-01   0.288196E-01  -0.999900E+04  -0.999900E+04  -0.999900E+04  -0.999900E+04  -0.999900E+04  -0.999900E+04  -0.999900E+04  -0.999900E+04
   0.140040E+02   0.140040E+02  -0.999900E+04  -0.999900E+04  -0.999900E+04  -0.999900E+04  -0.999900E+04  -0.999900E+04  -0.999900E+04  -0.999900E+04   0.982353E-01   0.624480E-01   0.427360E-01   0.287357E-01  -0.999900E+04  -0.999900E+04  -0.999900E+04  -0.999900E+04  -0.999900E+04  -0.999900E+04  -0.999900E+04  -0.999900E+04
   0.141040E+02   0.141040E+02  -0.999900E+04  -0.999900E+04  -0.999900E+04  -0.999900E+04  -0.999900E+04  -0.999900E+04  -0.999900E+04  -0.999900E+04   0.981471E-01   0.623366E-01   0.426383E-01   0.286522E-01  -0.999900E+04  -0.999900E+04  -0.999900E+04  -0.999900E+04  -0.999900E+04  -0.999900E+04  -0.999900E+04  -0.999900E+04
   0.142040E+02   0.142040E+02  -0.999900E+04  -0.999900E+04  -0.999900E+04  -0.999900E+04  -0.999900E+04  -0.999900E+04  -0.999900E+04  -0.999900E+04   0.980593E-01   0.622254E-01   0.425410E-01   0.285693E-01  -0.999900E+04  -0.999900E+04  -0.999900E+04  -0.999900E+04  -0.999900E+04  -0.999900E+04  -0.999900E+04  -0.999900E+04
   0.143040E+02   0.143040E+02  -0.999900E+04  -0.999900E+04  -0.999900E+04  -0.999900E+04  -0.999900E+04  -0.999900E+04  -0.999900E+04  -0.999900E+04   0.979718E-01   0.621145E-01   0.424440E-01   0.284868E-01  -0.999900E+04  -0.999900E+04  -0.999900E+04  -0.999900E+04  -0.999900E+04  -0.999900E+04  -0.999900E+04  -0.999900E+04
   0.144040E+02   0.144040E+02  -0.999900E+04  -0.999900E+04  -0.999900E+04  -0.999900E+04  -0.999900E+04  -0.999900E+04  -0.999900E+04  -0.999900E+04   0.978848E-01   0.620040E-01   0.423475E-01   0.284051E-01  -0.999900E+04  -0.999900E+04  -0.999900E+04  -0.999900E+04  -0.999900E+04  -0.999900E+04  -0.999900E+04  -0.999900E+04
   0.145040E+02   0.145040E+02  -0.999900E+04  -0.999900E+04  -0.999900E+04  -0.999900E+04  -0.999900E+04  -0.999900E+04  -0.999900E+04  -0.999900E+04   0.977984E-01   0.618939E-01   0.422515E-01   0.283239E-01  -0.999900E+04  -0.999900E+04  -0.999900E+04  -0.999900E+04  -0.999900E+04  -0.999900E+04  -0.999900E+04  -0.999900E+04
   0.146040E+02   0.146040E+02  -0.999900E+04  -0.999900E+04  -0.999900E+04  -0.999900E+04  -0.999900E+04  -0.999900E+04  -0.999900E+04  -0.999900E+04   0.977123E-01   0.617841E-01   0.421559E-01   0.282433E-01  -0.999900E+04  -0.999900E+04  -0.999900E+04  -0.999900E+04  -0.999900E+04  -0.999900E+04  -0.999900E+04  -0.999900E+04
   0.147040E+02   0.147040E+02  -0.999900E+04  -0.999900E+04  -0.999900E+04  -0.999900E+04  -0.999900E+04  -0.999900E+04  -0.999900E+04  -0.999900E+04   0.976266E-01   0.616746E-01   0.420606E-01   0.281632E-01  -0.999900E+04  -0.999900E+04  -0.999900E+04  -0.999900E+04  -0.999900E+04  -0.999900E+04  -0.999900E+04  -0.999900E+04
   0.148040E+02   0.148040E+02  -0.999900E+04  -0.999900E+04  -0.999900E+04  -0.999900E+04  -0.999900E+04  -0.999900E+04  -0.999900E+04  -0.999900E+04   0.975415E-01   0.615655E-01   0.419659E-01   0.280838E-01  -0.999900E+04  -0.999900E+04  -0.999900E+04  -0.999900E+04  -0.999900E+04  -0.999900E+04  -0.999900E+04  -0.999900E+04
   0.149040E+02   0.149040E+02  -0.999900E+04  -0.999900E+04  -0.999900E+04  -0.999900E+04  -0.999900E+04  -0.999900E+04  -0.999900E+04  -0.999900E+04   0.974568E-01   0.614569E-01   0.418717E-01   0.280051E-01  -0.999900E+04  -0.999900E+04  -0.999900E+04  -0.999900E+04  -0.999900E+04  -0.999900E+04  -0.999900E+04  -0.999900E+04
   0.150040E+02   0.150040E+02  -0.999900E+04  -0.999900E+04  -0.999900E+04  -0.999900E+04  -0.999900E+04  -0.999900E+04  -0.999900E+04  -0.999900E+04   0.973726E-01   0.613486E-01   0.417779E-01   0.279269E-01  -0.999900E+04  -0.999900E+04  -0.999900E+04  -0.999900E+04  -0.999900E+04  -0.999900E+04  -0.999900E+04  -0.999900E+04
   0.151040E+02   0.151040E+02  -0.999900E+04  -0.999900E+04  -0.999900E+04  -0.999900E+04  -0.999900E+04  -0.999900E+04  -0.999900E+04  -0.999900E+04   0.972887E-01   0.612406E-01   0.416845E-01   0.278493E-01  -0.999900E+04  -0.999900E+04  -0.999900E+04  -0.999900E+04  -0.999900E+04  -0.999900E+04  -0.999900E+04  -0.999900E+04
   0.152040E+02   0.152040E+02  -0.999900E+04  -0.999900E+04  -0.999900E+04  -0.999900E+04  -0.999900E+04  -0.999900E+04  -0.999900E+04  -0.999900E+04   0.972052E-01   0.611329E-01   0.415915E-01   0.277723E-01  -0.999900E+04  -0.999900E+04  -0.999900E+04  -0.999900E+04  -0.999900E+04  -0.999900E+04  -0.999900E+04  -0.999900E+04
   0.153040E+02   0.153040E+02  -0.999900E+04  -0.999900E+04  -0.999900E+04  -0.999900E+04  -0.999900E+04  -0.999900E+04  -0.999900E+04  -0.999900E+04   0.971223E-01   0.610257E-01   0.414991E-01   0.276960E-01  -0.999900E+04  -0.999900E+04  -0.999900E+04  -0.999900E+04  -0.999900E+04  -0.999900E+04  -0.999900E+04  -0.999900E+04
   0.154040E+02   0.154040E+02  -0.999900E+04  -0.999900E+04  -0.999900E+04  -0.999900E+04  -0.999900E+04  -0.999900E+04  -0.999900E+04  -0.999900E+04   0.970400E-01   0.609191E-01   0.414072E-01   0.276204E-01  -0.999900E+04  -0.999900E+04  -0.999900E+04  -0.999900E+04  -0.999900E+04  -0.999900E+04  -0.999900E+04  -0.999900E+04
   0.155040E+02   0.155040E+02  -0.999900E+04  -0.999900E+04  -0.999900E+04  -0.999900E+04  -0.999900E+04  -0.999900E+04  -0.999900E+04  -0.999900E+04   0.969580E-01   0.608127E-01   0.413158E-01   0.275453E-01  -0.999900E+04  -0.999900E+04  -0.999900E+04  -0.999900E+04  -0.999900E+04  -0.999900E+04  -0.999900E+04  -0.999900E+04
   0.156040E+02   0.156040E+02  -0.999900E+04  -0.999900E+04  -0.999900E+04  -0.999900E+04  -0.999900E+04  -0.999900E+04  -0.999900E+04  -0.999900E+04   0.968765E-01   0.607067E-01   0.412248E-01   0.274709E-01  -0.999900E+04  -0.999900E+04  -0.999900E+04  -0.999900E+04  -0.999900E+04  -0.999900E+04  -0.999900E+04  -0.999900E+04
   0.156500E+02   0.156500E+02  -0.999900E+04  -0.999900E+04  -0.999900E+04  -0.999900E+04  -0.999900E+04  -0.999900E+04  -0.999900E+04  -0.999900E+04   0.968392E-01   0.606581E-01   0.411831E-01   0.274369E-01  -0.999900E+04  -0.999900E+04  -0.999900E+04  -0.999900E+04  -0.999900E+04  -0.999900E+04  -0.999900E+04  -0.999900E+04
   0.157040E+02   0.157040E+02  -0.999900E+04  -0.999900E+04  -0.999900E+04  -0.999900E+04  -0.999900E+04  -0.999900E+04  -0.999900E+04  -0.999900E+04   0.967955E-01   0.606011E-01   0.411343E-01   0.273971E-01  -0.999900E+04  -0.999900E+04  -0.999900E+04  -0.999900E+04  -0.999900E+04  -0.999900E+04  -0.999900E+04  -0.999900E+04
   0.158040E+02   0.158040E+02  -0.999900E+04  -0.999900E+04  -0.999900E+04  -0.999900E+04  -0.999900E+04  -0.999900E+04  -0.999900E+04  -0.999900E+04   0.967149E-01   0.604960E-01   0.410444E-01   0.273240E-01  -0.999900E+04  -0.999900E+04  -0.999900E+04  -0.999900E+04  -0.999900E+04  -0.999900E+04  -0.999900E+04  -0.999900E+04
   0.159040E+02   0.159040E+02  -0.999900E+04  -0.999900E+04  -0.999900E+04  -0.999900E+04  -0.999900E+04  -0.999900E+04  -0.999900E+04  -0.999900E+04   0.966349E-01   0.603914E-01   0.409550E-01   0.272516E-01  -0.999900E+04  -0.999900E+04  -0.999900E+04  -0.999900E+04  -0.999900E+04  -0.999900E+04  -0.999900E+04  -0.999900E+04
   0.160040E+02   0.160040E+02  -0.999900E+04  -0.999900E+04  -0.999900E+04  -0.999900E+04  -0.999900E+04  -0.999900E+04  -0.999900E+04  -0.999900E+04   0.965554E-01   0.602872E-01   0.408661E-01   0.271798E-01  -0.999900E+04  -0.999900E+04  -0.999900E+04  -0.999900E+04  -0.999900E+04  -0.999900E+04  -0.999900E+04  -0.999900E+04
   0.161040E+02   0.161040E+02  -0.999900E+04  -0.999900E+04  -0.999900E+04  -0.999900E+04  -0.999900E+04  -0.999900E+04  -0.999900E+04  -0.999900E+04   0.964763E-01   0.601834E-01   0.407777E-01   0.271086E-01  -0.999900E+04  -0.999900E+04  -0.999900E+04  -0.999900E+04  -0.999900E+04  -0.999900E+04  -0.999900E+04  -0.999900E+04
   0.162040E+02   0.162040E+02  -0.999900E+04  -0.999900E+04  -0.999900E+04  -0.999900E+04  -0.999900E+04  -0.999900E+04  -0.999900E+04  -0.999900E+04   0.963976E-01   0.600799E-01   0.406898E-01   0.270381E-01  -0.999900E+04  -0.999900E+04  -0.999900E+04  -0.999900E+04  -0.999900E+04  -0.999900E+04  -0.999900E+04  -0.999900E+04
   0.163040E+02   0.163040E+02  -0.999900E+04  -0.999900E+04  -0.999900E+04  -0.999900E+04  -0.999900E+04  -0.999900E+04  -0.999900E+04  -0.999900E+04   0.963195E-01   0.599770E-01   0.406024E-01   0.269683E-01  -0.999900E+04  -0.999900E+04  -0.999900E+04  -0.999900E+04  -0.999900E+04  -0.999900E+04  -0.999900E+04  -0.999900E+04
   0.164040E+02   0.164040E+02  -0.999900E+04  -0.999900E+04  -0.999900E+04  -0.999900E+04  -0.999900E+04  -0.999900E+04  -0.999900E+04  -0.999900E+04   0.962420E-01   0.598747E-01   0.405158E-01   0.268992E-01  -0.999900E+04  -0.999900E+04  -0.999900E+04  -0.999900E+04  -0.999900E+04  -0.999900E+04  -0.999900E+04  -0.999900E+04
   0.165040E+02   0.165040E+02  -0.999900E+04  -0.999900E+04  -0.999900E+04  -0.999900E+04  -0.999900E+04  -0.999900E+04  -0.999900E+04  -0.999900E+04   0.961649E-01   0.597729E-01   0.404296E-01   0.268308E-01  -0.999900E+04  -0.999900E+04  -0.999900E+04  -0.999900E+04  -0.999900E+04  -0.999900E+04  -0.999900E+04  -0.999900E+04
