Kmin_MC_Up_a0  Kmin_MC_Up_a1  Kmin_MC_Up_a2  Kmin_TR_a0     Kmin_TR_a1     Kmin_TR_a2     Y1_intercept   Y2_intercept   Y3_intercept   Y4_intercept   Y5_intercept   LogPost        
   0.350337E+02  -0.183286E+01  -0.850421E+00   0.304019E+02  -0.355505E+01  -0.983406E+00   0.339099E-03   0.122993E+02   0.866240E+01   0.161856E+02   0.214068E+02   0.212700E+03
   0.350337E+02  -0.181899E+01  -0.855663E+00   0.305184E+02  -0.342195E+01  -0.851528E+00   0.459008E-03   0.125369E+02   0.111886E+02   0.152162E+02   0.185648E+02   0.210859E+03
   0.350067E+02  -0.170157E+01  -0.820954E+00   0.302336E+02  -0.417722E+01  -0.365981E+00   0.814894E-04   0.921370E+01   0.111765E+02   0.116795E+02   0.130939E+02   0.212771E+03
   0.350067E+02  -0.173427E+01  -0.835761E+00   0.303525E+02  -0.411870E+01  -0.236125E+01   0.530855E-03   0.833268E+01   0.132715E+02   0.110834E+02   0.135712E+02   0.211415E+03
   0.350067E+02  -0.170910E+01  -0.860234E+00   0.301026E+02  -0.324377E+01  -0.164853E+01   0.281754E-03   0.846415E+01   0.120248E+02   0.117191E+02   0.962259E+01   0.210639E+03
   0.350067E+02  -0.173604E+01  -0.777333E+00   0.301026E+02  -0.343400E+01  -0.247538E+01   0.184306E-03   0.832787E+01   0.101451E+02   0.166214E+02   0.112054E+02   0.213114E+03
   0.350067E+02  -0.178318E+01  -0.777333E+00   0.301294E+02  -0.343400E+01   0.153561E+00   0.743900E-03   0.785770E+01   0.108041E+02   0.121252E+02   0.164551E+02   0.210546E+03
   0.349876E+02  -0.172498E+01  -0.753449E+00   0.301982E+02  -0.395979E+01  -0.129804E+01   0.712725E-03   0.718829E+01   0.101506E+02   0.147110E+02   0.162756E+02   0.211813E+03
   0.349923E+02  -0.178330E+01  -0.669982E+00   0.300913E+02  -0.325043E+01  -0.118977E+01   0.480226E-03   0.131584E+02   0.931980E+01   0.108509E+02   0.190855E+02   0.209347E+03
   0.350376E+02  -0.176279E+01  -0.844677E+00   0.304104E+02  -0.405904E+01  -0.127791E+01   0.357254E-03   0.132350E+02   0.775756E+01   0.139957E+02   0.134745E+02   0.213232E+03
   0.350537E+02  -0.176280E+01  -0.844677E+00   0.304104E+02  -0.434484E+01  -0.115832E+01   0.395265E-03   0.849284E+01   0.983860E+01   0.133331E+02   0.103876E+02   0.213074E+03
   0.350272E+02  -0.174505E+01  -0.873964E+00   0.305753E+02  -0.486991E+01   0.125488E+01   0.481666E-03   0.102892E+02   0.104112E+02   0.149849E+02   0.158009E+02   0.213185E+03
   0.349932E+02  -0.175297E+01  -0.102622E+01   0.305753E+02  -0.387930E+01   0.478959E+00   0.449712E-03   0.109725E+02   0.111752E+02   0.151841E+02   0.237670E+02   0.209372E+03
   0.351070E+02  -0.191905E+01  -0.688239E+00   0.305260E+02  -0.441680E+01  -0.118280E+01   0.304373E-03   0.874279E+01   0.117625E+02   0.141477E+02   0.142771E+02   0.213287E+03
   0.351070E+02  -0.200372E+01  -0.587413E+00   0.301634E+02  -0.428146E+01  -0.109179E+01   0.400314E-03   0.938639E+01   0.116494E+02   0.170296E+02   0.179964E+02   0.211444E+03
   0.351276E+02  -0.201985E+01  -0.734435E+00   0.301634E+02  -0.393166E+01  -0.285593E+01   0.585943E-03   0.687825E+01   0.881680E+01   0.163134E+02   0.765136E+01   0.201895E+03
   0.351427E+02  -0.201985E+01  -0.521540E+00   0.301148E+02  -0.348129E+01  -0.217907E+01   0.330871E-03   0.116964E+02   0.114342E+02   0.153999E+02   0.143547E+02   0.211863E+03
   0.351038E+02  -0.199619E+01  -0.436306E+00   0.300315E+02  -0.348129E+01  -0.226700E+01   0.303912E-03   0.991877E+01   0.109621E+02   0.161187E+02   0.157200E+02   0.214038E+03
   0.351131E+02  -0.203444E+01  -0.538552E+00   0.301019E+02  -0.380454E+01  -0.128370E+01   0.681949E-03   0.811935E+01   0.951377E+01   0.160681E+02   0.191576E+02   0.211907E+03
   0.350995E+02  -0.207610E+01  -0.610219E+00   0.305121E+02  -0.387227E+01  -0.170521E+00   0.681949E-03   0.984425E+01   0.832804E+01   0.104925E+02   0.134972E+02   0.212229E+03
   0.350776E+02  -0.197582E+01  -0.488303E+00   0.300947E+02  -0.434959E+01  -0.170521E+00   0.251553E-03   0.101749E+02   0.111573E+02   0.216991E+02   0.130915E+02   0.208246E+03
   0.350771E+02  -0.194807E+01  -0.367408E+00   0.300947E+02  -0.406862E+01  -0.135410E+01   0.181367E-03   0.950059E+01   0.654008E+01   0.144465E+02   0.186596E+02   0.210887E+03
   0.350738E+02  -0.199422E+01  -0.475168E+00   0.301155E+02  -0.377220E+01  -0.135410E+01   0.157805E-03   0.101382E+02   0.136093E+02   0.141048E+02   0.184263E+02   0.212183E+03
   0.350434E+02  -0.199422E+01  -0.572552E+00   0.302887E+02  -0.377220E+01  -0.175689E+01   0.581206E-03   0.115585E+02   0.133441E+02   0.143398E+02   0.250934E+02   0.206318E+03
   0.350561E+02  -0.202463E+01  -0.371640E+00   0.303548E+02  -0.425707E+01  -0.410337E+00   0.232868E-03   0.110732E+02   0.893741E+01   0.138630E+02   0.207470E+02   0.210498E+03
   0.350793E+02  -0.201093E+01  -0.472580E+00   0.303507E+02  -0.425707E+01  -0.120054E+01   0.232868E-03   0.974066E+01   0.117114E+02   0.138630E+02   0.127900E+02   0.214455E+03
   0.351152E+02  -0.188760E+01  -0.905855E+00   0.301742E+02  -0.352206E+01  -0.101321E+01   0.496937E-03   0.136151E+02   0.941687E+01   0.136356E+02   0.205804E+02   0.209663E+03
   0.351015E+02  -0.180534E+01  -0.788834E+00   0.302871E+02  -0.493080E+01  -0.797617E+00   0.605708E-03   0.768542E+01   0.741655E+01   0.124568E+02   0.202236E+02   0.207133E+03
   0.351028E+02  -0.200026E+01  -0.721463E+00   0.309695E+02  -0.535057E+01   0.243713E+01   0.372408E-04   0.104752E+02   0.144401E+02   0.161211E+02   0.100874E+02   0.208286E+03
   0.351028E+02  -0.200026E+01  -0.629927E+00   0.309793E+02  -0.536197E+01   0.202500E+01   0.934990E-03   0.897008E+01   0.107153E+02   0.155333E+02   0.143584E+02   0.210579E+03
   0.350856E+02  -0.195959E+01  -0.890865E+00   0.306205E+02  -0.402249E+01   0.135529E+01   0.689081E-03   0.102765E+02   0.982748E+01   0.811405E+01   0.123859E+02   0.208490E+03
   0.350777E+02  -0.191185E+01  -0.601130E+00   0.299455E+02  -0.298533E+01  -0.283101E+01   0.740996E-03   0.139394E+02   0.982748E+01   0.193168E+02   0.116044E+02   0.210205E+03
   0.350777E+02  -0.195147E+01  -0.620525E+00   0.299912E+02  -0.321597E+01  -0.150160E+01   0.682273E-03   0.112033E+02   0.102987E+02   0.155853E+02   0.149509E+02   0.213698E+03
   0.350542E+02  -0.197161E+01  -0.590990E+00   0.302120E+02  -0.316901E+01  -0.150160E+01   0.427539E-04   0.716235E+01   0.796402E+01   0.140138E+02   0.158338E+02   0.212935E+03
   0.350582E+02  -0.192250E+01  -0.624336E+00   0.302120E+02  -0.316901E+01  -0.191065E+01   0.297311E-03   0.102334E+02   0.100676E+02   0.112657E+02   0.160456E+02   0.214298E+03
   0.350641E+02  -0.192250E+01  -0.601563E+00   0.302120E+02  -0.316901E+01  -0.248516E+01   0.105763E-03   0.853507E+01   0.904541E+01   0.136697E+02   0.138663E+02   0.214408E+03
   0.350948E+02  -0.192250E+01  -0.876116E+00   0.301445E+02  -0.312552E+01   0.335303E-01   0.703916E-03   0.108655E+02   0.904541E+01   0.177268E+02   0.133066E+02   0.211491E+03
   0.350567E+02  -0.192250E+01  -0.584806E+00   0.301511E+02  -0.294201E+01  -0.234086E+01   0.279385E-03   0.122548E+02   0.983696E+01   0.157225E+02   0.201509E+02   0.211948E+03
   0.350614E+02  -0.196139E+01  -0.617620E+00   0.300912E+02  -0.266331E+01  -0.254508E+01   0.727320E-03   0.101358E+02   0.117222E+02   0.114543E+02   0.178292E+02   0.211380E+03
   0.350893E+02  -0.194007E+01  -0.105636E+01   0.301370E+02  -0.268017E+01  -0.173389E+01   0.203638E-03   0.905460E+01   0.101978E+02   0.126390E+02   0.195741E+02   0.208569E+03
   0.350741E+02  -0.194007E+01  -0.933253E+00   0.303367E+02  -0.268017E+01  -0.224815E+01   0.215922E-03   0.116768E+02   0.937681E+01   0.102639E+02   0.176505E+02   0.210110E+03
   0.350846E+02  -0.197570E+01  -0.880656E+00   0.303312E+02  -0.268017E+01  -0.224815E+01   0.915018E-03   0.737310E+01   0.118205E+02   0.124974E+02   0.114915E+02   0.208814E+03
   0.350835E+02  -0.197570E+01  -0.709520E+00   0.303538E+02  -0.348226E+01  -0.149987E+01   0.915018E-03   0.112740E+02   0.116866E+02   0.115268E+02   0.139576E+02   0.211631E+03
   0.350809E+02  -0.196213E+01  -0.871347E+00   0.303538E+02  -0.343516E+01   0.631986E+00   0.223907E-03   0.106331E+02   0.993691E+01   0.146479E+02   0.112397E+02   0.212057E+03
   0.350467E+02  -0.192609E+01  -0.640100E+00   0.303538E+02  -0.412057E+01  -0.113083E+01   0.600476E-04   0.113170E+02   0.117973E+02   0.183503E+02   0.181927E+02   0.213226E+03
   0.350633E+02  -0.192609E+01  -0.503591E+00   0.302541E+02  -0.416145E+01   0.293004E+00   0.324168E-03   0.969974E+01   0.112604E+02   0.180371E+02   0.183273E+02   0.212120E+03
   0.350475E+02  -0.185284E+01  -0.923061E+00   0.303277E+02  -0.369650E+01  -0.710169E+00   0.213593E-03   0.140506E+02   0.124911E+02   0.978480E+01   0.159800E+02   0.211043E+03
   0.350742E+02  -0.185337E+01  -0.842811E+00   0.303001E+02  -0.389863E+01  -0.462189E+00   0.433039E-04   0.961309E+01   0.926446E+01   0.164651E+02   0.194586E+02   0.214539E+03
   0.350085E+02  -0.185337E+01  -0.818915E+00   0.303785E+02  -0.389863E+01  -0.128571E+01   0.436605E-03   0.873524E+01   0.104231E+02   0.127837E+02   0.108074E+02   0.211422E+03
   0.350536E+02  -0.188687E+01  -0.536712E+00   0.303598E+02  -0.422376E+01  -0.135800E+01   0.286170E-03   0.110228E+02   0.107950E+02   0.153064E+02   0.128637E+02   0.214687E+03
   0.350978E+02  -0.207112E+01  -0.536712E+00   0.303196E+02  -0.422777E+01  -0.135800E+01   0.304944E-03   0.785565E+01   0.940155E+01   0.122756E+02   0.116736E+02   0.210772E+03
   0.351169E+02  -0.207112E+01  -0.553497E+00   0.303196E+02  -0.369327E+01   0.679043E+00   0.155995E-03   0.908579E+01   0.940155E+01   0.132130E+02   0.150594E+02   0.212682E+03
   0.351169E+02  -0.201082E+01  -0.562269E+00   0.303864E+02  -0.417304E+01  -0.138799E+01   0.308329E-04   0.905441E+01   0.915826E+01   0.162894E+02   0.120660E+02   0.214727E+03
   0.351169E+02  -0.202555E+01  -0.460733E+00   0.301367E+02  -0.354297E+01  -0.126815E+01   0.415640E-03   0.113337E+02   0.129036E+02   0.219986E+02   0.136795E+02   0.210805E+03
   0.351131E+02  -0.209590E+01  -0.599336E+00   0.303263E+02  -0.354297E+01  -0.126815E+01   0.490795E-04   0.134572E+02   0.106002E+02   0.178378E+02   0.952934E+01   0.209862E+03
   0.351118E+02  -0.199837E+01  -0.599336E+00   0.303263E+02  -0.354297E+01  -0.552824E+00   0.617135E-04   0.996149E+01   0.926826E+01   0.130793E+02   0.190940E+02   0.213216E+03
   0.351022E+02  -0.204654E+01  -0.599336E+00   0.303782E+02  -0.447574E+01  -0.104093E+01   0.597499E-03   0.111709E+02   0.137846E+02   0.134201E+02   0.137178E+02   0.210635E+03
   0.351120E+02  -0.199924E+01  -0.599336E+00   0.307159E+02  -0.490209E+01  -0.878157E+00   0.190990E-03   0.735494E+01   0.947587E+01   0.107446E+02   0.129980E+02   0.211767E+03
   0.350839E+02  -0.198107E+01  -0.599336E+00   0.305177E+02  -0.424637E+01  -0.397568E+00   0.156121E-04   0.109648E+02   0.816558E+01   0.109895E+02   0.154161E+02   0.214602E+03
   0.350775E+02  -0.199722E+01  -0.542225E+00   0.304069E+02  -0.424637E+01   0.243234E+00   0.218495E-03   0.123630E+02   0.111853E+02   0.821411E+01   0.180341E+02   0.209427E+03
   0.350928E+02  -0.196959E+01  -0.590120E+00   0.305247E+02  -0.502288E+01   0.243234E+00   0.226090E-03   0.103421E+02   0.892500E+01   0.216348E+02   0.131493E+02   0.212458E+03
   0.351008E+02  -0.195673E+01  -0.628150E+00   0.306686E+02  -0.544217E+01   0.404696E+00   0.105158E-03   0.103265E+02   0.815712E+01   0.186278E+02   0.991350E+01   0.210768E+03
   0.351088E+02  -0.198457E+01  -0.583824E+00   0.307151E+02  -0.499743E+01   0.316806E-01   0.811959E-03   0.687941E+01   0.100858E+02   0.126346E+02   0.189222E+02   0.210233E+03
   0.350915E+02  -0.197048E+01  -0.834612E+00   0.308443E+02  -0.499416E+01   0.316806E-01   0.122676E-03   0.767778E+01   0.826180E+01   0.166016E+02   0.126030E+02   0.212223E+03
   0.350724E+02  -0.192101E+01  -0.834612E+00   0.309633E+02  -0.496790E+01   0.193686E+00   0.252592E-03   0.107206E+02   0.145219E+02   0.176160E+02   0.127955E+02   0.210449E+03
   0.351347E+02  -0.205451E+01  -0.632093E+00   0.308121E+02  -0.496790E+01   0.183366E+01   0.697862E-03   0.103350E+02   0.857175E+01   0.149075E+02   0.121413E+02   0.211330E+03
   0.350916E+02  -0.211975E+01  -0.536257E+00   0.309456E+02  -0.444741E+01   0.183366E+01   0.112228E-02   0.122672E+02   0.923099E+01   0.110770E+02   0.127592E+02   0.206094E+03
   0.350927E+02  -0.212401E+01  -0.426383E+00   0.303444E+02  -0.377725E+01  -0.220738E+01   0.218630E-03   0.954380E+01   0.860364E+01   0.200200E+02   0.158720E+02   0.209145E+03
   0.350858E+02  -0.204429E+01  -0.597372E+00   0.303888E+02  -0.354400E+01  -0.222589E+01   0.407477E-03   0.101131E+02   0.818679E+01   0.171376E+02   0.181428E+02   0.212387E+03
   0.350983E+02  -0.195068E+01  -0.493453E+00   0.301449E+02  -0.354400E+01  -0.171394E+01   0.344572E-03   0.976586E+01   0.765575E+01   0.157400E+02   0.102337E+02   0.211870E+03
   0.350756E+02  -0.197215E+01  -0.662913E+00   0.301736E+02  -0.341503E+01   0.139105E+00   0.275828E-04   0.144716E+02   0.113561E+02   0.157400E+02   0.164130E+02   0.210875E+03
   0.350688E+02  -0.197215E+01  -0.410912E+00   0.300957E+02  -0.369793E+01  -0.275908E+01   0.488608E-03   0.125012E+02   0.950571E+01   0.157400E+02   0.159659E+02   0.212560E+03
   0.351029E+02  -0.194968E+01  -0.557081E+00   0.304287E+02  -0.435017E+01  -0.259524E+01   0.492546E-03   0.969269E+01   0.745291E+01   0.153483E+02   0.164113E+02   0.212152E+03
   0.350761E+02  -0.196817E+01  -0.678399E+00   0.303892E+02  -0.400959E+01  -0.738925E+00   0.633769E-03   0.864598E+01   0.900227E+01   0.162464E+02   0.140106E+02   0.214995E+03
   0.350585E+02  -0.198926E+01  -0.332192E+00   0.305218E+02  -0.492083E+01  -0.923619E+00   0.623929E-03   0.103689E+02   0.827989E+01   0.135884E+02   0.215509E+02   0.209826E+03
   0.350544E+02  -0.198926E+01  -0.608169E+00   0.305160E+02  -0.442752E+01  -0.173199E+01   0.419897E-03   0.901457E+01   0.779513E+01   0.135884E+02   0.113227E+02   0.210639E+03
   0.351190E+02  -0.202856E+01  -0.653355E+00   0.303038E+02  -0.382182E+01  -0.218713E+00   0.969104E-04   0.792174E+01   0.136142E+02   0.159804E+02   0.112300E+02   0.212019E+03
   0.350627E+02  -0.199247E+01   0.374425E-01   0.301712E+02  -0.471288E+01  -0.218713E+00   0.518288E-03   0.877735E+01   0.920059E+01   0.146815E+02   0.115153E+02   0.202640E+03
   0.350629E+02  -0.210592E+01  -0.210226E+00   0.305503E+02  -0.455922E+01  -0.218713E+00   0.515458E-03   0.122223E+02   0.100180E+02   0.146815E+02   0.240969E+02   0.205158E+03
   0.350826E+02  -0.200841E+01  -0.486733E+00   0.305503E+02  -0.460431E+01  -0.310822E+00   0.176194E-03   0.115675E+02   0.106877E+02   0.130828E+02   0.188460E+02   0.213641E+03
   0.351020E+02  -0.205200E+01  -0.629667E+00   0.304986E+02  -0.381958E+01  -0.359480E+00   0.170961E-03   0.117062E+02   0.876746E+01   0.155560E+02   0.112562E+02   0.213805E+03
   0.350938E+02  -0.201852E+01  -0.542052E+00   0.305504E+02  -0.479540E+01  -0.666994E-01   0.240663E-03   0.133872E+02   0.102544E+02   0.166795E+02   0.140997E+02   0.213393E+03
   0.350938E+02  -0.205584E+01  -0.499862E+00   0.303726E+02  -0.416743E+01  -0.666994E-01   0.625389E-03   0.116907E+02   0.841884E+01   0.164805E+02   0.129590E+02   0.212982E+03
   0.350825E+02  -0.197055E+01  -0.339834E+00   0.303726E+02  -0.433124E+01  -0.102014E+01   0.238474E-03   0.119760E+02   0.128589E+02   0.119325E+02   0.114210E+02   0.210053E+03
   0.351265E+02  -0.203632E+01  -0.646274E+00   0.307333E+02  -0.466869E+01   0.158296E+01   0.238474E-03   0.633311E+01   0.820359E+01   0.141514E+02   0.249945E+02   0.206326E+03
   0.350724E+02  -0.200015E+01  -0.657751E+00   0.304446E+02  -0.402410E+01  -0.122491E+01   0.349013E-04   0.970857E+01   0.986059E+01   0.162660E+02   0.116095E+02   0.214125E+03
   0.351151E+02  -0.205939E+01  -0.657751E+00   0.304446E+02  -0.379478E+01   0.183555E+00   0.495981E-04   0.110746E+02   0.888348E+01   0.100054E+02   0.134277E+02   0.212575E+03
   0.351090E+02  -0.203638E+01  -0.491996E+00   0.302571E+02  -0.353735E+01  -0.215140E+01   0.250866E-03   0.106166E+02   0.105476E+02   0.116685E+02   0.150934E+02   0.214217E+03
   0.351090E+02  -0.207667E+01  -0.290355E+00   0.300690E+02  -0.404847E+01  -0.834043E+00   0.501717E-03   0.781258E+01   0.102702E+02   0.173406E+02   0.127371E+02   0.210945E+03
   0.351090E+02  -0.204704E+01  -0.380069E+00   0.300492E+02  -0.351827E+01  -0.834043E+00   0.494260E-03   0.129507E+02   0.913814E+01   0.117555E+02   0.128551E+02   0.211459E+03
   0.351287E+02  -0.206564E+01  -0.643941E+00   0.303141E+02  -0.367003E+01  -0.834043E+00   0.244123E-03   0.134987E+02   0.117536E+02   0.143640E+02   0.173295E+02   0.212448E+03
   0.350877E+02  -0.202864E+01  -0.519373E+00   0.302537E+02  -0.380566E+01  -0.216091E+01   0.774594E-04   0.100416E+02   0.111882E+02   0.106112E+02   0.157055E+02   0.212818E+03
   0.350877E+02  -0.194433E+01  -0.678658E+00   0.299497E+02  -0.307587E+01  -0.229233E+01   0.317798E-03   0.933406E+01   0.704214E+01   0.143793E+02   0.209619E+02   0.211679E+03
   0.351081E+02  -0.200521E+01  -0.628410E+00   0.299650E+02  -0.260976E+01  -0.226045E+01   0.257456E-03   0.112126E+02   0.126398E+02   0.215546E+02   0.115360E+02   0.210018E+03
   0.350983E+02  -0.196803E+01  -0.738574E+00   0.299650E+02  -0.243803E+01  -0.226045E+01   0.286218E-03   0.110430E+02   0.137481E+02   0.182849E+02   0.141540E+02   0.211069E+03
   0.350913E+02  -0.199634E+01  -0.738574E+00   0.302722E+02  -0.243803E+01  -0.276928E+01   0.676500E-03   0.687057E+01   0.968893E+01   0.215728E+02   0.204103E+02   0.206659E+03
   0.351152E+02  -0.200699E+01  -0.738574E+00   0.304200E+02  -0.397643E+01  -0.200001E+01   0.510128E-03   0.906376E+01   0.116255E+02   0.111766E+02   0.201648E+02   0.211205E+03
   0.350597E+02  -0.201204E+01  -0.488679E+00   0.303774E+02  -0.382198E+01  -0.227989E+01   0.235673E-03   0.108462E+02   0.109201E+02   0.111766E+02   0.162936E+02   0.211780E+03
   0.350894E+02  -0.201204E+01  -0.647287E+00   0.302691E+02  -0.361200E+01  -0.109581E+01   0.263947E-03   0.806748E+01   0.847300E+01   0.160524E+02   0.119105E+02   0.214508E+03
   0.351061E+02  -0.192171E+01  -0.657661E+00   0.298079E+02  -0.270983E+01  -0.405201E+01   0.763681E-03   0.902270E+01   0.128876E+02   0.113843E+02   0.865069E+01   0.205860E+03
   0.350916E+02  -0.198888E+01  -0.451352E+00   0.298789E+02  -0.369580E+01  -0.112497E+01   0.574343E-03   0.111973E+02   0.981131E+01   0.156019E+02   0.107636E+02   0.210035E+03
   0.350724E+02  -0.186092E+01  -0.741490E+00   0.300034E+02  -0.304200E+01  -0.223487E+01   0.691564E-03   0.133786E+02   0.114152E+02   0.144454E+02   0.187483E+02   0.211553E+03
   0.350719E+02  -0.187870E+01  -0.751065E+00   0.300034E+02  -0.292977E+01  -0.217599E+01   0.125370E-04   0.830580E+01   0.103399E+02   0.157779E+02   0.172649E+02   0.214460E+03
   0.350719E+02  -0.191386E+01  -0.844687E+00   0.300498E+02  -0.239254E+01  -0.217599E+01   0.557338E-03   0.952157E+01   0.833217E+01   0.200300E+02   0.176878E+02   0.211502E+03
   0.350671E+02  -0.190624E+01  -0.613996E+00   0.297375E+02  -0.186996E+01  -0.374027E+01   0.241092E-03   0.133355E+02   0.141106E+02   0.155465E+02   0.109670E+02   0.206065E+03
   0.350582E+02  -0.188245E+01  -0.746743E+00   0.297109E+02  -0.271185E+01  -0.170248E+01   0.118214E-03   0.120584E+02   0.108635E+02   0.179707E+02   0.126610E+02   0.208266E+03
   0.350582E+02  -0.198974E+01  -0.896861E+00   0.301559E+02  -0.239387E+01  -0.185137E+01   0.912858E-03   0.100320E+02   0.117716E+02   0.122585E+02   0.178489E+02   0.207814E+03
   0.350872E+02  -0.198974E+01  -0.683928E+00   0.301436E+02  -0.315836E+01  -0.599495E+00   0.343968E-04   0.752737E+01   0.742593E+01   0.149168E+02   0.114810E+02   0.212316E+03
   0.350913E+02  -0.198974E+01  -0.607885E+00   0.301564E+02  -0.364516E+01  -0.218454E+01   0.343968E-04   0.923695E+01   0.116757E+02   0.124268E+02   0.145290E+02   0.214268E+03
   0.351206E+02  -0.201397E+01  -0.473834E+00   0.301574E+02  -0.348220E+01  -0.274028E+01   0.748420E-03   0.941631E+01   0.875687E+01   0.120507E+02   0.145290E+02   0.212366E+03
   0.350887E+02  -0.199949E+01  -0.743807E+00   0.299863E+02  -0.225552E+01  -0.274028E+01   0.227335E-03   0.129505E+02   0.110543E+02   0.110395E+02   0.129611E+02   0.210237E+03
   0.350821E+02  -0.195811E+01  -0.743807E+00   0.300085E+02  -0.274596E+01  -0.155840E+01   0.214026E-03   0.808101E+01   0.110543E+02   0.154801E+02   0.129611E+02   0.213545E+03
   0.350248E+02  -0.192814E+01  -0.681938E+00   0.303369E+02  -0.274596E+01  -0.238480E+01   0.657216E-03   0.868329E+01   0.125963E+02   0.159799E+02   0.172124E+02   0.209369E+03
   0.350769E+02  -0.192814E+01  -0.681938E+00   0.303570E+02  -0.332212E+01  -0.128872E+01   0.544395E-03   0.882200E+01   0.871504E+01   0.115015E+02   0.147136E+02   0.213415E+03
   0.350758E+02  -0.192814E+01  -0.680268E+00   0.300502E+02  -0.297553E+01  -0.243584E+01   0.458655E-03   0.119615E+02   0.114913E+02   0.167318E+02   0.162278E+02   0.213930E+03
   0.350891E+02  -0.195972E+01  -0.602709E+00   0.300793E+02  -0.299912E+01  -0.249061E+01   0.538808E-03   0.120207E+02   0.121413E+02   0.150060E+02   0.143700E+02   0.213497E+03
   0.351234E+02  -0.197488E+01  -0.763979E+00   0.300793E+02  -0.312539E+01  -0.249137E+01   0.141701E-03   0.920246E+01   0.758352E+01   0.156841E+02   0.163358E+02   0.212502E+03
   0.351294E+02  -0.197488E+01  -0.582716E+00   0.299979E+02  -0.344677E+01  -0.281318E+01   0.627424E-03   0.994651E+01   0.746726E+01   0.152248E+02   0.197813E+02   0.210546E+03
   0.350780E+02  -0.191152E+01  -0.628232E+00   0.299996E+02  -0.325162E+01  -0.128676E+01   0.299325E-03   0.132618E+02   0.108974E+02   0.140677E+02   0.143387E+02   0.213463E+03
   0.350483E+02  -0.189670E+01  -0.507647E+00   0.299996E+02  -0.325162E+01  -0.150768E+01   0.449208E-03   0.913435E+01   0.885729E+01   0.149464E+02   0.227336E+02   0.211234E+03
   0.350483E+02  -0.189670E+01  -0.491090E+00   0.304283E+02  -0.439974E+01  -0.191192E+01   0.607116E-03   0.784123E+01   0.912214E+01   0.139591E+02   0.124464E+02   0.212878E+03
   0.350600E+02  -0.189670E+01  -0.491090E+00   0.302994E+02  -0.443300E+01  -0.881452E+00   0.470074E-03   0.856266E+01   0.925403E+01   0.142448E+02   0.133720E+02   0.214624E+03
   0.350991E+02  -0.192095E+01  -0.794217E+00   0.303399E+02  -0.407140E+01   0.636188E+00   0.470074E-03   0.843018E+01   0.138956E+02   0.145304E+02   0.181756E+02   0.211193E+03
   0.351011E+02  -0.197133E+01  -0.640179E+00   0.303813E+02  -0.365405E+01  -0.160359E+01   0.241046E-03   0.117157E+02   0.104167E+02   0.139038E+02   0.174784E+02   0.214123E+03
   0.351197E+02  -0.197133E+01  -0.829108E+00   0.307473E+02  -0.413498E+01   0.253790E+00   0.666845E-03   0.105979E+02   0.111242E+02   0.162018E+02   0.145623E+02   0.211280E+03
   0.350958E+02  -0.197133E+01  -0.659413E+00   0.303902E+02  -0.413498E+01   0.253790E+00   0.471089E-03   0.108004E+02   0.101023E+02   0.143450E+02   0.145623E+02   0.215130E+03
   0.350798E+02  -0.192178E+01  -0.778113E+00   0.302214E+02  -0.352660E+01   0.216499E+00   0.192340E-03   0.954519E+01   0.101023E+02   0.178176E+02   0.167305E+02   0.213505E+03
   0.350900E+02  -0.195943E+01  -0.610756E+00   0.306033E+02  -0.462512E+01  -0.897679E+00   0.297423E-03   0.976614E+01   0.726466E+01   0.219824E+02   0.203384E+02   0.210720E+03
   0.350739E+02  -0.194113E+01  -0.591684E+00   0.304587E+02  -0.398094E+01  -0.336886E+00   0.687346E-03   0.722071E+01   0.123785E+02   0.173789E+02   0.183539E+02   0.211155E+03
   0.350739E+02  -0.195949E+01  -0.601382E+00   0.303715E+02  -0.453351E+01  -0.151746E+01   0.619452E-03   0.898856E+01   0.813529E+01   0.192951E+02   0.153765E+02   0.212151E+03
   0.350945E+02  -0.189670E+01  -0.769576E+00   0.303715E+02  -0.404080E+01  -0.174361E+01   0.261421E-03   0.751533E+01   0.103293E+02   0.200594E+02   0.150647E+02   0.213162E+03
   0.350777E+02  -0.185776E+01  -0.882459E+00   0.303995E+02  -0.411095E+01  -0.117093E+01   0.554038E-04   0.112806E+02   0.116453E+02   0.160101E+02   0.121415E+02   0.214547E+03
   0.350598E+02  -0.187935E+01  -0.735876E+00   0.305604E+02  -0.513939E+01   0.109648E+00   0.493099E-03   0.114970E+02   0.125002E+02   0.140713E+02   0.214928E+02   0.211171E+03
   0.350187E+02  -0.191416E+01  -0.480054E+00   0.306360E+02  -0.479686E+01   0.993813E+00   0.589992E-03   0.105509E+02   0.126779E+02   0.221960E+02   0.179355E+02   0.207297E+03
   0.351099E+02  -0.201003E+01  -0.536328E+00   0.303644E+02  -0.400887E+01   0.993813E+00   0.108982E-02   0.115602E+02   0.157270E+02   0.133155E+02   0.139017E+02   0.205964E+03
   0.350600E+02  -0.199539E+01  -0.705370E+00   0.302653E+02  -0.298269E+01  -0.298433E+01   0.261974E-03   0.100495E+02   0.167576E+02   0.167984E+02   0.125026E+02   0.207329E+03
   0.350935E+02  -0.198527E+01  -0.736660E+00   0.304096E+02  -0.323421E+01  -0.248543E+00   0.355308E-03   0.100495E+02   0.116997E+02   0.972738E+01   0.167965E+02   0.211451E+03
   0.351235E+02  -0.206337E+01  -0.703319E+00   0.303701E+02  -0.353127E+01  -0.779385E+00   0.548059E-03   0.800804E+01   0.122363E+02   0.170926E+02   0.156608E+02   0.212761E+03
   0.350669E+02  -0.194102E+01  -0.703319E+00   0.302630E+02  -0.302736E+01  -0.349925E+00   0.162060E-03   0.125323E+02   0.804435E+01   0.172576E+02   0.218035E+02   0.210128E+03
   0.350303E+02  -0.179002E+01  -0.821081E+00   0.303187E+02  -0.295669E+01  -0.120557E+01   0.446650E-03   0.110743E+02   0.119278E+02   0.175241E+02   0.158163E+02   0.209790E+03
   0.350499E+02  -0.191631E+01  -0.742220E+00   0.303237E+02  -0.362008E+01   0.892594E-01   0.205404E-03   0.105900E+02   0.129537E+02   0.155198E+02   0.120194E+02   0.213350E+03
   0.350580E+02  -0.184047E+01  -0.702389E+00   0.304963E+02  -0.404197E+01  -0.199813E+01   0.154721E-03   0.903012E+01   0.753328E+01   0.126509E+02   0.125676E+02   0.212142E+03
   0.350667E+02  -0.177965E+01  -0.737124E+00   0.300443E+02  -0.404197E+01  -0.199813E+01   0.325744E-03   0.985672E+01   0.113365E+02   0.215242E+02   0.150408E+02   0.210795E+03
   0.350343E+02  -0.177965E+01  -0.827533E+00   0.304397E+02  -0.449710E+01   0.941128E+00   0.210279E-03   0.114244E+02   0.128193E+02   0.126038E+02   0.142978E+02   0.212370E+03
   0.350535E+02  -0.187395E+01  -0.804076E+00   0.305480E+02  -0.423914E+01  -0.136719E+01   0.628559E-03   0.816826E+01   0.109269E+02   0.187411E+02   0.155690E+02   0.213490E+03
   0.350535E+02  -0.189222E+01  -0.721289E+00   0.306541E+02  -0.396440E+01  -0.136719E+01   0.140822E-03   0.808017E+01   0.739745E+01   0.123642E+02   0.171038E+02   0.210895E+03
   0.350656E+02  -0.196475E+01  -0.721289E+00   0.306184E+02  -0.462047E+01   0.430249E+00   0.235122E-03   0.100832E+02   0.766734E+01   0.151757E+02   0.161036E+02   0.214070E+03
   0.350942E+02  -0.196475E+01  -0.655166E+00   0.303690E+02  -0.431777E+01  -0.127394E+01   0.514762E-03   0.864080E+01   0.886060E+01   0.146521E+02   0.113710E+02   0.214483E+03
   0.350425E+02  -0.188777E+01  -0.734768E+00   0.303690E+02  -0.334740E+01  -0.278659E+01   0.845885E-04   0.106176E+02   0.886060E+01   0.132856E+02   0.122167E+02   0.213149E+03
   0.350832E+02  -0.196230E+01  -0.517259E+00   0.302822E+02  -0.442004E+01  -0.278659E+01   0.729658E-03   0.965775E+01   0.620211E+01   0.227420E+02   0.168251E+02   0.206257E+03
   0.350743E+02  -0.186898E+01  -0.501091E+00   0.304186E+02  -0.556824E+01   0.108182E+01   0.239505E-03   0.122522E+02   0.113068E+02   0.157057E+02   0.110642E+02   0.207137E+03
   0.350366E+02  -0.186898E+01  -0.598570E+00   0.306727E+02  -0.556824E+01   0.504802E+00   0.333158E-03   0.826229E+01   0.897545E+01   0.173346E+02   0.190935E+02   0.211427E+03
   0.350846E+02  -0.190294E+01  -0.583270E+00   0.306889E+02  -0.602642E+01   0.803197E+00   0.159843E-03   0.966196E+01   0.118380E+02   0.167566E+02   0.127972E+02   0.209948E+03
   0.350385E+02  -0.188723E+01  -0.623681E+00   0.305897E+02  -0.471322E+01  -0.171121E+00   0.151346E-05   0.123530E+02   0.810453E+01   0.157087E+02   0.191061E+02   0.212998E+03
   0.350621E+02  -0.188271E+01  -0.826627E+00   0.305667E+02  -0.484010E+01   0.700434E+00   0.151346E-05   0.102073E+02   0.114012E+02   0.137860E+02   0.150145E+02   0.214056E+03
   0.350941E+02  -0.190131E+01  -0.735430E+00   0.305667E+02  -0.500364E+01  -0.685520E+00   0.269147E-03   0.700831E+01   0.786050E+01   0.230545E+02   0.144415E+02   0.210027E+03
   0.351057E+02  -0.198299E+01  -0.433023E+00   0.305033E+02  -0.500364E+01  -0.685520E+00   0.101739E-02   0.924332E+01   0.104126E+02   0.119187E+02   0.115307E+02   0.209722E+03
   0.350999E+02  -0.197824E+01  -0.717942E+00   0.307861E+02  -0.500364E+01  -0.763906E-01   0.243672E-03   0.106202E+02   0.762661E+01   0.109961E+02   0.122794E+02   0.212665E+03
   0.351134E+02  -0.198469E+01  -0.710888E+00   0.308478E+02  -0.526597E+01   0.245008E+01   0.224493E-03   0.107107E+02   0.915291E+01   0.124873E+02   0.125421E+02   0.210884E+03
   0.351022E+02  -0.199053E+01  -0.687388E+00   0.308716E+02  -0.620455E+01   0.197916E+01   0.605596E-03   0.562512E+01   0.105947E+02   0.135820E+02   0.207979E+02   0.203726E+03
   0.351022E+02  -0.193740E+01  -0.687388E+00   0.310004E+02  -0.598743E+01   0.197916E+01   0.605596E-03   0.126928E+02   0.963721E+01   0.127703E+02   0.139268E+02   0.210692E+03
   0.350342E+02  -0.193740E+01  -0.574290E+00   0.311905E+02  -0.566311E+01   0.197916E+01   0.477831E-03   0.108214E+02   0.903910E+01   0.170307E+02   0.148447E+02   0.208794E+03
   0.350370E+02  -0.189985E+01  -0.630485E+00   0.303871E+02  -0.444549E+01   0.688576E+00   0.464555E-03   0.118782E+02   0.108818E+02   0.129190E+02   0.112033E+02   0.211712E+03
   0.350634E+02  -0.184183E+01  -0.850241E+00   0.304373E+02  -0.420057E+01  -0.509596E+00   0.464555E-03   0.110383E+02   0.899119E+01   0.113624E+02   0.194717E+02   0.213914E+03
   0.350410E+02  -0.185158E+01  -0.905357E+00   0.305010E+02  -0.432230E+01  -0.563151E+00   0.715728E-03   0.846041E+01   0.102943E+02   0.129893E+02   0.974685E+01   0.211657E+03
   0.350660E+02  -0.195272E+01  -0.382886E+00   0.302784E+02  -0.432230E+01  -0.665281E-01   0.220974E-03   0.113261E+02   0.107781E+02   0.157964E+02   0.128747E+02   0.212270E+03
   0.350559E+02  -0.181311E+01  -0.101975E+01   0.303012E+02  -0.292388E+01  -0.140932E+01   0.649362E-03   0.916393E+01   0.916976E+01   0.143013E+02   0.144859E+02   0.213174E+03
   0.350350E+02  -0.181311E+01  -0.103499E+01   0.303327E+02  -0.316388E+01  -0.965629E+00   0.571647E-03   0.118341E+02   0.107657E+02   0.141351E+02   0.122727E+02   0.213142E+03
   0.350433E+02  -0.176810E+01  -0.910604E+00   0.300513E+02  -0.316388E+01  -0.193299E+01   0.646419E-03   0.135553E+02   0.706591E+01   0.191203E+02   0.168476E+02   0.210347E+03
   0.350501E+02  -0.176337E+01  -0.923567E+00   0.300513E+02  -0.316388E+01  -0.328180E+01   0.410517E-04   0.109051E+02   0.621755E+01   0.124198E+02   0.137211E+02   0.210443E+03
   0.350501E+02  -0.188606E+01  -0.735034E+00   0.300619E+02  -0.312890E+01  -0.153066E+01   0.349835E-03   0.122291E+02   0.127559E+02   0.168233E+02   0.153495E+02   0.213421E+03
   0.350285E+02  -0.178458E+01  -0.750690E+00   0.303104E+02  -0.370985E+01  -0.153066E+01   0.239536E-03   0.989731E+01   0.105857E+02   0.179462E+02   0.123763E+02   0.214089E+03
   0.350504E+02  -0.186359E+01  -0.867155E+00   0.306674E+02  -0.463743E+01  -0.113984E+01   0.552403E-03   0.111232E+02   0.109174E+02   0.171723E+02   0.161233E+02   0.213288E+03
   0.350632E+02  -0.189917E+01  -0.659423E+00   0.303651E+02  -0.455807E+01  -0.113984E+01   0.997191E-04   0.155473E+02   0.701131E+01   0.165435E+02   0.159711E+02   0.210893E+03
   0.350898E+02  -0.190732E+01  -0.807522E+00   0.308318E+02  -0.549874E+01  -0.431216E+00   0.758312E-03   0.100072E+02   0.120314E+02   0.177188E+02   0.104366E+02   0.209587E+03
   0.350707E+02  -0.185106E+01  -0.853201E+00   0.309249E+02  -0.592762E+01   0.303094E+00   0.447811E-03   0.124331E+02   0.868680E+01   0.137939E+02   0.133324E+02   0.211145E+03
   0.350230E+02  -0.180569E+01  -0.676717E+00   0.309048E+02  -0.579411E+01   0.303094E+00   0.804745E-03   0.998346E+01   0.118046E+02   0.164694E+02   0.143407E+02   0.210787E+03
   0.350230E+02  -0.180569E+01  -0.790193E+00   0.309415E+02  -0.573560E+01   0.194624E+01   0.867559E-03   0.108290E+02   0.104959E+02   0.106493E+02   0.137324E+02   0.209921E+03
   0.350262E+02  -0.178615E+01  -0.655091E+00   0.309343E+02  -0.541314E+01   0.235775E+01   0.757194E-03   0.947966E+01   0.106422E+02   0.155937E+02   0.173709E+02   0.207626E+03
   0.350568E+02  -0.178615E+01  -0.649631E+00   0.304537E+02  -0.543256E+01  -0.789450E+00   0.446078E-04   0.114953E+02   0.140402E+02   0.154008E+02   0.131177E+02   0.209149E+03
   0.350663E+02  -0.185183E+01  -0.737797E+00   0.304490E+02  -0.409359E+01  -0.144688E+01   0.401267E-03   0.983538E+01   0.650941E+01   0.148573E+02   0.250912E+02   0.209556E+03
   0.350663E+02  -0.191184E+01  -0.943955E+00   0.303809E+02  -0.347487E+01  -0.622825E+00   0.154954E-03   0.154245E+02   0.118047E+02   0.156300E+02   0.244883E+02   0.207835E+03
   0.350420E+02  -0.190598E+01  -0.796535E+00   0.303809E+02  -0.347010E+01  -0.869193E+00   0.235275E-03   0.145961E+02   0.127974E+02   0.162279E+02   0.144059E+02   0.212096E+03
   0.350829E+02  -0.190598E+01  -0.796535E+00   0.304449E+02  -0.385204E+01  -0.177758E+00   0.534697E-03   0.974293E+01   0.779627E+01   0.138381E+02   0.136451E+02   0.214694E+03
   0.351002E+02  -0.201034E+01  -0.720251E+00   0.301071E+02  -0.252819E+01  -0.214962E+01   0.323018E-03   0.133913E+02   0.761717E+01   0.205513E+02   0.158168E+02   0.210109E+03
   0.351002E+02  -0.198155E+01  -0.727741E+00   0.302699E+02  -0.286143E+01  -0.119298E+01   0.124818E-03   0.850853E+01   0.980959E+01   0.117758E+02   0.173736E+02   0.212432E+03
   0.350885E+02  -0.186896E+01  -0.872697E+00   0.303559E+02  -0.318331E+01  -0.200647E+01   0.662970E-03   0.137077E+02   0.973200E+01   0.126216E+02   0.138459E+02   0.210451E+03
   0.350763E+02  -0.186896E+01  -0.841314E+00   0.296970E+02  -0.214873E+01  -0.299555E+01   0.158883E-03   0.700044E+01   0.105100E+02   0.158774E+02   0.174971E+02   0.208700E+03
   0.350179E+02  -0.185917E+01  -0.738251E+00   0.300363E+02  -0.309895E+01  -0.267771E+01   0.244088E-04   0.859122E+01   0.935493E+01   0.110099E+02   0.150011E+02   0.211061E+03
   0.350082E+02  -0.179587E+01  -0.709829E+00   0.300889E+02  -0.324629E+01  -0.267771E+01   0.146568E-03   0.116392E+02   0.143708E+02   0.149229E+02   0.194504E+02   0.210455E+03
   0.350642E+02  -0.180699E+01  -0.854658E+00   0.300082E+02  -0.294160E+01  -0.154090E+01   0.260900E-03   0.122878E+02   0.158879E+02   0.170125E+02   0.127173E+02   0.209338E+03
   0.350532E+02  -0.190957E+01  -0.717087E+00   0.302926E+02  -0.367222E+01  -0.785541E+00   0.268264E-03   0.120420E+02   0.863786E+01   0.163385E+02   0.130237E+02   0.215247E+03
   0.350522E+02  -0.190957E+01  -0.691471E+00   0.302926E+02  -0.345762E+01  -0.127496E+01   0.352805E-03   0.856653E+01   0.101218E+02   0.163385E+02   0.104189E+02   0.214365E+03
   0.350424E+02  -0.179862E+01  -0.936894E+00   0.303544E+02  -0.326705E+01  -0.161081E+01   0.226628E-03   0.900901E+01   0.776459E+01   0.165537E+02   0.126243E+02   0.213629E+03
   0.350380E+02  -0.179185E+01  -0.936894E+00   0.303544E+02  -0.378202E+01   0.909403E+00   0.218922E-03   0.883927E+01   0.112850E+02   0.186272E+02   0.129359E+02   0.211965E+03
   0.350608E+02  -0.179185E+01  -0.881106E+00   0.303009E+02  -0.450079E+01  -0.263010E+00   0.483452E-03   0.751825E+01   0.740047E+01   0.150589E+02   0.126885E+02   0.212253E+03
   0.350608E+02  -0.179185E+01  -0.924350E+00   0.299503E+02  -0.228930E+01  -0.256658E+01   0.829589E-03   0.769128E+01   0.109808E+02   0.136016E+02   0.106571E+02   0.209001E+03
   0.350224E+02  -0.179454E+01  -0.774646E+00   0.299503E+02  -0.280473E+01  -0.284180E+01   0.115811E-03   0.839355E+01   0.722071E+01   0.136016E+02   0.105232E+02   0.211524E+03
   0.350237E+02  -0.177420E+01  -0.774646E+00   0.301024E+02  -0.334753E+01  -0.277479E+01   0.115811E-03   0.959499E+01   0.125031E+02   0.141270E+02   0.146432E+02   0.214006E+03
   0.350604E+02  -0.177221E+01  -0.724115E+00   0.297968E+02  -0.321782E+01  -0.202316E+01   0.149508E-03   0.897347E+01   0.920800E+01   0.141373E+02   0.148411E+02   0.211494E+03
   0.350560E+02  -0.177221E+01  -0.822025E+00   0.299571E+02  -0.362008E+01  -0.242007E+01   0.503505E-03   0.982947E+01   0.104116E+02   0.217930E+02   0.139740E+02   0.211111E+03
   0.350360E+02  -0.177221E+01  -0.822025E+00   0.302104E+02  -0.398251E+01  -0.309455E+01   0.540565E-03   0.108236E+02   0.115966E+02   0.103649E+02   0.172045E+02   0.210487E+03
   0.350416E+02  -0.184499E+01  -0.620142E+00   0.303123E+02  -0.423539E+01   0.677424E+00   0.628543E-03   0.108236E+02   0.134983E+02   0.130249E+02   0.137027E+02   0.211265E+03
   0.350772E+02  -0.188903E+01  -0.620142E+00   0.303803E+02  -0.455117E+01   0.972643E-01   0.189441E-03   0.858363E+01   0.865144E+01   0.163252E+02   0.146630E+02   0.214542E+03
   0.350676E+02  -0.188903E+01  -0.473375E+00   0.302939E+02  -0.368013E+01  -0.268615E+01   0.670161E-04   0.800978E+01   0.998202E+01   0.215720E+02   0.167548E+02   0.208245E+03
   0.350836E+02  -0.199352E+01  -0.637877E+00   0.302076E+02  -0.340321E+01  -0.463364E+00   0.492551E-03   0.116252E+02   0.117368E+02   0.141368E+02   0.131255E+02   0.213909E+03
   0.350854E+02  -0.199352E+01  -0.690933E+00   0.302381E+02  -0.360972E+01   0.249125E-01   0.138152E-03   0.987048E+01   0.779899E+01   0.141368E+02   0.166139E+02   0.213437E+03
   0.351035E+02  -0.199691E+01  -0.789753E+00   0.302408E+02  -0.348149E+01  -0.133448E+01   0.251300E-03   0.845571E+01   0.758268E+01   0.139869E+02   0.146810E+02   0.213745E+03
   0.350957E+02  -0.206096E+01  -0.349646E+00   0.302503E+02  -0.442613E+01  -0.138419E+01   0.738479E-03   0.922331E+01   0.120336E+02   0.132138E+02   0.161384E+02   0.211223E+03
   0.351089E+02  -0.201241E+01  -0.349646E+00   0.302503E+02  -0.442613E+01  -0.479795E+00   0.210284E-03   0.793334E+01   0.607643E+01   0.128200E+02   0.150867E+02   0.209916E+03
   0.351291E+02  -0.203886E+01  -0.363442E+00   0.303946E+02  -0.462010E+01  -0.132986E+01   0.597464E-03   0.122632E+02   0.140154E+02   0.129212E+02   0.159018E+02   0.210108E+03
   0.351089E+02  -0.206919E+01  -0.372356E+00   0.303712E+02  -0.474443E+01  -0.132986E+01   0.292256E-03   0.888420E+01   0.112051E+02   0.200207E+02   0.174018E+02   0.210471E+03
   0.351089E+02  -0.200203E+01  -0.440311E+00   0.303843E+02  -0.469111E+01  -0.132986E+01   0.314548E-03   0.106791E+02   0.840386E+01   0.122364E+02   0.130255E+02   0.213440E+03
   0.350709E+02  -0.202983E+01  -0.509208E+00   0.302056E+02  -0.326510E+01  -0.133898E+01   0.276599E-03   0.772570E+01   0.676146E+01   0.163205E+02   0.200289E+02   0.210499E+03
   0.351253E+02  -0.202983E+01  -0.464245E+00   0.300351E+02  -0.323011E+01  -0.133898E+01   0.128859E-03   0.102011E+02   0.816414E+01   0.215048E+02   0.163923E+02   0.210440E+03
   0.351268E+02  -0.207825E+01  -0.419545E+00   0.299238E+02  -0.325013E+01  -0.135059E+01   0.541502E-03   0.115779E+02   0.814440E+01   0.133448E+02   0.124560E+02   0.211396E+03
   0.351062E+02  -0.207727E+01  -0.441982E+00   0.303600E+02  -0.405760E+01  -0.782189E+00   0.107042E-03   0.101531E+02   0.134287E+02   0.179334E+02   0.197838E+02   0.211725E+03
   0.350728E+02  -0.191858E+01  -0.625927E+00   0.303600E+02  -0.455552E+01   0.416434E+00   0.288984E-03   0.105374E+02   0.107871E+02   0.209563E+02   0.158277E+02   0.212686E+03
   0.350981E+02  -0.191858E+01  -0.738191E+00   0.303212E+02  -0.401545E+01  -0.644641E+00   0.104042E-03   0.111885E+02   0.750341E+01   0.132735E+02   0.197566E+02   0.213399E+03
   0.350930E+02  -0.192659E+01  -0.697361E+00   0.302914E+02  -0.381589E+01  -0.207590E+01   0.253359E-03   0.778561E+01   0.914493E+01   0.136961E+02   0.137943E+02   0.215205E+03
   0.350561E+02  -0.196034E+01  -0.717490E+00   0.303380E+02  -0.307038E+01  -0.896191E+00   0.578686E-03   0.825079E+01   0.970908E+01   0.123281E+02   0.257253E+02   0.209237E+03
   0.350261E+02  -0.189270E+01  -0.766459E+00   0.302748E+02  -0.308773E+01  -0.896191E+00   0.849817E-03   0.110107E+02   0.816167E+01   0.187226E+02   0.205463E+02   0.209391E+03
   0.351003E+02  -0.202793E+01  -0.802248E+00   0.304458E+02  -0.289724E+01  -0.212132E+01   0.308524E-03   0.908105E+01   0.803803E+01   0.171374E+02   0.145680E+02   0.211328E+03
   0.351003E+02  -0.199892E+01  -0.822075E+00   0.302325E+02  -0.289724E+01  -0.968430E+00   0.938268E-03   0.881217E+01   0.867809E+01   0.147199E+02   0.112816E+02   0.210784E+03
   0.351249E+02  -0.208606E+01  -0.582689E+00   0.305049E+02  -0.373073E+01  -0.181633E+01   0.651181E-03   0.892413E+01   0.111897E+02   0.159278E+02   0.141594E+02   0.212735E+03
   0.350796E+02  -0.198047E+01  -0.541941E+00   0.301606E+02  -0.357566E+01  -0.181633E+01   0.160575E-03   0.102938E+02   0.120935E+02   0.168156E+02   0.104632E+02   0.213588E+03
   0.350443E+02  -0.176290E+01  -0.107624E+01   0.301936E+02  -0.357566E+01  -0.948878E+00   0.452133E-03   0.820528E+01   0.143341E+02   0.101586E+02   0.139660E+02   0.209977E+03
   0.350509E+02  -0.176290E+01  -0.103206E+01   0.301936E+02  -0.373331E+01  -0.948878E+00   0.103923E-03   0.954215E+01   0.121450E+02   0.162715E+02   0.105955E+02   0.212055E+03
   0.350509E+02  -0.191570E+01  -0.808082E+00   0.301661E+02  -0.318462E+01  -0.208848E+01   0.482423E-03   0.125211E+02   0.678218E+01   0.163386E+02   0.146164E+02   0.211641E+03
   0.350549E+02  -0.195158E+01  -0.803525E+00   0.303160E+02  -0.318462E+01  -0.132123E+01   0.233643E-03   0.101382E+02   0.106945E+02   0.172709E+02   0.170792E+02   0.213583E+03
   0.350664E+02  -0.195158E+01  -0.587864E+00   0.303958E+02  -0.480669E+01   0.348743E+00   0.412462E-03   0.117197E+02   0.106945E+02   0.113400E+02   0.151150E+02   0.211962E+03
   0.351075E+02  -0.191966E+01  -0.846098E+00   0.303763E+02  -0.374700E+01  -0.160605E+01   0.920628E-03   0.100777E+02   0.113419E+02   0.156223E+02   0.141980E+02   0.211732E+03
   0.351023E+02  -0.196364E+01  -0.657944E+00   0.302266E+02  -0.374700E+01  -0.139859E+01   0.680165E-03   0.100777E+02   0.106132E+02   0.140932E+02   0.116966E+02   0.214186E+03
   0.350769E+02  -0.196364E+01  -0.596433E+00   0.301902E+02  -0.395794E+01  -0.139859E+01   0.620841E-03   0.798143E+01   0.855106E+01   0.168921E+02   0.172086E+02   0.213397E+03
   0.351031E+02  -0.194843E+01  -0.745271E+00   0.303505E+02  -0.395622E+01  -0.480327E+00   0.189771E-03   0.943598E+01   0.115646E+02   0.166229E+02   0.131955E+02   0.215110E+03
   0.351031E+02  -0.194528E+01  -0.799680E+00   0.303505E+02  -0.323028E+01  -0.503739E+00   0.111290E-03   0.100460E+02   0.127654E+02   0.194526E+02   0.222473E+02   0.209089E+03
   0.350838E+02  -0.190963E+01  -0.748556E+00   0.301426E+02  -0.312904E+01  -0.230238E+01   0.310937E-03   0.618303E+01   0.927065E+01   0.169783E+02   0.124434E+02   0.212593E+03
   0.350982E+02  -0.199036E+01  -0.740065E+00   0.300452E+02  -0.302107E+01  -0.216120E+01   0.491288E-04   0.108047E+02   0.850141E+01   0.163429E+02   0.224493E+02   0.210883E+03
   0.350504E+02  -0.188867E+01  -0.728643E+00   0.299936E+02  -0.302107E+01  -0.147936E+01   0.819938E-03   0.105726E+02   0.117409E+02   0.155533E+02   0.129118E+02   0.212286E+03
   0.350316E+02  -0.191865E+01  -0.716130E+00   0.305844E+02  -0.356328E+01   0.438075E+00   0.767341E-03   0.106837E+02   0.145713E+02   0.119573E+02   0.107097E+02   0.207782E+03
   0.351277E+02  -0.192135E+01  -0.762070E+00   0.306848E+02  -0.465521E+01   0.800816E+00   0.998946E-04   0.959757E+01   0.100680E+02   0.117001E+02   0.133346E+02   0.208693E+03
   0.351074E+02  -0.192135E+01  -0.608549E+00   0.302742E+02  -0.479143E+01  -0.137893E+01   0.189625E-03   0.968799E+01   0.103744E+02   0.992102E+01   0.123444E+02   0.210189E+03
   0.350948E+02  -0.196817E+01  -0.438013E+00   0.304199E+02  -0.443872E+01  -0.137893E+01   0.208429E-03   0.144427E+02   0.125586E+02   0.211130E+02   0.173527E+02   0.208943E+03
   0.350348E+02  -0.189024E+01  -0.701671E+00   0.303313E+02  -0.347058E+01  -0.162209E+01   0.205694E-03   0.928163E+01   0.708844E+01   0.131650E+02   0.167099E+02   0.213827E+03
   0.350592E+02  -0.191929E+01  -0.670881E+00   0.303446E+02  -0.402901E+01  -0.132494E+01   0.205694E-03   0.928163E+01   0.854864E+01   0.167677E+02   0.199519E+02   0.214579E+03
   0.350364E+02  -0.190008E+01  -0.707115E+00   0.302351E+02  -0.356286E+01  -0.297241E+01   0.282477E-03   0.130313E+02   0.125965E+02   0.196482E+02   0.155741E+02   0.209493E+03
   0.350550E+02  -0.193353E+01  -0.704156E+00   0.301971E+02  -0.356286E+01  -0.199140E+01   0.213284E-03   0.136305E+02   0.114775E+02   0.198251E+02   0.104557E+02   0.210292E+03
   0.350484E+02  -0.183993E+01  -0.882965E+00   0.304705E+02  -0.378885E+01  -0.916474E-02   0.430443E-04   0.896185E+01   0.143156E+02   0.133992E+02   0.121656E+02   0.213139E+03
   0.350484E+02  -0.183993E+01  -0.892484E+00   0.304705E+02  -0.396540E+01   0.137537E+00   0.365989E-03   0.103954E+02   0.719081E+01   0.106487E+02   0.150545E+02   0.213524E+03
   0.350618E+02  -0.181197E+01  -0.957903E+00   0.304705E+02  -0.449422E+01   0.137537E+00   0.583014E-03   0.998882E+01   0.785958E+01   0.212564E+02   0.163855E+02   0.211816E+03
   0.350618E+02  -0.185379E+01  -0.732714E+00   0.302760E+02  -0.392728E+01  -0.250783E+01   0.264360E-03   0.865392E+01   0.103901E+02   0.130106E+02   0.201994E+02   0.213649E+03
   0.350618E+02  -0.190151E+01  -0.531651E+00   0.303294E+02  -0.392728E+01  -0.160215E+01   0.893554E-04   0.114644E+02   0.891730E+01   0.139886E+02   0.102668E+02   0.212863E+03
   0.350712E+02  -0.197276E+01  -0.473536E+00   0.301146E+02  -0.392728E+01  -0.172814E+01   0.795007E-03   0.114729E+02   0.891730E+01   0.140737E+02   0.101782E+02   0.210995E+03
   0.350934E+02  -0.197276E+01  -0.643812E+00   0.300979E+02  -0.285171E+01  -0.338728E+01   0.172775E-03   0.912507E+01   0.721964E+01   0.149518E+02   0.157436E+02   0.212783E+03
   0.350950E+02  -0.201284E+01  -0.783737E+00   0.300979E+02  -0.238678E+01  -0.256750E+01   0.827884E-03   0.108777E+02   0.124398E+02   0.149518E+02   0.148968E+02   0.210609E+03
   0.351201E+02  -0.198006E+01  -0.378692E+00   0.301914E+02  -0.411815E+01  -0.256750E+01   0.413090E-03   0.108139E+02   0.105163E+02   0.159974E+02   0.114732E+02   0.211009E+03
   0.350803E+02  -0.201753E+01  -0.558005E+00   0.303082E+02  -0.371697E+01  -0.694180E+00   0.486767E-03   0.979950E+01   0.976982E+01   0.183602E+02   0.192496E+02   0.213473E+03
   0.351469E+02  -0.214226E+01  -0.438072E+00   0.304199E+02  -0.386612E+01   0.244870E+00   0.598414E-03   0.116617E+02   0.838990E+01   0.157261E+02   0.306925E+02   0.204652E+03
   0.351469E+02  -0.211850E+01  -0.605182E+00   0.308814E+02  -0.506956E+01  -0.140583E+01   0.765442E-03   0.116985E+02   0.131941E+02   0.123791E+02   0.201174E+02   0.205963E+03
   0.351469E+02  -0.211850E+01  -0.557732E+00   0.312798E+02  -0.639546E+01   0.511161E+00   0.475421E-03   0.103251E+02   0.110337E+02   0.149060E+02   0.138955E+02   0.206854E+03
   0.351160E+02  -0.202362E+01  -0.557732E+00   0.301998E+02  -0.417930E+01   0.178839E+01   0.791868E-03   0.973943E+01   0.891346E+01   0.138535E+02   0.173359E+02   0.207385E+03
   0.351160E+02  -0.202362E+01  -0.579111E+00   0.300981E+02  -0.285636E+01  -0.199563E+01   0.821662E-04   0.955989E+01   0.101426E+02   0.176623E+02   0.138084E+02   0.213316E+03
   0.351278E+02  -0.212634E+01  -0.494689E+00   0.302158E+02  -0.289187E+01  -0.199563E+01   0.601569E-04   0.122165E+02   0.922451E+01   0.105633E+02   0.150373E+02   0.210833E+03
   0.351754E+02  -0.226347E+01  -0.338593E+00   0.304246E+02  -0.350185E+01  -0.472345E+00   0.355817E-03   0.108440E+02   0.100265E+02   0.138126E+02   0.132004E+02   0.209695E+03
   0.351754E+02  -0.226347E+01  -0.312372E+00   0.304246E+02  -0.402495E+01   0.362154E-01   0.605721E-03   0.927178E+01   0.982549E+01   0.126681E+02   0.170145E+02   0.210123E+03
   0.351063E+02  -0.211725E+01  -0.261972E+00   0.302097E+02  -0.361496E+01  -0.120290E+01   0.100482E-02   0.118705E+02   0.834028E+01   0.200356E+02   0.151684E+02   0.208116E+03
   0.350827E+02  -0.197385E+01  -0.460507E+00   0.303236E+02  -0.427762E+01  -0.223748E+01   0.720322E-03   0.892327E+01   0.860466E+01   0.183776E+02   0.144291E+02   0.212520E+03
   0.351042E+02  -0.204424E+01  -0.501549E+00   0.303236E+02  -0.404346E+01  -0.931321E+00   0.507843E-03   0.125105E+02   0.119830E+02   0.115319E+02   0.111821E+02   0.212371E+03
   0.351042E+02  -0.204108E+01  -0.501549E+00   0.305045E+02  -0.416391E+01  -0.931321E+00   0.299311E-03   0.108829E+02   0.987682E+01   0.166498E+02   0.143122E+02   0.214710E+03
   0.350922E+02  -0.204004E+01  -0.368051E+00   0.300911E+02  -0.360948E+01  -0.257393E+01   0.227881E-03   0.112148E+02   0.948366E+01   0.177630E+02   0.161472E+02   0.212574E+03
   0.350922E+02  -0.192328E+01  -0.662324E+00   0.302572E+02  -0.421129E+01  -0.146607E+01   0.380102E-03   0.843112E+01   0.102177E+02   0.154351E+02   0.120727E+02   0.214821E+03
   0.351038E+02  -0.192328E+01  -0.647865E+00   0.304015E+02  -0.456950E+01  -0.117367E+01   0.167143E-03   0.829680E+01   0.925748E+01   0.176920E+02   0.142036E+02   0.214124E+03
   0.350890E+02  -0.192328E+01  -0.647865E+00   0.305193E+02  -0.455199E+01  -0.112583E+01   0.333115E-03   0.103975E+02   0.129477E+02   0.176920E+02   0.158959E+02   0.213695E+03
   0.350578E+02  -0.178261E+01  -0.890043E+00   0.305193E+02  -0.479685E+01  -0.134528E+01   0.693670E-03   0.979879E+01   0.116115E+02   0.158837E+02   0.114707E+02   0.212121E+03
   0.350174E+02  -0.174029E+01  -0.997798E+00   0.304250E+02  -0.464174E+01  -0.610369E-01   0.791417E-03   0.122128E+02   0.104748E+02   0.116062E+02   0.211319E+02   0.209125E+03
   0.349982E+02  -0.174362E+01  -0.997798E+00   0.303694E+02  -0.345388E+01  -0.205789E+01   0.640256E-03   0.958696E+01   0.966625E+01   0.107841E+02   0.154374E+02   0.212123E+03
   0.349982E+02  -0.165225E+01  -0.123982E+01   0.306418E+02  -0.372959E+01   0.131764E+01   0.655848E-03   0.124860E+02   0.820315E+01   0.132804E+02   0.193795E+02   0.207476E+03
   0.349874E+02  -0.174859E+01  -0.931386E+00   0.306921E+02  -0.425998E+01  -0.487473E+00   0.759134E-03   0.124905E+02   0.943908E+01   0.123928E+02   0.131872E+02   0.210912E+03
   0.349977E+02  -0.171092E+01  -0.108773E+01   0.306464E+02  -0.432417E+01  -0.888736E-01   0.589717E-03   0.956596E+01   0.911215E+01   0.147091E+02   0.159312E+02   0.213256E+03
   0.349686E+02  -0.158229E+01  -0.108773E+01   0.303435E+02  -0.464059E+01  -0.105452E+01   0.596764E-03   0.111200E+02   0.105378E+02   0.156849E+02   0.172973E+02   0.209816E+03
   0.349686E+02  -0.165660E+01  -0.105005E+01   0.303435E+02  -0.379066E+01  -0.125959E+01   0.253656E-03   0.117502E+02   0.887773E+01   0.126034E+02   0.149856E+02   0.211871E+03
   0.349655E+02  -0.159995E+01  -0.973900E+00   0.304899E+02  -0.476073E+01  -0.179238E+00   0.103239E-03   0.838919E+01   0.855611E+01   0.133150E+02   0.141020E+02   0.211058E+03
   0.349674E+02  -0.159995E+01  -0.117585E+01   0.305941E+02  -0.447424E+01   0.105579E+01   0.606787E-03   0.911495E+01   0.965880E+01   0.225301E+02   0.119618E+02   0.207945E+03
   0.350252E+02  -0.158666E+01  -0.150188E+01   0.306295E+02  -0.402433E+01   0.422722E+00   0.463138E-03   0.709142E+01   0.867805E+01   0.189124E+02   0.144949E+02   0.204288E+03
   0.350516E+02  -0.177749E+01  -0.112352E+01   0.304443E+02  -0.340702E+01  -0.225839E+01   0.500903E-03   0.963923E+01   0.857603E+01   0.164098E+02   0.172837E+02   0.211784E+03
   0.350163E+02  -0.178754E+01  -0.806082E+00   0.300827E+02  -0.364339E+01  -0.572607E+00   0.641213E-03   0.155170E+02   0.199998E+02   0.170301E+02   0.154157E+02   0.203405E+03
   0.350493E+02  -0.178754E+01  -0.765214E+00   0.301588E+02  -0.364339E+01  -0.239028E+01   0.485308E-03   0.114273E+02   0.132499E+02   0.150234E+02   0.113877E+02   0.212587E+03
   0.350422E+02  -0.178754E+01  -0.710203E+00   0.303132E+02  -0.425020E+01  -0.831406E+00   0.178849E-03   0.960591E+01   0.113929E+02   0.134840E+02   0.724978E+01   0.208941E+03
   0.350192E+02  -0.176939E+01  -0.736322E+00   0.303704E+02  -0.447290E+01  -0.189825E+01   0.469740E-03   0.663810E+01   0.110370E+02   0.132647E+02   0.167676E+02   0.212054E+03
   0.350192E+02  -0.183009E+01  -0.113882E+01   0.305254E+02  -0.333931E+01   0.162482E+00   0.690922E-03   0.111687E+02   0.134719E+02   0.146010E+02   0.149704E+02   0.209223E+03
   0.350324E+02  -0.186000E+01  -0.807662E+00   0.304061E+02  -0.390726E+01   0.162482E+00   0.586675E-03   0.868053E+01   0.107311E+02   0.164234E+02   0.104266E+02   0.212958E+03
   0.350182E+02  -0.181898E+01  -0.726894E+00   0.304429E+02  -0.489757E+01   0.381065E+00   0.271596E-03   0.873931E+01   0.740445E+01   0.140101E+02   0.163296E+02   0.212160E+03
   0.350390E+02  -0.188542E+01  -0.449183E+00   0.308724E+02  -0.557348E+01   0.111895E+01   0.566949E-03   0.959745E+01   0.794506E+01   0.133338E+02   0.118171E+02   0.209225E+03
   0.350145E+02  -0.188928E+01  -0.665047E+00   0.310120E+02  -0.541954E+01   0.124401E+01   0.382991E-03   0.108931E+02   0.100014E+02   0.170840E+02   0.131107E+02   0.210509E+03
   0.350629E+02  -0.188928E+01  -0.676831E+00   0.310120E+02  -0.541954E+01  -0.481172E+00   0.761141E-03   0.140840E+02   0.936958E+01   0.164206E+02   0.122656E+02   0.208361E+03
   0.350429E+02  -0.188928E+01  -0.514429E+00   0.306135E+02  -0.541954E+01   0.123518E+01   0.214313E-04   0.957325E+01   0.966197E+01   0.143079E+02   0.108646E+02   0.210977E+03
   0.350429E+02  -0.184894E+01  -0.589340E+00   0.306257E+02  -0.500830E+01   0.894845E+00   0.664313E-03   0.844459E+01   0.106963E+02   0.106147E+02   0.154254E+02   0.211420E+03
   0.350696E+02  -0.187018E+01  -0.689293E+00   0.306394E+02  -0.489494E+01  -0.103501E+01   0.524556E-03   0.104857E+02   0.808395E+01   0.163706E+02   0.119037E+02   0.213394E+03
   0.350475E+02  -0.192587E+01  -0.792314E+00   0.306851E+02  -0.432878E+01  -0.103501E+01   0.310422E-03   0.121166E+02   0.877740E+01   0.161111E+02   0.861223E+01   0.209810E+03
   0.350512E+02  -0.179321E+01  -0.102216E+01   0.306005E+02  -0.455265E+01  -0.744168E+00   0.793798E-03   0.103589E+02   0.124168E+02   0.966577E+01   0.157570E+02   0.210114E+03
   0.350523E+02  -0.182357E+01  -0.743887E+00   0.305496E+02  -0.461016E+01   0.770794E+00   0.234733E-03   0.762249E+01   0.109670E+02   0.153874E+02   0.218550E+02   0.211260E+03
   0.350523E+02  -0.182232E+01  -0.743887E+00   0.305215E+02  -0.477428E+01   0.861396E+00   0.467079E-03   0.729361E+01   0.873157E+01   0.129791E+02   0.169963E+02   0.212851E+03
   0.350171E+02  -0.174624E+01  -0.119306E+01   0.304293E+02  -0.333447E+01  -0.100323E+01   0.533386E-03   0.836223E+01   0.876689E+01   0.134332E+02   0.153228E+02   0.212316E+03
   0.350404E+02  -0.175777E+01  -0.992068E+00   0.302798E+02  -0.354916E+01  -0.343561E+01   0.200487E-03   0.125886E+02   0.101105E+02   0.158568E+02   0.109891E+02   0.210035E+03
   0.350143E+02  -0.172963E+01  -0.950902E+00   0.301349E+02  -0.331182E+01  -0.214038E+01   0.665526E-03   0.134662E+02   0.113628E+02   0.125100E+02   0.163830E+02   0.211833E+03
   0.349524E+02  -0.161505E+01  -0.928919E+00   0.301452E+02  -0.362813E+01  -0.178202E+01   0.105454E-02   0.782086E+01   0.121836E+02   0.118978E+02   0.151252E+02   0.207553E+03
   0.350614E+02  -0.178472E+01  -0.100917E+01   0.302294E+02  -0.280680E+01  -0.470257E+01   0.535446E-03   0.873654E+01   0.123700E+02   0.155501E+02   0.132706E+02   0.207846E+03
   0.350440E+02  -0.174678E+01  -0.110682E+01   0.303915E+02  -0.400140E+01  -0.514863E-01   0.614963E-03   0.990438E+01   0.740637E+01   0.121720E+02   0.188635E+02   0.211364E+03
   0.350500E+02  -0.184194E+01  -0.913098E+00   0.304249E+02  -0.429501E+01  -0.780725E+00   0.452815E-03   0.128769E+02   0.786813E+01   0.157229E+02   0.160863E+02   0.213354E+03
   0.350846E+02  -0.202490E+01  -0.621204E+00   0.303466E+02  -0.429512E+01  -0.126153E+01   0.671367E-03   0.120065E+02   0.110459E+02   0.169356E+02   0.141104E+02   0.210935E+03
   0.351244E+02  -0.197436E+01  -0.850234E+00   0.303851E+02  -0.442447E+01  -0.124125E+01   0.551658E-03   0.131211E+02   0.103355E+02   0.103767E+02   0.168361E+02   0.208395E+03
   0.350881E+02  -0.200996E+01  -0.717861E+00   0.300014E+02  -0.212481E+01  -0.254684E+01   0.825470E-03   0.100850E+02   0.928037E+01   0.139702E+02   0.147476E+02   0.211338E+03
   0.350937E+02  -0.191411E+01  -0.928925E+00   0.300549E+02  -0.230947E+01  -0.136767E+01   0.789929E-04   0.805304E+01   0.117632E+02   0.139702E+02   0.113818E+02   0.209858E+03
   0.350730E+02  -0.191411E+01  -0.810919E+00   0.302284E+02  -0.259434E+01  -0.229323E+00   0.639686E-03   0.130774E+02   0.772382E+01   0.149841E+02   0.172123E+02   0.209342E+03
   0.351166E+02  -0.191411E+01  -0.100317E+01   0.302819E+02  -0.259434E+01  -0.118648E+01   0.185819E-03   0.882767E+01   0.108692E+02   0.122012E+02   0.112825E+02   0.207740E+03
   0.350660E+02  -0.191205E+01  -0.757723E+00   0.306579E+02  -0.411844E+01  -0.118648E+01   0.700066E-03   0.990157E+01   0.944779E+01   0.152093E+02   0.150330E+02   0.213515E+03
   0.350660E+02  -0.200531E+01  -0.647065E+00   0.306579E+02  -0.411844E+01  -0.719987E+00   0.386557E-03   0.102073E+02   0.108903E+02   0.104651E+02   0.160888E+02   0.212447E+03
   0.350580E+02  -0.186010E+01  -0.681722E+00   0.301445E+02  -0.298770E+01  -0.207469E+01   0.806831E-04   0.863041E+01   0.104009E+02   0.158791E+02   0.169278E+02   0.213209E+03
   0.350580E+02  -0.186010E+01  -0.707619E+00   0.300820E+02  -0.298770E+01  -0.247245E+01   0.569512E-03   0.993242E+01   0.916400E+01   0.112024E+02   0.110618E+02   0.213019E+03
   0.350726E+02  -0.182511E+01  -0.749610E+00   0.299962E+02  -0.341291E+01  -0.991715E+00   0.766068E-03   0.748575E+01   0.657094E+01   0.154977E+02   0.184769E+02   0.209211E+03
   0.350726E+02  -0.191251E+01  -0.775015E+00   0.303598E+02  -0.347715E+01  -0.278057E+01   0.479718E-03   0.929164E+01   0.810817E+01   0.248948E+02   0.157977E+02   0.210309E+03
   0.350596E+02  -0.192579E+01  -0.775015E+00   0.303598E+02  -0.341339E+01  -0.131078E+01   0.297491E-03   0.985002E+01   0.890229E+01   0.177811E+02   0.133051E+02   0.215252E+03
   0.350787E+02  -0.182854E+01  -0.911511E+00   0.303598E+02  -0.433938E+01  -0.100287E+01   0.261196E-03   0.105034E+02   0.103687E+02   0.193511E+02   0.157990E+02   0.213316E+03
   0.350189E+02  -0.170105E+01  -0.766855E+00   0.300603E+02  -0.355866E+01  -0.275076E+01   0.486456E-03   0.995281E+01   0.960736E+01   0.139724E+02   0.174971E+02   0.212793E+03
   0.350165E+02  -0.178771E+01  -0.940638E+00   0.303901E+02  -0.330980E+01  -0.202053E+01   0.127232E-03   0.110192E+02   0.856946E+01   0.108730E+02   0.173108E+02   0.212248E+03
   0.350455E+02  -0.177857E+01  -0.992528E+00   0.301339E+02  -0.309785E+01  -0.202053E+01   0.629261E-03   0.491005E+01   0.113491E+02   0.224886E+02   0.120998E+02   0.205396E+03
   0.350235E+02  -0.177857E+01  -0.835846E+00   0.303068E+02  -0.392305E+01  -0.325426E+01   0.406735E-03   0.129337E+02   0.857184E+01   0.243907E+02   0.156985E+02   0.207654E+03
   0.349943E+02  -0.177267E+01  -0.835846E+00   0.303631E+02  -0.363902E+01  -0.358017E+00   0.646557E-03   0.130117E+02   0.126235E+02   0.145846E+02   0.144686E+02   0.211360E+03
   0.350525E+02  -0.179577E+01  -0.965589E+00   0.305826E+02  -0.467648E+01  -0.358017E+00   0.557954E-03   0.100198E+02   0.815070E+01   0.165748E+02   0.142977E+02   0.214146E+03
   0.350525E+02  -0.181379E+01  -0.965589E+00   0.306582E+02  -0.467648E+01   0.741048E+00   0.427443E-03   0.110689E+02   0.105946E+02   0.162092E+02   0.152318E+02   0.214337E+03
   0.350386E+02  -0.193300E+01  -0.703699E+00   0.306179E+02  -0.473543E+01   0.741048E+00   0.427443E-03   0.102056E+02   0.134570E+02   0.163505E+02   0.229644E+02   0.208941E+03
   0.350621E+02  -0.189595E+01  -0.875300E+00   0.306701E+02  -0.480073E+01  -0.150641E+00   0.521805E-03   0.941790E+01   0.939026E+01   0.150271E+02   0.166705E+02   0.214144E+03
   0.350610E+02  -0.180735E+01  -0.875300E+00   0.305554E+02  -0.480537E+01   0.983633E+00   0.335031E-03   0.141681E+02   0.164154E+02   0.181164E+02   0.146579E+02   0.208145E+03
   0.350505E+02  -0.191315E+01  -0.758999E+00   0.306511E+02  -0.495489E+01   0.888870E+00   0.461128E-03   0.119905E+02   0.154484E+02   0.127191E+02   0.128121E+02   0.210306E+03
   0.350929E+02  -0.191315E+01  -0.858084E+00   0.306025E+02  -0.441334E+01  -0.168535E+00   0.684276E-04   0.103477E+02   0.109847E+02   0.167972E+02   0.178357E+02   0.214280E+03
   0.350551E+02  -0.188473E+01  -0.727502E+00   0.306933E+02  -0.462736E+01   0.537321E+00   0.390328E-03   0.972284E+01   0.119190E+02   0.149032E+02   0.816048E+01   0.210570E+03
   0.350551E+02  -0.184124E+01  -0.103651E+01   0.306933E+02  -0.424786E+01  -0.148591E+00   0.252763E-03   0.977411E+01   0.575646E+01   0.128291E+02   0.182284E+02   0.210373E+03
   0.350668E+02  -0.185661E+01  -0.101429E+01   0.306495E+02  -0.425295E+01   0.667383E+00   0.681954E-04   0.959057E+01   0.106230E+02   0.128291E+02   0.233437E+02   0.211277E+03
   0.350616E+02  -0.183552E+01  -0.986793E+00   0.306495E+02  -0.473101E+01   0.667383E+00   0.216965E-03   0.905746E+01   0.877528E+01   0.156259E+02   0.119885E+02   0.213816E+03
   0.350616E+02  -0.183552E+01  -0.984023E+00   0.305409E+02  -0.432157E+01   0.431288E-03   0.714538E-04   0.983778E+01   0.102074E+02   0.155364E+02   0.137635E+02   0.215112E+03
   0.350392E+02  -0.183552E+01  -0.766625E+00   0.306701E+02  -0.495359E+01   0.175884E+01   0.664579E-03   0.993552E+01   0.839939E+01   0.157577E+02   0.124501E+02   0.212474E+03
   0.350403E+02  -0.184158E+01  -0.766625E+00   0.303612E+02  -0.353823E+01  -0.685331E+00   0.287557E-03   0.865010E+01   0.107716E+02   0.208739E+02   0.148822E+02   0.213236E+03
   0.350403E+02  -0.185010E+01  -0.683342E+00   0.300745E+02  -0.295589E+01  -0.192464E+01   0.392429E-03   0.125591E+02   0.879778E+01   0.197754E+02   0.127016E+02   0.212271E+03
   0.350403E+02  -0.192330E+01  -0.730051E+00   0.303391E+02  -0.369622E+01  -0.959999E+00   0.404565E-03   0.120035E+02   0.817647E+01   0.120714E+02   0.120559E+02   0.213222E+03
   0.350598E+02  -0.193238E+01  -0.667572E+00   0.303641E+02  -0.369622E+01  -0.959999E+00   0.685675E-05   0.853992E+01   0.101324E+02   0.154903E+02   0.241590E+02   0.212692E+03
   0.350408E+02  -0.186363E+01  -0.753351E+00   0.305089E+02  -0.389620E+01  -0.959999E+00   0.170140E-03   0.112477E+02   0.117682E+02   0.189777E+02   0.200701E+02   0.212370E+03
   0.350733E+02  -0.196193E+01  -0.718902E+00   0.304429E+02  -0.362880E+01  -0.229112E+01   0.297839E-04   0.103449E+02   0.849778E+01   0.143284E+02   0.187222E+02   0.213430E+03
   0.351267E+02  -0.205776E+01  -0.531910E+00   0.303814E+02  -0.446716E+01  -0.524268E+00   0.395410E-03   0.129859E+02   0.111420E+02   0.141861E+02   0.171510E+02   0.212615E+03
   0.351404E+02  -0.205776E+01  -0.403708E+00   0.305208E+02  -0.446716E+01  -0.108121E+01   0.580257E-03   0.835280E+01   0.109973E+02   0.138672E+02   0.154891E+02   0.211435E+03
   0.351421E+02  -0.205558E+01  -0.347238E+00   0.302668E+02  -0.470509E+01  -0.192187E+01   0.127892E-03   0.159942E+02   0.109973E+02   0.202003E+02   0.188388E+02   0.204674E+03
   0.351393E+02  -0.202083E+01  -0.528513E+00   0.301869E+02  -0.422529E+01  -0.192187E+01   0.812544E-03   0.101757E+02   0.153458E+02   0.120395E+02   0.143890E+02   0.208525E+03
   0.350864E+02  -0.198773E+01  -0.528513E+00   0.302800E+02  -0.380603E+01   0.255922E+00   0.550408E-03   0.941268E+01   0.114700E+02   0.147588E+02   0.138328E+02   0.213601E+03
   0.350790E+02  -0.192085E+01  -0.616452E+00   0.301314E+02  -0.333774E+01  -0.170567E+01   0.412490E-03   0.884407E+01   0.884550E+01   0.133552E+02   0.127824E+02   0.215234E+03
   0.350683E+02  -0.192085E+01  -0.492453E+00   0.301665E+02  -0.382710E+01  -0.230275E+01   0.412490E-03   0.970024E+01   0.124252E+02   0.139698E+02   0.189134E+02   0.213321E+03
   0.350816E+02  -0.201951E+01  -0.492453E+00   0.301665E+02  -0.364721E+01  -0.112075E+01   0.412490E-03   0.106773E+02   0.927996E+01   0.156731E+02   0.142242E+02   0.214666E+03
   0.350342E+02  -0.187229E+01  -0.628749E+00   0.301725E+02  -0.305221E+01  -0.375428E+01   0.412490E-03   0.867843E+01   0.931278E+01   0.240082E+02   0.214021E+02   0.207337E+03
   0.350697E+02  -0.180374E+01  -0.766509E+00   0.299564E+02  -0.347647E+01  -0.277305E+01   0.412490E-03   0.103323E+02   0.121620E+02   0.154818E+02   0.120784E+02   0.212362E+03
   0.350697E+02  -0.187432E+01  -0.547826E+00   0.297322E+02  -0.259057E+01  -0.445893E+01   0.246065E-03   0.103323E+02   0.904689E+01   0.167920E+02   0.148303E+02   0.210049E+03
   0.350265E+02  -0.172137E+01  -0.779461E+00   0.300258E+02  -0.312580E+01  -0.351746E+01   0.388654E-04   0.112234E+02   0.919250E+01   0.129190E+02   0.173434E+02   0.211212E+03
   0.350265E+02  -0.179665E+01  -0.890855E+00   0.303427E+02  -0.385371E+01  -0.141520E+01   0.149755E-04   0.107726E+02   0.790179E+01   0.181540E+02   0.151205E+02   0.214622E+03
   0.350199E+02  -0.179665E+01  -0.945281E+00   0.304268E+02  -0.354173E+01  -0.203411E+01   0.322100E-03   0.623722E+01   0.114725E+02   0.161702E+02   0.171915E+02   0.211129E+03
   0.349953E+02  -0.183123E+01  -0.532408E+00   0.302356E+02  -0.368584E+01  -0.161372E+00   0.428295E-03   0.679761E+01   0.800969E+01   0.149453E+02   0.180887E+02   0.208090E+03
   0.350367E+02  -0.174205E+01  -0.952867E+00   0.302213E+02  -0.388483E+01  -0.508169E+00   0.582984E-03   0.947826E+01   0.898005E+01   0.234088E+02   0.123411E+02   0.211021E+03
   0.350231E+02  -0.169763E+01  -0.101923E+01   0.304197E+02  -0.365419E+01  -0.214768E+01   0.324713E-03   0.965500E+01   0.109388E+02   0.169441E+02   0.158855E+02   0.212015E+03
   0.350082E+02  -0.168763E+01  -0.108065E+01   0.304197E+02  -0.350970E+01  -0.135899E+01   0.876977E-04   0.955592E+01   0.142952E+02   0.131261E+02   0.198415E+02   0.209737E+03
   0.350382E+02  -0.177777E+01  -0.869858E+00   0.301917E+02  -0.369754E+01  -0.103602E+01   0.724982E-04   0.986194E+01   0.945221E+01   0.174439E+02   0.111227E+02   0.214545E+03
   0.350375E+02  -0.182535E+01  -0.879985E+00   0.301092E+02  -0.308967E+01  -0.193460E+01   0.977365E-04   0.986194E+01   0.945221E+01   0.127258E+02   0.158966E+02   0.215072E+03
   0.350501E+02  -0.190457E+01  -0.849926E+00   0.300646E+02  -0.290796E+01  -0.256930E+01   0.320226E-03   0.131954E+02   0.908546E+01   0.123634E+02   0.158966E+02   0.211364E+03
   0.351000E+02  -0.197144E+01  -0.833295E+00   0.302789E+02  -0.330661E+01  -0.958869E+00   0.582270E-03   0.953350E+01   0.953313E+01   0.163245E+02   0.185515E+02   0.213658E+03
   0.351095E+02  -0.205616E+01  -0.498591E+00   0.302075E+02  -0.329040E+01  -0.129675E+01   0.305554E-03   0.118384E+02   0.125097E+02   0.121724E+02   0.164843E+02   0.212829E+03
   0.351419E+02  -0.210734E+01  -0.446906E+00   0.303250E+02  -0.334563E+01  -0.202604E+01   0.179163E-03   0.784035E+01   0.734668E+01   0.126132E+02   0.154205E+02   0.210446E+03
   0.350768E+02  -0.208796E+01  -0.197062E+00   0.300458E+02  -0.334020E+01  -0.282301E+01   0.837676E-03   0.106838E+02   0.114748E+02   0.132139E+02   0.169683E+02   0.208797E+03
   0.351108E+02  -0.203742E+01  -0.205893E+00   0.299270E+02  -0.354018E+01  -0.331995E+01   0.535393E-03   0.978577E+01   0.112766E+02   0.132139E+02   0.186413E+02   0.209522E+03
   0.350728E+02  -0.202045E+01  -0.205893E+00   0.300432E+02  -0.354018E+01  -0.173484E+01   0.566014E-03   0.104121E+02   0.898662E+01   0.145121E+02   0.127055E+02   0.210789E+03
   0.351002E+02  -0.202045E+01  -0.438270E+00   0.299609E+02  -0.287221E+01  -0.335407E+01   0.522449E-03   0.998074E+01   0.696359E+01   0.124101E+02   0.169725E+02   0.211343E+03
   0.351113E+02  -0.202045E+01  -0.537908E+00   0.299091E+02  -0.287221E+01  -0.131198E+01   0.980734E-04   0.122663E+02   0.952212E+01   0.150543E+02   0.126990E+02   0.211862E+03
   0.351399E+02  -0.219109E+01  -0.440224E+00   0.305581E+02  -0.394115E+01   0.941586E-01   0.555216E-03   0.950130E+01   0.125393E+02   0.251648E+02   0.136338E+02   0.207612E+03
   0.351275E+02  -0.210018E+01  -0.647990E+00   0.305555E+02  -0.425541E+01  -0.122044E+01   0.837755E-03   0.957816E+01   0.965910E+01   0.128983E+02   0.168290E+02   0.211358E+03
   0.351444E+02  -0.214639E+01  -0.563728E+00   0.307193E+02  -0.410075E+01   0.680275E+00   0.837755E-03   0.114544E+02   0.109428E+02   0.152189E+02   0.104844E+02   0.209271E+03
   0.351480E+02  -0.212187E+01  -0.641589E+00   0.303263E+02  -0.373470E+01  -0.331005E+00   0.440324E-03   0.162523E+02   0.732048E+01   0.174352E+02   0.192208E+02   0.207050E+03
   0.351142E+02  -0.215403E+01  -0.411012E+00   0.305346E+02  -0.412380E+01  -0.111793E+01   0.503376E-04   0.877967E+01   0.782167E+01   0.179388E+02   0.178053E+02   0.210567E+03
   0.351514E+02  -0.210509E+01  -0.659398E+00   0.304710E+02  -0.418756E+01  -0.131136E+01   0.667412E-03   0.807534E+01   0.916501E+01   0.184141E+02   0.183652E+02   0.210302E+03
   0.350964E+02  -0.210509E+01  -0.375765E+00   0.306861E+02  -0.480693E+01  -0.399916E+00   0.821184E-03   0.119235E+02   0.128568E+02   0.159299E+02   0.159990E+02   0.209762E+03
   0.351238E+02  -0.218728E+01  -0.379999E+00   0.303772E+02  -0.437003E+01  -0.750554E-01   0.928107E-03   0.850334E+01   0.655965E+01   0.170768E+02   0.132937E+02   0.206826E+03
   0.351238E+02  -0.213392E+01  -0.503173E+00   0.304799E+02  -0.363205E+01  -0.151918E+00   0.315444E-03   0.744549E+01   0.865197E+01   0.173288E+02   0.172732E+02   0.211589E+03
   0.351238E+02  -0.209310E+01  -0.666163E+00   0.302517E+02  -0.387165E+01  -0.103712E+00   0.435713E-03   0.765313E+01   0.130402E+02   0.158573E+02   0.158107E+02   0.209044E+03
   0.351238E+02  -0.208491E+01  -0.669505E+00   0.305818E+02  -0.423265E+01   0.160598E+01   0.518870E-03   0.120818E+02   0.109679E+02   0.104492E+02   0.150658E+02   0.209967E+03
   0.351163E+02  -0.206337E+01  -0.533221E+00   0.305672E+02  -0.387612E+01  -0.909316E+00   0.828276E-04   0.113156E+02   0.844005E+01   0.150118E+02   0.159093E+02   0.212620E+03
   0.351260E+02  -0.205970E+01  -0.607183E+00   0.302592E+02  -0.337916E+01  -0.107996E+01   0.678805E-03   0.956901E+01   0.104542E+02   0.137338E+02   0.139115E+02   0.213889E+03
   0.351260E+02  -0.203643E+01  -0.491305E+00   0.301598E+02  -0.337916E+01  -0.197805E+01   0.323046E-04   0.954440E+01   0.137850E+02   0.117291E+02   0.122394E+02   0.211686E+03
   0.351103E+02  -0.203643E+01  -0.345056E+00   0.301466E+02  -0.338928E+01  -0.350690E+01   0.359390E-03   0.958699E+01   0.125447E+02   0.211031E+02   0.122394E+02   0.209049E+03
   0.351620E+02  -0.211420E+01  -0.383290E+00   0.301307E+02  -0.347785E+01  -0.255406E+01   0.366256E-03   0.144156E+02   0.771396E+01   0.122711E+02   0.146117E+02   0.208839E+03
   0.351375E+02  -0.211420E+01  -0.328857E+00   0.299486E+02  -0.294142E+01  -0.255406E+01   0.455650E-03   0.129924E+02   0.893778E+01   0.155456E+02   0.121966E+02   0.210661E+03
   0.351382E+02  -0.208793E+01  -0.852642E+00   0.302892E+02  -0.237958E+01   0.298424E+00   0.621181E-03   0.708781E+01   0.110896E+02   0.153697E+02   0.196057E+02   0.206072E+03
   0.351103E+02  -0.201765E+01  -0.875296E+00   0.303449E+02  -0.331120E+01  -0.163867E+01   0.491235E-03   0.127708E+02   0.802032E+01   0.155868E+02   0.179418E+02   0.210925E+03
   0.350941E+02  -0.189603E+01  -0.979992E+00   0.303356E+02  -0.307143E+01  -0.256606E+01   0.214900E-03   0.102312E+02   0.955410E+01   0.103389E+02   0.107973E+02   0.210099E+03
   0.350854E+02  -0.190587E+01  -0.607742E+00   0.300228E+02  -0.339094E+01  -0.275494E+01   0.493744E-03   0.116842E+02   0.675553E+01   0.126555E+02   0.159979E+02   0.212399E+03
   0.350663E+02  -0.190587E+01  -0.607742E+00   0.301443E+02  -0.313954E+01  -0.248330E+01   0.121216E-03   0.989756E+01   0.135019E+02   0.215413E+02   0.216827E+02   0.209324E+03
   0.350823E+02  -0.196460E+01  -0.607742E+00   0.298921E+02  -0.248328E+01  -0.196998E+01   0.362135E-03   0.849188E+01   0.833554E+01   0.180514E+02   0.193854E+02   0.211269E+03
   0.351102E+02  -0.196740E+01  -0.680548E+00   0.299965E+02  -0.272128E+01  -0.136012E+01   0.118977E-03   0.101195E+02   0.101397E+02   0.137992E+02   0.175604E+02   0.212367E+03
   0.351102E+02  -0.211367E+01  -0.699607E+00   0.302930E+02  -0.270380E+01  -0.156325E+00   0.586329E-03   0.971779E+01   0.117205E+02   0.159592E+02   0.134954E+02   0.210418E+03
   0.350978E+02  -0.192537E+01  -0.763567E+00   0.300226E+02  -0.290489E+01  -0.272360E+01   0.615081E-04   0.691449E+01   0.111450E+02   0.167084E+02   0.212854E+02   0.210610E+03
   0.350867E+02  -0.190945E+01  -0.763567E+00   0.296589E+02  -0.195355E+01  -0.265934E+01   0.590750E-03   0.129972E+02   0.911420E+01   0.121202E+02   0.105917E+02   0.207823E+03
   0.351091E+02  -0.181202E+01  -0.855905E+00   0.298209E+02  -0.284081E+01  -0.336140E+01   0.111934E-02   0.970602E+01   0.140848E+02   0.104848E+02   0.148464E+02   0.204291E+03
   0.350611E+02  -0.184753E+01  -0.895546E+00   0.300215E+02  -0.298939E+01  -0.336140E+01   0.181366E-03   0.880989E+01   0.119653E+02   0.166892E+02   0.190471E+02   0.210789E+03
   0.351009E+02  -0.185413E+01  -0.878576E+00   0.299325E+02  -0.268281E+01  -0.325080E+01   0.181366E-03   0.901829E+01   0.829967E+01   0.154195E+02   0.168931E+02   0.210582E+03
   0.350443E+02  -0.180209E+01  -0.921776E+00   0.301086E+02  -0.331425E+01  -0.197599E+01   0.101821E-02   0.845673E+01   0.760877E+01   0.171620E+02   0.188683E+02   0.209512E+03
   0.350276E+02  -0.180209E+01  -0.847025E+00   0.303318E+02  -0.409898E+01  -0.121992E+01   0.605926E-04   0.859282E+01   0.141339E+02   0.186230E+02   0.157125E+02   0.212923E+03
   0.350187E+02  -0.176165E+01  -0.990179E+00   0.303709E+02  -0.416258E+01  -0.121992E+01   0.450868E-03   0.788366E+01   0.109923E+02   0.130675E+02   0.156581E+02   0.213313E+03
   0.350187E+02  -0.181281E+01  -0.894144E+00   0.305126E+02  -0.385676E+01  -0.124915E+01   0.406672E-03   0.112165E+02   0.119990E+02   0.121576E+02   0.135990E+02   0.213570E+03
   0.350629E+02  -0.186257E+01  -0.684425E+00   0.306866E+02  -0.490912E+01  -0.780165E+00   0.318447E-03   0.915774E+01   0.960086E+01   0.120168E+02   0.152686E+02   0.213945E+03
   0.350629E+02  -0.195126E+01  -0.473979E+00   0.305145E+02  -0.494452E+01  -0.413333E+00   0.503586E-03   0.101090E+02   0.712355E+01   0.159965E+02   0.166365E+02   0.212819E+03
   0.350598E+02  -0.193005E+01  -0.678993E+00   0.306137E+02  -0.452137E+01  -0.205467E+00   0.726658E-03   0.959232E+01   0.141397E+02   0.250809E+02   0.174568E+02   0.208394E+03
   0.350631E+02  -0.197600E+01  -0.642426E+00   0.309216E+02  -0.517121E+01   0.964384E+00   0.609660E-03   0.112561E+02   0.109576E+02   0.168377E+02   0.146775E+02   0.212603E+03
   0.350641E+02  -0.185111E+01  -0.642426E+00   0.307251E+02  -0.512609E+01  -0.386080E+00   0.520707E-03   0.851515E+01   0.966026E+01   0.119720E+02   0.136716E+02   0.212513E+03
   0.350775E+02  -0.183564E+01  -0.877909E+00   0.309000E+02  -0.579506E+01  -0.492274E+00   0.599145E-03   0.116104E+02   0.129870E+02   0.185793E+02   0.102234E+02   0.207311E+03
   0.350839E+02  -0.193762E+01  -0.905538E+00   0.306472E+02  -0.436388E+01   0.137551E+01   0.796349E-03   0.100643E+02   0.103414E+02   0.206627E+02   0.207027E+02   0.209244E+03
   0.350839E+02  -0.186369E+01  -0.957137E+00   0.307074E+02  -0.529284E+01   0.368363E+00   0.107846E-03   0.118172E+02   0.107130E+02   0.188971E+02   0.151613E+02   0.210437E+03
   0.351038E+02  -0.186902E+01  -0.907301E+00   0.306182E+02  -0.422615E+01  -0.282889E+01   0.541727E-03   0.982650E+01   0.120460E+02   0.202648E+02   0.146116E+02   0.207727E+03
   0.350938E+02  -0.189059E+01  -0.902666E+00   0.303673E+02  -0.358696E+01  -0.179069E+01   0.530093E-03   0.126713E+02   0.103876E+02   0.146560E+02   0.158592E+02   0.213352E+03
   0.350674E+02  -0.192807E+01  -0.825673E+00   0.300308E+02  -0.236626E+01  -0.146712E+01   0.432280E-03   0.940047E+01   0.110697E+02   0.143580E+02   0.188047E+02   0.212117E+03
   0.350440E+02  -0.181684E+01  -0.775534E+00   0.299012E+02  -0.267479E+01  -0.176516E+01   0.394999E-03   0.753014E+01   0.103826E+02   0.170489E+02   0.141467E+02   0.212564E+03
   0.350440E+02  -0.184793E+01  -0.987207E+00   0.303110E+02  -0.270317E+01  -0.125278E+01   0.704264E-03   0.108815E+02   0.115863E+02   0.165071E+02   0.143990E+02   0.211893E+03
   0.350845E+02  -0.186198E+01  -0.935236E+00   0.302495E+02  -0.358308E+01  -0.205545E+01   0.425442E-03   0.890490E+01   0.120226E+02   0.127076E+02   0.122260E+02   0.213378E+03
   0.350845E+02  -0.204405E+01  -0.412143E+00   0.303436E+02  -0.327692E+01  -0.944253E+00   0.253734E-03   0.888793E+01   0.744160E+01   0.134087E+02   0.182492E+02   0.210011E+03
   0.351211E+02  -0.199087E+01  -0.787674E+00   0.303331E+02  -0.386202E+01  -0.944253E+00   0.428344E-03   0.106101E+02   0.106313E+02   0.179488E+02   0.132912E+02   0.213638E+03
   0.351214E+02  -0.201333E+01  -0.623493E+00   0.303246E+02  -0.375052E+01  -0.944253E+00   0.870924E-03   0.126105E+02   0.856138E+01   0.126553E+02   0.149770E+02   0.211673E+03
   0.350875E+02  -0.198759E+01  -0.445385E+00   0.304380E+02  -0.484525E+01  -0.760758E+00   0.546916E-03   0.123133E+02   0.114484E+02   0.123275E+02   0.138600E+02   0.212809E+03
   0.350875E+02  -0.198759E+01  -0.497293E+00   0.304063E+02  -0.443197E+01  -0.178988E+01   0.501449E-03   0.965900E+01   0.847521E+01   0.165723E+02   0.151078E+02   0.214240E+03
   0.350857E+02  -0.198980E+01  -0.826464E+00   0.304659E+02  -0.357908E+01   0.241470E+00   0.201429E-04   0.870038E+01   0.104239E+02   0.171736E+02   0.931844E+01   0.211477E+03
   0.350716E+02  -0.198299E+01  -0.820969E+00   0.300232E+02  -0.219577E+01  -0.240329E+00   0.245099E-05   0.884627E+01   0.982260E+01   0.158988E+02   0.156485E+02   0.207994E+03
   0.350747E+02  -0.194186E+01  -0.703004E+00   0.301361E+02  -0.269252E+01  -0.216032E+01   0.312459E-03   0.109001E+02   0.119451E+02   0.194689E+02   0.111685E+02   0.211841E+03
   0.350750E+02  -0.188012E+01  -0.719448E+00   0.302333E+02  -0.365630E+01  -0.293141E+00   0.649930E-03   0.884382E+01   0.101214E+02   0.196667E+02   0.163013E+02   0.212718E+03
   0.350502E+02  -0.188012E+01  -0.831623E+00   0.303998E+02  -0.356045E+01   0.324230E+00   0.202831E-03   0.727549E+01   0.130011E+02   0.129381E+02   0.150746E+02   0.212660E+03
   0.351037E+02  -0.187532E+01  -0.831623E+00   0.302412E+02  -0.371709E+01  -0.142528E+01   0.186691E-03   0.953031E+01   0.104731E+02   0.195663E+02   0.149264E+02   0.212849E+03
   0.350692E+02  -0.177355E+01  -0.831623E+00   0.302320E+02  -0.437249E+01  -0.152689E+01   0.147675E-03   0.101683E+02   0.108170E+02   0.101708E+02   0.149481E+02   0.211800E+03
   0.351007E+02  -0.194206E+01  -0.651640E+00   0.301892E+02  -0.351095E+01  -0.912667E+00   0.843102E-03   0.998477E+01   0.771646E+01   0.153449E+02   0.185952E+02   0.211621E+03
   0.350551E+02  -0.192071E+01  -0.376471E+00   0.302481E+02  -0.438731E+01  -0.156705E+01   0.183174E-03   0.661335E+01   0.771646E+01   0.138381E+02   0.110149E+02   0.210174E+03
   0.350324E+02  -0.193631E+01  -0.628914E+00   0.303841E+02  -0.444874E+01  -0.885718E+00   0.453433E-03   0.131009E+02   0.839646E+01   0.138381E+02   0.145686E+02   0.210670E+03
   0.350834E+02  -0.203552E+01  -0.736678E+00   0.308068E+02  -0.474915E+01   0.273593E+00   0.738005E-04   0.110852E+02   0.903674E+01   0.188220E+02   0.138090E+02   0.211644E+03
   0.351196E+02  -0.199430E+01  -0.627800E+00   0.307396E+02  -0.474915E+01   0.864900E-01   0.496818E-03   0.680640E+01   0.947571E+01   0.144282E+02   0.133886E+02   0.211571E+03
   0.351133E+02  -0.200252E+01  -0.825277E+00   0.303578E+02  -0.386411E+01  -0.623240E+00   0.437827E-04   0.680640E+01   0.800482E+01   0.167853E+02   0.166545E+02   0.211435E+03
   0.351076E+02  -0.190778E+01  -0.772821E+00   0.303028E+02  -0.375557E+01  -0.510933E+00   0.552118E-03   0.738200E+01   0.844393E+01   0.186208E+02   0.115672E+02   0.211337E+03
   0.350319E+02  -0.188131E+01  -0.881227E+00   0.306027E+02  -0.353449E+01   0.595228E-01   0.865632E-04   0.840653E+01   0.768921E+01   0.145695E+02   0.106833E+02   0.211356E+03
   0.350586E+02  -0.188131E+01  -0.822263E+00   0.306027E+02  -0.499189E+01   0.595228E-01   0.415174E-03   0.125004E+02   0.145104E+02   0.120850E+02   0.172049E+02   0.210746E+03
   0.350112E+02  -0.177190E+01  -0.786806E+00   0.304894E+02  -0.435488E+01  -0.153316E+01   0.373322E-03   0.942515E+01   0.811155E+01   0.106804E+02   0.129090E+02   0.213106E+03
   0.350078E+02  -0.177190E+01  -0.947110E+00   0.304207E+02  -0.397433E+01   0.214449E+00   0.373322E-03   0.815770E+01   0.108608E+02   0.225965E+02   0.180063E+02   0.210762E+03
   0.350436E+02  -0.175585E+01  -0.722428E+00   0.304207E+02  -0.450703E+01  -0.177925E+01   0.373322E-03   0.879842E+01   0.108178E+02   0.144615E+02   0.169709E+02   0.212912E+03
   0.350692E+02  -0.186689E+01  -0.722428E+00   0.302947E+02  -0.417580E+01  -0.236909E+00   0.166554E-03   0.119803E+02   0.142373E+02   0.150714E+02   0.204089E+02   0.211804E+03
   0.350470E+02  -0.192681E+01  -0.669801E+00   0.303760E+02  -0.406648E+01  -0.161803E+01   0.276446E-05   0.848807E+01   0.975965E+01   0.169199E+02   0.115084E+02   0.213757E+03
   0.350470E+02  -0.192681E+01  -0.669801E+00   0.303551E+02  -0.406648E+01  -0.193524E+00   0.253286E-03   0.944995E+01   0.913771E+01   0.157488E+02   0.134307E+02   0.215044E+03
   0.350428E+02  -0.192349E+01  -0.630883E+00   0.304741E+02  -0.406648E+01   0.332751E-01   0.312944E-03   0.906338E+01   0.126320E+02   0.153235E+02   0.150285E+02   0.214115E+03
   0.350428E+02  -0.192349E+01  -0.726171E+00   0.306275E+02  -0.452607E+01   0.782906E-01   0.948086E-03   0.101612E+02   0.105049E+02   0.161905E+02   0.150604E+02   0.211884E+03
   0.350683E+02  -0.181092E+01  -0.856812E+00   0.307048E+02  -0.546273E+01   0.143704E+01   0.126373E-02   0.101617E+02   0.105049E+02   0.213825E+02   0.139755E+02   0.205776E+03
   0.350683E+02  -0.190756E+01  -0.973783E+00   0.306976E+02  -0.384101E+01   0.179002E+01   0.369391E-03   0.787304E+01   0.887074E+01   0.185701E+02   0.136181E+02   0.210772E+03
   0.350368E+02  -0.175527E+01  -0.973783E+00   0.305810E+02  -0.478455E+01   0.151306E+00   0.248488E-03   0.118687E+02   0.120744E+02   0.206109E+02   0.196277E+02   0.210884E+03
   0.350688E+02  -0.187035E+01  -0.719178E+00   0.303615E+02  -0.479730E+01  -0.375955E+00   0.248488E-03   0.114354E+02   0.947776E+01   0.182660E+02   0.158228E+02   0.213415E+03
   0.350688E+02  -0.194600E+01  -0.684370E+00   0.303711E+02  -0.442361E+01   0.503452E+00   0.507406E-04   0.687508E+01   0.656333E+01   0.191062E+02   0.166706E+02   0.209482E+03
   0.350713E+02  -0.191065E+01  -0.939376E+00   0.305786E+02  -0.411913E+01   0.477897E+00   0.178411E-03   0.111984E+02   0.699813E+01   0.149870E+02   0.179472E+02   0.212589E+03
   0.351318E+02  -0.195523E+01  -0.939376E+00   0.304611E+02  -0.372239E+01  -0.376321E-01   0.233278E-03   0.113218E+02   0.122627E+02   0.204065E+02   0.179760E+02   0.208815E+03
   0.351088E+02  -0.192603E+01  -0.764785E+00   0.302407E+02  -0.396825E+01  -0.236572E+00   0.865075E-03   0.872152E+01   0.898820E+01   0.167093E+02   0.193136E+02   0.210958E+03
   0.350398E+02  -0.192603E+01  -0.716461E+00   0.304705E+02  -0.396825E+01  -0.375473E+00   0.342652E-03   0.115911E+02   0.121483E+02   0.149804E+02   0.149975E+02   0.213962E+03
   0.351230E+02  -0.204770E+01  -0.646445E+00   0.303267E+02  -0.403336E+01  -0.131584E+01   0.104722E-03   0.116686E+02   0.648201E+01   0.167517E+02   0.170427E+02   0.211308E+03
   0.351382E+02  -0.211440E+01  -0.723286E+00   0.306846E+02  -0.399617E+01   0.291397E-01   0.529383E-03   0.127631E+02   0.967842E+01   0.149562E+02   0.135305E+02   0.211688E+03
   0.351315E+02  -0.214501E+01  -0.510623E+00   0.307678E+02  -0.500180E+01   0.187620E+01   0.237488E-03   0.129465E+02   0.105308E+02   0.139544E+02   0.172403E+02   0.209408E+03
   0.351315E+02  -0.204268E+01  -0.620551E+00   0.307651E+02  -0.542460E+01   0.131150E+01   0.319633E-03   0.101454E+02   0.105431E+02   0.158061E+02   0.141869E+02   0.212228E+03
   0.350985E+02  -0.205032E+01  -0.497514E+00   0.308926E+02  -0.549462E+01   0.347785E+00   0.424086E-03   0.128323E+02   0.100567E+02   0.187738E+02   0.169751E+02   0.210795E+03
   0.351061E+02  -0.201172E+01  -0.501817E+00   0.308308E+02  -0.530426E+01   0.175547E+01   0.170392E-03   0.963747E+01   0.117173E+02   0.140041E+02   0.180657E+02   0.210945E+03
   0.350205E+02  -0.192444E+01  -0.480099E+00   0.308548E+02  -0.586747E+01   0.962619E+00   0.489216E-03   0.843220E+01   0.947464E+01   0.219678E+02   0.172358E+02   0.207032E+03
   0.350649E+02  -0.208675E+01  -0.624815E+00   0.311402E+02  -0.484927E+01  -0.790751E-01   0.888593E-03   0.106782E+02   0.171994E+02   0.174050E+02   0.144302E+02   0.202317E+03
   0.351375E+02  -0.219891E+01  -0.531604E+00   0.307125E+02  -0.506879E+01   0.124472E+01   0.576123E-03   0.135839E+02   0.700530E+01   0.184052E+02   0.147047E+02   0.204747E+03
   0.351225E+02  -0.209519E+01  -0.748305E+00   0.306537E+02  -0.310822E+01  -0.159329E+01   0.874305E-03   0.981803E+01   0.937940E+01   0.124761E+02   0.105353E+02   0.207727E+03
   0.351225E+02  -0.209519E+01  -0.758645E+00   0.303458E+02  -0.285044E+01  -0.141315E+01   0.463424E-03   0.906271E+01   0.126760E+02   0.195369E+02   0.135894E+02   0.210201E+03
   0.351241E+02  -0.199099E+01  -0.760466E+00   0.303089E+02  -0.389854E+01  -0.143574E+01   0.448833E-03   0.120519E+02   0.687103E+01   0.175654E+02   0.166932E+02   0.211522E+03
   0.351000E+02  -0.203334E+01  -0.445719E+00   0.295673E+02  -0.256374E+01  -0.196389E+01   0.546202E-03   0.117213E+02   0.123665E+02   0.140606E+02   0.191212E+02   0.205552E+03
   0.351177E+02  -0.203568E+01  -0.416658E+00   0.298209E+02  -0.256374E+01  -0.299655E+01   0.501931E-03   0.884602E+01   0.100080E+02   0.179002E+02   0.163512E+02   0.211219E+03
   0.351206E+02  -0.201269E+01  -0.416658E+00   0.301000E+02  -0.299175E+01  -0.260245E+01   0.589624E-03   0.108936E+02   0.910364E+01   0.163836E+02   0.106223E+02   0.209424E+03
   0.350908E+02  -0.197818E+01  -0.590071E+00   0.303473E+02  -0.354959E+01  -0.319325E+01   0.548405E-03   0.109922E+02   0.149077E+02   0.158739E+02   0.119216E+02   0.210269E+03
   0.350908E+02  -0.195916E+01  -0.780177E+00   0.302727E+02  -0.279437E+01  -0.346143E+01   0.373132E-03   0.114923E+02   0.977822E+01   0.146203E+02   0.144196E+02   0.212112E+03
   0.350948E+02  -0.199375E+01  -0.653344E+00   0.299424E+02  -0.299144E+01  -0.273100E+01   0.617273E-03   0.808090E+01   0.994110E+01   0.162602E+02   0.156347E+02   0.212360E+03
   0.350667E+02  -0.194804E+01  -0.653344E+00   0.299820E+02  -0.299144E+01  -0.249575E+01   0.808871E-04   0.958308E+01   0.124497E+02   0.139755E+02   0.134428E+02   0.213561E+03
   0.350667E+02  -0.194804E+01  -0.653344E+00   0.299820E+02  -0.251385E+01  -0.231534E+01   0.425770E-04   0.104461E+02   0.889909E+01   0.134844E+02   0.169998E+02   0.213463E+03
   0.350746E+02  -0.190205E+01  -0.797160E+00   0.299518E+02  -0.260655E+01  -0.261438E+01   0.342718E-03   0.724197E+01   0.117904E+02   0.142062E+02   0.132777E+02   0.212800E+03
   0.350638E+02  -0.191833E+01  -0.833477E+00   0.299077E+02  -0.230010E+01  -0.353711E+01   0.668541E-03   0.121012E+02   0.111693E+02   0.147961E+02   0.198799E+02   0.209281E+03
   0.350852E+02  -0.197988E+01  -0.590246E+00   0.300242E+02  -0.285962E+01  -0.252737E+01   0.528932E-03   0.830832E+01   0.886757E+01   0.150800E+02   0.201951E+02   0.212869E+03
   0.350902E+02  -0.197988E+01  -0.617033E+00   0.300242E+02  -0.260816E+01  -0.259469E+01   0.187053E-03   0.100350E+02   0.804015E+01   0.168731E+02   0.168968E+02   0.213126E+03
   0.350857E+02  -0.188533E+01  -0.659493E+00   0.299917E+02  -0.342216E+01  -0.139033E+01   0.908277E-04   0.900840E+01   0.793539E+01   0.118122E+02   0.269190E+02   0.208609E+03
   0.350991E+02  -0.205595E+01  -0.435536E+00   0.299690E+02  -0.335314E+01  -0.254233E+01   0.230267E-03   0.132458E+02   0.763735E+01   0.105307E+02   0.153979E+02   0.209262E+03
   0.350899E+02  -0.205914E+01  -0.435536E+00   0.301020E+02  -0.338898E+01  -0.114181E+01   0.565240E-03   0.113279E+02   0.961164E+01   0.124496E+02   0.161585E+02   0.212970E+03
   0.352068E+02  -0.223322E+01  -0.420563E+00   0.299461E+02  -0.286281E+01  -0.223921E+00   0.104286E-02   0.113279E+02   0.101492E+02   0.130962E+02   0.161585E+02   0.204835E+03
   0.351975E+02  -0.214675E+01  -0.311989E+00   0.299287E+02  -0.286281E+01  -0.320971E+01   0.100244E-02   0.979293E+01   0.821453E+01   0.143543E+02   0.135850E+02   0.206041E+03
   0.351559E+02  -0.202066E+01  -0.645974E+00   0.298600E+02  -0.286281E+01  -0.279721E+01   0.685090E-03   0.725804E+01   0.883989E+01   0.127078E+02   0.143066E+02   0.209044E+03
   0.350494E+02  -0.187121E+01  -0.740632E+00   0.300969E+02  -0.336203E+01  -0.715819E+00   0.669236E-03   0.128075E+02   0.111478E+02   0.156729E+02   0.197533E+02   0.211689E+03
   0.350494E+02  -0.175708E+01  -0.948966E+00   0.301196E+02  -0.340282E+01  -0.182323E+01   0.272827E-03   0.998516E+01   0.122037E+02   0.118044E+02   0.146485E+02   0.213621E+03
   0.350566E+02  -0.181775E+01  -0.948966E+00   0.305623E+02  -0.386332E+01   0.467416E-01   0.427063E-03   0.988180E+01   0.913397E+01   0.148705E+02   0.191655E+02   0.213192E+03
   0.350387E+02  -0.183782E+01  -0.723376E+00   0.302045E+02  -0.349654E+01  -0.160641E+01   0.510278E-03   0.100786E+02   0.118219E+02   0.170442E+02   0.128670E+02   0.214658E+03
   0.350520E+02  -0.185019E+01  -0.774539E+00   0.302045E+02  -0.401956E+01  -0.145673E+01   0.221248E-03   0.859642E+01   0.108525E+02   0.196524E+02   0.174551E+02   0.213654E+03
   0.351007E+02  -0.185019E+01  -0.848791E+00   0.304740E+02  -0.430907E+01  -0.303532E+01   0.563289E-03   0.112479E+02   0.733284E+01   0.838885E+01   0.148576E+02   0.205576E+03
   0.350482E+02  -0.184048E+01  -0.670776E+00   0.300816E+02  -0.362243E+01  -0.205077E+01   0.191741E-03   0.924338E+01   0.117107E+02   0.180857E+02   0.104715E+02   0.213401E+03
   0.350788E+02  -0.189334E+01  -0.984583E+00   0.304833E+02  -0.388411E+01  -0.122147E+01   0.522068E-03   0.900721E+01   0.107425E+02   0.134394E+02   0.128996E+02   0.213853E+03
