X1_obs         X2_obs         X3_obs         X4_obs         X1_true        X2_true        X3_true        X4_true        Y1_obs         Y2_obs         Y3_obs         Y4_obs         Y5_obs         Y1_unbiased    Y2_unbiased    Y3_unbiased    Y4_unbiased    Y5_unbiased    Y1_sim         Y2_sim         Y3_sim         Y4_sim         Y5_sim         Y1_res         Y2_res         Y3_res         Y4_res         Y5_res         Y1_stdres      Y2_stdres      Y3_stdres      Y4_stdres      Y5_stdres      
   0.100000E+01   0.100000E+01   0.100000E+01   0.108000E+05   0.100000E+01   0.100000E+01   0.100000E+01   0.108000E+05   0.109560E+02  -0.999900E+04  -0.999900E+04  -0.999900E+04  -0.999900E+04   0.109560E+02  -0.999900E+04  -0.999900E+04  -0.999900E+04  -0.999900E+04   0.109572E+02   0.500000E+01   0.214043E+01   0.353969E+02   0.180000E+02  -0.120894E-02  -0.999900E+04  -0.999900E+04  -0.999900E+04  -0.999900E+04  -0.117984E+01  -0.999900E+04  -0.999900E+04  -0.999900E+04  -0.999900E+04
   0.100000E+01   0.100000E+01   0.200000E+01   0.108000E+05   0.100000E+01   0.100000E+01   0.200000E+01   0.108000E+05   0.109506E+02  -0.999900E+04  -0.999900E+04  -0.999900E+04  -0.999900E+04   0.109506E+02  -0.999900E+04  -0.999900E+04  -0.999900E+04  -0.999900E+04   0.109509E+02   0.500000E+01   0.212873E+01   0.357060E+02   0.180000E+02  -0.368835E-03  -0.999900E+04  -0.999900E+04  -0.999900E+04  -0.999900E+04  -0.359958E+00  -0.999900E+04  -0.999900E+04  -0.999900E+04  -0.999900E+04
   0.100000E+01   0.100000E+01   0.300000E+01   0.108000E+05   0.100000E+01   0.100000E+01   0.300000E+01   0.108000E+05   0.109455E+02  -0.999900E+04  -0.999900E+04  -0.999900E+04  -0.999900E+04   0.109455E+02  -0.999900E+04  -0.999900E+04  -0.999900E+04  -0.999900E+04   0.109453E+02   0.500000E+01   0.211565E+01   0.359467E+02   0.180000E+02   0.215118E-03  -0.999900E+04  -0.999900E+04  -0.999900E+04  -0.999900E+04   0.209941E+00  -0.999900E+04  -0.999900E+04  -0.999900E+04  -0.999900E+04
   0.100000E+01   0.100000E+01   0.400000E+01   0.108000E+05   0.100000E+01   0.100000E+01   0.400000E+01   0.108000E+05   0.109398E+02  -0.999900E+04  -0.999900E+04  -0.999900E+04  -0.999900E+04   0.109398E+02  -0.999900E+04  -0.999900E+04  -0.999900E+04  -0.999900E+04   0.109401E+02   0.500000E+01   0.210151E+01   0.361233E+02   0.180000E+02  -0.297011E-03  -0.999900E+04  -0.999900E+04  -0.999900E+04  -0.999900E+04  -0.289862E+00  -0.999900E+04  -0.999900E+04  -0.999900E+04  -0.999900E+04
   0.100000E+01   0.100000E+01   0.500000E+01   0.108000E+05   0.100000E+01   0.100000E+01   0.500000E+01   0.108000E+05   0.109362E+02  -0.999900E+04  -0.999900E+04  -0.999900E+04  -0.999900E+04   0.109362E+02  -0.999900E+04  -0.999900E+04  -0.999900E+04  -0.999900E+04   0.109353E+02   0.500000E+01   0.208657E+01   0.362398E+02   0.180000E+02   0.986998E-03  -0.999900E+04  -0.999900E+04  -0.999900E+04  -0.999900E+04   0.963243E+00  -0.999900E+04  -0.999900E+04  -0.999900E+04  -0.999900E+04
   0.100000E+01   0.100000E+01   0.600000E+01   0.108000E+05   0.100000E+01   0.100000E+01   0.600000E+01   0.108000E+05   0.109312E+02  -0.999900E+04  -0.999900E+04  -0.999900E+04  -0.999900E+04   0.109312E+02  -0.999900E+04  -0.999900E+04  -0.999900E+04  -0.999900E+04   0.109307E+02   0.500000E+01   0.207107E+01   0.363003E+02   0.180000E+02   0.512941E-03  -0.999900E+04  -0.999900E+04  -0.999900E+04  -0.999900E+04   0.500595E+00  -0.999900E+04  -0.999900E+04  -0.999900E+04  -0.999900E+04
   0.100000E+01   0.100000E+01   0.700000E+01   0.108000E+05   0.100000E+01   0.100000E+01   0.700000E+01   0.108000E+05   0.109266E+02  -0.999900E+04  -0.999900E+04  -0.999900E+04  -0.999900E+04   0.109266E+02  -0.999900E+04  -0.999900E+04  -0.999900E+04  -0.999900E+04   0.109264E+02   0.500000E+01   0.205521E+01   0.363091E+02   0.180000E+02   0.182389E-03  -0.999900E+04  -0.999900E+04  -0.999900E+04  -0.999900E+04   0.178000E+00  -0.999900E+04  -0.999900E+04  -0.999900E+04  -0.999900E+04
   0.100000E+01   0.100000E+01   0.900000E+01   0.108000E+05   0.100000E+01   0.100000E+01   0.900000E+01   0.108000E+05   0.109163E+02  -0.999900E+04  -0.999900E+04  -0.999900E+04  -0.999900E+04   0.109163E+02  -0.999900E+04  -0.999900E+04  -0.999900E+04  -0.999900E+04   0.109184E+02   0.500000E+01   0.202299E+01   0.361879E+02   0.180000E+02  -0.205350E-02  -0.999900E+04  -0.999900E+04  -0.999900E+04  -0.999900E+04  -0.200408E+01  -0.999900E+04  -0.999900E+04  -0.999900E+04  -0.999900E+04
   0.100000E+01   0.100000E+01   0.100000E+02   0.108000E+05   0.100000E+01   0.100000E+01   0.100000E+02   0.108000E+05   0.109129E+02  -0.999900E+04  -0.999900E+04  -0.999900E+04  -0.999900E+04   0.109129E+02  -0.999900E+04  -0.999900E+04  -0.999900E+04  -0.999900E+04   0.109145E+02   0.500000E+01   0.200687E+01   0.360661E+02   0.180000E+02  -0.156353E-02  -0.999900E+04  -0.999900E+04  -0.999900E+04  -0.999900E+04  -0.152590E+01  -0.999900E+04  -0.999900E+04  -0.999900E+04  -0.999900E+04
   0.100000E+01   0.100000E+01   0.110000E+02   0.108000E+05   0.100000E+01   0.100000E+01   0.110000E+02   0.108000E+05   0.109103E+02  -0.999900E+04  -0.999900E+04  -0.999900E+04  -0.999900E+04   0.109103E+02  -0.999900E+04  -0.999900E+04  -0.999900E+04  -0.999900E+04   0.109107E+02   0.500000E+01   0.199087E+01   0.359091E+02   0.180000E+02  -0.323618E-03  -0.999900E+04  -0.999900E+04  -0.999900E+04  -0.999900E+04  -0.315829E+00  -0.999900E+04  -0.999900E+04  -0.999900E+04  -0.999900E+04
   0.100000E+01   0.100000E+01   0.120000E+02   0.108000E+05   0.100000E+01   0.100000E+01   0.120000E+02   0.108000E+05   0.109071E+02  -0.999900E+04  -0.999900E+04  -0.999900E+04  -0.999900E+04   0.109071E+02  -0.999900E+04  -0.999900E+04  -0.999900E+04  -0.999900E+04   0.109069E+02   0.500000E+01   0.197506E+01   0.357209E+02   0.180000E+02   0.271438E-03  -0.999900E+04  -0.999900E+04  -0.999900E+04  -0.999900E+04   0.264905E+00  -0.999900E+04  -0.999900E+04  -0.999900E+04  -0.999900E+04
   0.100000E+01   0.100000E+01   0.130000E+02   0.108000E+05   0.100000E+01   0.100000E+01   0.130000E+02   0.108000E+05   0.109022E+02  -0.999900E+04  -0.999900E+04  -0.999900E+04  -0.999900E+04   0.109022E+02  -0.999900E+04  -0.999900E+04  -0.999900E+04  -0.999900E+04   0.109031E+02   0.500000E+01   0.195948E+01   0.355058E+02   0.180000E+02  -0.822283E-03  -0.999900E+04  -0.999900E+04  -0.999900E+04  -0.999900E+04  -0.802492E+00  -0.999900E+04  -0.999900E+04  -0.999900E+04  -0.999900E+04
   0.100000E+01   0.100000E+01   0.140000E+02   0.108000E+05   0.100000E+01   0.100000E+01   0.140000E+02   0.108000E+05   0.109000E+02  -0.999900E+04  -0.999900E+04  -0.999900E+04  -0.999900E+04   0.109000E+02  -0.999900E+04  -0.999900E+04  -0.999900E+04  -0.999900E+04   0.108993E+02   0.500000E+01   0.194417E+01   0.352678E+02   0.180000E+02   0.719202E-03  -0.999900E+04  -0.999900E+04  -0.999900E+04  -0.999900E+04   0.701892E+00  -0.999900E+04  -0.999900E+04  -0.999900E+04  -0.999900E+04
   0.100000E+01   0.300000E+01   0.190000E+02   0.108000E+05   0.100000E+01   0.300000E+01   0.190000E+02   0.108000E+05   0.108750E+02  -0.999900E+04  -0.999900E+04  -0.999900E+04  -0.999900E+04   0.108750E+02  -0.999900E+04  -0.999900E+04  -0.999900E+04  -0.999900E+04   0.108752E+02   0.600000E+01   0.225848E+01   0.339555E+02   0.180000E+02  -0.124881E-03  -0.999900E+04  -0.999900E+04  -0.999900E+04  -0.999900E+04  -0.121876E+00  -0.999900E+04  -0.999900E+04  -0.999900E+04  -0.999900E+04
   0.100000E+01   0.300000E+01   0.210000E+02   0.108000E+05   0.100000E+01   0.300000E+01   0.210000E+02   0.108000E+05   0.108580E+02  -0.999900E+04  -0.999900E+04  -0.999900E+04  -0.999900E+04   0.108580E+02  -0.999900E+04  -0.999900E+04  -0.999900E+04  -0.999900E+04   0.108573E+02   0.600000E+01   0.225067E+01   0.333896E+02   0.180000E+02   0.679943E-03  -0.999900E+04  -0.999900E+04  -0.999900E+04  -0.999900E+04   0.663578E+00  -0.999900E+04  -0.999900E+04  -0.999900E+04  -0.999900E+04
   0.100000E+01   0.300000E+01   0.220000E+02   0.108000E+05   0.100000E+01   0.300000E+01   0.220000E+02   0.108000E+05   0.108469E+02  -0.999900E+04  -0.999900E+04  -0.999900E+04  -0.999900E+04   0.108469E+02  -0.999900E+04  -0.999900E+04  -0.999900E+04  -0.999900E+04   0.108479E+02   0.600000E+01   0.224825E+01   0.331178E+02   0.180000E+02  -0.977155E-03  -0.999900E+04  -0.999900E+04  -0.999900E+04  -0.999900E+04  -0.953636E+00  -0.999900E+04  -0.999900E+04  -0.999900E+04  -0.999900E+04
   0.100000E+01   0.300000E+01   0.230000E+02   0.108000E+05   0.100000E+01   0.300000E+01   0.230000E+02   0.108000E+05   0.108389E+02  -0.999900E+04  -0.999900E+04  -0.999900E+04  -0.999900E+04   0.108389E+02  -0.999900E+04  -0.999900E+04  -0.999900E+04  -0.999900E+04   0.108381E+02   0.600000E+01   0.224663E+01   0.328587E+02   0.180000E+02   0.727849E-03  -0.999900E+04  -0.999900E+04  -0.999900E+04  -0.999900E+04   0.710331E+00  -0.999900E+04  -0.999900E+04  -0.999900E+04  -0.999900E+04
   0.100000E+01   0.300000E+01   0.240000E+02   0.108000E+05   0.100000E+01   0.300000E+01   0.240000E+02   0.108000E+05   0.108263E+02  -0.999900E+04  -0.999900E+04  -0.999900E+04  -0.999900E+04   0.108263E+02  -0.999900E+04  -0.999900E+04  -0.999900E+04  -0.999900E+04   0.108282E+02   0.600000E+01   0.224521E+01   0.326163E+02   0.180000E+02  -0.189944E-02  -0.999900E+04  -0.999900E+04  -0.999900E+04  -0.999900E+04  -0.185372E+01  -0.999900E+04  -0.999900E+04  -0.999900E+04  -0.999900E+04
   0.200000E+01   0.200000E+01   0.100000E+01   0.108000E+05   0.200000E+01   0.200000E+01   0.100000E+01   0.108000E+05   0.108068E+02  -0.999900E+04  -0.999900E+04  -0.999900E+04  -0.999900E+04   0.108068E+02  -0.999900E+04  -0.999900E+04  -0.999900E+04  -0.999900E+04   0.108061E+02   0.200000E+01   0.108549E+01   0.280231E+02   0.180000E+02   0.735414E-03  -0.999900E+04  -0.999900E+04  -0.999900E+04  -0.999900E+04   0.717713E+00  -0.999900E+04  -0.999900E+04  -0.999900E+04  -0.999900E+04
   0.200000E+01   0.200000E+01   0.200000E+01   0.108000E+05   0.200000E+01   0.200000E+01   0.200000E+01   0.108000E+05   0.108025E+02  -0.999900E+04  -0.999900E+04  -0.999900E+04  -0.999900E+04   0.108025E+02  -0.999900E+04  -0.999900E+04  -0.999900E+04  -0.999900E+04   0.108034E+02   0.200000E+01   0.107245E+01   0.309640E+02   0.180000E+02  -0.976646E-03  -0.999900E+04  -0.999900E+04  -0.999900E+04  -0.999900E+04  -0.953140E+00  -0.999900E+04  -0.999900E+04  -0.999900E+04  -0.999900E+04
   0.200000E+01   0.200000E+01   0.300000E+01   0.108000E+05   0.200000E+01   0.200000E+01   0.300000E+01   0.108000E+05   0.108021E+02  -0.999900E+04  -0.999900E+04  -0.999900E+04  -0.999900E+04   0.108021E+02  -0.999900E+04  -0.999900E+04  -0.999900E+04  -0.999900E+04   0.108017E+02   0.200000E+01   0.105828E+01   0.329862E+02   0.180000E+02   0.455062E-03  -0.999900E+04  -0.999900E+04  -0.999900E+04  -0.999900E+04   0.444109E+00  -0.999900E+04  -0.999900E+04  -0.999900E+04  -0.999900E+04
   0.200000E+01   0.200000E+01   0.400000E+01   0.108000E+05   0.200000E+01   0.200000E+01   0.400000E+01   0.108000E+05   0.108009E+02  -0.999900E+04  -0.999900E+04  -0.999900E+04  -0.999900E+04   0.108009E+02  -0.999900E+04  -0.999900E+04  -0.999900E+04  -0.999900E+04   0.108003E+02   0.200000E+01   0.104373E+01   0.342021E+02   0.180000E+02   0.541279E-03  -0.999900E+04  -0.999900E+04  -0.999900E+04  -0.999900E+04   0.528251E+00  -0.999900E+04  -0.999900E+04  -0.999900E+04  -0.999900E+04
   0.200000E+01   0.200000E+01   0.500000E+01   0.108000E+05   0.200000E+01   0.200000E+01   0.500000E+01   0.108000E+05   0.107989E+02  -0.999900E+04  -0.999900E+04  -0.999900E+04  -0.999900E+04   0.107989E+02  -0.999900E+04  -0.999900E+04  -0.999900E+04  -0.999900E+04   0.107992E+02   0.200000E+01   0.102921E+01   0.347239E+02   0.180000E+02  -0.346268E-03  -0.999900E+04  -0.999900E+04  -0.999900E+04  -0.999900E+04  -0.337933E+00  -0.999900E+04  -0.999900E+04  -0.999900E+04  -0.999900E+04
   0.200000E+01   0.200000E+01   0.700000E+01   0.108000E+05   0.200000E+01   0.200000E+01   0.700000E+01   0.108000E+05   0.107977E+02  -0.999900E+04  -0.999900E+04  -0.999900E+04  -0.999900E+04   0.107977E+02  -0.999900E+04  -0.999900E+04  -0.999900E+04  -0.999900E+04   0.107972E+02   0.200000E+01   0.100108E+01   0.341343E+02   0.180000E+02   0.409115E-03  -0.999900E+04  -0.999900E+04  -0.999900E+04  -0.999900E+04   0.399268E+00  -0.999900E+04  -0.999900E+04  -0.999900E+04  -0.999900E+04
   0.200000E+01   0.200000E+01   0.900000E+01   0.108000E+05   0.200000E+01   0.200000E+01   0.900000E+01   0.108000E+05   0.107938E+02  -0.999900E+04  -0.999900E+04  -0.999900E+04  -0.999900E+04   0.107938E+02  -0.999900E+04  -0.999900E+04  -0.999900E+04  -0.999900E+04   0.107950E+02   0.200000E+01   0.974836E+00   0.321153E+02   0.180000E+02  -0.117649E-02  -0.999900E+04  -0.999900E+04  -0.999900E+04  -0.999900E+04  -0.114817E+01  -0.999900E+04  -0.999900E+04  -0.999900E+04  -0.999900E+04
   0.200000E+01   0.200000E+01   0.110000E+02   0.108000E+05   0.200000E+01   0.200000E+01   0.110000E+02   0.108000E+05   0.107914E+02  -0.999900E+04  -0.999900E+04  -0.999900E+04  -0.999900E+04   0.107914E+02  -0.999900E+04  -0.999900E+04  -0.999900E+04  -0.999900E+04   0.107921E+02   0.200000E+01   0.950818E+00   0.295650E+02   0.180000E+02  -0.604537E-03  -0.999900E+04  -0.999900E+04  -0.999900E+04  -0.999900E+04  -0.589987E+00  -0.999900E+04  -0.999900E+04  -0.999900E+04  -0.999900E+04
   0.200000E+01   0.200000E+01   0.120000E+02   0.108000E+05   0.200000E+01   0.200000E+01   0.120000E+02   0.108000E+05   0.107903E+02  -0.999900E+04  -0.999900E+04  -0.999900E+04  -0.999900E+04   0.107903E+02  -0.999900E+04  -0.999900E+04  -0.999900E+04  -0.999900E+04   0.107903E+02   0.200000E+01   0.939643E+00   0.283712E+02   0.180000E+02   0.491587E-04  -0.999900E+04  -0.999900E+04  -0.999900E+04  -0.999900E+04   0.479755E-01  -0.999900E+04  -0.999900E+04  -0.999900E+04  -0.999900E+04
   0.200000E+01   0.200000E+01   0.140000E+02   0.108000E+05   0.200000E+01   0.200000E+01   0.140000E+02   0.108000E+05   0.107870E+02  -0.999900E+04  -0.999900E+04  -0.999900E+04  -0.999900E+04   0.107870E+02  -0.999900E+04  -0.999900E+04  -0.999900E+04  -0.999900E+04   0.107863E+02   0.200000E+01   0.918694E+00   0.267078E+02   0.180000E+02   0.768348E-03  -0.999900E+04  -0.999900E+04  -0.999900E+04  -0.999900E+04   0.749855E+00  -0.999900E+04  -0.999900E+04  -0.999900E+04  -0.999900E+04
   0.200000E+01   0.200000E+01   0.150000E+02   0.108000E+05   0.200000E+01   0.200000E+01   0.150000E+02   0.108000E+05   0.107839E+02  -0.999900E+04  -0.999900E+04  -0.999900E+04  -0.999900E+04   0.107839E+02  -0.999900E+04  -0.999900E+04  -0.999900E+04  -0.999900E+04   0.107841E+02   0.200000E+01   0.908701E+00   0.264627E+02   0.180000E+02  -0.241824E-03  -0.999900E+04  -0.999900E+04  -0.999900E+04  -0.999900E+04  -0.236004E+00  -0.999900E+04  -0.999900E+04  -0.999900E+04  -0.999900E+04
   0.200000E+01   0.200000E+01   0.160000E+02   0.108000E+05   0.200000E+01   0.200000E+01   0.160000E+02   0.108000E+05   0.107825E+02  -0.999900E+04  -0.999900E+04  -0.999900E+04  -0.999900E+04   0.107825E+02  -0.999900E+04  -0.999900E+04  -0.999900E+04  -0.999900E+04   0.107821E+02   0.200000E+01   0.898828E+00   0.267583E+02   0.180000E+02   0.366383E-03  -0.999900E+04  -0.999900E+04  -0.999900E+04  -0.999900E+04   0.357565E+00  -0.999900E+04  -0.999900E+04  -0.999900E+04  -0.999900E+04
