Kmin_MC_Up_a0  Kmin_MC_Up_a1  Kmin_TR_a0     Kmin_TR_a1     Y1_intercept   Y2_intercept   Y3_intercept   Y4_intercept   Y5_intercept   LogPost        
   0.351140E+02  -0.235632E+01   0.303450E+02  -0.415583E+01   0.107593E-02   0.668271E+01   0.126245E+02   0.126981E+02   0.174169E+02   0.187747E+03
   0.351650E+02  -0.223572E+01   0.304013E+02  -0.433776E+01   0.894543E-03   0.976770E+01   0.921689E+01   0.944254E+01   0.170283E+02   0.193001E+03
   0.351280E+02  -0.220007E+01   0.303587E+02  -0.433776E+01   0.842353E-03   0.761584E+01   0.140105E+02   0.172843E+02   0.166074E+02   0.193495E+03
   0.351599E+02  -0.218331E+01   0.303556E+02  -0.459388E+01   0.637998E-03   0.122511E+02   0.102110E+02   0.133317E+02   0.129975E+02   0.194189E+03
   0.351721E+02  -0.232079E+01   0.303126E+02  -0.459388E+01   0.955663E-03   0.111781E+02   0.951986E+01   0.176126E+02   0.117322E+02   0.194273E+03
   0.351465E+02  -0.232079E+01   0.306784E+02  -0.511982E+01   0.125837E-02   0.984474E+01   0.120934E+02   0.145053E+02   0.100673E+02   0.191565E+03
   0.351788E+02  -0.234701E+01   0.307325E+02  -0.506596E+01   0.674354E-03   0.945245E+01   0.125041E+02   0.184917E+02   0.128950E+02   0.193961E+03
   0.351627E+02  -0.234701E+01   0.307325E+02  -0.519850E+01   0.104744E-02   0.118194E+02   0.965174E+01   0.129731E+02   0.167052E+02   0.194086E+03
   0.351837E+02  -0.232273E+01   0.307248E+02  -0.530072E+01   0.855490E-03   0.112053E+02   0.932815E+01   0.129813E+02   0.165884E+02   0.195255E+03
   0.352159E+02  -0.240522E+01   0.306051E+02  -0.518375E+01   0.644615E-03   0.112053E+02   0.925001E+01   0.119390E+02   0.108552E+02   0.192303E+03
   0.351783E+02  -0.240522E+01   0.306462E+02  -0.432579E+01   0.786964E-03   0.723445E+01   0.100424E+02   0.162837E+02   0.138893E+02   0.193741E+03
   0.351379E+02  -0.234514E+01   0.306462E+02  -0.435389E+01   0.771881E-03   0.829452E+01   0.126581E+02   0.117027E+02   0.156067E+02   0.192786E+03
   0.351002E+02  -0.217139E+01   0.305552E+02  -0.511131E+01   0.640294E-03   0.109747E+02   0.928176E+01   0.166021E+02   0.204699E+02   0.194173E+03
   0.351002E+02  -0.216237E+01   0.300722E+02  -0.429029E+01   0.109306E-02   0.116509E+02   0.991212E+01   0.128239E+02   0.189611E+02   0.192561E+03
   0.351002E+02  -0.217308E+01   0.300722E+02  -0.373378E+01   0.974677E-03   0.102110E+02   0.159409E+02   0.153666E+02   0.186231E+02   0.190616E+03
   0.351292E+02  -0.217308E+01   0.300999E+02  -0.424103E+01   0.761029E-03   0.906125E+01   0.848537E+01   0.157292E+02   0.146691E+02   0.195576E+03
   0.351292E+02  -0.217308E+01   0.301419E+02  -0.447339E+01   0.738793E-03   0.775337E+01   0.854306E+01   0.146348E+02   0.940724E+01   0.193037E+03
   0.350995E+02  -0.217308E+01   0.304225E+02  -0.447339E+01   0.863532E-03   0.151715E+02   0.871338E+01   0.176617E+02   0.153434E+02   0.192859E+03
   0.351459E+02  -0.217308E+01   0.302222E+02  -0.447648E+01   0.837890E-03   0.104321E+02   0.756891E+01   0.139632E+02   0.177201E+02   0.194810E+03
   0.351459E+02  -0.217308E+01   0.301984E+02  -0.447648E+01   0.115924E-02   0.898753E+01   0.897141E+01   0.212665E+02   0.219469E+02   0.190649E+03
   0.351362E+02  -0.223282E+01   0.302365E+02  -0.422282E+01   0.543141E-03   0.105392E+02   0.139058E+02   0.141834E+02   0.198359E+02   0.193131E+03
   0.351362E+02  -0.223282E+01   0.302365E+02  -0.447731E+01   0.895669E-03   0.858416E+01   0.106290E+02   0.167127E+02   0.204811E+02   0.194115E+03
   0.351362E+02  -0.224702E+01   0.303025E+02  -0.405782E+01   0.885679E-03   0.104256E+02   0.886779E+01   0.113670E+02   0.195579E+02   0.194313E+03
   0.351594E+02  -0.239071E+01   0.301147E+02  -0.234643E+01   0.117070E-02   0.107569E+02   0.124852E+02   0.113726E+02   0.143841E+02   0.189131E+03
   0.351785E+02  -0.231084E+01   0.301147E+02  -0.371764E+01   0.880345E-03   0.113268E+02   0.885476E+01   0.145400E+02   0.171840E+02   0.194454E+03
   0.351665E+02  -0.232923E+01   0.301147E+02  -0.350654E+01   0.789930E-03   0.132938E+02   0.102106E+02   0.164825E+02   0.131173E+02   0.193228E+03
   0.351804E+02  -0.227762E+01   0.301147E+02  -0.453924E+01   0.768736E-03   0.862287E+01   0.900062E+01   0.142639E+02   0.131173E+02   0.194220E+03
   0.351804E+02  -0.227762E+01   0.301147E+02  -0.402957E+01   0.115538E-02   0.101953E+02   0.100072E+02   0.194600E+02   0.130132E+02   0.193111E+03
   0.351864E+02  -0.228847E+01   0.305865E+02  -0.563399E+01   0.894187E-03   0.883554E+01   0.112940E+02   0.190903E+02   0.201806E+02   0.192376E+03
   0.351788E+02  -0.222241E+01   0.303889E+02  -0.515266E+01   0.593765E-03   0.109747E+02   0.141198E+02   0.154084E+02   0.122890E+02   0.192918E+03
   0.351881E+02  -0.228902E+01   0.304448E+02  -0.497504E+01   0.119754E-02   0.103095E+02   0.865355E+01   0.139038E+02   0.168191E+02   0.194165E+03
   0.351468E+02  -0.228902E+01   0.304448E+02  -0.497504E+01   0.508114E-03   0.823714E+01   0.989044E+01   0.154408E+02   0.152869E+02   0.194787E+03
   0.351468E+02  -0.218021E+01   0.304448E+02  -0.494809E+01   0.100975E-02   0.847079E+01   0.973061E+01   0.177575E+02   0.199317E+02   0.193914E+03
   0.351489E+02  -0.225840E+01   0.304448E+02  -0.412099E+01   0.271688E-03   0.958395E+01   0.135553E+02   0.132611E+02   0.117371E+02   0.191974E+03
   0.351347E+02  -0.224546E+01   0.306318E+02  -0.463133E+01   0.525880E-03   0.110900E+02   0.131722E+02   0.160314E+02   0.134504E+02   0.193582E+03
   0.351347E+02  -0.217641E+01   0.306393E+02  -0.515519E+01   0.720234E-03   0.125067E+02   0.112834E+02   0.144390E+02   0.256760E+02   0.190519E+03
   0.350910E+02  -0.209267E+01   0.304782E+02  -0.530623E+01   0.101227E-02   0.113841E+02   0.738480E+01   0.133801E+02   0.142961E+02   0.194260E+03
   0.350960E+02  -0.208025E+01   0.304782E+02  -0.546102E+01   0.117825E-02   0.834370E+01   0.838943E+01   0.208625E+02   0.141030E+02   0.192311E+03
   0.351292E+02  -0.213949E+01   0.306766E+02  -0.532055E+01   0.451279E-03   0.125282E+02   0.149539E+02   0.168949E+02   0.145526E+02   0.189997E+03
   0.351300E+02  -0.214709E+01   0.306766E+02  -0.600689E+01   0.682866E-03   0.108972E+02   0.153959E+02   0.164905E+02   0.146590E+02   0.192197E+03
   0.351034E+02  -0.217321E+01   0.304561E+02  -0.500821E+01   0.410635E-03   0.915322E+01   0.134214E+02   0.149374E+02   0.116655E+02   0.193490E+03
   0.351034E+02  -0.210828E+01   0.304561E+02  -0.516047E+01   0.605466E-03   0.117606E+02   0.113005E+02   0.184310E+02   0.104491E+02   0.193290E+03
   0.351034E+02  -0.210828E+01   0.303492E+02  -0.480700E+01   0.223975E-03   0.665062E+01   0.987344E+01   0.147320E+02   0.127041E+02   0.192485E+03
   0.351408E+02  -0.216654E+01   0.305404E+02  -0.564040E+01   0.149162E-02   0.867706E+01   0.875937E+01   0.122725E+02   0.159488E+02   0.191526E+03
   0.351408E+02  -0.228604E+01   0.302863E+02  -0.387775E+01   0.709441E-04   0.129955E+02   0.111896E+02   0.173950E+02   0.104595E+02   0.190392E+03
   0.351628E+02  -0.228604E+01   0.302455E+02  -0.397883E+01   0.123455E-03   0.188120E+02   0.108289E+02   0.119695E+02   0.137667E+02   0.187735E+03
   0.351278E+02  -0.226872E+01   0.302063E+02  -0.404787E+01   0.769088E-03   0.106255E+02   0.120324E+02   0.130085E+02   0.101092E+02   0.193007E+03
   0.351388E+02  -0.227558E+01   0.303612E+02  -0.404912E+01   0.801998E-03   0.103888E+02   0.141995E+02   0.183553E+02   0.189525E+02   0.192707E+03
   0.351442E+02  -0.218281E+01   0.304581E+02  -0.492115E+01   0.954967E-03   0.900624E+01   0.773088E+01   0.153272E+02   0.138781E+02   0.195538E+03
   0.351442E+02  -0.229027E+01   0.306266E+02  -0.455866E+01   0.535873E-03   0.886821E+01   0.120578E+02   0.132552E+02   0.172332E+02   0.194343E+03
   0.351664E+02  -0.231814E+01   0.306266E+02  -0.461636E+01   0.123069E-02   0.752773E+01   0.101601E+02   0.128730E+02   0.195160E+02   0.192319E+03
   0.351223E+02  -0.217155E+01   0.301806E+02  -0.485087E+01   0.957192E-03   0.118973E+02   0.926376E+01   0.208014E+02   0.152132E+02   0.192868E+03
   0.351223E+02  -0.213538E+01   0.303333E+02  -0.484282E+01   0.712443E-03   0.107498E+02   0.845038E+01   0.136335E+02   0.155484E+02   0.196052E+03
   0.351560E+02  -0.223237E+01   0.303333E+02  -0.399561E+01   0.856645E-03   0.103898E+02   0.822952E+01   0.164448E+02   0.184673E+02   0.194057E+03
   0.351560E+02  -0.226874E+01   0.303333E+02  -0.511855E+01   0.949048E-03   0.147189E+02   0.136146E+02   0.168682E+02   0.107399E+02   0.189606E+03
   0.351932E+02  -0.228396E+01   0.302903E+02  -0.404336E+01   0.619667E-03   0.119315E+02   0.996857E+01   0.138693E+02   0.219826E+02   0.191529E+03
   0.351844E+02  -0.225972E+01   0.304874E+02  -0.462695E+01   0.619667E-03   0.107614E+02   0.968317E+01   0.140546E+02   0.170939E+02   0.194635E+03
   0.351597E+02  -0.218735E+01   0.304874E+02  -0.547200E+01   0.975937E-03   0.898612E+01   0.818056E+01   0.154466E+02   0.114770E+02   0.194602E+03
   0.351597E+02  -0.227391E+01   0.306576E+02  -0.547200E+01   0.960748E-03   0.112439E+02   0.769274E+01   0.111312E+02   0.121752E+02   0.193866E+03
   0.352128E+02  -0.227391E+01   0.305489E+02  -0.547200E+01   0.103999E-02   0.825113E+01   0.142807E+02   0.191953E+02   0.172423E+02   0.190125E+03
   0.352036E+02  -0.224807E+01   0.305489E+02  -0.593047E+01   0.135439E-02   0.944880E+01   0.123532E+02   0.207598E+02   0.146685E+02   0.189205E+03
   0.351232E+02  -0.215296E+01   0.306707E+02  -0.603269E+01   0.349269E-03   0.862970E+01   0.110667E+02   0.138993E+02   0.191909E+02   0.192251E+03
   0.351232E+02  -0.215296E+01   0.306632E+02  -0.563527E+01   0.990312E-03   0.801921E+01   0.758299E+01   0.177011E+02   0.180865E+02   0.193527E+03
   0.351119E+02  -0.222405E+01   0.305726E+02  -0.522857E+01   0.146194E-02   0.758215E+01   0.113960E+02   0.143818E+02   0.138527E+02   0.191240E+03
   0.351431E+02  -0.218414E+01   0.303749E+02  -0.431137E+01   0.747478E-03   0.957470E+01   0.996049E+01   0.145411E+02   0.184047E+02   0.194706E+03
   0.350965E+02  -0.218414E+01   0.306401E+02  -0.509579E+01   0.980962E-03   0.957470E+01   0.146293E+02   0.160169E+02   0.178658E+02   0.192596E+03
   0.350965E+02  -0.219715E+01   0.306450E+02  -0.509579E+01   0.878241E-03   0.105065E+02   0.130574E+02   0.147283E+02   0.153714E+02   0.194376E+03
   0.351176E+02  -0.234259E+01   0.306450E+02  -0.509579E+01   0.878241E-03   0.970618E+01   0.129665E+02   0.106627E+02   0.152382E+02   0.189380E+03
   0.351539E+02  -0.229907E+01   0.304517E+02  -0.510100E+01   0.868719E-03   0.117060E+02   0.878785E+01   0.121499E+02   0.176193E+02   0.193951E+03
   0.351631E+02  -0.229907E+01   0.304813E+02  -0.517933E+01   0.121409E-02   0.622107E+01   0.103387E+02   0.152345E+02   0.130827E+02   0.191685E+03
   0.351809E+02  -0.231045E+01   0.304470E+02  -0.451189E+01   0.368025E-03   0.962651E+01   0.994739E+01   0.147265E+02   0.945977E+01   0.193296E+03
   0.351983E+02  -0.231045E+01   0.303698E+02  -0.406062E+01   0.567821E-03   0.914380E+01   0.104724E+02   0.118470E+02   0.116542E+02   0.193011E+03
   0.351443E+02  -0.230513E+01   0.309890E+02  -0.520589E+01   0.989474E-03   0.640142E+01   0.992460E+01   0.149347E+02   0.186597E+02   0.190510E+03
   0.351443E+02  -0.232429E+01   0.306284E+02  -0.437566E+01   0.109816E-02   0.110174E+02   0.953117E+01   0.140165E+02   0.169103E+02   0.194212E+03
   0.352753E+02  -0.250212E+01   0.301479E+02  -0.374030E+01   0.135724E-02   0.114729E+02   0.877190E+01   0.127731E+02   0.179267E+02   0.188619E+03
   0.352625E+02  -0.247443E+01   0.302603E+02  -0.374030E+01   0.100723E-02   0.122661E+02   0.877190E+01   0.130015E+02   0.150719E+02   0.191066E+03
   0.352159E+02  -0.245343E+01   0.306218E+02  -0.419077E+01   0.108282E-02   0.129881E+02   0.144217E+02   0.157481E+02   0.145576E+02   0.190525E+03
   0.351908E+02  -0.232476E+01   0.306233E+02  -0.483274E+01   0.108282E-02   0.124277E+02   0.114249E+02   0.182818E+02   0.135043E+02   0.193194E+03
   0.351518E+02  -0.220844E+01   0.307473E+02  -0.576528E+01   0.756928E-03   0.868083E+01   0.104754E+02   0.869357E+01   0.135043E+02   0.192403E+03
   0.351321E+02  -0.220844E+01   0.307439E+02  -0.565472E+01   0.100819E-02   0.100193E+02   0.805507E+01   0.169525E+02   0.188553E+02   0.194039E+03
   0.351392E+02  -0.215983E+01   0.304976E+02  -0.537818E+01   0.676126E-03   0.898643E+01   0.808640E+01   0.108569E+02   0.185127E+02   0.194230E+03
   0.350872E+02  -0.215983E+01   0.304635E+02  -0.537818E+01   0.843312E-03   0.796660E+01   0.857332E+01   0.130608E+02   0.219526E+02   0.191722E+03
   0.351356E+02  -0.223169E+01   0.306728E+02  -0.487151E+01   0.119531E-02   0.987048E+01   0.766811E+01   0.169485E+02   0.181699E+02   0.192902E+03
   0.350914E+02  -0.210403E+01   0.303848E+02  -0.487151E+01   0.809048E-03   0.137799E+02   0.635538E+01   0.142286E+02   0.150919E+02   0.192447E+03
   0.351118E+02  -0.221342E+01   0.302276E+02  -0.357380E+01   0.745287E-03   0.648145E+01   0.877698E+01   0.137141E+02   0.115340E+02   0.192210E+03
   0.351669E+02  -0.240925E+01   0.305098E+02  -0.314625E+01   0.110730E-02   0.114416E+02   0.992689E+01   0.173894E+02   0.153029E+02   0.191157E+03
   0.351843E+02  -0.238655E+01   0.303755E+02  -0.396099E+01   0.456521E-03   0.919273E+01   0.106673E+02   0.998891E+01   0.149064E+02   0.192664E+03
   0.351716E+02  -0.238655E+01   0.305207E+02  -0.396099E+01   0.787858E-03   0.790085E+01   0.150948E+02   0.103170E+02   0.109646E+02   0.189806E+03
   0.352052E+02  -0.232851E+01   0.302172E+02  -0.366324E+01   0.524906E-03   0.771925E+01   0.628503E+01   0.173211E+02   0.171450E+02   0.189339E+03
   0.351263E+02  -0.222256E+01   0.300692E+02  -0.366324E+01   0.732186E-03   0.113351E+02   0.884798E+01   0.161864E+02   0.156782E+02   0.194541E+03
   0.351011E+02  -0.214340E+01   0.301828E+02  -0.422250E+01   0.546050E-03   0.840158E+01   0.110738E+02   0.157145E+02   0.921098E+01   0.192307E+03
   0.351892E+02  -0.231688E+01   0.303133E+02  -0.419419E+01   0.559394E-03   0.104170E+02   0.886136E+01   0.134554E+02   0.153274E+02   0.195530E+03
   0.352590E+02  -0.255130E+01   0.306035E+02  -0.419419E+01   0.932871E-03   0.965442E+01   0.119504E+02   0.153975E+02   0.117730E+02   0.190829E+03
   0.352633E+02  -0.256058E+01   0.307976E+02  -0.487876E+01   0.687470E-03   0.965442E+01   0.108894E+02   0.155559E+02   0.242638E+02   0.186264E+03
   0.352245E+02  -0.260436E+01   0.310747E+02  -0.456991E+01   0.115161E-02   0.141784E+02   0.107808E+02   0.148957E+02   0.165221E+02   0.186136E+03
   0.352245E+02  -0.250058E+01   0.310642E+02  -0.574990E+01   0.650011E-03   0.131083E+02   0.854594E+01   0.157931E+02   0.123939E+02   0.187675E+03
   0.351345E+02  -0.235115E+01   0.307972E+02  -0.541921E+01   0.127832E-02   0.864344E+01   0.850132E+01   0.166705E+02   0.163634E+02   0.191273E+03
   0.351634E+02  -0.228725E+01   0.307972E+02  -0.580951E+01   0.107536E-02   0.659160E+01   0.989145E+01   0.137709E+02   0.125705E+02   0.192758E+03
   0.351465E+02  -0.224150E+01   0.308322E+02  -0.578531E+01   0.107536E-02   0.105659E+02   0.911888E+01   0.968911E+01   0.148028E+02   0.192920E+03
   0.351149E+02  -0.219700E+01   0.306080E+02  -0.549204E+01   0.554502E-03   0.100572E+02   0.934156E+01   0.177131E+02   0.129462E+02   0.195086E+03
   0.350869E+02  -0.215685E+01   0.306854E+02  -0.481188E+01   0.822340E-03   0.839210E+01   0.815068E+01   0.148585E+02   0.174668E+02   0.193312E+03
   0.351212E+02  -0.215685E+01   0.304319E+02  -0.498893E+01   0.122475E-02   0.785401E+01   0.113729E+02   0.104734E+02   0.127262E+02   0.192545E+03
   0.351108E+02  -0.215685E+01   0.303143E+02  -0.471033E+01   0.701727E-04   0.775905E+01   0.106109E+02   0.122684E+02   0.134108E+02   0.193383E+03
   0.351127E+02  -0.215685E+01   0.302779E+02  -0.442873E+01   0.981163E-03   0.145868E+02   0.145442E+02   0.144956E+02   0.134108E+02   0.191683E+03
   0.350802E+02  -0.210275E+01   0.302681E+02  -0.558715E+01   0.165677E-02   0.100108E+02   0.101749E+02   0.155589E+02   0.177461E+02   0.187839E+03
   0.351058E+02  -0.210081E+01   0.308134E+02  -0.600764E+01   0.849480E-03   0.102922E+02   0.841858E+01   0.143429E+02   0.176173E+02   0.193911E+03
   0.351387E+02  -0.227738E+01   0.310314E+02  -0.600764E+01   0.929270E-03   0.108676E+02   0.895088E+01   0.141796E+02   0.121585E+02   0.193370E+03
   0.351357E+02  -0.238274E+01   0.311073E+02  -0.600764E+01   0.929270E-03   0.132328E+02   0.710102E+01   0.197790E+02   0.208842E+02   0.184503E+03
   0.351301E+02  -0.225627E+01   0.305460E+02  -0.551649E+01   0.929270E-03   0.116442E+02   0.112914E+02   0.141700E+02   0.117551E+02   0.193159E+03
   0.351301E+02  -0.225391E+01   0.306276E+02  -0.517192E+01   0.494837E-03   0.875312E+01   0.880815E+01   0.158457E+02   0.174867E+02   0.194967E+03
   0.351197E+02  -0.225813E+01   0.305472E+02  -0.442317E+01   0.902712E-03   0.954046E+01   0.811044E+01   0.157903E+02   0.203743E+02   0.193841E+03
   0.351397E+02  -0.225813E+01   0.305649E+02  -0.472288E+01   0.672633E-03   0.120969E+02   0.982105E+01   0.181045E+02   0.164624E+02   0.195213E+03
   0.351385E+02  -0.224856E+01   0.304861E+02  -0.549764E+01   0.131731E-02   0.116727E+02   0.101345E+02   0.115861E+02   0.141942E+02   0.191796E+03
   0.351142E+02  -0.219307E+01   0.306578E+02  -0.549764E+01   0.406468E-03   0.890353E+01   0.110190E+02   0.115861E+02   0.127268E+02   0.194135E+03
   0.350754E+02  -0.219307E+01   0.308063E+02  -0.562871E+01   0.406468E-03   0.579045E+01   0.109605E+02   0.144295E+02   0.146570E+02   0.187501E+03
   0.351019E+02  -0.208671E+01   0.309406E+02  -0.629190E+01   0.794810E-03   0.699963E+01   0.114127E+02   0.183587E+02   0.158126E+02   0.190780E+03
   0.351019E+02  -0.210487E+01   0.306754E+02  -0.633666E+01   0.975871E-03   0.783199E+01   0.119607E+02   0.147669E+02   0.995931E+01   0.191155E+03
   0.350976E+02  -0.210487E+01   0.306542E+02  -0.592058E+01   0.121390E-02   0.105179E+02   0.145462E+02   0.193979E+02   0.127683E+02   0.190474E+03
   0.351326E+02  -0.220937E+01   0.306030E+02  -0.561999E+01   0.585146E-03   0.770133E+01   0.116484E+02   0.199014E+02   0.191690E+02   0.192437E+03
   0.351848E+02  -0.234545E+01   0.306030E+02  -0.478454E+01   0.941398E-03   0.711383E+01   0.896964E+01   0.182875E+02   0.151582E+02   0.194079E+03
   0.352031E+02  -0.233332E+01   0.308661E+02  -0.553679E+01   0.854823E-03   0.927904E+01   0.856799E+01   0.225827E+02   0.202422E+02   0.190108E+03
   0.351461E+02  -0.223853E+01   0.305039E+02  -0.511138E+01   0.961982E-03   0.917670E+01   0.110985E+02   0.165107E+02   0.177713E+02   0.195482E+03
   0.351461E+02  -0.225503E+01   0.305039E+02  -0.511138E+01   0.796550E-03   0.922526E+01   0.782088E+01   0.854335E+01   0.155437E+02   0.192700E+03
   0.351454E+02  -0.221390E+01   0.305039E+02  -0.511138E+01   0.506048E-03   0.929352E+01   0.693264E+01   0.146026E+02   0.142459E+02   0.195294E+03
   0.351220E+02  -0.221390E+01   0.304135E+02  -0.509463E+01   0.831132E-03   0.782691E+01   0.972108E+01   0.100372E+02   0.159315E+02   0.193855E+03
   0.352113E+02  -0.242328E+01   0.305248E+02  -0.422395E+01   0.327915E-03   0.640699E+01   0.107275E+02   0.968215E+01   0.962152E+01   0.186774E+03
   0.351464E+02  -0.242328E+01   0.305250E+02  -0.379947E+01   0.926720E-03   0.107905E+02   0.650513E+01   0.134114E+02   0.108224E+02   0.189380E+03
   0.351249E+02  -0.226059E+01   0.304251E+02  -0.493308E+01   0.110313E-02   0.612351E+01   0.785117E+01   0.125950E+02   0.162541E+02   0.191148E+03
   0.351496E+02  -0.218776E+01   0.302071E+02  -0.389258E+01   0.498127E-03   0.121433E+02   0.117755E+02   0.151922E+02   0.180206E+02   0.191893E+03
   0.351506E+02  -0.210081E+01   0.303740E+02  -0.512428E+01   0.753137E-03   0.981976E+01   0.114364E+02   0.151556E+02   0.101631E+02   0.191538E+03
   0.350999E+02  -0.210295E+01   0.303740E+02  -0.466060E+01   0.895976E-03   0.131588E+02   0.989014E+01   0.128884E+02   0.140771E+02   0.194427E+03
   0.351185E+02  -0.215469E+01   0.304407E+02  -0.447008E+01   0.758721E-03   0.136296E+02   0.129836E+02   0.140108E+02   0.116056E+02   0.192397E+03
   0.351157E+02  -0.215469E+01   0.306489E+02  -0.559395E+01   0.573764E-03   0.106512E+02   0.109418E+02   0.129190E+02   0.161892E+02   0.195330E+03
   0.351082E+02  -0.215469E+01   0.303625E+02  -0.483494E+01   0.126125E-02   0.109480E+02   0.827428E+01   0.137062E+02   0.119809E+02   0.193553E+03
   0.350954E+02  -0.217904E+01   0.304628E+02  -0.443700E+01   0.539729E-03   0.856370E+01   0.809734E+01   0.159077E+02   0.135565E+02   0.194516E+03
   0.351393E+02  -0.226252E+01   0.304201E+02  -0.471271E+01   0.802394E-03   0.116058E+02   0.932216E+01   0.136021E+02   0.154670E+02   0.196218E+03
   0.351562E+02  -0.228984E+01   0.306019E+02  -0.441950E+01   0.785287E-03   0.980474E+01   0.932323E+01   0.109351E+02   0.111683E+02   0.193934E+03
   0.351381E+02  -0.228984E+01   0.305382E+02  -0.441950E+01   0.109566E-02   0.105999E+02   0.101017E+02   0.155979E+02   0.164760E+02   0.194903E+03
   0.351316E+02  -0.228984E+01   0.305382E+02  -0.441950E+01   0.606656E-03   0.489423E+01   0.112853E+02   0.135636E+02   0.152786E+02   0.189757E+03
   0.351503E+02  -0.224450E+01   0.305232E+02  -0.551347E+01   0.702081E-03   0.141236E+02   0.899952E+01   0.149337E+02   0.127616E+02   0.193672E+03
   0.350802E+02  -0.208880E+01   0.305208E+02  -0.502333E+01   0.617177E-03   0.102462E+02   0.847037E+01   0.150466E+02   0.147284E+02   0.194784E+03
   0.350896E+02  -0.212993E+01   0.307197E+02  -0.538691E+01   0.788666E-03   0.988710E+01   0.795972E+01   0.946397E+01   0.177348E+02   0.192021E+03
   0.351450E+02  -0.215860E+01   0.302766E+02  -0.414834E+01   0.103586E-02   0.949797E+01   0.805238E+01   0.199942E+02   0.125929E+02   0.192162E+03
   0.351383E+02  -0.226649E+01   0.302766E+02  -0.391820E+01   0.103586E-02   0.119638E+02   0.652138E+01   0.138860E+02   0.248100E+02   0.189454E+03
   0.351538E+02  -0.226648E+01   0.304543E+02  -0.444612E+01   0.905035E-03   0.608865E+01   0.108236E+02   0.151920E+02   0.206035E+02   0.192211E+03
   0.351553E+02  -0.226648E+01   0.302616E+02  -0.402382E+01   0.673267E-03   0.130448E+02   0.933112E+01   0.174544E+02   0.194528E+02   0.193627E+03
   0.351434E+02  -0.227546E+01   0.302390E+02  -0.402382E+01   0.718225E-03   0.665816E+01   0.113710E+02   0.166572E+02   0.125191E+02   0.193737E+03
   0.351623E+02  -0.227546E+01   0.306972E+02  -0.527555E+01   0.636762E-03   0.127697E+02   0.102235E+02   0.149077E+02   0.180132E+02   0.194632E+03
   0.351550E+02  -0.226326E+01   0.305723E+02  -0.552448E+01   0.818789E-03   0.100881E+02   0.813738E+01   0.130520E+02   0.136557E+02   0.195304E+03
   0.351496E+02  -0.233730E+01   0.308368E+02  -0.435232E+01   0.851382E-03   0.104812E+02   0.110236E+02   0.107232E+02   0.163673E+02   0.191218E+03
   0.351411E+02  -0.219919E+01   0.303997E+02  -0.458448E+01   0.959984E-03   0.907876E+01   0.890226E+01   0.165836E+02   0.117595E+02   0.195457E+03
   0.351504E+02  -0.229894E+01   0.307235E+02  -0.458448E+01   0.112552E-02   0.119673E+02   0.835509E+01   0.162373E+02   0.152203E+02   0.193275E+03
   0.351683E+02  -0.227629E+01   0.303243E+02  -0.371793E+01   0.156406E-03   0.127402E+02   0.838200E+01   0.186824E+02   0.144157E+02   0.189672E+03
   0.351726E+02  -0.224530E+01   0.303243E+02  -0.391475E+01   0.708428E-03   0.863349E+01   0.115335E+02   0.156898E+02   0.160215E+02   0.193417E+03
   0.351403E+02  -0.221567E+01   0.301734E+02  -0.413179E+01   0.866608E-03   0.863349E+01   0.856816E+01   0.196662E+02   0.162520E+02   0.194556E+03
   0.351380E+02  -0.221567E+01   0.306712E+02  -0.507744E+01   0.785579E-03   0.103481E+02   0.689154E+01   0.169865E+02   0.154954E+02   0.194408E+03
   0.351541E+02  -0.217968E+01   0.301972E+02  -0.507744E+01   0.785579E-03   0.140864E+02   0.121479E+02   0.119384E+02   0.124942E+02   0.191727E+03
   0.350982E+02  -0.217968E+01   0.307105E+02  -0.507744E+01   0.738675E-03   0.139903E+02   0.926043E+01   0.126635E+02   0.180975E+02   0.192655E+03
   0.351635E+02  -0.231787E+01   0.307350E+02  -0.486790E+01   0.118567E-02   0.106625E+02   0.101430E+02   0.162703E+02   0.120910E+02   0.193723E+03
   0.351635E+02  -0.228225E+01   0.305103E+02  -0.469218E+01   0.801490E-03   0.873399E+01   0.122785E+02   0.192152E+02   0.197282E+02   0.193773E+03
   0.351498E+02  -0.227267E+01   0.304327E+02  -0.469218E+01   0.529213E-05   0.138887E+02   0.918634E+01   0.148235E+02   0.174435E+02   0.192678E+03
   0.351676E+02  -0.229284E+01   0.306852E+02  -0.540895E+01   0.109256E-02   0.110044E+02   0.933424E+01   0.157970E+02   0.197635E+02   0.193767E+03
   0.351557E+02  -0.229284E+01   0.304816E+02  -0.518327E+01   0.949745E-03   0.123696E+02   0.109294E+02   0.144476E+02   0.122573E+02   0.194126E+03
   0.351556E+02  -0.229442E+01   0.306196E+02  -0.518327E+01   0.944966E-03   0.950053E+01   0.118875E+02   0.133336E+02   0.122573E+02   0.195204E+03
   0.350912E+02  -0.217600E+01   0.306129E+02  -0.522550E+01   0.703829E-03   0.106091E+02   0.840414E+01   0.138826E+02   0.183038E+02   0.194543E+03
   0.351131E+02  -0.217600E+01   0.306146E+02  -0.552938E+01   0.545503E-03   0.967580E+01   0.821069E+01   0.122199E+02   0.131365E+02   0.195086E+03
   0.351131E+02  -0.217600E+01   0.306321E+02  -0.484837E+01   0.185991E-03   0.110668E+02   0.117285E+02   0.129496E+02   0.195514E+02   0.191108E+03
   0.351167E+02  -0.212342E+01   0.304971E+02  -0.503457E+01   0.917493E-03   0.118927E+02   0.929176E+01   0.185176E+02   0.161311E+02   0.194377E+03
   0.351154E+02  -0.220761E+01   0.308273E+02  -0.571716E+01   0.105686E-02   0.742193E+01   0.665955E+01   0.116865E+02   0.764737E+01   0.186827E+03
   0.350996E+02  -0.220336E+01   0.306875E+02  -0.469324E+01   0.655714E-03   0.574839E+01   0.104474E+02   0.122468E+02   0.132630E+02   0.190515E+03
   0.350906E+02  -0.216591E+01   0.305179E+02  -0.454056E+01   0.732164E-03   0.629973E+01   0.115676E+02   0.136124E+02   0.144444E+02   0.192731E+03
   0.351372E+02  -0.220313E+01   0.305179E+02  -0.454056E+01   0.599804E-03   0.532267E+01   0.846071E+01   0.170416E+02   0.144444E+02   0.190700E+03
   0.350904E+02  -0.220313E+01   0.302510E+02  -0.400041E+01   0.110031E-02   0.112557E+02   0.105077E+02   0.163725E+02   0.206421E+02   0.191977E+03
   0.351305E+02  -0.218659E+01   0.301767E+02  -0.448118E+01   0.108678E-02   0.928022E+01   0.623748E+01   0.155424E+02   0.105522E+02   0.191755E+03
   0.351295E+02  -0.224564E+01   0.302308E+02  -0.417563E+01   0.802303E-03   0.108074E+02   0.156726E+02   0.128814E+02   0.137195E+02   0.192866E+03
   0.351666E+02  -0.232496E+01   0.302852E+02  -0.431029E+01   0.802303E-03   0.943992E+01   0.126278E+02   0.160635E+02   0.218531E+02   0.192661E+03
   0.351580E+02  -0.232496E+01   0.305245E+02  -0.431029E+01   0.872241E-03   0.731970E+01   0.950074E+01   0.140172E+02   0.101609E+02   0.193678E+03
   0.351793E+02  -0.230779E+01   0.307269E+02  -0.544519E+01   0.764408E-03   0.106967E+02   0.123038E+02   0.100398E+02   0.167109E+02   0.193110E+03
   0.351487E+02  -0.224446E+01   0.308042E+02  -0.544519E+01   0.837974E-03   0.108679E+02   0.129340E+02   0.165146E+02   0.149007E+02   0.194282E+03
   0.351319E+02  -0.223790E+01   0.307046E+02  -0.502416E+01   0.344521E-03   0.127484E+02   0.874477E+01   0.177459E+02   0.144636E+02   0.193048E+03
   0.351075E+02  -0.226551E+01   0.307046E+02  -0.472182E+01   0.303838E-03   0.123638E+02   0.813824E+01   0.102914E+02   0.137811E+02   0.189688E+03
   0.351448E+02  -0.226551E+01   0.304858E+02  -0.450683E+01   0.979664E-03   0.131279E+02   0.106703E+02   0.209408E+02   0.174895E+02   0.192771E+03
   0.351543E+02  -0.228659E+01   0.304858E+02  -0.445581E+01   0.666510E-03   0.101396E+02   0.115052E+02   0.235239E+02   0.121003E+02   0.192900E+03
   0.351016E+02  -0.216762E+01   0.304858E+02  -0.514600E+01   0.606139E-03   0.921185E+01   0.107810E+02   0.131046E+02   0.163735E+02   0.195611E+03
   0.351886E+02  -0.225638E+01   0.305064E+02  -0.495436E+01   0.119325E-02   0.102558E+02   0.906448E+01   0.100592E+02   0.135196E+02   0.192513E+03
   0.351975E+02  -0.234029E+01   0.304750E+02  -0.453075E+01   0.998232E-03   0.908372E+01   0.101061E+02   0.177179E+02   0.145058E+02   0.195017E+03
   0.352070E+02  -0.235294E+01   0.304750E+02  -0.510043E+01   0.266760E-03   0.121074E+02   0.869143E+01   0.145302E+02   0.183272E+02   0.191183E+03
   0.352327E+02  -0.240030E+01   0.303925E+02  -0.485449E+01   0.774488E-03   0.100547E+02   0.101734E+02   0.214328E+02   0.114937E+02   0.190950E+03
   0.352327E+02  -0.240979E+01   0.304866E+02  -0.478725E+01   0.611647E-03   0.110659E+02   0.145183E+02   0.150451E+02   0.147063E+02   0.191423E+03
   0.351072E+02  -0.215761E+01   0.304866E+02  -0.501288E+01   0.724607E-03   0.835734E+01   0.869309E+01   0.194946E+02   0.981418E+01   0.193364E+03
   0.351011E+02  -0.207611E+01   0.304511E+02  -0.501288E+01   0.926305E-03   0.128376E+02   0.676238E+01   0.154052E+02   0.126909E+02   0.192404E+03
   0.350786E+02  -0.209085E+01   0.305002E+02  -0.476475E+01   0.926305E-03   0.129391E+02   0.975108E+01   0.160850E+02   0.162491E+02   0.193486E+03
   0.350778E+02  -0.201996E+01   0.303239E+02  -0.513244E+01   0.589287E-03   0.986600E+01   0.160789E+02   0.987791E+01   0.153946E+02   0.189110E+03
   0.350863E+02  -0.203387E+01   0.302520E+02  -0.506294E+01   0.112323E-02   0.100070E+02   0.779133E+01   0.165095E+02   0.121097E+02   0.193095E+03
   0.351351E+02  -0.225808E+01   0.306828E+02  -0.521757E+01   0.103818E-02   0.759156E+01   0.140414E+02   0.217270E+02   0.142127E+02   0.191123E+03
   0.352010E+02  -0.232189E+01   0.306575E+02  -0.509154E+01   0.100829E-02   0.110306E+02   0.115499E+02   0.143959E+02   0.176121E+02   0.193843E+03
   0.352213E+02  -0.236425E+01   0.307221E+02  -0.509154E+01   0.921402E-03   0.119491E+02   0.798284E+01   0.169618E+02   0.170378E+02   0.192548E+03
   0.352271E+02  -0.236425E+01   0.306654E+02  -0.523181E+01   0.104523E-02   0.774398E+01   0.740175E+01   0.219044E+02   0.115721E+02   0.189756E+03
   0.352067E+02  -0.237688E+01   0.310342E+02  -0.527562E+01   0.809711E-03   0.114437E+02   0.160606E+02   0.114627E+02   0.124315E+02   0.187107E+03
   0.352180E+02  -0.236755E+01   0.310582E+02  -0.630640E+01   0.945218E-03   0.125004E+02   0.107517E+02   0.146687E+02   0.142636E+02   0.191168E+03
   0.352180E+02  -0.241954E+01   0.310582E+02  -0.630266E+01   0.123218E-02   0.100745E+02   0.107517E+02   0.225117E+02   0.174899E+02   0.187998E+03
   0.351736E+02  -0.231481E+01   0.308850E+02  -0.527117E+01   0.117220E-02   0.943232E+01   0.118885E+02   0.144845E+02   0.109239E+02   0.192248E+03
   0.351284E+02  -0.224612E+01   0.306304E+02  -0.524914E+01   0.353802E-03   0.552960E+01   0.109201E+02   0.131658E+02   0.159450E+02   0.190833E+03
   0.351025E+02  -0.219715E+01   0.304973E+02  -0.493173E+01   0.807253E-03   0.112424E+02   0.946518E+01   0.148458E+02   0.208095E+02   0.194105E+03
   0.351634E+02  -0.221260E+01   0.303020E+02  -0.423244E+01   0.125105E-02   0.865688E+01   0.103830E+02   0.182574E+02   0.111232E+02   0.192133E+03
   0.351586E+02  -0.226382E+01   0.303448E+02  -0.426134E+01   0.517234E-03   0.104909E+02   0.109054E+02   0.193996E+02   0.158052E+02   0.194839E+03
   0.351908E+02  -0.225858E+01   0.305905E+02  -0.490843E+01   0.893262E-03   0.113647E+02   0.144149E+02   0.137559E+02   0.148378E+02   0.192225E+03
   0.351453E+02  -0.229758E+01   0.308375E+02  -0.555828E+01   0.712166E-03   0.108298E+02   0.106993E+02   0.153375E+02   0.183525E+02   0.194145E+03
   0.351771E+02  -0.230240E+01   0.303496E+02  -0.423884E+01   0.102111E-02   0.987930E+01   0.921646E+01   0.105550E+02   0.186623E+02   0.193819E+03
   0.351754E+02  -0.229755E+01   0.303496E+02  -0.428728E+01   0.111368E-02   0.144966E+02   0.112699E+02   0.142401E+02   0.161681E+02   0.192843E+03
   0.351856E+02  -0.233503E+01   0.303496E+02  -0.446148E+01   0.534660E-03   0.188582E+02   0.106330E+02   0.116042E+02   0.222290E+02   0.187023E+03
   0.351665E+02  -0.226744E+01   0.306909E+02  -0.482998E+01   0.105864E-02   0.925027E+01   0.114920E+02   0.162614E+02   0.128778E+02   0.193963E+03
   0.351259E+02  -0.226399E+01   0.304378E+02  -0.482998E+01   0.735880E-03   0.938362E+01   0.118544E+02   0.170786E+02   0.120941E+02   0.194523E+03
   0.351119E+02  -0.215446E+01   0.304378E+02  -0.510049E+01   0.616539E-03   0.123538E+02   0.102756E+02   0.167485E+02   0.135355E+02   0.195439E+03
   0.351321E+02  -0.215446E+01   0.303648E+02  -0.473253E+01   0.583923E-03   0.107078E+02   0.858848E+01   0.151778E+02   0.165177E+02   0.195685E+03
   0.351172E+02  -0.220048E+01   0.304992E+02  -0.494379E+01   0.547391E-03   0.115594E+02   0.133785E+02   0.157199E+02   0.135851E+02   0.194672E+03
   0.351101E+02  -0.220048E+01   0.305648E+02  -0.444786E+01   0.855349E-03   0.125918E+02   0.128927E+02   0.117524E+02   0.211269E+02   0.191054E+03
   0.351101E+02  -0.216110E+01   0.301538E+02  -0.403032E+01   0.103836E-02   0.936336E+01   0.913370E+01   0.165122E+02   0.120271E+02   0.194617E+03
   0.351576E+02  -0.221397E+01   0.303484E+02  -0.455691E+01   0.987862E-03   0.699430E+01   0.861921E+01   0.125476E+02   0.111187E+02   0.193555E+03
   0.351031E+02  -0.215047E+01   0.303484E+02  -0.499698E+01   0.688707E-03   0.819017E+01   0.915872E+01   0.165401E+02   0.976372E+01   0.193734E+03
   0.350886E+02  -0.203790E+01   0.305701E+02  -0.529379E+01   0.892040E-03   0.105722E+02   0.828172E+01   0.176303E+02   0.108587E+02   0.192197E+03
   0.350915E+02  -0.211990E+01   0.304125E+02  -0.484127E+01   0.983663E-03   0.102703E+02   0.864850E+01   0.147056E+02   0.782481E+01   0.191005E+03
   0.351176E+02  -0.216241E+01   0.302796E+02  -0.395909E+01   0.803302E-03   0.104609E+02   0.125997E+02   0.182149E+02   0.108374E+02   0.192407E+03
   0.351228E+02  -0.219451E+01   0.300671E+02  -0.387126E+01   0.124825E-02   0.828919E+01   0.153799E+02   0.147356E+02   0.131228E+02   0.190660E+03
   0.351272E+02  -0.220783E+01   0.300304E+02  -0.389039E+01   0.109529E-02   0.992884E+01   0.978887E+01   0.123552E+02   0.155702E+02   0.194169E+03
   0.351354E+02  -0.230657E+01   0.305313E+02  -0.435827E+01   0.804490E-03   0.118950E+02   0.114514E+02   0.139323E+02   0.126750E+02   0.194736E+03
   0.351354E+02  -0.234193E+01   0.307015E+02  -0.434569E+01   0.126058E-02   0.660605E+01   0.142629E+02   0.140878E+02   0.158454E+02   0.189131E+03
   0.351587E+02  -0.237534E+01   0.306499E+02  -0.483073E+01   0.726276E-03   0.101382E+02   0.115938E+02   0.130851E+02   0.138512E+02   0.194270E+03
   0.351587E+02  -0.231066E+01   0.305472E+02  -0.428680E+01   0.703984E-03   0.658585E+01   0.906327E+01   0.152312E+02   0.208907E+02   0.192425E+03
   0.352258E+02  -0.228046E+01   0.306701E+02  -0.556710E+01   0.985358E-03   0.108572E+02   0.113854E+02   0.113708E+02   0.122956E+02   0.190988E+03
   0.351896E+02  -0.232464E+01   0.305634E+02  -0.489500E+01   0.687499E-03   0.137423E+02   0.937379E+01   0.132704E+02   0.157506E+02   0.194477E+03
   0.351730E+02  -0.232464E+01   0.307018E+02  -0.498114E+01   0.960199E-03   0.120092E+02   0.665856E+01   0.161561E+02   0.167389E+02   0.193120E+03
   0.351898E+02  -0.230233E+01   0.304081E+02  -0.508077E+01   0.137657E-02   0.142128E+02   0.916113E+01   0.112116E+02   0.110732E+02   0.189385E+03
   0.351655E+02  -0.223892E+01   0.303421E+02  -0.469547E+01   0.530586E-03   0.941831E+01   0.850407E+01   0.118850E+02   0.149803E+02   0.195658E+03
   0.351548E+02  -0.227043E+01   0.303498E+02  -0.441706E+01   0.608474E-03   0.966223E+01   0.103490E+02   0.171710E+02   0.239018E+02   0.193179E+03
   0.351383E+02  -0.225150E+01   0.303498E+02  -0.403352E+01   0.777838E-03   0.966223E+01   0.126394E+02   0.210494E+02   0.174196E+02   0.193179E+03
   0.351313E+02  -0.227896E+01   0.306788E+02  -0.512995E+01   0.653691E-03   0.839653E+01   0.907380E+01   0.124079E+02   0.174196E+02   0.194845E+03
   0.352032E+02  -0.229364E+01   0.302605E+02  -0.401551E+01   0.737955E-03   0.175317E+02   0.104158E+02   0.110478E+02   0.963726E+01   0.186793E+03
   0.351330E+02  -0.222861E+01   0.303191E+02  -0.437616E+01   0.377309E-03   0.948210E+01   0.109516E+02   0.153810E+02   0.134217E+02   0.195615E+03
   0.351283E+02  -0.222861E+01   0.304424E+02  -0.437616E+01   0.558437E-03   0.123735E+02   0.806573E+01   0.173818E+02   0.177453E+02   0.194199E+03
   0.351265E+02  -0.210455E+01   0.304424E+02  -0.468815E+01   0.750417E-03   0.836274E+01   0.135019E+02   0.167136E+02   0.176228E+02   0.191339E+03
   0.350980E+02  -0.215333E+01   0.303495E+02  -0.456068E+01   0.681437E-03   0.109170E+02   0.860553E+01   0.140398E+02   0.213111E+02   0.194036E+03
   0.351286E+02  -0.212884E+01   0.303495E+02  -0.490102E+01   0.821718E-03   0.995679E+01   0.832106E+01   0.157835E+02   0.110646E+02   0.195013E+03
   0.351175E+02  -0.215925E+01   0.304182E+02  -0.490102E+01   0.773921E-03   0.857976E+01   0.986867E+01   0.178675E+02   0.100088E+02   0.194480E+03
   0.351366E+02  -0.221051E+01   0.303982E+02  -0.483219E+01   0.668910E-03   0.107271E+02   0.909257E+01   0.191640E+02   0.174950E+02   0.195392E+03
   0.351718E+02  -0.225749E+01   0.303441E+02  -0.446015E+01   0.668910E-03   0.112181E+02   0.908631E+01   0.120968E+02   0.169614E+02   0.195408E+03
   0.352332E+02  -0.244625E+01   0.306023E+02  -0.460893E+01   0.711574E-03   0.848545E+01   0.808535E+01   0.129758E+02   0.131441E+02   0.193121E+03
   0.352217E+02  -0.245638E+01   0.303910E+02  -0.408453E+01   0.757712E-03   0.103312E+02   0.798283E+01   0.166268E+02   0.152023E+02   0.193436E+03
   0.351605E+02  -0.232909E+01   0.304161E+02  -0.434402E+01   0.963472E-03   0.748052E+01   0.157550E+02   0.182782E+02   0.159886E+02   0.191407E+03
   0.352073E+02  -0.227720E+01   0.302062E+02  -0.403934E+01   0.881087E-03   0.897161E+01   0.928814E+01   0.101848E+02   0.116102E+02   0.191612E+03
   0.351341E+02  -0.211667E+01   0.301333E+02  -0.420646E+01   0.790751E-03   0.880210E+01   0.905269E+01   0.142251E+02   0.118703E+02   0.193782E+03
   0.351176E+02  -0.227723E+01   0.302357E+02  -0.293265E+01   0.110653E-02   0.103118E+02   0.959201E+01   0.118045E+02   0.121200E+02   0.191515E+03
   0.351188E+02  -0.219321E+01   0.300372E+02  -0.381810E+01   0.131637E-02   0.959553E+01   0.117812E+02   0.159130E+02   0.149557E+02   0.192488E+03
   0.350880E+02  -0.220129E+01   0.299227E+02  -0.379645E+01   0.790562E-03   0.772451E+01   0.748915E+01   0.148799E+02   0.131096E+02   0.189426E+03
   0.350632E+02  -0.204740E+01   0.302714E+02  -0.498950E+01   0.790562E-03   0.113370E+02   0.121691E+02   0.182225E+02   0.145684E+02   0.192967E+03
   0.350632E+02  -0.206071E+01   0.304317E+02  -0.452562E+01   0.116636E-02   0.132958E+02   0.123554E+02   0.160788E+02   0.129586E+02   0.190836E+03
   0.350885E+02  -0.210785E+01   0.308849E+02  -0.619050E+01   0.965661E-03   0.125857E+02   0.103468E+02   0.153857E+02   0.127517E+02   0.192871E+03
   0.350885E+02  -0.210729E+01   0.308821E+02  -0.595067E+01   0.112453E-02   0.122503E+02   0.832827E+01   0.146948E+02   0.198095E+02   0.191311E+03
   0.350350E+02  -0.195760E+01   0.308078E+02  -0.606364E+01   0.112527E-02   0.986361E+01   0.106033E+02   0.170584E+02   0.109250E+02   0.189869E+03
   0.350605E+02  -0.203727E+01   0.309015E+02  -0.624125E+01   0.112527E-02   0.100729E+02   0.111263E+02   0.143937E+02   0.175179E+02   0.191680E+03
   0.350864E+02  -0.203727E+01   0.304740E+02  -0.558254E+01   0.657506E-03   0.845843E+01   0.748763E+01   0.198022E+02   0.182603E+02   0.191876E+03
   0.350834E+02  -0.203727E+01   0.305148E+02  -0.505020E+01   0.951151E-03   0.103675E+02   0.138758E+02   0.139202E+02   0.158142E+02   0.192082E+03
   0.351075E+02  -0.200660E+01   0.305148E+02  -0.631246E+01   0.553916E-03   0.132057E+02   0.766909E+01   0.177138E+02   0.203567E+02   0.187308E+03
   0.350781E+02  -0.200660E+01   0.305733E+02  -0.559256E+01   0.110049E-02   0.120029E+02   0.782571E+01   0.136463E+02   0.187996E+02   0.191440E+03
   0.350970E+02  -0.220544E+01   0.306228E+02  -0.530302E+01   0.117823E-02   0.953232E+01   0.910619E+01   0.138771E+02   0.200158E+02   0.192804E+03
   0.351215E+02  -0.225547E+01   0.307956E+02  -0.588838E+01   0.770402E-03   0.109485E+02   0.120654E+02   0.149658E+02   0.160103E+02   0.193022E+03
   0.351329E+02  -0.221751E+01   0.308801E+02  -0.502447E+01   0.899951E-03   0.122206E+02   0.125687E+02   0.146879E+02   0.131349E+02   0.191193E+03
   0.351565E+02  -0.233370E+01   0.308701E+02  -0.583288E+01   0.129684E-02   0.937506E+01   0.123411E+02   0.151783E+02   0.122500E+02   0.191437E+03
   0.351354E+02  -0.224821E+01   0.303346E+02  -0.501554E+01   0.703663E-03   0.987258E+01   0.111840E+02   0.168925E+02   0.181202E+02   0.193796E+03
   0.351858E+02  -0.221890E+01   0.303418E+02  -0.471613E+01   0.973824E-03   0.784322E+01   0.106100E+02   0.970082E+01   0.102972E+02   0.190760E+03
   0.351723E+02  -0.229480E+01   0.303666E+02  -0.471613E+01   0.706389E-03   0.115905E+02   0.814549E+01   0.101427E+02   0.194713E+02   0.193074E+03
   0.351240E+02  -0.229480E+01   0.306609E+02  -0.471613E+01   0.977964E-03   0.829483E+01   0.741483E+01   0.124858E+02   0.119872E+02   0.193369E+03
   0.351122E+02  -0.217148E+01   0.302534E+02  -0.479916E+01   0.356960E-03   0.143143E+02   0.106420E+02   0.164367E+02   0.141455E+02   0.192170E+03
   0.351561E+02  -0.225883E+01   0.302534E+02  -0.479916E+01   0.600694E-03   0.105060E+02   0.819534E+01   0.189764E+02   0.139356E+02   0.193834E+03
   0.351251E+02  -0.225883E+01   0.303299E+02  -0.405482E+01   0.570529E-03   0.151670E+02   0.742633E+01   0.205244E+02   0.993301E+01   0.189024E+03
   0.351393E+02  -0.225883E+01   0.306236E+02  -0.422162E+01   0.116704E-02   0.115930E+02   0.922553E+01   0.161925E+02   0.131393E+02   0.192891E+03
   0.350974E+02  -0.225807E+01   0.301977E+02  -0.333859E+01   0.848200E-03   0.108363E+02   0.891138E+01   0.137182E+02   0.180116E+02   0.192443E+03
   0.350847E+02  -0.215776E+01   0.298975E+02  -0.360581E+01   0.848200E-03   0.136062E+02   0.124427E+02   0.120675E+02   0.173729E+02   0.189320E+03
   0.351505E+02  -0.212792E+01   0.300532E+02  -0.435617E+01   0.888114E-03   0.100559E+02   0.122011E+02   0.172745E+02   0.164514E+02   0.192803E+03
   0.351222E+02  -0.211049E+01   0.301120E+02  -0.435617E+01   0.928697E-03   0.104020E+02   0.876874E+01   0.155645E+02   0.159815E+02   0.194820E+03
   0.351200E+02  -0.220101E+01   0.303384E+02  -0.426046E+01   0.575114E-03   0.794733E+01   0.139293E+02   0.105517E+02   0.128154E+02   0.192671E+03
   0.351191E+02  -0.220101E+01   0.303384E+02  -0.464216E+01   0.682323E-03   0.877565E+01   0.963102E+01   0.192676E+02   0.134939E+02   0.195545E+03
   0.351685E+02  -0.211737E+01   0.300184E+02  -0.408069E+01   0.896034E-03   0.948548E+01   0.109523E+02   0.168704E+02   0.929748E+01   0.188391E+03
   0.350479E+02  -0.215284E+01   0.304660E+02  -0.452166E+01   0.655266E-03   0.958619E+01   0.939435E+01   0.159807E+02   0.145610E+02   0.191838E+03
   0.351287E+02  -0.228605E+01   0.303728E+02  -0.513107E+01   0.943424E-03   0.103658E+02   0.905438E+01   0.201182E+02   0.169949E+02   0.190898E+03
   0.351744E+02  -0.229137E+01   0.306011E+02  -0.515437E+01   0.807959E-03   0.121790E+02   0.888598E+01   0.180900E+02   0.194162E+02   0.194024E+03
   0.351631E+02  -0.226718E+01   0.305120E+02  -0.462862E+01   0.644167E-03   0.107493E+02   0.121085E+02   0.156136E+02   0.131500E+02   0.195545E+03
   0.351811E+02  -0.228874E+01   0.304001E+02  -0.478465E+01   0.975696E-03   0.955899E+01   0.992937E+01   0.161695E+02   0.143624E+02   0.195925E+03
   0.351495E+02  -0.222622E+01   0.304001E+02  -0.456116E+01   0.765389E-03   0.901984E+01   0.948898E+01   0.227592E+02   0.176736E+02   0.193697E+03
   0.351520E+02  -0.219059E+01   0.305713E+02  -0.520173E+01   0.651773E-03   0.913815E+01   0.107914E+02   0.203747E+02   0.128319E+02   0.194205E+03
   0.351546E+02  -0.232691E+01   0.305858E+02  -0.418699E+01   0.651773E-03   0.698166E+01   0.962715E+01   0.140099E+02   0.163023E+02   0.193750E+03
   0.351514E+02  -0.232691E+01   0.306041E+02  -0.448427E+01   0.904583E-03   0.106181E+02   0.886029E+01   0.112443E+02   0.170725E+02   0.194602E+03
   0.351514E+02  -0.232691E+01   0.307635E+02  -0.536348E+01   0.112754E-02   0.908440E+01   0.877445E+01   0.139229E+02   0.190570E+02   0.193345E+03
   0.351841E+02  -0.232691E+01   0.306277E+02  -0.456927E+01   0.658981E-03   0.835964E+01   0.105355E+02   0.119600E+02   0.968423E+01   0.192593E+03
   0.351783E+02  -0.222153E+01   0.302081E+02  -0.484403E+01   0.735618E-03   0.809207E+01   0.858929E+01   0.120537E+02   0.136593E+02   0.194139E+03
   0.351971E+02  -0.231387E+01   0.302922E+02  -0.477239E+01   0.735618E-03   0.652008E+01   0.102778E+02   0.171855E+02   0.154515E+02   0.192867E+03
   0.351225E+02  -0.220188E+01   0.306658E+02  -0.477239E+01   0.780209E-03   0.981469E+01   0.580193E+01   0.105534E+02   0.159388E+02   0.190834E+03
   0.350934E+02  -0.220188E+01   0.308027E+02  -0.466626E+01   0.917605E-03   0.716729E+01   0.119534E+02   0.185487E+02   0.153352E+02   0.190348E+03
   0.351718E+02  -0.232278E+01   0.306299E+02  -0.483686E+01   0.818708E-03   0.747136E+01   0.131386E+02   0.123215E+02   0.154974E+02   0.194061E+03
   0.351505E+02  -0.229903E+01   0.303827E+02  -0.387940E+01   0.152528E-03   0.101522E+02   0.105143E+02   0.136409E+02   0.148705E+02   0.193329E+03
   0.351726E+02  -0.223476E+01   0.302152E+02  -0.452883E+01   0.103591E-02   0.141557E+02   0.899587E+01   0.198064E+02   0.156506E+02   0.192166E+03
   0.351112E+02  -0.218435E+01   0.300434E+02  -0.432278E+01   0.911360E-03   0.103969E+02   0.120652E+02   0.167027E+02   0.138356E+02   0.193317E+03
   0.351082E+02  -0.217410E+01   0.303560E+02  -0.500027E+01   0.769805E-03   0.119940E+02   0.104503E+02   0.158720E+02   0.127249E+02   0.195126E+03
   0.351354E+02  -0.217410E+01   0.305284E+02  -0.498821E+01   0.935290E-03   0.975668E+01   0.917627E+01   0.234560E+02   0.140733E+02   0.193200E+03
   0.351354E+02  -0.218237E+01   0.301185E+02  -0.337129E+01   0.120494E-02   0.901418E+01   0.112282E+02   0.193627E+02   0.169843E+02   0.190919E+03
   0.351190E+02  -0.218237E+01   0.304295E+02  -0.485424E+01   0.266002E-03   0.848884E+01   0.118976E+02   0.123797E+02   0.113760E+02   0.193770E+03
   0.351103E+02  -0.221633E+01   0.306820E+02  -0.485424E+01   0.881754E-03   0.119461E+02   0.830927E+01   0.221054E+02   0.127388E+02   0.192203E+03
   0.351432E+02  -0.227250E+01   0.306820E+02  -0.490974E+01   0.707441E-03   0.929975E+01   0.683367E+01   0.107492E+02   0.160321E+02   0.193611E+03
   0.351223E+02  -0.222445E+01   0.304138E+02  -0.490974E+01   0.756606E-03   0.109382E+02   0.114000E+02   0.167939E+02   0.170107E+02   0.195171E+03
   0.351348E+02  -0.222879E+01   0.305169E+02  -0.500005E+01   0.115984E-02   0.135051E+02   0.761292E+01   0.122154E+02   0.158627E+02   0.192882E+03
   0.351483E+02  -0.220614E+01   0.305169E+02  -0.457239E+01   0.605599E-03   0.803361E+01   0.118917E+02   0.101498E+02   0.125232E+02   0.192442E+03
   0.350891E+02  -0.221524E+01   0.305365E+02  -0.440503E+01   0.115670E-02   0.107393E+02   0.115713E+02   0.173795E+02   0.107707E+02   0.191866E+03
   0.351274E+02  -0.220119E+01   0.302170E+02  -0.481782E+01   0.713257E-03   0.129220E+02   0.111003E+02   0.182729E+02   0.132512E+02   0.193353E+03
   0.351021E+02  -0.210348E+01   0.303516E+02  -0.531905E+01   0.431223E-03   0.916056E+01   0.111964E+02   0.178866E+02   0.145408E+02   0.193806E+03
   0.350962E+02  -0.201150E+01   0.304385E+02  -0.564192E+01   0.428643E-03   0.110928E+02   0.119881E+02   0.146577E+02   0.986509E+01   0.189812E+03
   0.350507E+02  -0.214820E+01   0.305346E+02  -0.472688E+01   0.111587E-02   0.847129E+01   0.846526E+01   0.157555E+02   0.139277E+02   0.192313E+03
   0.350830E+02  -0.209263E+01   0.305464E+02  -0.486689E+01   0.524626E-03   0.127902E+02   0.947146E+01   0.128975E+02   0.193894E+02   0.191615E+03
   0.350583E+02  -0.210428E+01   0.304656E+02  -0.516471E+01   0.846086E-03   0.875693E+01   0.897742E+01   0.135448E+02   0.148411E+02   0.194047E+03
   0.350644E+02  -0.212151E+01   0.300014E+02  -0.397199E+01   0.773283E-03   0.161871E+02   0.672988E+01   0.150167E+02   0.125381E+02   0.187227E+03
   0.350962E+02  -0.207720E+01   0.300235E+02  -0.432301E+01   0.151578E-02   0.900613E+01   0.106442E+02   0.170693E+02   0.144626E+02   0.190652E+03
   0.350820E+02  -0.208088E+01   0.301388E+02  -0.458996E+01   0.976713E-03   0.838376E+01   0.113035E+02   0.126081E+02   0.147581E+02   0.194112E+03
   0.351094E+02  -0.208088E+01   0.301388E+02  -0.452001E+01   0.519680E-03   0.912949E+01   0.101643E+02   0.185637E+02   0.139528E+02   0.193567E+03
   0.351530E+02  -0.216616E+01   0.301222E+02  -0.452001E+01   0.652572E-03   0.846153E+01   0.109348E+02   0.158356E+02   0.139528E+02   0.194597E+03
   0.351787E+02  -0.226037E+01   0.305004E+02  -0.459447E+01   0.104577E-02   0.816107E+01   0.117386E+02   0.157033E+02   0.140461E+02   0.194118E+03
   0.350817E+02  -0.200064E+01   0.303963E+02  -0.524700E+01   0.752998E-03   0.129087E+02   0.963430E+01   0.109493E+02   0.141357E+02   0.191959E+03
   0.350789E+02  -0.207425E+01   0.304055E+02  -0.546436E+01   0.102945E-02   0.794678E+01   0.107862E+02   0.148704E+02   0.132598E+02   0.194139E+03
   0.350996E+02  -0.207259E+01   0.304233E+02  -0.529229E+01   0.552248E-03   0.863398E+01   0.103566E+02   0.147479E+02   0.117294E+02   0.194598E+03
   0.351196E+02  -0.210883E+01   0.304454E+02  -0.529229E+01   0.104204E-02   0.713365E+01   0.102306E+02   0.160095E+02   0.151182E+02   0.194167E+03
   0.351085E+02  -0.222552E+01   0.303137E+02  -0.448917E+01   0.106775E-02   0.948389E+01   0.130961E+02   0.188223E+02   0.171819E+02   0.192666E+03
   0.350816E+02  -0.212957E+01   0.303261E+02  -0.448917E+01   0.580931E-03   0.105636E+02   0.133307E+02   0.147585E+02   0.223469E+02   0.191464E+03
   0.350816E+02  -0.207572E+01   0.305320E+02  -0.499752E+01   0.104343E-02   0.103875E+02   0.140839E+02   0.141249E+02   0.140228E+02   0.192734E+03
   0.351437E+02  -0.202583E+01   0.301689E+02  -0.499752E+01   0.796748E-03   0.916068E+01   0.832703E+01   0.229111E+02   0.149769E+02   0.187830E+03
   0.351303E+02  -0.209529E+01   0.303663E+02  -0.554360E+01   0.143097E-02   0.112704E+02   0.832703E+01   0.157126E+02   0.165607E+02   0.191327E+03
   0.351225E+02  -0.213987E+01   0.304277E+02  -0.535044E+01   0.884832E-03   0.115654E+02   0.100319E+02   0.117269E+02   0.177209E+02   0.194778E+03
   0.351826E+02  -0.227209E+01   0.305809E+02  -0.549536E+01   0.884832E-03   0.148462E+02   0.916741E+01   0.135229E+02   0.218186E+02   0.191167E+03
   0.351826E+02  -0.229066E+01   0.305809E+02  -0.551540E+01   0.985164E-03   0.123798E+02   0.127443E+02   0.160847E+02   0.196175E+02   0.192234E+03
   0.351795E+02  -0.236291E+01   0.304286E+02  -0.458844E+01   0.890972E-03   0.128375E+02   0.846838E+01   0.127880E+02   0.145178E+02   0.194239E+03
   0.351973E+02  -0.233652E+01   0.306669E+02  -0.527069E+01   0.925643E-03   0.900897E+01   0.909622E+01   0.140424E+02   0.199314E+02   0.194165E+03
   0.352376E+02  -0.245710E+01   0.307236E+02  -0.450333E+01   0.962199E-03   0.107532E+02   0.129642E+02   0.135075E+02   0.106742E+02   0.190669E+03
   0.351934E+02  -0.245710E+01   0.303650E+02  -0.365901E+01   0.534832E-03   0.116760E+02   0.822233E+01   0.142610E+02   0.134951E+02   0.191730E+03
   0.351749E+02  -0.233245E+01   0.302523E+02  -0.392068E+01   0.787060E-03   0.842073E+01   0.115824E+02   0.137266E+02   0.134951E+02   0.195267E+03
   0.351348E+02  -0.218061E+01   0.303120E+02  -0.472855E+01   0.663720E-03   0.104313E+02   0.115824E+02   0.142913E+02   0.137007E+02   0.196254E+03
   0.351274E+02  -0.218061E+01   0.305848E+02  -0.476825E+01   0.892922E-03   0.838318E+01   0.118835E+02   0.185909E+02   0.201963E+02   0.192526E+03
   0.351061E+02  -0.226467E+01   0.309013E+02  -0.476825E+01   0.859266E-03   0.660747E+01   0.985463E+01   0.120673E+02   0.187853E+02   0.189444E+03
   0.351160E+02  -0.225533E+01   0.308779E+02  -0.476825E+01   0.117542E-02   0.103426E+02   0.101986E+02   0.139843E+02   0.110343E+02   0.191506E+03
   0.351248E+02  -0.221359E+01   0.300406E+02  -0.393448E+01   0.428978E-03   0.104799E+02   0.865254E+01   0.142964E+02   0.131150E+02   0.193341E+03
   0.351248E+02  -0.232117E+01   0.303411E+02  -0.370782E+01   0.854548E-03   0.100547E+02   0.693850E+01   0.123357E+02   0.177592E+02   0.192176E+03
   0.351442E+02  -0.232117E+01   0.302666E+02  -0.379228E+01   0.338468E-03   0.962281E+01   0.104976E+02   0.149360E+02   0.125179E+02   0.193259E+03
   0.351662E+02  -0.235141E+01   0.303481E+02  -0.430443E+01   0.389429E-03   0.105721E+02   0.788012E+01   0.135123E+02   0.104926E+02   0.192532E+03
   0.351616E+02  -0.232990E+01   0.305672E+02  -0.430443E+01   0.103826E-02   0.104853E+02   0.998216E+01   0.103384E+02   0.143998E+02   0.193941E+03
   0.351667E+02  -0.229811E+01   0.304698E+02  -0.430443E+01   0.759990E-03   0.713704E+01   0.103806E+02   0.191868E+02   0.257211E+02   0.190060E+03
   0.351822E+02  -0.231759E+01   0.303279E+02  -0.441935E+01   0.897307E-03   0.937682E+01   0.988004E+01   0.872339E+01   0.211722E+02   0.191184E+03
   0.351811E+02  -0.226530E+01   0.303246E+02  -0.437804E+01   0.787015E-03   0.831653E+01   0.104582E+02   0.131138E+02   0.170263E+02   0.195235E+03
   0.351590E+02  -0.224343E+01   0.301792E+02  -0.425086E+01   0.668894E-03   0.121710E+02   0.880025E+01   0.136004E+02   0.140430E+02   0.195390E+03
   0.350762E+02  -0.210735E+01   0.300100E+02  -0.407174E+01   0.100070E-02   0.924954E+01   0.113674E+02   0.131184E+02   0.124887E+02   0.193089E+03
   0.350800E+02  -0.208402E+01   0.302290E+02  -0.407174E+01   0.676187E-03   0.692828E+01   0.113425E+02   0.132541E+02   0.132818E+02   0.192235E+03
   0.351655E+02  -0.224163E+01   0.305884E+02  -0.516035E+01   0.105256E-02   0.779929E+01   0.877406E+01   0.123395E+02   0.141727E+02   0.194826E+03
   0.351521E+02  -0.228089E+01   0.302578E+02  -0.371323E+01   0.112137E-02   0.114331E+02   0.124695E+02   0.178256E+02   0.145199E+02   0.193098E+03
   0.351265E+02  -0.228044E+01   0.302673E+02  -0.391606E+01   0.113624E-02   0.865983E+01   0.882682E+01   0.177973E+02   0.178391E+02   0.193260E+03
   0.351810E+02  -0.228044E+01   0.302673E+02  -0.467662E+01   0.713291E-03   0.767613E+01   0.927042E+01   0.189055E+02   0.194495E+02   0.193223E+03
   0.351383E+02  -0.235240E+01   0.305305E+02  -0.362995E+01   0.859484E-03   0.743999E+01   0.897037E+01   0.142826E+02   0.162380E+02   0.192629E+03
   0.351781E+02  -0.231934E+01   0.302727E+02  -0.362995E+01   0.984580E-03   0.101194E+02   0.744543E+01   0.129756E+02   0.105786E+02   0.192884E+03
   0.351941E+02  -0.231934E+01   0.303228E+02  -0.433157E+01   0.882907E-03   0.120259E+02   0.118586E+02   0.123848E+02   0.158931E+02   0.194356E+03
   0.351941E+02  -0.231934E+01   0.304310E+02  -0.433157E+01   0.574830E-03   0.881664E+01   0.107121E+02   0.159438E+02   0.140543E+02   0.194995E+03
   0.351748E+02  -0.232355E+01   0.304398E+02  -0.433157E+01   0.761271E-03   0.100148E+02   0.125360E+02   0.146118E+02   0.152231E+02   0.195660E+03
   0.352060E+02  -0.243386E+01   0.304608E+02  -0.433157E+01   0.998239E-03   0.965389E+01   0.917145E+01   0.218867E+02   0.131404E+02   0.192398E+03
   0.352060E+02  -0.237289E+01   0.304608E+02  -0.433157E+01   0.678715E-03   0.723561E+01   0.874035E+01   0.183892E+02   0.146394E+02   0.193642E+03
   0.352060E+02  -0.235686E+01   0.302622E+02  -0.457692E+01   0.103242E-02   0.821680E+01   0.975487E+01   0.183348E+02   0.138659E+02   0.193295E+03
   0.351968E+02  -0.235686E+01   0.304167E+02  -0.346686E+01   0.888970E-03   0.116868E+02   0.923426E+01   0.126431E+02   0.163105E+02   0.192298E+03
   0.351872E+02  -0.242195E+01   0.302607E+02  -0.329823E+01   0.928854E-03   0.104846E+02   0.835243E+01   0.121157E+02   0.146961E+02   0.193234E+03
   0.352224E+02  -0.230734E+01   0.303160E+02  -0.412415E+01   0.102460E-02   0.840827E+01   0.901458E+01   0.136949E+02   0.208594E+02   0.191010E+03
   0.351685E+02  -0.230734E+01   0.305624E+02  -0.444545E+01   0.680887E-03   0.974434E+01   0.177722E+02   0.121528E+02   0.105211E+02   0.189760E+03
   0.351520E+02  -0.230734E+01   0.304714E+02  -0.459172E+01   0.713194E-03   0.111757E+02   0.771291E+01   0.151980E+02   0.135186E+02   0.195645E+03
   0.351461E+02  -0.227831E+01   0.302783E+02  -0.389320E+01   0.177820E-03   0.868602E+01   0.134598E+02   0.172186E+02   0.969218E+01   0.190173E+03
   0.351653E+02  -0.231160E+01   0.304678E+02  -0.419972E+01   0.119037E-02   0.807421E+01   0.123384E+02   0.140648E+02   0.159007E+02   0.193468E+03
   0.351417E+02  -0.229868E+01   0.302195E+02  -0.400349E+01   0.863655E-03   0.135887E+02   0.129028E+02   0.159377E+02   0.148352E+02   0.192848E+03
   0.351597E+02  -0.229389E+01   0.306953E+02  -0.565051E+01   0.976935E-03   0.100612E+02   0.812254E+01   0.129470E+02   0.121518E+02   0.194355E+03
   0.351726E+02  -0.224950E+01   0.307983E+02  -0.539583E+01   0.960873E-03   0.137669E+02   0.749670E+01   0.101106E+02   0.166639E+02   0.190492E+03
   0.351342E+02  -0.225924E+01   0.307941E+02  -0.524733E+01   0.726655E-03   0.137669E+02   0.896200E+01   0.138198E+02   0.162366E+02   0.193855E+03
   0.351670E+02  -0.222831E+01   0.303822E+02  -0.466499E+01   0.481478E-03   0.107914E+02   0.952262E+01   0.153890E+02   0.103308E+02   0.194322E+03
   0.351572E+02  -0.222831E+01   0.302635E+02  -0.449329E+01   0.579936E-03   0.990794E+01   0.803619E+01   0.116785E+02   0.173783E+02   0.195093E+03
   0.351164E+02  -0.220426E+01   0.301726E+02  -0.432080E+01   0.600311E-03   0.120492E+02   0.930485E+01   0.153743E+02   0.210784E+02   0.193030E+03
   0.351164E+02  -0.207973E+01   0.299015E+02  -0.384655E+01   0.123361E-02   0.106781E+02   0.122497E+02   0.118266E+02   0.189615E+02   0.189960E+03
   0.351066E+02  -0.204781E+01   0.299603E+02  -0.445635E+01   0.927261E-03   0.108123E+02   0.120823E+02   0.167781E+02   0.159385E+02   0.192337E+03
   0.350945E+02  -0.223840E+01   0.305040E+02  -0.395484E+01   0.916392E-03   0.104705E+02   0.106469E+02   0.160161E+02   0.115370E+02   0.192999E+03
   0.351477E+02  -0.229303E+01   0.300760E+02  -0.376515E+01   0.870095E-03   0.117213E+02   0.113973E+02   0.110608E+02   0.169413E+02   0.192725E+03
   0.351512E+02  -0.229464E+01   0.302366E+02  -0.376515E+01   0.870095E-03   0.141172E+02   0.130180E+02   0.152429E+02   0.201106E+02   0.191457E+03
   0.351672E+02  -0.222515E+01   0.301672E+02  -0.376515E+01   0.990259E-03   0.929635E+01   0.845647E+01   0.140783E+02   0.105232E+02   0.192798E+03
   0.351356E+02  -0.225002E+01   0.301672E+02  -0.390638E+01   0.880554E-03   0.883690E+01   0.114126E+02   0.961744E+01   0.202574E+02   0.191965E+03
   0.351672E+02  -0.225002E+01   0.300217E+02  -0.337418E+01   0.104564E-02   0.975931E+01   0.961208E+01   0.156344E+02   0.138455E+02   0.193735E+03
   0.351415E+02  -0.225002E+01   0.300100E+02  -0.342707E+01   0.502890E-03   0.975931E+01   0.133584E+02   0.145886E+02   0.122690E+02   0.191885E+03
   0.351457E+02  -0.228453E+01   0.300577E+02  -0.342707E+01   0.487891E-03   0.833872E+01   0.792771E+01   0.152125E+02   0.150066E+02   0.192790E+03
   0.351889E+02  -0.239090E+01   0.309102E+02  -0.498577E+01   0.679100E-03   0.966321E+01   0.931787E+01   0.162400E+02   0.108069E+02   0.192220E+03
   0.351695E+02  -0.241409E+01   0.309102E+02  -0.422780E+01   0.108644E-02   0.800706E+01   0.119041E+02   0.143730E+02   0.990092E+01   0.188780E+03
   0.351571E+02  -0.227406E+01   0.306839E+02  -0.524934E+01   0.610192E-03   0.101797E+02   0.129976E+02   0.165611E+02   0.120946E+02   0.194594E+03
   0.351571E+02  -0.227196E+01   0.307185E+02  -0.523652E+01   0.732843E-03   0.988349E+01   0.102275E+02   0.122885E+02   0.795061E+01   0.191582E+03
   0.352027E+02  -0.242513E+01   0.307185E+02  -0.512629E+01   0.794839E-03   0.107137E+02   0.924580E+01   0.117864E+02   0.136163E+02   0.193690E+03
   0.352078E+02  -0.242066E+01   0.307829E+02  -0.394152E+01   0.128843E-02   0.822482E+01   0.118157E+02   0.167242E+02   0.137333E+02   0.189438E+03
   0.351559E+02  -0.223239E+01   0.302206E+02  -0.378245E+01   0.508881E-03   0.807649E+01   0.104996E+02   0.131183E+02   0.148100E+02   0.193842E+03
   0.351777E+02  -0.238226E+01   0.302206E+02  -0.382085E+01   0.525433E-03   0.110043E+02   0.119229E+02   0.171394E+02   0.137319E+02   0.192546E+03
   0.351971E+02  -0.235251E+01   0.303157E+02  -0.421327E+01   0.817802E-03   0.908099E+01   0.139336E+02   0.169124E+02   0.181160E+02   0.193125E+03
   0.351883E+02  -0.235251E+01   0.302875E+02  -0.328476E+01   0.100719E-02   0.120155E+02   0.812149E+01   0.186426E+02   0.158550E+02   0.191756E+03
   0.351823E+02  -0.234990E+01   0.301853E+02  -0.328019E+01   0.900464E-03   0.105045E+02   0.119037E+02   0.153422E+02   0.130493E+02   0.193704E+03
   0.352287E+02  -0.242925E+01   0.301853E+02  -0.368877E+01   0.973659E-03   0.936820E+01   0.110254E+02   0.181533E+02   0.148489E+02   0.192704E+03
   0.352330E+02  -0.238281E+01   0.301668E+02  -0.431630E+01   0.101624E-02   0.621354E+01   0.102769E+02   0.144575E+02   0.224880E+02   0.188269E+03
   0.351611E+02  -0.244966E+01   0.306082E+02  -0.344066E+01   0.101624E-02   0.952836E+01   0.857062E+01   0.164449E+02   0.946997E+01   0.189193E+03
   0.352110E+02  -0.247265E+01   0.303347E+02  -0.334178E+01   0.978487E-03   0.128616E+02   0.129354E+02   0.180018E+02   0.165339E+02   0.190324E+03
   0.351334E+02  -0.224516E+01   0.304070E+02  -0.478994E+01   0.752408E-03   0.925046E+01   0.100620E+02   0.141293E+02   0.130744E+02   0.196547E+03
   0.351235E+02  -0.224516E+01   0.305268E+02  -0.447947E+01   0.658467E-03   0.854044E+01   0.955239E+01   0.186532E+02   0.150602E+02   0.195203E+03
   0.351546E+02  -0.229503E+01   0.303457E+02  -0.437834E+01   0.783774E-03   0.132757E+02   0.105037E+02   0.126249E+02   0.135476E+02   0.195037E+03
   0.351766E+02  -0.229503E+01   0.303457E+02  -0.508752E+01   0.958410E-03   0.124368E+02   0.138370E+02   0.158746E+02   0.155342E+02   0.192270E+03
   0.351766E+02  -0.225793E+01   0.303457E+02  -0.498521E+01   0.954204E-03   0.726956E+01   0.615240E+01   0.888542E+01   0.156921E+02   0.189297E+03
   0.351677E+02  -0.222579E+01   0.301768E+02  -0.481644E+01   0.748908E-03   0.741668E+01   0.149374E+02   0.146085E+02   0.195038E+02   0.190773E+03
   0.351394E+02  -0.226649E+01   0.302519E+02  -0.429841E+01   0.909396E-03   0.139142E+02   0.112671E+02   0.166759E+02   0.176644E+02   0.193233E+03
   0.351354E+02  -0.222562E+01   0.300219E+02  -0.395897E+01   0.903961E-03   0.136102E+02   0.121051E+02   0.140050E+02   0.196360E+02   0.191528E+03
   0.350971E+02  -0.216075E+01   0.298407E+02  -0.336586E+01   0.108370E-02   0.111030E+02   0.988420E+01   0.146772E+02   0.154755E+02   0.192137E+03
   0.351379E+02  -0.221401E+01   0.305870E+02  -0.487284E+01   0.100659E-02   0.103142E+02   0.102762E+02   0.154695E+02   0.148383E+02   0.195771E+03
   0.351024E+02  -0.218004E+01   0.303771E+02  -0.511802E+01   0.987874E-03   0.106849E+02   0.104321E+02   0.177028E+02   0.140763E+02   0.194376E+03
   0.351511E+02  -0.217095E+01   0.302911E+02  -0.471352E+01   0.609980E-03   0.166999E+02   0.866856E+01   0.151620E+02   0.173313E+02   0.191528E+03
   0.351511E+02  -0.217095E+01   0.301261E+02  -0.471352E+01   0.638358E-03   0.940880E+01   0.116483E+02   0.160031E+02   0.154549E+02   0.194346E+03
   0.351028E+02  -0.213876E+01   0.302544E+02  -0.471352E+01   0.741868E-03   0.127386E+02   0.576917E+01   0.183573E+02   0.135052E+02   0.191250E+03
   0.351451E+02  -0.219370E+01   0.302544E+02  -0.460637E+01   0.682297E-03   0.962268E+01   0.981292E+01   0.193081E+02   0.125853E+02   0.195370E+03
   0.351451E+02  -0.217676E+01   0.301915E+02  -0.461328E+01   0.770847E-03   0.121801E+02   0.945149E+01   0.183703E+02   0.271945E+02   0.189685E+03
   0.351955E+02  -0.231159E+01   0.301915E+02  -0.429588E+01   0.113921E-02   0.118942E+02   0.139813E+02   0.164070E+02   0.203954E+02   0.190371E+03
   0.352026E+02  -0.232592E+01   0.302601E+02  -0.407792E+01   0.591833E-03   0.734634E+01   0.753789E+01   0.171540E+02   0.174651E+02   0.192394E+03
   0.351503E+02  -0.230584E+01   0.302019E+02  -0.407434E+01   0.761858E-03   0.827595E+01   0.112044E+02   0.127599E+02   0.178557E+02   0.194157E+03
   0.351503E+02  -0.232843E+01   0.302019E+02  -0.325520E+01   0.159409E-02   0.908240E+01   0.147324E+02   0.187389E+02   0.162437E+02   0.187114E+03
   0.351859E+02  -0.235278E+01   0.302019E+02  -0.410091E+01   0.934918E-03   0.722747E+01   0.932102E+01   0.226630E+02   0.151173E+02   0.191571E+03
   0.351767E+02  -0.237134E+01   0.305690E+02  -0.427409E+01   0.374205E-03   0.590518E+01   0.105427E+02   0.807627E+01   0.178567E+02   0.186466E+03
   0.351529E+02  -0.216970E+01   0.304387E+02  -0.536707E+01   0.853245E-03   0.123365E+02   0.741392E+01   0.137548E+02   0.119211E+02   0.193947E+03
   0.351521E+02  -0.216970E+01   0.304387E+02  -0.551651E+01   0.853245E-03   0.109027E+02   0.111328E+02   0.202447E+02   0.115001E+02   0.193271E+03
   0.351402E+02  -0.220688E+01   0.304387E+02  -0.548900E+01   0.853245E-03   0.146526E+02   0.931699E+01   0.140366E+02   0.174181E+02   0.192908E+03
   0.351402E+02  -0.216572E+01   0.305591E+02  -0.548900E+01   0.101159E-02   0.135912E+02   0.702740E+01   0.149704E+02   0.115555E+02   0.192451E+03
   0.351439E+02  -0.220927E+01   0.308504E+02  -0.597547E+01   0.762903E-03   0.785041E+01   0.774826E+01   0.134828E+02   0.149551E+02   0.194203E+03
   0.351165E+02  -0.216224E+01   0.309787E+02  -0.632310E+01   0.678718E-03   0.106639E+02   0.927423E+01   0.150659E+02   0.142868E+02   0.193605E+03
   0.351165E+02  -0.218249E+01   0.310382E+02  -0.662715E+01   0.998141E-03   0.107552E+02   0.801685E+01   0.160853E+02   0.169506E+02   0.192197E+03
   0.350900E+02  -0.209819E+01   0.302327E+02  -0.529594E+01   0.106661E-02   0.111756E+02   0.104005E+02   0.176839E+02   0.161633E+02   0.192751E+03
   0.350900E+02  -0.215429E+01   0.305881E+02  -0.477407E+01   0.746344E-03   0.103661E+02   0.128895E+02   0.174384E+02   0.164789E+02   0.193518E+03
   0.350734E+02  -0.213097E+01   0.306172E+02  -0.487848E+01   0.370623E-03   0.858534E+01   0.154033E+02   0.140076E+02   0.122813E+02   0.189455E+03
   0.351145E+02  -0.215631E+01   0.306424E+02  -0.473276E+01   0.108969E-02   0.109728E+02   0.899930E+01   0.978831E+01   0.132571E+02   0.191652E+03
   0.351145E+02  -0.217185E+01   0.305085E+02  -0.524031E+01   0.600194E-03   0.123952E+02   0.969475E+01   0.163803E+02   0.122354E+02   0.195217E+03
   0.351145E+02  -0.210473E+01   0.304325E+02  -0.524031E+01   0.922972E-03   0.114133E+02   0.942434E+01   0.141182E+02   0.150365E+02   0.195556E+03
   0.350932E+02  -0.202295E+01   0.304325E+02  -0.524031E+01   0.706733E-03   0.112103E+02   0.101046E+02   0.170043E+02   0.125681E+02   0.193195E+03
   0.350942E+02  -0.212831E+01   0.303790E+02  -0.541636E+01   0.717873E-03   0.115479E+02   0.126280E+02   0.154778E+02   0.123179E+02   0.193076E+03
   0.350939E+02  -0.212831E+01   0.306086E+02  -0.563599E+01   0.655368E-03   0.105999E+02   0.100769E+02   0.164627E+02   0.142415E+02   0.195183E+03
   0.351072E+02  -0.213696E+01   0.307672E+02  -0.574307E+01   0.932477E-03   0.750810E+01   0.785891E+01   0.148240E+02   0.184858E+02   0.193316E+03
   0.350611E+02  -0.206237E+01   0.304582E+02  -0.538222E+01   0.932477E-03   0.114832E+02   0.737002E+01   0.943515E+01   0.180485E+02   0.190532E+03
   0.350521E+02  -0.205498E+01   0.304582E+02  -0.479746E+01   0.136150E-02   0.726771E+01   0.811959E+01   0.113855E+02   0.137821E+02   0.190178E+03
   0.350681E+02  -0.207460E+01   0.304499E+02  -0.496414E+01   0.233276E-03   0.941748E+01   0.836071E+01   0.160080E+02   0.150750E+02   0.192368E+03
   0.350489E+02  -0.208778E+01   0.303276E+02  -0.497857E+01   0.117573E-02   0.827098E+01   0.125105E+02   0.153781E+02   0.160812E+02   0.191461E+03
   0.351278E+02  -0.210205E+01   0.305010E+02  -0.487555E+01   0.115283E-02   0.728229E+01   0.873435E+01   0.159318E+02   0.196189E+02   0.191008E+03
   0.351270E+02  -0.210205E+01   0.305304E+02  -0.540657E+01   0.110195E-02   0.676904E+01   0.113818E+02   0.140816E+02   0.184376E+02   0.192057E+03
   0.351417E+02  -0.210205E+01   0.303674E+02  -0.523469E+01   0.820482E-03   0.968493E+01   0.950516E+01   0.123272E+02   0.155683E+02   0.194372E+03
   0.351417E+02  -0.215495E+01   0.303674E+02  -0.523469E+01   0.787320E-03   0.968493E+01   0.921727E+01   0.156015E+02   0.176867E+02   0.195585E+03
   0.351417E+02  -0.218057E+01   0.304169E+02  -0.523469E+01   0.764994E-03   0.942357E+01   0.111551E+02   0.154794E+02   0.129269E+02   0.196137E+03
   0.351681E+02  -0.219097E+01   0.303986E+02  -0.523469E+01   0.675174E-03   0.108107E+02   0.116561E+02   0.969486E+01   0.173782E+02   0.192505E+03
   0.350878E+02  -0.214114E+01   0.300696E+02  -0.375574E+01   0.898382E-03   0.800803E+01   0.960909E+01   0.170130E+02   0.118012E+02   0.193269E+03
   0.350878E+02  -0.214114E+01   0.309526E+02  -0.650114E+01   0.107025E-02   0.114396E+02   0.121204E+02   0.117723E+02   0.126109E+02   0.191122E+03
   0.351049E+02  -0.224205E+01   0.309382E+02  -0.572428E+01   0.108373E-02   0.135295E+02   0.951868E+01   0.201382E+02   0.138942E+02   0.190562E+03
   0.350825E+02  -0.210950E+01   0.308167E+02  -0.572428E+01   0.951984E-03   0.139187E+02   0.101021E+02   0.116039E+02   0.203003E+02   0.190606E+03
   0.351837E+02  -0.227730E+01   0.306058E+02  -0.522201E+01   0.947983E-03   0.884474E+01   0.773055E+01   0.178051E+02   0.153564E+02   0.194618E+03
   0.351231E+02  -0.225262E+01   0.306045E+02  -0.460146E+01   0.394526E-03   0.787258E+01   0.756441E+01   0.137656E+02   0.126263E+02   0.193421E+03
   0.351465E+02  -0.216617E+01   0.302350E+02  -0.458828E+01   0.234363E-03   0.924313E+01   0.863606E+01   0.132807E+02   0.153285E+02   0.193788E+03
   0.351465E+02  -0.222127E+01   0.303316E+02  -0.454584E+01   0.105068E-02   0.776370E+01   0.114473E+02   0.181330E+02   0.188212E+02   0.193576E+03
   0.351465E+02  -0.220318E+01   0.302634E+02  -0.463128E+01   0.698634E-03   0.830163E+01   0.102139E+02   0.154155E+02   0.173951E+02   0.195965E+03
   0.351442E+02  -0.220318E+01   0.306016E+02  -0.533093E+01   0.493461E-03   0.957645E+01   0.909750E+01   0.148881E+02   0.183216E+02   0.195493E+03
   0.350530E+02  -0.223539E+01   0.305360E+02  -0.465874E+01   0.118537E-02   0.127011E+02   0.114353E+02   0.128582E+02   0.165042E+02   0.188440E+03
   0.351542E+02  -0.223539E+01   0.306591E+02  -0.596253E+01   0.768969E-03   0.119613E+02   0.137631E+02   0.110747E+02   0.120415E+02   0.191609E+03
   0.351131E+02  -0.221521E+01   0.306616E+02  -0.577486E+01   0.949602E-03   0.102725E+02   0.930260E+01   0.163085E+02   0.196045E+02   0.193237E+03
   0.351497E+02  -0.221686E+01   0.304951E+02  -0.474908E+01   0.960781E-03   0.148452E+02   0.108365E+02   0.162820E+02   0.108481E+02   0.192476E+03
   0.351668E+02  -0.221686E+01   0.304856E+02  -0.490003E+01   0.818315E-03   0.111614E+02   0.627359E+01   0.187473E+02   0.151815E+02   0.192698E+03
   0.351632E+02  -0.230879E+01   0.303584E+02  -0.478527E+01   0.717074E-03   0.943528E+01   0.635722E+01   0.212350E+02   0.208597E+02   0.190003E+03
   0.351815E+02  -0.230879E+01   0.303584E+02  -0.483471E+01   0.684442E-03   0.773822E+01   0.949881E+01   0.309311E+02   0.164778E+02   0.187859E+03
   0.350963E+02  -0.221351E+01   0.305712E+02  -0.483471E+01   0.335467E-03   0.889349E+01   0.985975E+01   0.138099E+02   0.108902E+02   0.192702E+03
   0.350671E+02  -0.203923E+01   0.300992E+02  -0.470493E+01   0.500781E-03   0.889349E+01   0.102289E+02   0.126821E+02   0.114092E+02   0.191728E+03
   0.350967E+02  -0.218929E+01   0.303663E+02  -0.421822E+01   0.108751E-02   0.133262E+02   0.991541E+01   0.247846E+02   0.171932E+02   0.189655E+03
   0.351248E+02  -0.214083E+01   0.302477E+02  -0.479649E+01   0.595125E-03   0.906385E+01   0.856638E+01   0.174873E+02   0.205309E+02   0.193920E+03
   0.351542E+02  -0.213241E+01   0.301632E+02  -0.466117E+01   0.496970E-03   0.106072E+02   0.903470E+01   0.119116E+02   0.223783E+02   0.190431E+03
   0.351265E+02  -0.212714E+01   0.303202E+02  -0.461337E+01   0.111535E-02   0.852609E+01   0.113046E+02   0.192450E+02   0.163501E+02   0.193153E+03
   0.350874E+02  -0.204336E+01   0.301804E+02  -0.519116E+01   0.148841E-02   0.141559E+02   0.607310E+01   0.154200E+02   0.176174E+02   0.186246E+03
   0.350824E+02  -0.211239E+01   0.302012E+02  -0.467951E+01   0.102778E-02   0.105804E+02   0.119527E+02   0.185336E+02   0.206615E+02   0.191686E+03
   0.351328E+02  -0.217049E+01   0.302012E+02  -0.464660E+01   0.113255E-02   0.668424E+01   0.124279E+02   0.141485E+02   0.180029E+02   0.192095E+03
   0.351129E+02  -0.214560E+01   0.302415E+02  -0.460746E+01   0.769665E-03   0.118983E+02   0.108424E+02   0.121009E+02   0.109095E+02   0.194346E+03
   0.351363E+02  -0.221300E+01   0.307567E+02  -0.519947E+01   0.855754E-03   0.925177E+01   0.103104E+02   0.149657E+02   0.173469E+02   0.195008E+03
   0.351328E+02  -0.224035E+01   0.304103E+02  -0.437424E+01   0.564678E-03   0.711982E+01   0.132203E+02   0.142442E+02   0.234984E+02   0.191182E+03
   0.351169E+02  -0.220523E+01   0.302276E+02  -0.459691E+01   0.143846E-03   0.106641E+02   0.765411E+01   0.146247E+02   0.130610E+02   0.192306E+03
   0.351178E+02  -0.216530E+01   0.302977E+02  -0.424075E+01   0.810835E-03   0.118164E+02   0.106725E+02   0.126184E+02   0.128406E+02   0.195194E+03
   0.351515E+02  -0.228564E+01   0.305887E+02  -0.470801E+01   0.684629E-03   0.150024E+02   0.909547E+01   0.142651E+02   0.118534E+02   0.193665E+03
   0.351085E+02  -0.216464E+01   0.306031E+02  -0.447445E+01   0.851035E-03   0.105293E+02   0.124160E+02   0.107909E+02   0.126079E+02   0.191997E+03
   0.351086E+02  -0.217519E+01   0.303515E+02  -0.447445E+01   0.491754E-03   0.133268E+02   0.879545E+01   0.130035E+02   0.214093E+02   0.192491E+03
   0.351086E+02  -0.219466E+01   0.303515E+02  -0.462452E+01   0.124749E-02   0.123290E+02   0.121967E+02   0.155269E+02   0.172046E+02   0.192524E+03
   0.351074E+02  -0.213128E+01   0.299877E+02  -0.357061E+01   0.126027E-02   0.135986E+02   0.935223E+01   0.166105E+02   0.169896E+02   0.190726E+03
   0.351447E+02  -0.224459E+01   0.302705E+02  -0.332835E+01   0.752386E-03   0.754294E+01   0.739031E+01   0.161117E+02   0.220259E+02   0.189342E+03
   0.351383E+02  -0.219536E+01   0.299451E+02  -0.344843E+01   0.719201E-03   0.103887E+02   0.117211E+02   0.130082E+02   0.164838E+02   0.193009E+03
   0.351142E+02  -0.214705E+01   0.299451E+02  -0.373319E+01   0.479733E-03   0.122134E+02   0.778078E+01   0.128396E+02   0.189540E+02   0.190598E+03
   0.351032E+02  -0.205787E+01   0.303647E+02  -0.560169E+01   0.517754E-03   0.108380E+02   0.142193E+02   0.112949E+02   0.111934E+02   0.190364E+03
   0.351310E+02  -0.213911E+01   0.307473E+02  -0.607979E+01   0.796869E-03   0.774646E+01   0.125303E+02   0.166495E+02   0.112327E+02   0.192761E+03
   0.350818E+02  -0.203790E+01   0.307093E+02  -0.613698E+01   0.100827E-02   0.774646E+01   0.104482E+02   0.130874E+02   0.125710E+02   0.193030E+03
   0.350909E+02  -0.203993E+01   0.309659E+02  -0.648887E+01   0.101526E-02   0.102988E+02   0.840668E+01   0.164487E+02   0.131015E+02   0.191728E+03
   0.350611E+02  -0.206501E+01   0.308218E+02  -0.589023E+01   0.630365E-03   0.811773E+01   0.105629E+02   0.119370E+02   0.149485E+02   0.191872E+03
