Kmin_MC_Up_a0  Kmin_TR_a0     Y1_intercept   Y2_intercept   Y3_intercept   Y4_intercept   Y5_intercept   LogPost        LogPrior       LogHyper       LogLkh         Deviance       
   0.343405E+02   0.284645E+02   0.620152E-02   0.117993E+02   0.612027E+01   0.142360E+02   0.209960E+02   0.128153E+03  -0.188233E+02   0.000000E+00   0.146976E+03  -0.293953E+03
   0.343878E+02   0.284645E+02   0.620098E-02   0.117405E+02   0.954873E+01   0.180427E+02   0.109380E+02   0.130622E+03  -0.160664E+02   0.000000E+00   0.146688E+03  -0.293377E+03
   0.342270E+02   0.283811E+02   0.604980E-02   0.677040E+01   0.762909E+01   0.161624E+02   0.172718E+02   0.130237E+03  -0.167518E+02   0.000000E+00   0.146989E+03  -0.293978E+03
   0.343299E+02   0.271597E+02   0.602376E-02   0.736762E+01   0.110633E+02   0.142346E+02   0.108629E+02   0.131658E+03  -0.161123E+02   0.000000E+00   0.147770E+03  -0.295541E+03
   0.343299E+02   0.274748E+02   0.595176E-02   0.863917E+01   0.104133E+02   0.176668E+02   0.132381E+02   0.133375E+03  -0.148124E+02   0.000000E+00   0.148187E+03  -0.296375E+03
   0.341756E+02   0.275274E+02   0.783523E-02   0.108035E+02   0.104133E+02   0.182221E+02   0.125377E+02   0.129343E+03  -0.151651E+02   0.000000E+00   0.144508E+03  -0.289016E+03
   0.342867E+02   0.278509E+02   0.687549E-02   0.108035E+02   0.107907E+02   0.189067E+02   0.147840E+02   0.131940E+03  -0.152514E+02   0.000000E+00   0.147191E+03  -0.294383E+03
   0.343989E+02   0.279326E+02   0.615025E-02   0.114280E+02   0.107404E+02   0.163524E+02   0.129400E+02   0.133023E+03  -0.148576E+02   0.000000E+00   0.147881E+03  -0.295761E+03
   0.344342E+02   0.274134E+02   0.685973E-02   0.809284E+01   0.115983E+02   0.144011E+02   0.152461E+02   0.132542E+03  -0.148324E+02   0.000000E+00   0.147374E+03  -0.294749E+03
   0.343322E+02   0.280131E+02   0.753640E-02   0.102565E+02   0.106204E+02   0.149586E+02   0.140062E+02   0.131833E+03  -0.141880E+02   0.000000E+00   0.146021E+03  -0.292042E+03
   0.344499E+02   0.286203E+02   0.611020E-02   0.101193E+02   0.947467E+01   0.127477E+02   0.110811E+02   0.130358E+03  -0.150693E+02   0.000000E+00   0.145427E+03  -0.290855E+03
   0.346080E+02   0.271465E+02   0.760783E-02   0.153725E+02   0.147544E+02   0.154843E+02   0.172665E+02   0.125231E+03  -0.195155E+02   0.000000E+00   0.144747E+03  -0.289493E+03
   0.342952E+02   0.277570E+02   0.514388E-02   0.110184E+02   0.673705E+01   0.129812E+02   0.195646E+02   0.130261E+03  -0.170958E+02   0.000000E+00   0.147357E+03  -0.294714E+03
   0.344838E+02   0.274579E+02   0.590467E-02   0.122506E+02   0.839831E+01   0.151650E+02   0.151445E+02   0.132860E+03  -0.150092E+02   0.000000E+00   0.147869E+03  -0.295738E+03
   0.343571E+02   0.279835E+02   0.724197E-02   0.130179E+02   0.864165E+01   0.179882E+02   0.154302E+02   0.130646E+03  -0.159478E+02   0.000000E+00   0.146594E+03  -0.293188E+03
   0.343819E+02   0.270524E+02   0.708541E-02   0.954418E+01   0.739352E+01   0.160121E+02   0.173331E+02   0.131341E+03  -0.154046E+02   0.000000E+00   0.146746E+03  -0.293491E+03
   0.342641E+02   0.281024E+02   0.625469E-02   0.113683E+02   0.947768E+01   0.129232E+02   0.134238E+02   0.132973E+03  -0.145495E+02   0.000000E+00   0.147522E+03  -0.295045E+03
   0.342641E+02   0.272742E+02   0.666963E-02   0.102337E+02   0.117321E+02   0.175087E+02   0.154816E+02   0.131814E+03  -0.150678E+02   0.000000E+00   0.146882E+03  -0.293764E+03
   0.344124E+02   0.272742E+02   0.694794E-02   0.104862E+02   0.105913E+02   0.133506E+02   0.128373E+02   0.132792E+03  -0.144365E+02   0.000000E+00   0.147228E+03  -0.294457E+03
   0.343795E+02   0.276860E+02   0.613717E-02   0.917812E+01   0.972230E+01   0.135186E+02   0.121301E+02   0.133777E+03  -0.144321E+02   0.000000E+00   0.148209E+03  -0.296418E+03
   0.342745E+02   0.282207E+02   0.461676E-02   0.957764E+01   0.110120E+02   0.173772E+02   0.126526E+02   0.129699E+03  -0.148638E+02   0.000000E+00   0.144563E+03  -0.289126E+03
   0.341893E+02   0.276672E+02   0.716752E-02   0.761873E+01   0.827407E+01   0.196951E+02   0.161841E+02   0.129575E+03  -0.163210E+02   0.000000E+00   0.145896E+03  -0.291792E+03
   0.342257E+02   0.277740E+02   0.644760E-02   0.146678E+02   0.120262E+02   0.174979E+02   0.160003E+02   0.129805E+03  -0.174563E+02   0.000000E+00   0.147261E+03  -0.294523E+03
   0.343181E+02   0.271802E+02   0.565485E-02   0.143822E+02   0.115851E+02   0.156158E+02   0.142384E+02   0.131109E+03  -0.165359E+02   0.000000E+00   0.147645E+03  -0.295290E+03
   0.344539E+02   0.271802E+02   0.740217E-02   0.131083E+02   0.787739E+01   0.222069E+02   0.205505E+02   0.126714E+03  -0.195915E+02   0.000000E+00   0.146305E+03  -0.292611E+03
   0.345147E+02   0.282380E+02   0.692401E-02   0.904125E+01   0.101900E+02   0.139298E+02   0.146846E+02   0.131397E+03  -0.140900E+02   0.000000E+00   0.145487E+03  -0.290974E+03
   0.343631E+02   0.271018E+02   0.762732E-02   0.898919E+01   0.132563E+02   0.111210E+02   0.136214E+02   0.129546E+03  -0.162119E+02   0.000000E+00   0.145758E+03  -0.291516E+03
   0.344355E+02   0.282923E+02   0.571716E-02   0.846336E+01   0.125113E+02   0.146901E+02   0.136499E+02   0.131477E+03  -0.150957E+02   0.000000E+00   0.146573E+03  -0.293145E+03
   0.344355E+02   0.273670E+02   0.561344E-02   0.116032E+02   0.860445E+01   0.128582E+02   0.318173E+02   0.125511E+03  -0.225815E+02   0.000000E+00   0.148092E+03  -0.296185E+03
   0.343291E+02   0.277662E+02   0.721287E-02   0.962767E+01   0.101583E+02   0.238537E+02   0.129298E+02   0.129444E+03  -0.173415E+02   0.000000E+00   0.146786E+03  -0.293571E+03
   0.341971E+02   0.277662E+02   0.606033E-02   0.125524E+02   0.741523E+01   0.103109E+02   0.146081E+02   0.129943E+03  -0.171176E+02   0.000000E+00   0.147061E+03  -0.294121E+03
   0.342365E+02   0.278528E+02   0.578002E-02   0.871109E+01   0.892349E+01   0.221890E+02   0.141831E+02   0.131051E+03  -0.165011E+02   0.000000E+00   0.147552E+03  -0.295104E+03
   0.345130E+02   0.271823E+02   0.622420E-02   0.884999E+01   0.790261E+01   0.201147E+02   0.215790E+02   0.129563E+03  -0.179696E+02   0.000000E+00   0.147533E+03  -0.295065E+03
   0.342807E+02   0.278005E+02   0.690595E-02   0.107459E+02   0.779220E+01   0.196962E+02   0.226793E+02   0.128634E+03  -0.184761E+02   0.000000E+00   0.147110E+03  -0.294220E+03
   0.343482E+02   0.265492E+02   0.573587E-02   0.102556E+02   0.102567E+02   0.128588E+02   0.159925E+02   0.131365E+03  -0.143861E+02   0.000000E+00   0.145751E+03  -0.291502E+03
   0.342887E+02   0.278125E+02   0.470433E-02   0.917746E+01   0.811405E+01   0.149186E+02   0.227967E+02   0.128811E+03  -0.170083E+02   0.000000E+00   0.145819E+03  -0.291639E+03
   0.341850E+02   0.278125E+02   0.527479E-02   0.690012E+01   0.840221E+01   0.142327E+02   0.192546E+02   0.129299E+03  -0.166273E+02   0.000000E+00   0.145926E+03  -0.291853E+03
   0.343902E+02   0.274415E+02   0.859484E-02   0.724487E+01   0.955750E+01   0.148689E+02   0.111067E+02   0.127991E+03  -0.158386E+02   0.000000E+00   0.143830E+03  -0.287659E+03
   0.343537E+02   0.273440E+02   0.612807E-02   0.113987E+02   0.834112E+01   0.144852E+02   0.211086E+02   0.131691E+03  -0.164175E+02   0.000000E+00   0.148109E+03  -0.296217E+03
   0.343537E+02   0.280882E+02   0.461604E-02   0.671885E+01   0.757544E+01   0.150135E+02   0.115695E+02   0.128206E+03  -0.169110E+02   0.000000E+00   0.145117E+03  -0.290234E+03
   0.342949E+02   0.272759E+02   0.602516E-02   0.128677E+02   0.739101E+01   0.212224E+02   0.164852E+02   0.129631E+03  -0.180066E+02   0.000000E+00   0.147638E+03  -0.295275E+03
   0.343803E+02   0.267823E+02   0.602516E-02   0.790700E+01   0.921607E+01   0.177950E+02   0.135133E+02   0.132036E+03  -0.150855E+02   0.000000E+00   0.147121E+03  -0.294243E+03
   0.342749E+02   0.277844E+02   0.509921E-02   0.905767E+01   0.103512E+02   0.126198E+02   0.115417E+02   0.132036E+03  -0.149315E+02   0.000000E+00   0.146967E+03  -0.293935E+03
   0.345851E+02   0.269312E+02   0.601092E-02   0.104416E+02   0.113322E+02   0.181144E+02   0.112962E+02   0.130662E+03  -0.158040E+02   0.000000E+00   0.146466E+03  -0.292932E+03
   0.347581E+02   0.266708E+02   0.587886E-02   0.123756E+02   0.102036E+02   0.175826E+02   0.114395E+02   0.126360E+03  -0.159891E+02   0.000000E+00   0.142349E+03  -0.284698E+03
   0.343339E+02   0.275190E+02   0.664013E-02   0.632948E+01   0.130445E+02   0.106070E+02   0.142803E+02   0.129179E+03  -0.185035E+02   0.000000E+00   0.147682E+03  -0.295365E+03
   0.343339E+02   0.277478E+02   0.532090E-02   0.128199E+02   0.125600E+02   0.173475E+02   0.138720E+02   0.131484E+03  -0.163667E+02   0.000000E+00   0.147851E+03  -0.295701E+03
   0.345414E+02   0.269588E+02   0.464560E-02   0.105551E+02   0.121398E+02   0.847715E+01   0.169150E+02   0.125497E+03  -0.186169E+02   0.000000E+00   0.144114E+03  -0.288228E+03
   0.343248E+02   0.283371E+02   0.528437E-02   0.125854E+02   0.121307E+02   0.136861E+02   0.199949E+02   0.129760E+03  -0.169456E+02   0.000000E+00   0.146706E+03  -0.293411E+03
   0.342728E+02   0.283371E+02   0.659716E-02   0.881465E+01   0.119570E+02   0.203656E+02   0.162579E+02   0.130623E+03  -0.163488E+02   0.000000E+00   0.146972E+03  -0.293944E+03
   0.342728E+02   0.285437E+02   0.661142E-02   0.941234E+01   0.111981E+02   0.118197E+02   0.104982E+02   0.130550E+03  -0.160265E+02   0.000000E+00   0.146577E+03  -0.293153E+03
   0.342728E+02   0.273607E+02   0.685773E-02   0.802595E+01   0.106323E+02   0.169696E+02   0.132813E+02   0.131949E+03  -0.149316E+02   0.000000E+00   0.146881E+03  -0.293761E+03
   0.342498E+02   0.283316E+02   0.534388E-02   0.113579E+02   0.694583E+01   0.155547E+02   0.101951E+02   0.129414E+03  -0.172179E+02   0.000000E+00   0.146632E+03  -0.293264E+03
   0.343920E+02   0.283953E+02   0.610834E-02   0.108411E+02   0.778392E+01   0.107447E+02   0.114614E+02   0.130432E+03  -0.164516E+02   0.000000E+00   0.146884E+03  -0.293767E+03
   0.343544E+02   0.277710E+02   0.656338E-02   0.969456E+01   0.905542E+01   0.156600E+02   0.172134E+02   0.133291E+03  -0.145072E+02   0.000000E+00   0.147798E+03  -0.295596E+03
   0.342593E+02   0.270388E+02   0.738033E-02   0.113042E+02   0.983216E+01   0.225640E+02   0.129485E+02   0.128484E+03  -0.169743E+02   0.000000E+00   0.145458E+03  -0.290917E+03
   0.342593E+02   0.277361E+02   0.529561E-02   0.776406E+01   0.764564E+01   0.207589E+02   0.148291E+02   0.130393E+03  -0.168764E+02   0.000000E+00   0.147269E+03  -0.294539E+03
   0.343475E+02   0.267893E+02   0.701355E-02   0.104703E+02   0.111593E+02   0.186841E+02   0.182544E+02   0.130302E+03  -0.158950E+02   0.000000E+00   0.146197E+03  -0.292394E+03
   0.343482E+02   0.278183E+02   0.723056E-02   0.108733E+02   0.833953E+01   0.197540E+02   0.214300E+02   0.129116E+03  -0.176338E+02   0.000000E+00   0.146750E+03  -0.293500E+03
   0.343363E+02   0.279571E+02   0.561268E-02   0.134314E+02   0.995425E+01   0.147177E+02   0.215443E+02   0.130542E+03  -0.174264E+02   0.000000E+00   0.147968E+03  -0.295937E+03
   0.343279E+02   0.282419E+02   0.560563E-02   0.817972E+01   0.932372E+01   0.174090E+02   0.125065E+02   0.132411E+03  -0.150142E+02   0.000000E+00   0.147425E+03  -0.294850E+03
   0.346412E+02   0.269791E+02   0.607413E-02   0.141245E+02   0.143939E+02   0.191299E+02   0.136038E+02   0.126716E+03  -0.189242E+02   0.000000E+00   0.145640E+03  -0.291280E+03
   0.346939E+02   0.266998E+02   0.755647E-02   0.816166E+01   0.889575E+01   0.184915E+02   0.184663E+02   0.127755E+03  -0.159333E+02   0.000000E+00   0.143688E+03  -0.287377E+03
   0.344455E+02   0.279601E+02   0.553621E-02   0.868498E+01   0.127179E+02   0.155293E+02   0.186953E+02   0.131243E+03  -0.160083E+02   0.000000E+00   0.147251E+03  -0.294503E+03
   0.346011E+02   0.263655E+02   0.754796E-02   0.612297E+01   0.135553E+02   0.145885E+02   0.188002E+02   0.125318E+03  -0.188849E+02   0.000000E+00   0.144203E+03  -0.288406E+03
   0.343497E+02   0.272426E+02   0.811226E-02   0.166819E+02   0.933510E+01   0.133068E+02   0.133725E+02   0.126881E+03  -0.179468E+02   0.000000E+00   0.144828E+03  -0.289656E+03
   0.342576E+02   0.282294E+02   0.582981E-02   0.111852E+02   0.752524E+01   0.171086E+02   0.125274E+02   0.131778E+03  -0.156299E+02   0.000000E+00   0.147408E+03  -0.294816E+03
   0.344212E+02   0.282294E+02   0.698371E-02   0.103985E+02   0.106999E+02   0.235728E+02   0.167430E+02   0.128862E+03  -0.175120E+02   0.000000E+00   0.146374E+03  -0.292748E+03
   0.344063E+02   0.277734E+02   0.667867E-02   0.770706E+01   0.691728E+01   0.242503E+02   0.108328E+02   0.127206E+03  -0.203422E+02   0.000000E+00   0.147548E+03  -0.295096E+03
   0.343728E+02   0.274940E+02   0.587407E-02   0.931668E+01   0.108445E+02   0.161992E+02   0.145938E+02   0.133980E+03  -0.143496E+02   0.000000E+00   0.148330E+03  -0.296659E+03
   0.343601E+02   0.270630E+02   0.639581E-02   0.745442E+01   0.750117E+01   0.130785E+02   0.155720E+02   0.131820E+03  -0.157453E+02   0.000000E+00   0.147565E+03  -0.295131E+03
   0.344446E+02   0.270630E+02   0.594527E-02   0.817858E+01   0.905759E+01   0.145181E+02   0.124499E+02   0.133290E+03  -0.146178E+02   0.000000E+00   0.147908E+03  -0.295816E+03
   0.341817E+02   0.273983E+02   0.568804E-02   0.717973E+01   0.904711E+01   0.157833E+02   0.218860E+02   0.128611E+03  -0.173730E+02   0.000000E+00   0.145984E+03  -0.291968E+03
   0.345511E+02   0.274348E+02   0.615644E-02   0.822970E+01   0.121663E+02   0.153600E+02   0.119319E+02   0.131538E+03  -0.154745E+02   0.000000E+00   0.147013E+03  -0.294025E+03
   0.343281E+02   0.280576E+02   0.710075E-02   0.900197E+01   0.118092E+02   0.136975E+02   0.171825E+02   0.131785E+03  -0.149855E+02   0.000000E+00   0.146770E+03  -0.293541E+03
   0.343281E+02   0.275732E+02   0.576886E-02   0.106978E+02   0.883179E+01   0.165066E+02   0.141208E+02   0.133784E+03  -0.144501E+02   0.000000E+00   0.148234E+03  -0.296468E+03
   0.342642E+02   0.279953E+02   0.884556E-02   0.754760E+01   0.773456E+01   0.160855E+02   0.184579E+02   0.126722E+03  -0.162141E+02   0.000000E+00   0.142936E+03  -0.285872E+03
   0.342867E+02   0.279546E+02   0.698358E-02   0.106941E+02   0.107887E+02   0.191594E+02   0.172597E+02   0.131265E+03  -0.157130E+02   0.000000E+00   0.146978E+03  -0.293956E+03
   0.342867E+02   0.281381E+02   0.621441E-02   0.188448E+02   0.783859E+01   0.215412E+02   0.160949E+02   0.125294E+03  -0.223438E+02   0.000000E+00   0.147638E+03  -0.295276E+03
   0.343043E+02   0.268377E+02   0.528463E-02   0.115904E+02   0.123884E+02   0.179554E+02   0.159928E+02   0.129728E+03  -0.159687E+02   0.000000E+00   0.145697E+03  -0.291393E+03
   0.343043E+02   0.276992E+02   0.535239E-02   0.827957E+01   0.512471E+01   0.177441E+02   0.173276E+02   0.127585E+03  -0.201614E+02   0.000000E+00   0.147746E+03  -0.295493E+03
   0.345396E+02   0.272741E+02   0.619865E-02   0.786190E+01   0.120945E+02   0.196360E+02   0.164933E+02   0.130659E+03  -0.165701E+02   0.000000E+00   0.147229E+03  -0.294458E+03
   0.343892E+02   0.273036E+02   0.559218E-02   0.964766E+01   0.927955E+01   0.137487E+02   0.126501E+02   0.133913E+03  -0.142372E+02   0.000000E+00   0.148150E+03  -0.296300E+03
   0.343873E+02   0.271291E+02   0.591801E-02   0.852146E+01   0.832695E+01   0.183907E+02   0.179736E+02   0.132249E+03  -0.157702E+02   0.000000E+00   0.148019E+03  -0.296038E+03
   0.343873E+02   0.281752E+02   0.738065E-02   0.780309E+01   0.142427E+02   0.183678E+02   0.113152E+02   0.128069E+03  -0.179267E+02   0.000000E+00   0.145996E+03  -0.291991E+03
   0.343873E+02   0.275271E+02   0.573775E-02   0.707309E+01   0.975232E+01   0.120385E+02   0.132341E+02   0.132666E+03  -0.156527E+02   0.000000E+00   0.148319E+03  -0.296637E+03
   0.344090E+02   0.277342E+02   0.514340E-02   0.152101E+02   0.803596E+01   0.118217E+02   0.130852E+02   0.129812E+03  -0.176256E+02   0.000000E+00   0.147438E+03  -0.294875E+03
   0.342810E+02   0.282065E+02   0.548835E-02   0.108708E+02   0.106211E+02   0.128368E+02   0.941199E+01   0.130552E+03  -0.167345E+02   0.000000E+00   0.147287E+03  -0.294573E+03
   0.341215E+02   0.271373E+02   0.739657E-02   0.114110E+02   0.118063E+02   0.153110E+02   0.188122E+02   0.127851E+03  -0.158154E+02   0.000000E+00   0.143666E+03  -0.287333E+03
   0.341514E+02   0.282000E+02   0.592275E-02   0.102869E+02   0.947317E+01   0.200511E+02   0.143280E+02   0.130815E+03  -0.154061E+02   0.000000E+00   0.146221E+03  -0.292442E+03
   0.344183E+02   0.284653E+02   0.649868E-02   0.137093E+02   0.123743E+02   0.159604E+02   0.172310E+02   0.129376E+03  -0.168909E+02   0.000000E+00   0.146267E+03  -0.292534E+03
   0.341107E+02   0.284464E+02   0.710820E-02   0.117491E+02   0.150673E+02   0.129191E+02   0.147736E+02   0.127742E+03  -0.171754E+02   0.000000E+00   0.144917E+03  -0.289835E+03
   0.344285E+02   0.279964E+02   0.527277E-02   0.100690E+02   0.103162E+02   0.139812E+02   0.163174E+02   0.132701E+03  -0.142766E+02   0.000000E+00   0.146978E+03  -0.293955E+03
   0.344419E+02   0.265808E+02   0.584352E-02   0.110286E+02   0.574167E+01   0.116059E+02   0.177603E+02   0.127929E+03  -0.186643E+02   0.000000E+00   0.146593E+03  -0.293187E+03
   0.344301E+02   0.277489E+02   0.544035E-02   0.171361E+02   0.841794E+01   0.119527E+02   0.113263E+02   0.128214E+03  -0.195480E+02   0.000000E+00   0.147762E+03  -0.295524E+03
   0.342963E+02   0.271220E+02   0.587715E-02   0.104401E+02   0.100664E+02   0.156582E+02   0.176226E+02   0.132715E+03  -0.146868E+02   0.000000E+00   0.147402E+03  -0.294804E+03
   0.344341E+02   0.275094E+02   0.697955E-02   0.695373E+01   0.113933E+02   0.112983E+02   0.150037E+02   0.130767E+03  -0.164122E+02   0.000000E+00   0.147179E+03  -0.294358E+03
   0.342826E+02   0.282159E+02   0.622925E-02   0.106437E+02   0.101269E+02   0.106173E+02   0.166444E+02   0.131904E+03  -0.155737E+02   0.000000E+00   0.147478E+03  -0.294955E+03
   0.344627E+02   0.280262E+02   0.642263E-02   0.113603E+02   0.139223E+02   0.121646E+02   0.878364E+01   0.127583E+03  -0.194762E+02   0.000000E+00   0.147059E+03  -0.294118E+03
   0.345539E+02   0.270913E+02   0.608393E-02   0.158612E+02   0.896094E+01   0.139002E+02   0.131961E+02   0.129819E+03  -0.172970E+02   0.000000E+00   0.147116E+03  -0.294232E+03
   0.345539E+02   0.274985E+02   0.661703E-02   0.894971E+01   0.919238E+01   0.146957E+02   0.183603E+02   0.131863E+03  -0.148067E+02   0.000000E+00   0.146670E+03  -0.293339E+03
   0.343123E+02   0.274985E+02   0.681151E-02   0.120967E+02   0.123928E+02   0.114908E+02   0.146004E+02   0.131254E+03  -0.160982E+02   0.000000E+00   0.147352E+03  -0.294704E+03
   0.343199E+02   0.266627E+02   0.724134E-02   0.117056E+02   0.733931E+01   0.169915E+02   0.142016E+02   0.129564E+03  -0.157176E+02   0.000000E+00   0.145282E+03  -0.290563E+03
   0.343366E+02   0.288257E+02   0.605298E-02   0.768379E+01   0.757658E+01   0.169703E+02   0.148237E+02   0.130089E+03  -0.156549E+02   0.000000E+00   0.145744E+03  -0.291488E+03
   0.343710E+02   0.282148E+02   0.715949E-02   0.730298E+01   0.104553E+02   0.142716E+02   0.163413E+02   0.131193E+03  -0.152100E+02   0.000000E+00   0.146403E+03  -0.292806E+03
   0.345702E+02   0.271844E+02   0.533845E-02   0.776715E+01   0.958726E+01   0.165799E+02   0.156632E+02   0.131295E+03  -0.148793E+02   0.000000E+00   0.146174E+03  -0.292349E+03
   0.344630E+02   0.274328E+02   0.555691E-02   0.127461E+02   0.813929E+01   0.173036E+02   0.137750E+02   0.132147E+03  -0.157677E+02   0.000000E+00   0.147915E+03  -0.295829E+03
   0.341454E+02   0.273985E+02   0.544236E-02   0.104559E+02   0.108747E+02   0.165385E+02   0.888593E+01   0.127410E+03  -0.174228E+02   0.000000E+00   0.144833E+03  -0.289666E+03
   0.343985E+02   0.276422E+02   0.622630E-02   0.115917E+02   0.896268E+01   0.153476E+02   0.167117E+02   0.133332E+03  -0.148060E+02   0.000000E+00   0.148138E+03  -0.296276E+03
   0.341911E+02   0.279543E+02   0.602483E-02   0.998301E+01   0.996439E+01   0.161784E+02   0.161466E+02   0.132613E+03  -0.143452E+02   0.000000E+00   0.146958E+03  -0.293916E+03
   0.342441E+02   0.267972E+02   0.691084E-02   0.107889E+02   0.104052E+02   0.172299E+02   0.140677E+02   0.130569E+03  -0.146351E+02   0.000000E+00   0.145204E+03  -0.290408E+03
   0.346944E+02   0.272919E+02   0.647166E-02   0.135824E+02   0.836814E+01   0.169067E+02   0.124441E+02   0.128108E+03  -0.163064E+02   0.000000E+00   0.144414E+03  -0.288829E+03
   0.343892E+02   0.269990E+02   0.549022E-02   0.945775E+01   0.106018E+02   0.165316E+02   0.130361E+02   0.133063E+03  -0.144671E+02   0.000000E+00   0.147530E+03  -0.295060E+03
   0.344531E+02   0.272385E+02   0.525182E-02   0.860033E+01   0.988517E+01   0.142607E+02   0.157561E+02   0.133295E+03  -0.142460E+02   0.000000E+00   0.147541E+03  -0.295082E+03
   0.343333E+02   0.274948E+02   0.592029E-02   0.140191E+02   0.816358E+01   0.123043E+02   0.195458E+02   0.130634E+03  -0.175709E+02   0.000000E+00   0.148205E+03  -0.296410E+03
   0.344653E+02   0.252184E+02   0.754416E-02   0.114580E+02   0.746275E+01   0.129410E+02   0.160064E+02   0.123328E+03  -0.154498E+02   0.000000E+00   0.138778E+03  -0.277556E+03
   0.344361E+02   0.271724E+02   0.700854E-02   0.987113E+01   0.109106E+02   0.139238E+02   0.171146E+02   0.132442E+03  -0.145770E+02   0.000000E+00   0.147019E+03  -0.294038E+03
   0.343671E+02   0.278903E+02   0.509858E-02   0.100483E+02   0.951270E+01   0.142350E+02   0.986177E+01   0.131470E+03  -0.158091E+02   0.000000E+00   0.147279E+03  -0.294558E+03
   0.344470E+02   0.272319E+02   0.643802E-02   0.897462E+01   0.110280E+02   0.186672E+02   0.136423E+02   0.132626E+03  -0.151516E+02   0.000000E+00   0.147778E+03  -0.295555E+03
   0.342944E+02   0.274133E+02   0.643728E-02   0.106204E+02   0.796161E+01   0.122075E+02   0.138270E+02   0.132677E+03  -0.149146E+02   0.000000E+00   0.147592E+03  -0.295183E+03
   0.342990E+02   0.275023E+02   0.675625E-02   0.101901E+02   0.929851E+01   0.166855E+02   0.142731E+02   0.133066E+03  -0.143077E+02   0.000000E+00   0.147374E+03  -0.294747E+03
   0.342744E+02   0.281792E+02   0.563604E-02   0.934025E+01   0.116473E+02   0.164482E+02   0.111304E+02   0.131931E+03  -0.155076E+02   0.000000E+00   0.147439E+03  -0.294877E+03
   0.344614E+02   0.272231E+02   0.586588E-02   0.916153E+01   0.855567E+01   0.151569E+02   0.140834E+02   0.133789E+03  -0.142165E+02   0.000000E+00   0.148006E+03  -0.296011E+03
   0.343332E+02   0.279446E+02   0.732023E-02   0.744685E+01   0.790487E+01   0.160709E+02   0.116581E+02   0.130514E+03  -0.159795E+02   0.000000E+00   0.146493E+03  -0.292987E+03
   0.341834E+02   0.288834E+02   0.581384E-02   0.133878E+02   0.101304E+02   0.153137E+02   0.151063E+02   0.129772E+03  -0.154663E+02   0.000000E+00   0.145238E+03  -0.290477E+03
   0.345020E+02   0.280309E+02   0.591028E-02   0.129050E+02   0.114820E+02   0.144098E+02   0.151874E+02   0.131135E+03  -0.155010E+02   0.000000E+00   0.146636E+03  -0.293272E+03
   0.343559E+02   0.276377E+02   0.760280E-02   0.103340E+02   0.117984E+02   0.129785E+02   0.121174E+02   0.131002E+03  -0.150883E+02   0.000000E+00   0.146090E+03  -0.292181E+03
   0.343108E+02   0.273214E+02   0.562848E-02   0.874435E+01   0.924815E+01   0.239611E+02   0.164753E+02   0.130236E+03  -0.175652E+02   0.000000E+00   0.147801E+03  -0.295602E+03
   0.341948E+02   0.275535E+02   0.564571E-02   0.870717E+01   0.924815E+01   0.158148E+02   0.137405E+02   0.132192E+03  -0.142573E+02   0.000000E+00   0.146449E+03  -0.292899E+03
   0.345339E+02   0.270382E+02   0.637480E-02   0.862679E+01   0.134523E+02   0.195413E+02   0.162411E+02   0.130304E+03  -0.168800E+02   0.000000E+00   0.147184E+03  -0.294368E+03
   0.342204E+02   0.285412E+02   0.598750E-02   0.950155E+01   0.103570E+02   0.168827E+02   0.142116E+02   0.132217E+03  -0.143691E+02   0.000000E+00   0.146586E+03  -0.293172E+03
   0.343117E+02   0.271925E+02   0.695364E-02   0.125184E+02   0.136034E+02   0.952314E+01   0.175285E+02   0.127834E+03  -0.189934E+02   0.000000E+00   0.146827E+03  -0.293655E+03
   0.344759E+02   0.268416E+02   0.518047E-02   0.816637E+01   0.795995E+01   0.166791E+02   0.145846E+02   0.131481E+03  -0.150232E+02   0.000000E+00   0.146504E+03  -0.293008E+03
   0.343642E+02   0.268416E+02   0.533882E-02   0.898515E+01   0.961395E+01   0.140685E+02   0.151209E+02   0.132514E+03  -0.140739E+02   0.000000E+00   0.146588E+03  -0.293176E+03
   0.343642E+02   0.280277E+02   0.526015E-02   0.103029E+02   0.799211E+01   0.147570E+02   0.111546E+02   0.132088E+03  -0.152939E+02   0.000000E+00   0.147382E+03  -0.294764E+03
   0.344873E+02   0.265282E+02   0.710792E-02   0.898375E+01   0.980106E+01   0.147776E+02   0.156850E+02   0.131585E+03  -0.141404E+02   0.000000E+00   0.145725E+03  -0.291451E+03
   0.345014E+02   0.272413E+02   0.676998E-02   0.120083E+02   0.930065E+01   0.154721E+02   0.156850E+02   0.132350E+03  -0.147691E+02   0.000000E+00   0.147119E+03  -0.294238E+03
   0.342637E+02   0.277726E+02   0.602121E-02   0.125815E+02   0.974023E+01   0.146403E+02   0.177381E+02   0.132348E+03  -0.154350E+02   0.000000E+00   0.147783E+03  -0.295566E+03
   0.343541E+02   0.273174E+02   0.502878E-02   0.113072E+02   0.867323E+01   0.177508E+02   0.124412E+02   0.131894E+03  -0.152571E+02   0.000000E+00   0.147151E+03  -0.294302E+03
   0.343703E+02   0.284457E+02   0.700135E-02   0.829149E+01   0.978166E+01   0.162946E+02   0.102785E+02   0.130294E+03  -0.158736E+02   0.000000E+00   0.146168E+03  -0.292335E+03
   0.340835E+02   0.287523E+02   0.664335E-02   0.829149E+01   0.136698E+02   0.173536E+02   0.184936E+02   0.127492E+03  -0.170158E+02   0.000000E+00   0.144508E+03  -0.289016E+03
   0.345418E+02   0.267826E+02   0.724980E-02   0.101001E+02   0.100756E+02   0.179367E+02   0.124387E+02   0.130886E+03  -0.149105E+02   0.000000E+00   0.145797E+03  -0.291593E+03
   0.343748E+02   0.272845E+02   0.795565E-02   0.109347E+02   0.102457E+02   0.205449E+02   0.184553E+02   0.128673E+03  -0.165784E+02   0.000000E+00   0.145251E+03  -0.290503E+03
   0.343275E+02   0.276683E+02   0.679381E-02   0.108403E+02   0.733477E+01   0.230556E+02   0.146994E+02   0.129655E+03  -0.178392E+02   0.000000E+00   0.147494E+03  -0.294988E+03
   0.345515E+02   0.268166E+02   0.610840E-02   0.102300E+02   0.712462E+01   0.156774E+02   0.115574E+02   0.130997E+03  -0.158461E+02   0.000000E+00   0.146843E+03  -0.293686E+03
   0.344920E+02   0.269940E+02   0.638555E-02   0.103146E+02   0.118363E+02   0.223012E+02   0.116929E+02   0.129905E+03  -0.175175E+02   0.000000E+00   0.147422E+03  -0.294845E+03
   0.342717E+02   0.279394E+02   0.682780E-02   0.144430E+02   0.897163E+01   0.130029E+02   0.137701E+02   0.130848E+03  -0.162756E+02   0.000000E+00   0.147124E+03  -0.294247E+03
   0.344462E+02   0.270125E+02   0.560979E-02   0.808413E+01   0.801769E+01   0.120076E+02   0.125754E+02   0.132273E+03  -0.154122E+02   0.000000E+00   0.147685E+03  -0.295370E+03
   0.344018E+02   0.271623E+02   0.697171E-02   0.733281E+01   0.830270E+01   0.144221E+02   0.153091E+02   0.131894E+03  -0.152065E+02   0.000000E+00   0.147101E+03  -0.294201E+03
   0.344641E+02   0.272358E+02   0.578078E-02   0.981545E+01   0.124481E+02   0.138586E+02   0.137008E+02   0.133127E+03  -0.148769E+02   0.000000E+00   0.148004E+03  -0.296008E+03
   0.345624E+02   0.272358E+02   0.620447E-02   0.155138E+02   0.777025E+01   0.154437E+02   0.137008E+02   0.129464E+03  -0.175065E+02   0.000000E+00   0.146970E+03  -0.293941E+03
   0.344824E+02   0.270667E+02   0.476643E-02   0.997638E+01   0.114820E+02   0.157847E+02   0.195811E+02   0.130009E+03  -0.156742E+02   0.000000E+00   0.145683E+03  -0.291366E+03
   0.343734E+02   0.270667E+02   0.883315E-02   0.110735E+02   0.854376E+01   0.156542E+02   0.175876E+02   0.128040E+03  -0.149870E+02   0.000000E+00   0.143027E+03  -0.286054E+03
   0.342455E+02   0.295303E+02   0.842476E-02   0.124882E+02   0.116234E+02   0.126330E+02   0.187528E+02   0.125119E+03  -0.163778E+02   0.000000E+00   0.141497E+03  -0.282994E+03
   0.341496E+02   0.273419E+02   0.694707E-02   0.128856E+02   0.104993E+02   0.201085E+02   0.132781E+02   0.128528E+03  -0.166278E+02   0.000000E+00   0.145156E+03  -0.290312E+03
   0.341478E+02   0.282328E+02   0.539787E-02   0.113348E+02   0.902094E+01   0.133013E+02   0.194155E+02   0.129970E+03  -0.155634E+02   0.000000E+00   0.145533E+03  -0.291067E+03
   0.342484E+02   0.282328E+02   0.501105E-02   0.105334E+02   0.101030E+02   0.133013E+02   0.168259E+02   0.131520E+03  -0.144991E+02   0.000000E+00   0.146019E+03  -0.292038E+03
   0.342647E+02   0.286003E+02   0.608676E-02   0.874111E+01   0.774456E+01   0.126125E+02   0.169613E+02   0.131422E+03  -0.152284E+02   0.000000E+00   0.146650E+03  -0.293301E+03
   0.341434E+02   0.286003E+02   0.552096E-02   0.944127E+01   0.104221E+02   0.143922E+02   0.157954E+02   0.130859E+03  -0.141733E+02   0.000000E+00   0.145032E+03  -0.290065E+03
   0.341434E+02   0.292892E+02   0.555513E-02   0.109492E+02   0.806777E+01   0.211339E+02   0.105633E+02   0.125236E+03  -0.176150E+02   0.000000E+00   0.142851E+03  -0.285702E+03
   0.343363E+02   0.280424E+02   0.688344E-02   0.104167E+02   0.992651E+01   0.119786E+02   0.168249E+02   0.132329E+03  -0.148037E+02   0.000000E+00   0.147133E+03  -0.294265E+03
   0.343149E+02   0.276712E+02   0.686164E-02   0.119633E+02   0.121384E+02   0.170452E+02   0.137533E+02   0.131682E+03  -0.156452E+02   0.000000E+00   0.147327E+03  -0.294654E+03
   0.342727E+02   0.282021E+02   0.755224E-02   0.109528E+02   0.121737E+02   0.146734E+02   0.159961E+02   0.130671E+03  -0.150365E+02   0.000000E+00   0.145708E+03  -0.291415E+03
   0.343303E+02   0.290525E+02   0.572199E-02   0.957883E+01   0.139273E+02   0.174795E+02   0.135423E+02   0.128311E+03  -0.162187E+02   0.000000E+00   0.144530E+03  -0.289059E+03
   0.342932E+02   0.277434E+02   0.531156E-02   0.128157E+02   0.992137E+01   0.158442E+02   0.191601E+02   0.131445E+03  -0.161579E+02   0.000000E+00   0.147603E+03  -0.295206E+03
   0.342932E+02   0.272346E+02   0.717185E-02   0.705191E+01   0.763786E+01   0.189155E+02   0.205467E+02   0.128067E+03  -0.183321E+02   0.000000E+00   0.146399E+03  -0.292798E+03
   0.343496E+02   0.276200E+02   0.549782E-02   0.109749E+02   0.877518E+01   0.180231E+02   0.194047E+02   0.132123E+03  -0.160367E+02   0.000000E+00   0.148160E+03  -0.296319E+03
   0.342379E+02   0.281659E+02   0.524862E-02   0.125795E+02   0.899912E+01   0.107895E+02   0.162787E+02   0.130482E+03  -0.161759E+02   0.000000E+00   0.146658E+03  -0.293316E+03
   0.343819E+02   0.269977E+02   0.750193E-02   0.824315E+01   0.103111E+02   0.187656E+02   0.182314E+02   0.130029E+03  -0.158993E+02   0.000000E+00   0.145928E+03  -0.291857E+03
   0.345007E+02   0.268671E+02   0.599110E-02   0.844420E+01   0.100095E+02   0.198401E+02   0.111672E+02   0.131038E+03  -0.163015E+02   0.000000E+00   0.147339E+03  -0.294679E+03
   0.345512E+02   0.273478E+02   0.576583E-02   0.918603E+01   0.850946E+01   0.124449E+02   0.118329E+02   0.132059E+03  -0.149462E+02   0.000000E+00   0.147005E+03  -0.294010E+03
   0.343519E+02   0.273478E+02   0.586316E-02   0.123670E+02   0.104514E+02   0.127457E+02   0.106384E+02   0.131979E+03  -0.162075E+02   0.000000E+00   0.148186E+03  -0.296373E+03
   0.345244E+02   0.273478E+02   0.724622E-02   0.947712E+01   0.116882E+02   0.129029E+02   0.121689E+02   0.131259E+03  -0.149748E+02   0.000000E+00   0.146234E+03  -0.292468E+03
   0.345571E+02   0.271515E+02   0.560982E-02   0.123709E+02   0.118867E+02   0.177477E+02   0.182589E+02   0.130186E+03  -0.165881E+02   0.000000E+00   0.146774E+03  -0.293548E+03
   0.344222E+02   0.274142E+02   0.632523E-02   0.968604E+01   0.113111E+02   0.136410E+02   0.149470E+02   0.133677E+03  -0.143698E+02   0.000000E+00   0.148047E+03  -0.296094E+03
   0.344286E+02   0.267961E+02   0.599018E-02   0.112250E+02   0.642432E+01   0.212345E+02   0.113078E+02   0.128433E+03  -0.189223E+02   0.000000E+00   0.147355E+03  -0.294711E+03
   0.344286E+02   0.269442E+02   0.565337E-02   0.989792E+01   0.102517E+02   0.104844E+02   0.150052E+02   0.132270E+03  -0.153310E+02   0.000000E+00   0.147601E+03  -0.295202E+03
   0.344286E+02   0.268603E+02   0.638449E-02   0.117592E+02   0.111651E+02   0.118949E+02   0.134275E+02   0.132054E+03  -0.152971E+02   0.000000E+00   0.147351E+03  -0.294702E+03
   0.344022E+02   0.281823E+02   0.547123E-02   0.881925E+01   0.121806E+02   0.149536E+02   0.145375E+02   0.132298E+03  -0.147950E+02   0.000000E+00   0.147093E+03  -0.294186E+03
   0.342357E+02   0.278570E+02   0.599522E-02   0.100429E+02   0.844336E+01   0.173871E+02   0.147880E+02   0.132923E+03  -0.146634E+02   0.000000E+00   0.147586E+03  -0.295173E+03
   0.343326E+02   0.269321E+02   0.533272E-02   0.762939E+01   0.805202E+01   0.146859E+02   0.122763E+02   0.131246E+03  -0.153623E+02   0.000000E+00   0.146608E+03  -0.293217E+03
   0.347326E+02   0.269101E+02   0.707262E-02   0.101292E+02   0.805202E+01   0.209381E+02   0.117117E+02   0.126891E+03  -0.166887E+02   0.000000E+00   0.143580E+03  -0.287159E+03
   0.344718E+02   0.265860E+02   0.580921E-02   0.972651E+01   0.805202E+01   0.164037E+02   0.177694E+02   0.131496E+03  -0.151314E+02   0.000000E+00   0.146627E+03  -0.293255E+03
   0.343816E+02   0.274518E+02   0.712109E-02   0.111668E+02   0.858526E+01   0.126109E+02   0.157980E+02   0.132270E+03  -0.147507E+02   0.000000E+00   0.147021E+03  -0.294041E+03
   0.344771E+02   0.272358E+02   0.580204E-02   0.106116E+02   0.112574E+02   0.144952E+02   0.155966E+02   0.133375E+03  -0.144973E+02   0.000000E+00   0.147872E+03  -0.295745E+03
   0.343976E+02   0.271381E+02   0.543973E-02   0.116744E+02   0.177630E+02   0.192427E+02   0.127915E+02   0.127402E+03  -0.203991E+02   0.000000E+00   0.147801E+03  -0.295602E+03
   0.343619E+02   0.271381E+02   0.543973E-02   0.865774E+01   0.747067E+01   0.178342E+02   0.145247E+02   0.132182E+03  -0.154767E+02   0.000000E+00   0.147659E+03  -0.295317E+03
   0.343356E+02   0.286293E+02   0.453771E-02   0.861818E+01   0.129360E+02   0.191862E+02   0.145247E+02   0.126073E+03  -0.162594E+02   0.000000E+00   0.142332E+03  -0.284665E+03
   0.344424E+02   0.273453E+02   0.651287E-02   0.975939E+01   0.114349E+02   0.225294E+02   0.155897E+02   0.130851E+03  -0.169357E+02   0.000000E+00   0.147787E+03  -0.295573E+03
   0.343784E+02   0.267285E+02   0.570107E-02   0.973192E+01   0.892032E+01   0.125014E+02   0.155897E+02   0.132425E+03  -0.143826E+02   0.000000E+00   0.146808E+03  -0.293615E+03
   0.344521E+02   0.269916E+02   0.669673E-02   0.910490E+01   0.942713E+01   0.181797E+02   0.156908E+02   0.132467E+03  -0.147870E+02   0.000000E+00   0.147254E+03  -0.294508E+03
   0.344521E+02   0.271848E+02   0.608734E-02   0.116916E+02   0.138409E+02   0.119180E+02   0.103154E+02   0.130006E+03  -0.179781E+02   0.000000E+00   0.147984E+03  -0.295968E+03
   0.343583E+02   0.270437E+02   0.600722E-02   0.108794E+02   0.109455E+02   0.172186E+02   0.104996E+02   0.131683E+03  -0.160367E+02   0.000000E+00   0.147720E+03  -0.295439E+03
   0.343911E+02   0.279087E+02   0.608970E-02   0.109569E+02   0.845394E+01   0.162687E+02   0.116349E+02   0.132824E+03  -0.151584E+02   0.000000E+00   0.147982E+03  -0.295965E+03
   0.342998E+02   0.271173E+02   0.608970E-02   0.111348E+02   0.809329E+01   0.151742E+02   0.212644E+02   0.130858E+03  -0.165460E+02   0.000000E+00   0.147404E+03  -0.294808E+03
   0.346190E+02   0.271293E+02   0.645257E-02   0.844203E+01   0.910668E+01   0.100238E+02   0.140874E+02   0.130095E+03  -0.158811E+02   0.000000E+00   0.145976E+03  -0.291952E+03
   0.343219E+02   0.269462E+02   0.650438E-02   0.843436E+01   0.109313E+02   0.136402E+02   0.165725E+02   0.132273E+03  -0.146837E+02   0.000000E+00   0.146957E+03  -0.293913E+03
   0.343071E+02   0.284870E+02   0.633883E-02   0.667602E+01   0.126963E+02   0.112418E+02   0.140894E+02   0.129521E+03  -0.173873E+02   0.000000E+00   0.146908E+03  -0.293817E+03
   0.345113E+02   0.269749E+02   0.555083E-02   0.990555E+01   0.971973E+01   0.187267E+02   0.157514E+02   0.132249E+03  -0.149511E+02   0.000000E+00   0.147200E+03  -0.294400E+03
   0.345113E+02   0.281550E+02   0.683778E-02   0.863413E+01   0.114747E+02   0.167814E+02   0.131733E+02   0.130900E+03  -0.149091E+02   0.000000E+00   0.145809E+03  -0.291618E+03
   0.345113E+02   0.281976E+02   0.514770E-02   0.933599E+01   0.908057E+01   0.130709E+02   0.152617E+02   0.130337E+03  -0.141921E+02   0.000000E+00   0.144529E+03  -0.289058E+03
   0.343851E+02   0.275014E+02   0.661110E-02   0.129935E+02   0.749612E+01   0.138966E+02   0.152201E+02   0.131859E+03  -0.159445E+02   0.000000E+00   0.147804E+03  -0.295607E+03
   0.343187E+02   0.267500E+02   0.733066E-02   0.115513E+02   0.136749E+02   0.152957E+02   0.152615E+02   0.129354E+03  -0.160486E+02   0.000000E+00   0.145403E+03  -0.290805E+03
   0.346252E+02   0.265091E+02   0.672226E-02   0.110437E+02   0.911044E+01   0.157883E+02   0.189014E+02   0.129866E+03  -0.152828E+02   0.000000E+00   0.145149E+03  -0.290298E+03
   0.346265E+02   0.268480E+02   0.644334E-02   0.105148E+02   0.668340E+01   0.177899E+02   0.119476E+02   0.129031E+03  -0.167239E+02   0.000000E+00   0.145755E+03  -0.291510E+03
   0.345703E+02   0.269575E+02   0.632723E-02   0.117776E+02   0.110457E+02   0.117633E+02   0.206045E+02   0.129869E+03  -0.168557E+02   0.000000E+00   0.146725E+03  -0.293449E+03
   0.342356E+02   0.286552E+02   0.674274E-02   0.102085E+02   0.154613E+02   0.161268E+02   0.152900E+02   0.129053E+03  -0.170587E+02   0.000000E+00   0.146112E+03  -0.292223E+03
   0.344164E+02   0.274077E+02   0.621129E-02   0.930213E+01   0.120269E+02   0.165050E+02   0.163503E+02   0.133080E+03  -0.150540E+02   0.000000E+00   0.148134E+03  -0.296268E+03
   0.343563E+02   0.279747E+02   0.534336E-02   0.118471E+02   0.981840E+01   0.166792E+02   0.158334E+02   0.132727E+03  -0.149136E+02   0.000000E+00   0.147641E+03  -0.295281E+03
   0.342223E+02   0.282644E+02   0.595565E-02   0.881722E+01   0.676740E+01   0.155930E+02   0.235358E+02   0.128393E+03  -0.186938E+02   0.000000E+00   0.147087E+03  -0.294174E+03
   0.344263E+02   0.276845E+02   0.575536E-02   0.112369E+02   0.976859E+01   0.166573E+02   0.130760E+02   0.133406E+03  -0.146721E+02   0.000000E+00   0.148078E+03  -0.296156E+03
   0.343067E+02   0.283768E+02   0.660367E-02   0.113813E+02   0.112071E+02   0.143596E+02   0.130760E+02   0.132196E+03  -0.147551E+02   0.000000E+00   0.146951E+03  -0.293902E+03
   0.344514E+02   0.277986E+02   0.556057E-02   0.872370E+01   0.112071E+02   0.258024E+02   0.197954E+02   0.127726E+03  -0.198939E+02   0.000000E+00   0.147620E+03  -0.295240E+03
   0.340931E+02   0.281598E+02   0.644141E-02   0.721029E+01   0.105583E+02   0.173346E+02   0.169393E+02   0.129329E+03  -0.158756E+02   0.000000E+00   0.145205E+03  -0.290409E+03
   0.345446E+02   0.280269E+02   0.711788E-02   0.821391E+01   0.104334E+02   0.163531E+02   0.149879E+02   0.130761E+03  -0.145926E+02   0.000000E+00   0.145354E+03  -0.290707E+03
   0.345145E+02   0.267806E+02   0.560877E-02   0.857873E+01   0.109510E+02   0.186302E+02   0.104980E+02   0.130449E+03  -0.164351E+02   0.000000E+00   0.146884E+03  -0.293768E+03
   0.345616E+02   0.267974E+02   0.669390E-02   0.845382E+01   0.789081E+01   0.155798E+02   0.169623E+02   0.131316E+03  -0.150787E+02   0.000000E+00   0.146395E+03  -0.292789E+03
   0.344519E+02   0.274455E+02   0.655746E-02   0.100417E+02   0.141887E+02   0.109246E+02   0.157230E+02   0.130731E+03  -0.169601E+02   0.000000E+00   0.147691E+03  -0.295382E+03
   0.342489E+02   0.274743E+02   0.756701E-02   0.174292E+02   0.696820E+01   0.140575E+02   0.163389E+02   0.125732E+03  -0.199098E+02   0.000000E+00   0.145642E+03  -0.291284E+03
   0.343109E+02   0.266954E+02   0.573294E-02   0.100474E+02   0.961149E+01   0.129358E+02   0.166533E+02   0.131541E+03  -0.144138E+02   0.000000E+00   0.145955E+03  -0.291910E+03
   0.345692E+02   0.268027E+02   0.692757E-02   0.958141E+01   0.141876E+02   0.172893E+02   0.151012E+02   0.129724E+03  -0.163224E+02   0.000000E+00   0.146046E+03  -0.292093E+03
   0.344795E+02   0.287950E+02   0.843140E-02   0.892490E+01   0.101553E+02   0.128855E+02   0.167039E+02   0.127512E+03  -0.145170E+02   0.000000E+00   0.142029E+03  -0.284058E+03
   0.342112E+02   0.280177E+02   0.638457E-02   0.991847E+01   0.118138E+02   0.141187E+02   0.148138E+02   0.132534E+03  -0.145430E+02   0.000000E+00   0.147077E+03  -0.294154E+03
   0.343543E+02   0.267941E+02   0.587824E-02   0.130807E+02   0.976009E+01   0.129351E+02   0.136469E+02   0.131543E+03  -0.153581E+02   0.000000E+00   0.146901E+03  -0.293802E+03
   0.342969E+02   0.283447E+02   0.685509E-02   0.134675E+02   0.986786E+01   0.878198E+01   0.161773E+02   0.128081E+03  -0.186501E+02   0.000000E+00   0.146731E+03  -0.293462E+03
   0.342533E+02   0.284154E+02   0.612979E-02   0.100733E+02   0.101982E+02   0.155483E+02   0.122993E+02   0.132588E+03  -0.144402E+02   0.000000E+00   0.147028E+03  -0.294056E+03
   0.342533E+02   0.281972E+02   0.575344E-02   0.759589E+01   0.859018E+01   0.135124E+02   0.217778E+02   0.130342E+03  -0.170109E+02   0.000000E+00   0.147353E+03  -0.294706E+03
   0.342333E+02   0.283835E+02   0.564608E-02   0.130353E+02   0.130236E+02   0.148316E+02   0.129837E+02   0.130349E+03  -0.164480E+02   0.000000E+00   0.146797E+03  -0.293594E+03
   0.345037E+02   0.270559E+02   0.636667E-02   0.134185E+02   0.138054E+02   0.149078E+02   0.145682E+02   0.130413E+03  -0.170346E+02   0.000000E+00   0.147448E+03  -0.294895E+03
   0.343351E+02   0.278460E+02   0.664844E-02   0.510432E+01   0.132153E+02   0.135873E+02   0.186420E+02   0.126513E+03  -0.211240E+02   0.000000E+00   0.147637E+03  -0.295274E+03
   0.342581E+02   0.271636E+02   0.571397E-02   0.109181E+02   0.822498E+01   0.183933E+02   0.140003E+02   0.131649E+03  -0.152421E+02   0.000000E+00   0.146891E+03  -0.293782E+03
   0.343074E+02   0.271532E+02   0.546360E-02   0.130716E+02   0.101817E+02   0.165586E+02   0.152695E+02   0.131790E+03  -0.154912E+02   0.000000E+00   0.147281E+03  -0.294562E+03
   0.346360E+02   0.273227E+02   0.632668E-02   0.978543E+01   0.742430E+01   0.162050E+02   0.169426E+02   0.130180E+03  -0.153159E+02   0.000000E+00   0.145496E+03  -0.290992E+03
   0.342869E+02   0.273227E+02   0.633386E-02   0.107402E+02   0.864153E+01   0.147782E+02   0.124328E+02   0.133006E+03  -0.145579E+02   0.000000E+00   0.147564E+03  -0.295128E+03
   0.342703E+02   0.271656E+02   0.491306E-02   0.100834E+02   0.927050E+01   0.104203E+02   0.166735E+02   0.129788E+03  -0.156070E+02   0.000000E+00   0.145395E+03  -0.290790E+03
   0.342703E+02   0.276595E+02   0.624101E-02   0.841613E+01   0.927050E+01   0.200305E+02   0.166715E+02   0.131921E+03  -0.158368E+02   0.000000E+00   0.147758E+03  -0.295516E+03
   0.344545E+02   0.277375E+02   0.557703E-02   0.108757E+02   0.959316E+01   0.155419E+02   0.175265E+02   0.133012E+03  -0.147235E+02   0.000000E+00   0.147736E+03  -0.295471E+03
   0.341404E+02   0.277375E+02   0.675046E-02   0.928516E+01   0.812609E+01   0.194037E+02   0.186082E+02   0.129480E+03  -0.162690E+02   0.000000E+00   0.145749E+03  -0.291498E+03
   0.341216E+02   0.280132E+02   0.577534E-02   0.113590E+02   0.138285E+02   0.181463E+02   0.188172E+02   0.128006E+03  -0.175425E+02   0.000000E+00   0.145548E+03  -0.291097E+03
   0.341541E+02   0.284348E+02   0.767832E-02   0.983195E+01   0.922835E+01   0.155305E+02   0.187657E+02   0.129581E+03  -0.149495E+02   0.000000E+00   0.144531E+03  -0.289061E+03
   0.345440E+02   0.269615E+02   0.554233E-02   0.783007E+01   0.864852E+01   0.144580E+02   0.150652E+02   0.132184E+03  -0.146680E+02   0.000000E+00   0.146852E+03  -0.293704E+03
   0.343238E+02   0.275275E+02   0.484975E-02   0.994241E+01   0.844800E+01   0.110067E+02   0.123334E+02   0.131215E+03  -0.154146E+02   0.000000E+00   0.146630E+03  -0.293259E+03
   0.344275E+02   0.273866E+02   0.733813E-02   0.698671E+01   0.768188E+01   0.156474E+02   0.134041E+02   0.130527E+03  -0.160262E+02   0.000000E+00   0.146553E+03  -0.293106E+03
   0.346551E+02   0.262366E+02   0.667079E-02   0.131857E+02   0.849745E+01   0.125023E+02   0.175401E+02   0.127982E+03  -0.161577E+02   0.000000E+00   0.144140E+03  -0.288279E+03
   0.342871E+02   0.272146E+02   0.755669E-02   0.117199E+02   0.845135E+01   0.160301E+02   0.134167E+02   0.130796E+03  -0.148864E+02   0.000000E+00   0.145682E+03  -0.291365E+03
   0.344494E+02   0.274351E+02   0.645293E-02   0.117199E+02   0.107487E+02   0.161351E+02   0.133380E+02   0.132938E+03  -0.148670E+02   0.000000E+00   0.147805E+03  -0.295610E+03
   0.342573E+02   0.273044E+02   0.594633E-02   0.117876E+02   0.106253E+02   0.148840E+02   0.146802E+02   0.132677E+03  -0.146481E+02   0.000000E+00   0.147325E+03  -0.294650E+03
   0.343755E+02   0.269663E+02   0.454329E-02   0.948941E+01   0.938437E+01   0.138501E+02   0.216703E+02   0.128330E+03  -0.160900E+02   0.000000E+00   0.144420E+03  -0.288840E+03
   0.344190E+02   0.267929E+02   0.626502E-02   0.103238E+02   0.733521E+01   0.200970E+02   0.144670E+02   0.130905E+03  -0.163391E+02   0.000000E+00   0.147244E+03  -0.294488E+03
   0.344266E+02   0.270165E+02   0.575827E-02   0.103563E+02   0.992940E+01   0.167466E+02   0.200976E+02   0.132098E+03  -0.157297E+02   0.000000E+00   0.147828E+03  -0.295655E+03
   0.344266E+02   0.280058E+02   0.551384E-02   0.954348E+01   0.989049E+01   0.175804E+02   0.123966E+02   0.132555E+03  -0.147700E+02   0.000000E+00   0.147325E+03  -0.294650E+03
   0.344955E+02   0.266110E+02   0.616208E-02   0.992816E+01   0.660893E+01   0.133371E+02   0.144001E+02   0.130886E+03  -0.158202E+02   0.000000E+00   0.146706E+03  -0.293412E+03
   0.344132E+02   0.268848E+02   0.592575E-02   0.105098E+02   0.888218E+01   0.143459E+02   0.187122E+02   0.132522E+03  -0.150120E+02   0.000000E+00   0.147534E+03  -0.295068E+03
   0.343068E+02   0.275985E+02   0.581516E-02   0.105098E+02   0.107690E+02   0.143459E+02   0.191745E+02   0.132879E+03  -0.152644E+02   0.000000E+00   0.148143E+03  -0.296287E+03
   0.344140E+02   0.265801E+02   0.596441E-02   0.113184E+02   0.733393E+01   0.184849E+02   0.145215E+02   0.130539E+03  -0.160041E+02   0.000000E+00   0.146543E+03  -0.293086E+03
   0.344140E+02   0.277052E+02   0.577966E-02   0.615355E+01   0.850751E+01   0.131889E+02   0.107466E+02   0.130348E+03  -0.178229E+02   0.000000E+00   0.148171E+03  -0.296342E+03
   0.344229E+02   0.277543E+02   0.583596E-02   0.915663E+01   0.824704E+01   0.135842E+02   0.166313E+02   0.133478E+03  -0.146024E+02   0.000000E+00   0.148080E+03  -0.296161E+03
   0.343806E+02   0.271506E+02   0.688493E-02   0.107328E+02   0.868529E+01   0.166715E+02   0.158421E+02   0.132554E+03  -0.146394E+02   0.000000E+00   0.147193E+03  -0.294387E+03
   0.343900E+02   0.269969E+02   0.627327E-02   0.126293E+02   0.138627E+02   0.140089E+02   0.156234E+02   0.130967E+03  -0.166878E+02   0.000000E+00   0.147655E+03  -0.295310E+03
   0.346039E+02   0.267205E+02   0.769467E-02   0.881511E+01   0.100492E+02   0.952428E+01   0.155112E+02   0.128208E+03  -0.163117E+02   0.000000E+00   0.144520E+03  -0.289039E+03
   0.346126E+02   0.266906E+02   0.662910E-02   0.852464E+01   0.103196E+02   0.142161E+02   0.148524E+02   0.131526E+03  -0.142380E+02   0.000000E+00   0.145764E+03  -0.291528E+03
   0.344465E+02   0.275438E+02   0.563098E-02   0.111118E+02   0.133311E+02   0.158402E+02   0.142181E+02   0.132295E+03  -0.157008E+02   0.000000E+00   0.147996E+03  -0.295992E+03
   0.344497E+02   0.271107E+02   0.509144E-02   0.778156E+01   0.868756E+01   0.217819E+02   0.171727E+02   0.129858E+03  -0.171804E+02   0.000000E+00   0.147038E+03  -0.294077E+03
   0.343279E+02   0.280425E+02   0.511806E-02   0.925202E+01   0.864483E+01   0.174663E+02   0.166362E+02   0.132238E+03  -0.148583E+02   0.000000E+00   0.147096E+03  -0.294193E+03
   0.343279E+02   0.282147E+02   0.557415E-02   0.925202E+01   0.121715E+02   0.189374E+02   0.136924E+02   0.131804E+03  -0.156637E+02   0.000000E+00   0.147468E+03  -0.294935E+03
   0.343873E+02   0.268086E+02   0.587685E-02   0.100774E+02   0.118331E+02   0.191467E+02   0.145176E+02   0.131687E+03  -0.155620E+02   0.000000E+00   0.147249E+03  -0.294498E+03
   0.342973E+02   0.275796E+02   0.491344E-02   0.124464E+02   0.993227E+01   0.220172E+02   0.180846E+02   0.128976E+03  -0.177219E+02   0.000000E+00   0.146698E+03  -0.293396E+03
   0.344792E+02   0.275767E+02   0.454361E-02   0.997306E+01   0.106647E+02   0.134673E+02   0.148197E+02   0.130414E+03  -0.142024E+02   0.000000E+00   0.144616E+03  -0.289233E+03
   0.343609E+02   0.275108E+02   0.522506E-02   0.981100E+01   0.131508E+02   0.134673E+02   0.169993E+02   0.132190E+03  -0.156170E+02   0.000000E+00   0.147807E+03  -0.295614E+03
   0.343703E+02   0.276704E+02   0.590140E-02   0.132303E+02   0.963203E+01   0.145260E+02   0.169202E+02   0.132726E+03  -0.155838E+02   0.000000E+00   0.148310E+03  -0.296620E+03
   0.344246E+02   0.271106E+02   0.535756E-02   0.789514E+01   0.104217E+02   0.141578E+02   0.144623E+02   0.133093E+03  -0.145503E+02   0.000000E+00   0.147643E+03  -0.295287E+03
   0.342502E+02   0.271106E+02   0.765459E-02   0.134276E+02   0.929544E+01   0.104600E+02   0.992719E+01   0.126594E+03  -0.184168E+02   0.000000E+00   0.145011E+03  -0.290022E+03
   0.341752E+02   0.279762E+02   0.639159E-02   0.130698E+02   0.845466E+01   0.124046E+02   0.122262E+02   0.130732E+03  -0.159890E+02   0.000000E+00   0.146721E+03  -0.293442E+03
   0.343505E+02   0.275281E+02   0.547949E-02   0.118564E+02   0.845466E+01   0.187848E+02   0.158105E+02   0.132410E+03  -0.157238E+02   0.000000E+00   0.148134E+03  -0.296268E+03
   0.342005E+02   0.276327E+02   0.581324E-02   0.126582E+02   0.988456E+01   0.164019E+02   0.132850E+02   0.131650E+03  -0.152340E+02   0.000000E+00   0.146884E+03  -0.293768E+03
   0.344580E+02   0.274385E+02   0.530023E-02   0.117718E+02   0.113774E+02   0.124734E+02   0.151329E+02   0.132450E+03  -0.151452E+02   0.000000E+00   0.147595E+03  -0.295190E+03
   0.343729E+02   0.272375E+02   0.691420E-02   0.125340E+02   0.807256E+01   0.173722E+02   0.174869E+02   0.131077E+03  -0.161480E+02   0.000000E+00   0.147225E+03  -0.294450E+03
   0.340937E+02   0.277074E+02   0.713783E-02   0.784578E+01   0.810959E+01   0.151308E+02   0.111272E+02   0.128736E+03  -0.157200E+02   0.000000E+00   0.144456E+03  -0.288912E+03
   0.343113E+02   0.285314E+02   0.726921E-02   0.919197E+01   0.982762E+01   0.125545E+02   0.134603E+02   0.131460E+03  -0.143088E+02   0.000000E+00   0.145769E+03  -0.291538E+03
   0.343113E+02   0.276256E+02   0.620607E-02   0.890838E+01   0.101652E+02   0.225128E+02   0.136698E+02   0.131431E+03  -0.166146E+02   0.000000E+00   0.148046E+03  -0.296091E+03
   0.344290E+02   0.277670E+02   0.620607E-02   0.890838E+01   0.104426E+02   0.190553E+02   0.217984E+02   0.130642E+03  -0.172552E+02   0.000000E+00   0.147897E+03  -0.295794E+03
   0.344965E+02   0.271439E+02   0.689557E-02   0.903114E+01   0.909474E+01   0.128180E+02   0.116016E+02   0.132089E+03  -0.148270E+02   0.000000E+00   0.146916E+03  -0.293832E+03
   0.344894E+02   0.286168E+02   0.671522E-02   0.903114E+01   0.119803E+02   0.138378E+02   0.182503E+02   0.129397E+03  -0.153559E+02   0.000000E+00   0.144753E+03  -0.289506E+03
   0.343178E+02   0.274543E+02   0.767645E-02   0.768659E+01   0.615247E+01   0.198952E+02   0.183069E+02   0.126716E+03  -0.191022E+02   0.000000E+00   0.145818E+03  -0.291636E+03
   0.343885E+02   0.280943E+02   0.483370E-02   0.112704E+02   0.891998E+01   0.151787E+02   0.127216E+02   0.131258E+03  -0.145972E+02   0.000000E+00   0.145855E+03  -0.291710E+03
   0.344047E+02   0.277941E+02   0.546958E-02   0.825901E+01   0.980004E+01   0.143840E+02   0.153744E+02   0.133612E+03  -0.143249E+02   0.000000E+00   0.147937E+03  -0.295874E+03
   0.345091E+02   0.259552E+02   0.658561E-02   0.143783E+02   0.908847E+01   0.153108E+02   0.139355E+02   0.127795E+03  -0.161116E+02   0.000000E+00   0.143907E+03  -0.287813E+03
   0.344560E+02   0.286793E+02   0.695826E-02   0.113382E+02   0.130439E+02   0.132107E+02   0.180650E+02   0.128562E+03  -0.162256E+02   0.000000E+00   0.144788E+03  -0.289575E+03
   0.342176E+02   0.288108E+02   0.590095E-02   0.113382E+02   0.898904E+01   0.191764E+02   0.172623E+02   0.130012E+03  -0.158068E+02   0.000000E+00   0.145819E+03  -0.291638E+03
   0.341955E+02   0.269317E+02   0.652023E-02   0.119034E+02   0.129469E+02   0.125190E+02   0.122566E+02   0.129007E+03  -0.162433E+02   0.000000E+00   0.145250E+03  -0.290501E+03
   0.345384E+02   0.281731E+02   0.718120E-02   0.715543E+01   0.116652E+02   0.123777E+02   0.107746E+02   0.128059E+03  -0.168848E+02   0.000000E+00   0.144944E+03  -0.289888E+03
   0.346046E+02   0.271170E+02   0.750645E-02   0.825696E+01   0.927790E+01   0.166353E+02   0.180580E+02   0.129863E+03  -0.151771E+02   0.000000E+00   0.145040E+03  -0.290080E+03
   0.345973E+02   0.264717E+02   0.590359E-02   0.760999E+01   0.731216E+01   0.112118E+02   0.166053E+02   0.128779E+03  -0.166318E+02   0.000000E+00   0.145411E+03  -0.290822E+03
   0.345360E+02   0.278500E+02   0.508249E-02   0.640074E+01   0.874861E+01   0.147386E+02   0.177370E+02   0.128282E+03  -0.166986E+02   0.000000E+00   0.144981E+03  -0.289961E+03
   0.346058E+02   0.269579E+02   0.649162E-02   0.720125E+01   0.906396E+01   0.133091E+02   0.109836E+02   0.130037E+03  -0.160649E+02   0.000000E+00   0.146102E+03  -0.292204E+03
   0.342998E+02   0.275591E+02   0.636482E-02   0.903289E+01   0.133620E+02   0.124505E+02   0.160669E+02   0.132041E+03  -0.158044E+02   0.000000E+00   0.147845E+03  -0.295691E+03
   0.345125E+02   0.272968E+02   0.549652E-02   0.960148E+01   0.939401E+01   0.151387E+02   0.211001E+02   0.131527E+03  -0.158350E+02   0.000000E+00   0.147362E+03  -0.294724E+03
   0.344978E+02   0.272903E+02   0.545677E-02   0.109320E+02   0.102858E+02   0.202278E+02   0.119029E+02   0.131293E+03  -0.161420E+02   0.000000E+00   0.147435E+03  -0.294870E+03
   0.344978E+02   0.276090E+02   0.517122E-02   0.125677E+02   0.104334E+02   0.205328E+02   0.975781E+01   0.128224E+03  -0.184353E+02   0.000000E+00   0.146659E+03  -0.293319E+03
   0.343880E+02   0.267862E+02   0.626133E-02   0.728127E+01   0.987318E+01   0.174277E+02   0.152036E+02   0.131710E+03  -0.154390E+02   0.000000E+00   0.147149E+03  -0.294298E+03
   0.345594E+02   0.267584E+02   0.649508E-02   0.149155E+02   0.657546E+01   0.160834E+02   0.102625E+02   0.126713E+03  -0.197892E+02   0.000000E+00   0.146502E+03  -0.293004E+03
   0.342630E+02   0.274085E+02   0.538499E-02   0.844939E+01   0.121140E+02   0.182362E+02   0.161107E+02   0.131377E+03  -0.157072E+02   0.000000E+00   0.147084E+03  -0.294168E+03
   0.342737E+02   0.276747E+02   0.657421E-02   0.117837E+02   0.115983E+02   0.117096E+02   0.218844E+02   0.129806E+03  -0.176657E+02   0.000000E+00   0.147472E+03  -0.294943E+03
   0.344067E+02   0.280383E+02   0.587282E-02   0.893285E+01   0.922772E+01   0.167797E+02   0.133304E+02   0.133227E+03  -0.144337E+02   0.000000E+00   0.147661E+03  -0.295321E+03
   0.344251E+02   0.280383E+02   0.614066E-02   0.101459E+02   0.754242E+01   0.137421E+02   0.179597E+02   0.132089E+03  -0.153848E+02   0.000000E+00   0.147474E+03  -0.294948E+03
   0.344527E+02   0.274620E+02   0.520183E-02   0.100224E+02   0.845762E+01   0.166871E+02   0.158515E+02   0.132906E+03  -0.145891E+02   0.000000E+00   0.147495E+03  -0.294990E+03
   0.344527E+02   0.268800E+02   0.504253E-02   0.974752E+01   0.921783E+01   0.176933E+02   0.157652E+02   0.131732E+03  -0.146324E+02   0.000000E+00   0.146364E+03  -0.292729E+03
   0.342804E+02   0.279795E+02   0.591665E-02   0.105959E+02   0.109401E+02   0.122264E+02   0.165363E+02   0.132970E+03  -0.148866E+02   0.000000E+00   0.147857E+03  -0.295713E+03
   0.342867E+02   0.276035E+02   0.556377E-02   0.978083E+01   0.152627E+02   0.969704E+01   0.113316E+02   0.128527E+03  -0.193485E+02   0.000000E+00   0.147875E+03  -0.295751E+03
   0.343358E+02   0.275411E+02   0.892474E-02   0.778797E+01   0.104018E+02   0.134454E+02   0.227072E+02   0.125741E+03  -0.172556E+02   0.000000E+00   0.142997E+03  -0.285993E+03
   0.342584E+02   0.275411E+02   0.539863E-02   0.908929E+01   0.109960E+02   0.153786E+02   0.212795E+02   0.131100E+03  -0.161987E+02   0.000000E+00   0.147299E+03  -0.294597E+03
   0.345164E+02   0.269333E+02   0.708380E-02   0.102908E+02   0.877537E+01   0.130483E+02   0.142153E+02   0.132086E+03  -0.142691E+02   0.000000E+00   0.146355E+03  -0.292710E+03
   0.345246E+02   0.270338E+02   0.613551E-02   0.758060E+01   0.900980E+01   0.167914E+02   0.186973E+02   0.131511E+03  -0.158744E+02   0.000000E+00   0.147385E+03  -0.294771E+03
   0.345557E+02   0.270338E+02   0.589633E-02   0.930015E+01   0.117092E+02   0.114848E+02   0.172076E+02   0.131411E+03  -0.155211E+02   0.000000E+00   0.146932E+03  -0.293864E+03
   0.342651E+02   0.269758E+02   0.541994E-02   0.141718E+02   0.989033E+01   0.224464E+02   0.123940E+02   0.127452E+03  -0.186189E+02   0.000000E+00   0.146071E+03  -0.292142E+03
   0.343224E+02   0.285127E+02   0.524732E-02   0.846189E+01   0.716564E+01   0.129380E+02   0.146237E+02   0.130640E+03  -0.154067E+02   0.000000E+00   0.146047E+03  -0.292093E+03
   0.343224E+02   0.280193E+02   0.604715E-02   0.120218E+02   0.830699E+01   0.129380E+02   0.147484E+02   0.132913E+03  -0.150264E+02   0.000000E+00   0.147939E+03  -0.295879E+03
   0.345317E+02   0.271327E+02   0.669922E-02   0.122834E+02   0.704688E+01   0.142127E+02   0.133864E+02   0.130926E+03  -0.160078E+02   0.000000E+00   0.146934E+03  -0.293868E+03
   0.340262E+02   0.298448E+02   0.758355E-02   0.124009E+02   0.115933E+02   0.126008E+02   0.217047E+02   0.123379E+03  -0.175580E+02   0.000000E+00   0.140937E+03  -0.281874E+03
   0.341398E+02   0.282635E+02   0.521038E-02   0.141291E+02   0.805491E+01   0.133812E+02   0.163518E+02   0.128324E+03  -0.164975E+02   0.000000E+00   0.144821E+03  -0.289643E+03
   0.344552E+02   0.271297E+02   0.555884E-02   0.105770E+02   0.906967E+01   0.162964E+02   0.141952E+02   0.133454E+03  -0.143303E+02   0.000000E+00   0.147784E+03  -0.295569E+03
   0.343633E+02   0.279472E+02   0.558846E-02   0.101371E+02   0.906967E+01   0.174335E+02   0.140824E+02   0.133429E+03  -0.145187E+02   0.000000E+00   0.147948E+03  -0.295895E+03
   0.343238E+02   0.277369E+02   0.613797E-02   0.102916E+02   0.991852E+01   0.199386E+02   0.177172E+02   0.132220E+03  -0.159035E+02   0.000000E+00   0.148123E+03  -0.296247E+03
   0.343238E+02   0.277369E+02   0.687512E-02   0.150942E+02   0.108380E+02   0.254179E+02   0.169549E+02   0.126266E+03  -0.210682E+02   0.000000E+00   0.147334E+03  -0.294668E+03
   0.342746E+02   0.283295E+02   0.652472E-02   0.114566E+02   0.604342E+01   0.206530E+02   0.128171E+02   0.128211E+03  -0.188457E+02   0.000000E+00   0.147057E+03  -0.294113E+03
   0.340578E+02   0.269131E+02   0.850692E-02   0.115511E+02   0.877679E+01   0.141684E+02   0.202519E+02   0.124444E+03  -0.159584E+02   0.000000E+00   0.140402E+03  -0.280805E+03
   0.342853E+02   0.280588E+02   0.500068E-02   0.863474E+01   0.189719E+02   0.137048E+02   0.121358E+02   0.126306E+03  -0.203115E+02   0.000000E+00   0.146618E+03  -0.293235E+03
   0.342853E+02   0.279456E+02   0.595052E-02   0.110977E+02   0.120445E+02   0.150009E+02   0.169607E+02   0.132705E+03  -0.152316E+02   0.000000E+00   0.147937E+03  -0.295873E+03
   0.344022E+02   0.277232E+02   0.608103E-02   0.102295E+02   0.914074E+01   0.161795E+02   0.126821E+02   0.133732E+03  -0.144335E+02   0.000000E+00   0.148166E+03  -0.296331E+03
   0.341113E+02   0.286477E+02   0.711524E-02   0.109584E+02   0.976211E+01   0.219598E+02   0.164721E+02   0.128062E+03  -0.166415E+02   0.000000E+00   0.144703E+03  -0.289407E+03
   0.343876E+02   0.274222E+02   0.676016E-02   0.108532E+02   0.952633E+01   0.189661E+02   0.149064E+02   0.132465E+03  -0.151251E+02   0.000000E+00   0.147590E+03  -0.295180E+03
   0.343542E+02   0.279063E+02   0.631269E-02   0.811762E+01   0.729580E+01   0.107356E+02   0.128347E+02   0.131400E+03  -0.165360E+02   0.000000E+00   0.147936E+03  -0.295872E+03
   0.342762E+02   0.271467E+02   0.611228E-02   0.105192E+02   0.520285E+01   0.160378E+02   0.173901E+02   0.127874E+03  -0.193712E+02   0.000000E+00   0.147245E+03  -0.294490E+03
   0.343204E+02   0.282255E+02   0.600641E-02   0.127186E+02   0.115669E+02   0.198474E+02   0.136781E+02   0.130890E+03  -0.167098E+02   0.000000E+00   0.147600E+03  -0.295200E+03
   0.343204E+02   0.269622E+02   0.592204E-02   0.995297E+01   0.752382E+01   0.149181E+02   0.147363E+02   0.132421E+03  -0.147656E+02   0.000000E+00   0.147187E+03  -0.294373E+03
   0.345677E+02   0.279528E+02   0.701631E-02   0.999967E+01   0.838950E+01   0.144974E+02   0.171351E+02   0.130601E+03  -0.146064E+02   0.000000E+00   0.145207E+03  -0.290415E+03
   0.345111E+02   0.289419E+02   0.632684E-02   0.118649E+02   0.115438E+02   0.144974E+02   0.116024E+02   0.127453E+03  -0.155475E+02   0.000000E+00   0.143001E+03  -0.286001E+03
   0.341649E+02   0.277765E+02   0.603016E-02   0.895312E+01   0.134528E+02   0.135349E+02   0.107734E+02   0.129833E+03  -0.165678E+02   0.000000E+00   0.146401E+03  -0.292802E+03
   0.341649E+02   0.284308E+02   0.606937E-02   0.817607E+01   0.121818E+02   0.168408E+02   0.176129E+02   0.130371E+03  -0.158176E+02   0.000000E+00   0.146189E+03  -0.292377E+03
   0.342485E+02   0.275900E+02   0.522065E-02   0.169148E+02   0.133647E+02   0.143109E+02   0.190231E+02   0.126582E+03  -0.203059E+02   0.000000E+00   0.146888E+03  -0.293776E+03
   0.342511E+02   0.274745E+02   0.569295E-02   0.903816E+01   0.141773E+02   0.143109E+02   0.164732E+02   0.131237E+03  -0.161445E+02   0.000000E+00   0.147381E+03  -0.294763E+03
   0.344208E+02   0.274745E+02   0.642480E-02   0.124825E+02   0.129257E+02   0.140765E+02   0.144709E+02   0.132012E+03  -0.159451E+02   0.000000E+00   0.147957E+03  -0.295914E+03
   0.343206E+02   0.275323E+02   0.568850E-02   0.114947E+02   0.876971E+01   0.152596E+02   0.139110E+02   0.133595E+03  -0.145442E+02   0.000000E+00   0.148139E+03  -0.296278E+03
   0.344659E+02   0.277508E+02   0.600476E-02   0.109750E+02   0.976514E+01   0.150497E+02   0.112873E+02   0.132683E+03  -0.149761E+02   0.000000E+00   0.147659E+03  -0.295318E+03
   0.342855E+02   0.273955E+02   0.599848E-02   0.746577E+01   0.865021E+01   0.138609E+02   0.149212E+02   0.132875E+03  -0.149490E+02   0.000000E+00   0.147824E+03  -0.295648E+03
   0.344553E+02   0.273280E+02   0.650120E-02   0.105402E+02   0.111978E+02   0.140713E+02   0.162380E+02   0.133137E+03  -0.145671E+02   0.000000E+00   0.147704E+03  -0.295408E+03
   0.344167E+02   0.275217E+02   0.857459E-02   0.107559E+02   0.828953E+01   0.204100E+02   0.154815E+02   0.127855E+03  -0.159909E+02   0.000000E+00   0.143846E+03  -0.287692E+03
   0.344887E+02   0.271887E+02   0.500642E-02   0.844806E+01   0.765083E+01   0.119508E+02   0.118475E+02   0.130829E+03  -0.157552E+02   0.000000E+00   0.146584E+03  -0.293168E+03
   0.341603E+02   0.278783E+02   0.633768E-02   0.919271E+01   0.134144E+02   0.119508E+02   0.184446E+02   0.129836E+03  -0.165976E+02   0.000000E+00   0.146434E+03  -0.292867E+03
   0.343754E+02   0.268909E+02   0.634074E-02   0.821584E+01   0.861819E+01   0.131717E+02   0.142217E+02   0.132789E+03  -0.145390E+02   0.000000E+00   0.147328E+03  -0.294656E+03
   0.344132E+02   0.271576E+02   0.638276E-02   0.906038E+01   0.832986E+01   0.138855E+02   0.113132E+02   0.132819E+03  -0.150292E+02   0.000000E+00   0.147848E+03  -0.295696E+03
   0.343364E+02   0.279203E+02   0.571140E-02   0.883235E+01   0.582047E+01   0.104182E+02   0.117926E+02   0.129045E+03  -0.190294E+02   0.000000E+00   0.148074E+03  -0.296149E+03
   0.343964E+02   0.279203E+02   0.576747E-02   0.921453E+01   0.900797E+01   0.123468E+02   0.180046E+02   0.132962E+03  -0.149737E+02   0.000000E+00   0.147936E+03  -0.295871E+03
   0.344784E+02   0.278685E+02   0.749979E-02   0.111469E+02   0.837244E+01   0.161750E+02   0.122712E+02   0.130692E+03  -0.149841E+02   0.000000E+00   0.145676E+03  -0.291352E+03
   0.343102E+02   0.271319E+02   0.512452E-02   0.110003E+02   0.130742E+02   0.207043E+02   0.992780E+01   0.127802E+03  -0.187740E+02   0.000000E+00   0.146576E+03  -0.293152E+03
   0.342703E+02   0.271319E+02   0.577665E-02   0.933395E+01   0.905524E+01   0.187324E+02   0.173682E+02   0.131671E+03  -0.153306E+02   0.000000E+00   0.147002E+03  -0.294003E+03
   0.343495E+02   0.273747E+02   0.699092E-02   0.137499E+02   0.131899E+02   0.126724E+02   0.177241E+02   0.129574E+03  -0.175845E+02   0.000000E+00   0.147159E+03  -0.294317E+03
   0.343468E+02   0.281036E+02   0.635645E-02   0.826116E+01   0.977385E+01   0.126724E+02   0.212725E+02   0.131274E+03  -0.163723E+02   0.000000E+00   0.147646E+03  -0.295293E+03
   0.343468E+02   0.268122E+02   0.633717E-02   0.124865E+02   0.770370E+01   0.155011E+02   0.154867E+02   0.131345E+03  -0.155810E+02   0.000000E+00   0.146926E+03  -0.293852E+03
   0.343475E+02   0.271855E+02   0.576585E-02   0.124817E+02   0.926175E+01   0.149041E+02   0.154209E+02   0.133020E+03  -0.149258E+02   0.000000E+00   0.147946E+03  -0.295892E+03
   0.344881E+02   0.270509E+02   0.644169E-02   0.117134E+02   0.911898E+01   0.145827E+02   0.133383E+02   0.132859E+03  -0.145832E+02   0.000000E+00   0.147442E+03  -0.294884E+03
   0.344881E+02   0.274712E+02   0.638875E-02   0.111115E+02   0.111965E+02   0.134248E+02   0.141326E+02   0.132961E+03  -0.146063E+02   0.000000E+00   0.147567E+03  -0.295135E+03
   0.342067E+02   0.281576E+02   0.574934E-02   0.115919E+02   0.799990E+01   0.146184E+02   0.135800E+02   0.132127E+03  -0.148882E+02   0.000000E+00   0.147015E+03  -0.294030E+03
   0.343498E+02   0.281576E+02   0.586170E-02   0.103942E+02   0.104249E+02   0.144921E+02   0.170913E+02   0.133195E+03  -0.145061E+02   0.000000E+00   0.147701E+03  -0.295402E+03
   0.344370E+02   0.275267E+02   0.517814E-02   0.115690E+02   0.131970E+02   0.199455E+02   0.173623E+02   0.130069E+03  -0.174258E+02   0.000000E+00   0.147495E+03  -0.294990E+03
   0.343553E+02   0.275267E+02   0.701456E-02   0.876817E+01   0.136110E+02   0.170238E+02   0.225242E+02   0.128762E+03  -0.184418E+02   0.000000E+00   0.147204E+03  -0.294408E+03
   0.344607E+02   0.279884E+02   0.627953E-02   0.119303E+02   0.113666E+02   0.134682E+02   0.158152E+02   0.132147E+03  -0.150860E+02   0.000000E+00   0.147233E+03  -0.294466E+03
   0.342607E+02   0.279884E+02   0.578446E-02   0.644136E+01   0.843470E+01   0.130233E+02   0.159886E+02   0.131231E+03  -0.164552E+02   0.000000E+00   0.147686E+03  -0.295372E+03
   0.343801E+02   0.280870E+02   0.482576E-02   0.104857E+02   0.121886E+02   0.130233E+02   0.186414E+02   0.130162E+03  -0.157408E+02   0.000000E+00   0.145903E+03  -0.291806E+03
   0.344537E+02   0.278921E+02   0.515378E-02   0.119436E+02   0.115301E+02   0.159551E+02   0.126686E+02   0.131436E+03  -0.153265E+02   0.000000E+00   0.146762E+03  -0.293525E+03
   0.342732E+02   0.278921E+02   0.649826E-02   0.123578E+02   0.127272E+02   0.173099E+02   0.193871E+02   0.130261E+03  -0.172807E+02   0.000000E+00   0.147542E+03  -0.295083E+03
   0.343503E+02   0.276823E+02   0.576579E-02   0.996360E+01   0.798184E+01   0.139713E+02   0.159948E+02   0.133714E+03  -0.145757E+02   0.000000E+00   0.148290E+03  -0.296579E+03
   0.343140E+02   0.276255E+02   0.588223E-02   0.850087E+01   0.841586E+01   0.180885E+02   0.126456E+02   0.132908E+03  -0.152474E+02   0.000000E+00   0.148155E+03  -0.296311E+03
   0.344365E+02   0.283285E+02   0.838952E-02   0.118636E+02   0.102528E+02   0.155146E+02   0.151597E+02   0.128751E+03  -0.146903E+02   0.000000E+00   0.143441E+03  -0.286883E+03
   0.344358E+02   0.270315E+02   0.588432E-02   0.911931E+01   0.875697E+01   0.154005E+02   0.161705E+02   0.133516E+03  -0.143440E+02   0.000000E+00   0.147860E+03  -0.295720E+03
   0.344005E+02   0.279691E+02   0.559034E-02   0.825415E+01   0.959465E+01   0.156141E+02   0.130408E+02   0.133269E+03  -0.144752E+02   0.000000E+00   0.147744E+03  -0.295488E+03
   0.345211E+02   0.274517E+02   0.666983E-02   0.103232E+02   0.774886E+01   0.137105E+02   0.146525E+02   0.132354E+03  -0.146587E+02   0.000000E+00   0.147013E+03  -0.294025E+03
   0.342068E+02   0.276869E+02   0.637671E-02   0.777664E+01   0.108956E+02   0.122772E+02   0.126574E+02   0.131770E+03  -0.152702E+02   0.000000E+00   0.147040E+03  -0.294080E+03
   0.344374E+02   0.270368E+02   0.632070E-02   0.939044E+01   0.110367E+02   0.125495E+02   0.125120E+02   0.133001E+03  -0.147176E+02   0.000000E+00   0.147719E+03  -0.295437E+03
   0.345441E+02   0.274787E+02   0.524619E-02   0.911176E+01   0.109469E+02   0.180344E+02   0.176079E+02   0.130961E+03  -0.153596E+02   0.000000E+00   0.146321E+03  -0.292641E+03
   0.342389E+02   0.268562E+02   0.729547E-02   0.911176E+01   0.110985E+02   0.180344E+02   0.213021E+02   0.128112E+03  -0.168139E+02   0.000000E+00   0.144926E+03  -0.289852E+03
   0.344101E+02   0.271475E+02   0.556276E-02   0.124881E+02   0.682807E+01   0.146051E+02   0.125457E+02   0.131405E+03  -0.165417E+02   0.000000E+00   0.147947E+03  -0.295893E+03
   0.343587E+02   0.278482E+02   0.627518E-02   0.950522E+01   0.923418E+01   0.202414E+02   0.110178E+02   0.131673E+03  -0.163465E+02   0.000000E+00   0.148019E+03  -0.296039E+03
   0.343008E+02   0.275400E+02   0.505024E-02   0.116005E+02   0.763172E+01   0.157184E+02   0.126251E+02   0.131668E+03  -0.154016E+02   0.000000E+00   0.147070E+03  -0.294139E+03
   0.342428E+02   0.279885E+02   0.608486E-02   0.923233E+01   0.160406E+02   0.132071E+02   0.160229E+02   0.130007E+03  -0.175209E+02   0.000000E+00   0.147528E+03  -0.295056E+03
   0.344497E+02   0.271233E+02   0.496918E-02   0.129092E+02   0.107087E+02   0.128916E+02   0.161550E+02   0.131177E+03  -0.155375E+02   0.000000E+00   0.146714E+03  -0.293429E+03
   0.342397E+02   0.271233E+02   0.622318E-02   0.111424E+02   0.788028E+01   0.144257E+02   0.128289E+02   0.131685E+03  -0.149165E+02   0.000000E+00   0.146601E+03  -0.293203E+03
   0.344604E+02   0.266588E+02   0.581038E-02   0.115158E+02   0.128955E+02   0.132612E+02   0.135000E+02   0.131268E+03  -0.156143E+02   0.000000E+00   0.146882E+03  -0.293765E+03
   0.342865E+02   0.269670E+02   0.734434E-02   0.116151E+02   0.101560E+02   0.130922E+02   0.162374E+02   0.130891E+03  -0.147632E+02   0.000000E+00   0.145654E+03  -0.291308E+03
   0.342451E+02   0.278562E+02   0.707965E-02   0.848103E+01   0.129398E+02   0.113648E+02   0.214528E+02   0.128680E+03  -0.179676E+02   0.000000E+00   0.146648E+03  -0.293295E+03
   0.342451E+02   0.280395E+02   0.593196E-02   0.119830E+02   0.157046E+02   0.152103E+02   0.190431E+02   0.128977E+03  -0.186166E+02   0.000000E+00   0.147594E+03  -0.295187E+03
   0.342451E+02   0.278148E+02   0.707581E-02   0.706886E+01   0.135499E+02   0.125369E+02   0.131742E+02   0.129678E+03  -0.169799E+02   0.000000E+00   0.146658E+03  -0.293316E+03
   0.345208E+02   0.271799E+02   0.692225E-02   0.786336E+01   0.132070E+02   0.135547E+02   0.144729E+02   0.130951E+03  -0.157961E+02   0.000000E+00   0.146747E+03  -0.293494E+03
   0.345208E+02   0.276605E+02   0.601758E-02   0.108551E+02   0.120621E+02   0.135547E+02   0.123201E+02   0.132007E+03  -0.151691E+02   0.000000E+00   0.147176E+03  -0.294352E+03
   0.343200E+02   0.285604E+02   0.639037E-02   0.949336E+01   0.903865E+01   0.179653E+02   0.131633E+02   0.131943E+03  -0.147399E+02   0.000000E+00   0.146683E+03  -0.293366E+03
   0.343491E+02   0.277672E+02   0.566810E-02   0.112506E+02   0.124338E+02   0.113758E+02   0.169003E+02   0.132069E+03  -0.161407E+02   0.000000E+00   0.148210E+03  -0.296419E+03
   0.342625E+02   0.278512E+02   0.553434E-02   0.116646E+02   0.862718E+01   0.213338E+02   0.123609E+02   0.130781E+03  -0.168146E+02   0.000000E+00   0.147596E+03  -0.295191E+03
   0.343760E+02   0.273269E+02   0.563554E-02   0.110835E+02   0.122655E+02   0.170051E+02   0.127678E+02   0.132686E+03  -0.155079E+02   0.000000E+00   0.148194E+03  -0.296388E+03
   0.345237E+02   0.274658E+02   0.671577E-02   0.141717E+02   0.930751E+01   0.152522E+02   0.233996E+02   0.128088E+03  -0.188590E+02   0.000000E+00   0.146947E+03  -0.293894E+03
   0.345001E+02   0.274658E+02   0.583057E-02   0.144441E+02   0.124378E+02   0.188193E+02   0.149254E+02   0.129842E+03  -0.177978E+02   0.000000E+00   0.147640E+03  -0.295280E+03
   0.343522E+02   0.277180E+02   0.644884E-02   0.143181E+02   0.106119E+02   0.251451E+02   0.160611E+02   0.127835E+03  -0.201140E+02   0.000000E+00   0.147949E+03  -0.295898E+03
   0.344586E+02   0.273570E+02   0.574795E-02   0.997676E+01   0.627792E+01   0.133014E+02   0.206359E+02   0.130078E+03  -0.179542E+02   0.000000E+00   0.148032E+03  -0.296064E+03
   0.344586E+02   0.280501E+02   0.661381E-02   0.973242E+01   0.812736E+01   0.127689E+02   0.155320E+02   0.132267E+03  -0.145870E+02   0.000000E+00   0.146854E+03  -0.293708E+03
   0.342858E+02   0.277819E+02   0.515960E-02   0.939062E+01   0.119233E+02   0.198044E+02   0.161996E+02   0.131302E+03  -0.160047E+02   0.000000E+00   0.147307E+03  -0.294613E+03
   0.344712E+02   0.282441E+02   0.620567E-02   0.111869E+02   0.103314E+02   0.206163E+02   0.104411E+02   0.129261E+03  -0.172378E+02   0.000000E+00   0.146499E+03  -0.292998E+03
   0.344400E+02   0.274383E+02   0.551276E-02   0.115739E+02   0.919348E+01   0.164521E+02   0.159541E+02   0.133230E+03  -0.147875E+02   0.000000E+00   0.148018E+03  -0.296035E+03
   0.344708E+02   0.269943E+02   0.582172E-02   0.106983E+02   0.712577E+01   0.164557E+02   0.226836E+02   0.129652E+03  -0.180343E+02   0.000000E+00   0.147686E+03  -0.295373E+03
   0.344787E+02   0.270225E+02   0.559642E-02   0.116860E+02   0.127947E+02   0.154657E+02   0.167426E+02   0.131723E+03  -0.158297E+02   0.000000E+00   0.147553E+03  -0.295105E+03
   0.344787E+02   0.270225E+02   0.556019E-02   0.109075E+02   0.116394E+02   0.878069E+01   0.179043E+02   0.129220E+03  -0.183003E+02   0.000000E+00   0.147520E+03  -0.295041E+03
   0.344804E+02   0.279631E+02   0.557844E-02   0.714299E+01   0.798096E+01   0.219306E+02   0.191457E+02   0.128168E+03  -0.187221E+02   0.000000E+00   0.146890E+03  -0.293780E+03
   0.344804E+02   0.273050E+02   0.686171E-02   0.907311E+01   0.978097E+01   0.140284E+02   0.221541E+02   0.130788E+03  -0.163467E+02   0.000000E+00   0.147135E+03  -0.294269E+03
   0.343622E+02   0.278814E+02   0.521040E-02   0.121243E+02   0.132455E+02   0.840836E+01   0.161828E+02   0.127817E+03  -0.197437E+02   0.000000E+00   0.147561E+03  -0.295121E+03
   0.341934E+02   0.288031E+02   0.560719E-02   0.113843E+02   0.102059E+02   0.159734E+02   0.111247E+02   0.129943E+03  -0.153570E+02   0.000000E+00   0.145300E+03  -0.290600E+03
   0.341731E+02   0.288031E+02   0.697599E-02   0.104065E+02   0.733356E+01   0.150247E+02   0.179573E+02   0.129602E+03  -0.155998E+02   0.000000E+00   0.145202E+03  -0.290404E+03
   0.344785E+02   0.283840E+02   0.713810E-02   0.104065E+02   0.100814E+02   0.842957E+01   0.153779E+02   0.127504E+03  -0.177382E+02   0.000000E+00   0.145242E+03  -0.290484E+03
   0.344157E+02   0.277315E+02   0.541454E-02   0.104065E+02   0.926310E+01   0.144810E+02   0.219228E+02   0.131556E+03  -0.162779E+02   0.000000E+00   0.147834E+03  -0.295668E+03
   0.343066E+02   0.288830E+02   0.660556E-02   0.892714E+01   0.925842E+01   0.167822E+02   0.124837E+02   0.131019E+03  -0.146140E+02   0.000000E+00   0.145633E+03  -0.291266E+03
   0.343066E+02   0.278540E+02   0.729246E-02   0.151358E+02   0.726957E+01   0.145392E+02   0.117636E+02   0.128512E+03  -0.180521E+02   0.000000E+00   0.146564E+03  -0.293128E+03
   0.343579E+02   0.278540E+02   0.558193E-02   0.139136E+02   0.715465E+01   0.115872E+02   0.112810E+02   0.129955E+03  -0.181268E+02   0.000000E+00   0.148082E+03  -0.296164E+03
   0.343440E+02   0.263340E+02   0.599681E-02   0.946355E+01   0.102835E+02   0.134067E+02   0.117647E+02   0.130043E+03  -0.146224E+02   0.000000E+00   0.144665E+03  -0.289331E+03
   0.342026E+02   0.276511E+02   0.687991E-02   0.927874E+01   0.145377E+02   0.139055E+02   0.139850E+02   0.130231E+03  -0.161683E+02   0.000000E+00   0.146399E+03  -0.292799E+03
   0.342666E+02   0.277403E+02   0.548217E-02   0.987024E+01   0.105363E+02   0.180499E+02   0.135221E+02   0.132869E+03  -0.147812E+02   0.000000E+00   0.147650E+03  -0.295300E+03
   0.343964E+02   0.285308E+02   0.506973E-02   0.784224E+01   0.905929E+01   0.119206E+02   0.164520E+02   0.129580E+03  -0.152096E+02   0.000000E+00   0.144790E+03  -0.289579E+03
   0.344213E+02   0.275286E+02   0.565178E-02   0.111078E+02   0.129827E+02   0.118921E+02   0.165417E+02   0.132122E+03  -0.160766E+02   0.000000E+00   0.148199E+03  -0.296397E+03
   0.343965E+02   0.275286E+02   0.613849E-02   0.996890E+01   0.908909E+01   0.203076E+02   0.114246E+02   0.132049E+03  -0.161818E+02   0.000000E+00   0.148231E+03  -0.296462E+03
   0.343578E+02   0.271134E+02   0.688174E-02   0.943699E+01   0.125314E+02   0.135855E+02   0.132739E+02   0.132088E+03  -0.149960E+02   0.000000E+00   0.147084E+03  -0.294168E+03
   0.345036E+02   0.274369E+02   0.684963E-02   0.788155E+01   0.914258E+01   0.103198E+02   0.204734E+02   0.129544E+03  -0.174378E+02   0.000000E+00   0.146982E+03  -0.293964E+03
   0.344399E+02   0.274802E+02   0.603569E-02   0.735722E+01   0.109003E+02   0.224586E+02   0.162396E+02   0.130428E+03  -0.177095E+02   0.000000E+00   0.148137E+03  -0.296275E+03
   0.343752E+02   0.277434E+02   0.581347E-02   0.116378E+02   0.122135E+02   0.106762E+02   0.186767E+02   0.131126E+03  -0.171259E+02   0.000000E+00   0.148252E+03  -0.296504E+03
   0.342503E+02   0.279995E+02   0.507966E-02   0.169355E+02   0.111262E+02   0.110812E+02   0.180105E+02   0.126822E+03  -0.197513E+02   0.000000E+00   0.146573E+03  -0.293147E+03
   0.344149E+02   0.269947E+02   0.638494E-02   0.957108E+01   0.951221E+01   0.101853E+02   0.169465E+02   0.131778E+03  -0.158172E+02   0.000000E+00   0.147595E+03  -0.295190E+03
   0.344149E+02   0.276762E+02   0.589975E-02   0.146677E+02   0.621247E+01   0.153311E+02   0.125268E+02   0.129316E+03  -0.188889E+02   0.000000E+00   0.148205E+03  -0.296410E+03
   0.343609E+02   0.278424E+02   0.552601E-02   0.148648E+02   0.894720E+01   0.103341E+02   0.150602E+02   0.130216E+03  -0.178328E+02   0.000000E+00   0.148049E+03  -0.296098E+03
   0.343113E+02   0.279116E+02   0.552601E-02   0.672634E+01   0.862099E+01   0.173766E+02   0.137323E+02   0.131715E+03  -0.161843E+02   0.000000E+00   0.147899E+03  -0.295799E+03
   0.342767E+02   0.277478E+02   0.632267E-02   0.109599E+02   0.908773E+01   0.131796E+02   0.161546E+02   0.133292E+03  -0.144998E+02   0.000000E+00   0.147792E+03  -0.295584E+03
   0.342391E+02   0.278817E+02   0.570729E-02   0.912798E+01   0.118419E+02   0.115496E+02   0.180353E+02   0.131708E+03  -0.158023E+02   0.000000E+00   0.147510E+03  -0.295021E+03
   0.341144E+02   0.274623E+02   0.652977E-02   0.133519E+02   0.115677E+02   0.145749E+02   0.113540E+02   0.128406E+03  -0.164785E+02   0.000000E+00   0.144885E+03  -0.289769E+03
   0.342624E+02   0.281983E+02   0.569719E-02   0.822200E+01   0.115197E+02   0.135032E+02   0.187822E+02   0.131763E+03  -0.156265E+02   0.000000E+00   0.147390E+03  -0.294779E+03
   0.344840E+02   0.277527E+02   0.670180E-02   0.887736E+01   0.967743E+01   0.143978E+02   0.168727E+02   0.132703E+03  -0.143712E+02   0.000000E+00   0.147074E+03  -0.294148E+03
   0.343458E+02   0.272814E+02   0.494080E-02   0.981114E+01   0.126300E+02   0.195424E+02   0.178039E+02   0.130187E+03  -0.166398E+02   0.000000E+00   0.146827E+03  -0.293654E+03
   0.344160E+02   0.272814E+02   0.495746E-02   0.159630E+02   0.572767E+01   0.143695E+02   0.107984E+02   0.125421E+03  -0.215898E+02   0.000000E+00   0.147011E+03  -0.294022E+03
   0.342898E+02   0.269805E+02   0.554604E-02   0.837184E+01   0.893029E+01   0.145678E+02   0.196376E+02   0.131115E+03  -0.154836E+02   0.000000E+00   0.146599E+03  -0.293197E+03
   0.345048E+02   0.273095E+02   0.674892E-02   0.101039E+02   0.123075E+02   0.123395E+02   0.117842E+02   0.131563E+03  -0.155875E+02   0.000000E+00   0.147151E+03  -0.294301E+03
   0.345048E+02   0.278125E+02   0.735836E-02   0.676969E+01   0.100472E+02   0.180334E+02   0.165796E+02   0.129423E+03  -0.164127E+02   0.000000E+00   0.145836E+03  -0.291671E+03
   0.347906E+02   0.264844E+02   0.669561E-02   0.830749E+01   0.891064E+01   0.173817E+02   0.120225E+02   0.127040E+03  -0.151666E+02   0.000000E+00   0.142207E+03  -0.284413E+03
   0.344673E+02   0.276793E+02   0.528543E-02   0.141977E+02   0.112636E+02   0.182916E+02   0.121901E+02   0.129956E+03  -0.172645E+02   0.000000E+00   0.147220E+03  -0.294441E+03
   0.344228E+02   0.280290E+02   0.610324E-02   0.946463E+01   0.713128E+01   0.185067E+02   0.105837E+02   0.130521E+03  -0.170685E+02   0.000000E+00   0.147589E+03  -0.295179E+03
   0.344124E+02   0.275762E+02   0.667951E-02   0.941792E+01   0.122261E+02   0.181187E+02   0.213351E+02   0.130375E+03  -0.172913E+02   0.000000E+00   0.147666E+03  -0.295333E+03
   0.342222E+02   0.281896E+02   0.515271E-02   0.121540E+02   0.140345E+02   0.951349E+01   0.967977E+01   0.125560E+03  -0.206038E+02   0.000000E+00   0.146164E+03  -0.292328E+03
   0.342433E+02   0.281896E+02   0.557596E-02   0.112508E+02   0.732893E+01   0.148946E+02   0.133197E+02   0.131845E+03  -0.153007E+02   0.000000E+00   0.147146E+03  -0.294291E+03
   0.343775E+02   0.282419E+02   0.618645E-02   0.124503E+02   0.987815E+01   0.198593E+02   0.140999E+02   0.131239E+03  -0.161218E+02   0.000000E+00   0.147361E+03  -0.294722E+03
   0.343217E+02   0.284550E+02   0.645971E-02   0.967877E+01   0.126117E+02   0.146927E+02   0.137361E+02   0.131974E+03  -0.149409E+02   0.000000E+00   0.146915E+03  -0.293830E+03
   0.348995E+02   0.270470E+02   0.692729E-02   0.895534E+01   0.101094E+02   0.111062E+02   0.131334E+02   0.123812E+03  -0.150323E+02   0.000000E+00   0.138844E+03  -0.277689E+03
   0.344716E+02   0.269946E+02   0.510653E-02   0.940941E+01   0.115675E+02   0.172566E+02   0.113661E+02   0.131220E+03  -0.155280E+02   0.000000E+00   0.146748E+03  -0.293496E+03
   0.344716E+02   0.275084E+02   0.540687E-02   0.110771E+02   0.154363E+02   0.102187E+02   0.197547E+02   0.127852E+03  -0.197656E+02   0.000000E+00   0.147618E+03  -0.295235E+03
   0.343432E+02   0.277644E+02   0.476535E-02   0.109047E+02   0.106710E+02   0.142715E+02   0.931071E+01   0.129708E+03  -0.167068E+02   0.000000E+00   0.146415E+03  -0.292830E+03
   0.344350E+02   0.275383E+02   0.770435E-02   0.130637E+02   0.118635E+02   0.124919E+02   0.142955E+02   0.129831E+03  -0.159739E+02   0.000000E+00   0.145805E+03  -0.291610E+03
   0.344350E+02   0.272739E+02   0.623391E-02   0.905583E+01   0.103988E+02   0.137976E+02   0.121665E+02   0.133551E+03  -0.144859E+02   0.000000E+00   0.148037E+03  -0.296074E+03
   0.345365E+02   0.272739E+02   0.756958E-02   0.104321E+02   0.135804E+02   0.130142E+02   0.129265E+02   0.129662E+03  -0.158411E+02   0.000000E+00   0.145503E+03  -0.291006E+03
   0.343717E+02   0.268296E+02   0.561428E-02   0.104321E+02   0.982063E+01   0.162612E+02   0.120884E+02   0.132387E+03  -0.146409E+02   0.000000E+00   0.147028E+03  -0.294056E+03
   0.343886E+02   0.274827E+02   0.606958E-02   0.730830E+01   0.128447E+02   0.138850E+02   0.106550E+02   0.131151E+03  -0.171285E+02   0.000000E+00   0.148280E+03  -0.296559E+03
   0.345194E+02   0.267746E+02   0.767788E-02   0.993621E+01   0.112419E+02   0.161940E+02   0.125670E+02   0.130429E+03  -0.147086E+02   0.000000E+00   0.145138E+03  -0.290275E+03
   0.344254E+02   0.274775E+02   0.665034E-02   0.160116E+02   0.880543E+01   0.129219E+02   0.136813E+02   0.130144E+03  -0.175200E+02   0.000000E+00   0.147664E+03  -0.295328E+03
   0.343003E+02   0.283340E+02   0.683053E-02   0.139349E+02   0.996350E+01   0.149277E+02   0.115237E+02   0.130413E+03  -0.163669E+02   0.000000E+00   0.146780E+03  -0.293560E+03
   0.343003E+02   0.269033E+02   0.512031E-02   0.100581E+02   0.110992E+02   0.105061E+02   0.152415E+02   0.129979E+03  -0.155562E+02   0.000000E+00   0.145535E+03  -0.291070E+03
   0.344344E+02   0.274669E+02   0.641372E-02   0.117270E+02   0.783493E+01   0.107683E+02   0.153203E+02   0.131825E+03  -0.161068E+02   0.000000E+00   0.147932E+03  -0.295864E+03
   0.342745E+02   0.276371E+02   0.717767E-02   0.628600E+01   0.124826E+02   0.969946E+01   0.197249E+02   0.126319E+03  -0.202792E+02   0.000000E+00   0.146598E+03  -0.293196E+03
   0.342711E+02   0.273502E+02   0.695132E-02   0.961823E+01   0.916426E+01   0.163112E+02   0.170615E+02   0.132179E+03  -0.145573E+02   0.000000E+00   0.146736E+03  -0.293473E+03
   0.343626E+02   0.266960E+02   0.537144E-02   0.141656E+02   0.141721E+02   0.215576E+02   0.166243E+02   0.126005E+03  -0.200360E+02   0.000000E+00   0.146041E+03  -0.292082E+03
   0.345661E+02   0.268125E+02   0.565742E-02   0.109575E+02   0.142889E+02   0.152327E+02   0.172547E+02   0.129761E+03  -0.166102E+02   0.000000E+00   0.146371E+03  -0.292742E+03
   0.342512E+02   0.280776E+02   0.679829E-02   0.114727E+02   0.130516E+02   0.145278E+02   0.172547E+02   0.131006E+03  -0.159539E+02   0.000000E+00   0.146960E+03  -0.293920E+03
   0.342512E+02   0.280776E+02   0.689271E-02   0.100532E+02   0.950247E+01   0.156525E+02   0.101269E+02   0.131182E+03  -0.156504E+02   0.000000E+00   0.146832E+03  -0.293665E+03
   0.344826E+02   0.271027E+02   0.644040E-02   0.104524E+02   0.143638E+02   0.126833E+02   0.166013E+02   0.130998E+03  -0.165458E+02   0.000000E+00   0.147544E+03  -0.295088E+03
   0.342745E+02   0.278783E+02   0.780310E-02   0.844915E+01   0.128797E+02   0.192673E+02   0.170344E+02   0.128732E+03  -0.166650E+02   0.000000E+00   0.145397E+03  -0.290794E+03
   0.343718E+02   0.281853E+02   0.531189E-02   0.115160E+02   0.928653E+01   0.256672E+02   0.194074E+02   0.127352E+03  -0.196774E+02   0.000000E+00   0.147029E+03  -0.294059E+03
   0.345314E+02   0.281853E+02   0.711665E-02   0.782399E+01   0.120166E+02   0.155033E+02   0.163270E+02   0.129721E+03  -0.153957E+02   0.000000E+00   0.145117E+03  -0.290233E+03
   0.345529E+02   0.274375E+02   0.621287E-02   0.119804E+02   0.128306E+02   0.121697E+02   0.129257E+02   0.130847E+03  -0.161418E+02   0.000000E+00   0.146989E+03  -0.293978E+03
   0.344604E+02   0.279153E+02   0.713758E-02   0.117060E+02   0.139750E+02   0.119951E+02   0.141349E+02   0.129743E+03  -0.166500E+02   0.000000E+00   0.146393E+03  -0.292786E+03
   0.343774E+02   0.269495E+02   0.588404E-02   0.798347E+01   0.111601E+02   0.140388E+02   0.192821E+02   0.131846E+03  -0.157588E+02   0.000000E+00   0.147605E+03  -0.295210E+03
   0.343822E+02   0.276368E+02   0.573007E-02   0.150925E+02   0.662427E+01   0.146946E+02   0.163296E+02   0.129842E+03  -0.184593E+02   0.000000E+00   0.148301E+03  -0.296603E+03
   0.346449E+02   0.272567E+02   0.575361E-02   0.110321E+02   0.100657E+02   0.128489E+02   0.118464E+02   0.130362E+03  -0.148926E+02   0.000000E+00   0.145255E+03  -0.290509E+03
   0.341816E+02   0.278897E+02   0.735596E-02   0.103474E+02   0.900289E+01   0.135315E+02   0.116490E+02   0.130859E+03  -0.147191E+02   0.000000E+00   0.145578E+03  -0.291156E+03
   0.341000E+02   0.283000E+02   0.786138E-02   0.731942E+01   0.105633E+02   0.122157E+02   0.126145E+02   0.128173E+03  -0.155826E+02   0.000000E+00   0.143756E+03  -0.287511E+03
   0.342842E+02   0.274338E+02   0.708815E-02   0.124224E+02   0.984653E+01   0.122115E+02   0.172218E+02   0.131136E+03  -0.155540E+02   0.000000E+00   0.146690E+03  -0.293380E+03
   0.343264E+02   0.280976E+02   0.648188E-02   0.111269E+02   0.802073E+01   0.823467E+01   0.186280E+02   0.128156E+03  -0.193974E+02   0.000000E+00   0.147553E+03  -0.295107E+03
   0.344685E+02   0.281193E+02   0.649324E-02   0.116685E+02   0.106134E+02   0.134388E+02   0.183359E+02   0.131329E+03  -0.153634E+02   0.000000E+00   0.146692E+03  -0.293385E+03
   0.342641E+02   0.280414E+02   0.550460E-02   0.123046E+02   0.114204E+02   0.126855E+02   0.127482E+02   0.131923E+03  -0.155116E+02   0.000000E+00   0.147435E+03  -0.294869E+03
   0.345591E+02   0.262231E+02   0.584289E-02   0.886967E+01   0.934043E+01   0.181523E+02   0.155607E+02   0.129941E+03  -0.148106E+02   0.000000E+00   0.144752E+03  -0.289503E+03
   0.344020E+02   0.276463E+02   0.551069E-02   0.100815E+02   0.100607E+02   0.180382E+02   0.208923E+02   0.131732E+03  -0.163904E+02   0.000000E+00   0.148122E+03  -0.296245E+03
   0.344858E+02   0.268221E+02   0.653156E-02   0.693429E+01   0.790481E+01   0.155303E+02   0.149717E+02   0.131166E+03  -0.158748E+02   0.000000E+00   0.147041E+03  -0.294082E+03
   0.342758E+02   0.271398E+02   0.650662E-02   0.117862E+02   0.911075E+01   0.240633E+02   0.144708E+02   0.129185E+03  -0.178241E+02   0.000000E+00   0.147009E+03  -0.294018E+03
   0.342758E+02   0.278443E+02   0.599498E-02   0.929140E+01   0.800559E+01   0.126858E+02   0.158755E+02   0.133205E+03  -0.147321E+02   0.000000E+00   0.147937E+03  -0.295874E+03
   0.345798E+02   0.278443E+02   0.611500E-02   0.878871E+01   0.919045E+01   0.137884E+02   0.142839E+02   0.131612E+03  -0.141310E+02   0.000000E+00   0.145743E+03  -0.291486E+03
   0.342873E+02   0.274498E+02   0.760122E-02   0.906024E+01   0.964769E+01   0.108770E+02   0.173218E+02   0.130395E+03  -0.154376E+02   0.000000E+00   0.145833E+03  -0.291665E+03
   0.345038E+02   0.267442E+02   0.601366E-02   0.122388E+02   0.100048E+02   0.183569E+02   0.135504E+02   0.131548E+03  -0.155136E+02   0.000000E+00   0.147062E+03  -0.294123E+03
   0.343980E+02   0.267442E+02   0.750271E-02   0.128632E+02   0.973910E+01   0.147566E+02   0.150615E+02   0.130438E+03  -0.150795E+02   0.000000E+00   0.145517E+03  -0.291035E+03
   0.342791E+02   0.270359E+02   0.779409E-02   0.584930E+01   0.754767E+01   0.123729E+02   0.178718E+02   0.126227E+03  -0.186578E+02   0.000000E+00   0.144885E+03  -0.289770E+03
   0.343040E+02   0.273052E+02   0.682751E-02   0.755832E+01   0.118166E+02   0.130126E+02   0.172911E+02   0.131320E+03  -0.157816E+02   0.000000E+00   0.147102E+03  -0.294203E+03
   0.341819E+02   0.283820E+02   0.649782E-02   0.101202E+02   0.126158E+02   0.256992E+02   0.162698E+02   0.127080E+03  -0.193085E+02   0.000000E+00   0.146388E+03  -0.292777E+03
   0.343580E+02   0.270962E+02   0.535592E-02   0.134013E+02   0.977966E+01   0.166345E+02   0.118537E+02   0.131346E+03  -0.161042E+02   0.000000E+00   0.147450E+03  -0.294900E+03
