a0_min         a1_min         a2_min         a3_min         a4_min         Y1_intercept   Y2_intercept   Y3_intercept   Y4_intercept   LogPost        
   0.102412E+03  -0.535664E+00   0.572065E+01   0.447899E+01   0.105705E+02   0.365085E-03   0.428401E-03   0.514707E-04   0.907238E-03   0.191014E+03
   0.102150E+03  -0.535664E+00   0.864395E+01   0.127337E+01   0.335674E+01   0.365085E-03   0.428401E-03   0.208356E-03   0.907238E-03   0.191091E+03
   0.101041E+03  -0.535664E+00   0.684546E+00   0.381427E+01   0.176353E+02   0.365085E-03   0.428401E-03   0.208356E-03   0.907238E-03   0.190391E+03
   0.101420E+03  -0.535664E+00   0.684546E+00  -0.746650E+01   0.101523E+02   0.365085E-03   0.428401E-03   0.208356E-03   0.907238E-03   0.191780E+03
   0.101420E+03  -0.535664E+00   0.684546E+00  -0.746650E+01   0.120637E+01   0.526153E-03   0.428401E-03   0.208356E-03   0.907238E-03   0.191448E+03
   0.101420E+03  -0.535664E+00   0.590792E+01  -0.925767E+00   0.559573E+01   0.526153E-03   0.428401E-03   0.450092E-03   0.907238E-03   0.190282E+03
   0.101420E+03  -0.535664E+00   0.970227E+01   0.153690E+01   0.698256E+01   0.526153E-03   0.428401E-03   0.450092E-03   0.810236E-03   0.189466E+03
   0.101420E+03  -0.133375E+00   0.848250E+01  -0.103061E+02   0.689574E+01   0.526153E-03   0.428401E-03   0.450092E-03   0.810236E-03   0.189015E+03
   0.101420E+03  -0.133375E+00   0.150116E+01  -0.103061E+02   0.106472E+02   0.746991E-03   0.428401E-03   0.450092E-03   0.214702E-02   0.186432E+03
   0.101420E+03  -0.133375E+00  -0.856853E+01  -0.108387E+02  -0.434859E+01   0.746991E-03   0.428401E-03   0.391025E-03   0.208362E-02   0.186724E+03
   0.101420E+03  -0.133375E+00  -0.535256E+01  -0.108387E+02   0.198800E+01   0.746991E-03   0.257009E-03   0.391025E-03   0.239421E-02   0.187018E+03
   0.101420E+03  -0.133375E+00   0.484760E+01  -0.224933E+01   0.166057E+02   0.972631E-03   0.257009E-03   0.391025E-03   0.239421E-02   0.186080E+03
   0.101420E+03  -0.133375E+00   0.340819E+01  -0.224933E+01   0.166057E+02   0.528373E-03   0.233213E-03   0.391025E-03   0.197717E-02   0.188978E+03
   0.101813E+03   0.237060E+00   0.107153E+02  -0.224933E+01   0.167510E+02   0.528373E-03   0.233213E-03   0.391025E-03   0.197717E-02   0.188739E+03
   0.101813E+03   0.237060E+00   0.107153E+02   0.298538E+01   0.711255E+01   0.610743E-03   0.233213E-03   0.391025E-03   0.197717E-02   0.188239E+03
   0.101387E+03   0.608684E+00   0.107153E+02   0.245948E+01   0.963666E+01   0.610743E-03   0.233213E-03   0.391025E-03   0.197717E-02   0.187786E+03
   0.101387E+03   0.776560E+01   0.107423E+02   0.586509E+01   0.459901E+01   0.610743E-03   0.233213E-03   0.391025E-03   0.197717E-02   0.186827E+03
   0.102050E+03   0.270575E+01   0.107423E+02   0.586509E+01   0.854331E+01   0.137077E-03   0.233213E-03   0.391025E-03   0.161999E-02   0.191477E+03
   0.102050E+03   0.270575E+01   0.107423E+02   0.732966E+01  -0.933909E+00   0.320819E-03   0.233213E-03   0.391025E-03   0.195633E-02   0.188536E+03
   0.101078E+03   0.270575E+01  -0.529345E+01   0.902485E+01  -0.253554E+01   0.320819E-03   0.233213E-03   0.391025E-03   0.195633E-02   0.188749E+03
   0.101078E+03   0.270575E+01   0.413946E+01   0.223675E+01   0.356335E+01   0.824361E-03   0.233213E-03   0.391025E-03   0.195633E-02   0.188865E+03
   0.102398E+03   0.270575E+01   0.206703E+01   0.622364E+01   0.356335E+01   0.824361E-03   0.233213E-03   0.391025E-03   0.195633E-02   0.187558E+03
   0.102126E+03   0.270575E+01  -0.272087E+00  -0.235199E+01  -0.299864E+01   0.824361E-03   0.233213E-03   0.391025E-03   0.195633E-02   0.187284E+03
   0.100647E+03   0.270575E+01  -0.272087E+00   0.459474E+01  -0.534882E+01   0.824361E-03   0.233213E-03   0.391025E-03   0.195633E-02   0.188332E+03
   0.100647E+03   0.636000E+01  -0.272087E+00   0.544852E+01  -0.905714E+01   0.824361E-03   0.233213E-03   0.391025E-03   0.808723E-03   0.188575E+03
   0.100595E+03   0.636000E+01   0.327189E+01   0.544852E+01   0.873305E+01   0.824361E-03   0.233213E-03   0.391025E-03   0.808723E-03   0.189523E+03
   0.100595E+03   0.613781E+01   0.327189E+01   0.126271E+02   0.865081E+01   0.824361E-03   0.233213E-03   0.391025E-03   0.808723E-03   0.189890E+03
   0.102090E+03   0.786303E+01   0.740162E+01   0.210737E+02   0.140861E+02   0.824361E-03   0.233213E-03   0.391025E-03   0.808723E-03   0.190046E+03
   0.102090E+03   0.134044E+02   0.123409E+02   0.257136E+02   0.140861E+02   0.824361E-03   0.233213E-03   0.391025E-03   0.808723E-03   0.188328E+03
   0.102090E+03   0.141403E+02   0.123409E+02   0.257136E+02   0.562712E+01   0.824361E-03   0.233213E-03   0.391025E-03   0.808723E-03   0.187057E+03
   0.102937E+03   0.141403E+02   0.149384E+02   0.261993E+02   0.209951E+02   0.824361E-03   0.233213E-03   0.391025E-03   0.808723E-03   0.189278E+03
   0.102937E+03   0.141403E+02   0.149664E+02   0.261993E+02   0.882948E+01   0.824361E-03   0.233213E-03   0.391025E-03   0.808723E-03   0.188727E+03
   0.102878E+03   0.141403E+02   0.150242E+02   0.282721E+02   0.926534E+01   0.824361E-03   0.233213E-03   0.391025E-03   0.808723E-03   0.188557E+03
   0.103303E+03   0.141403E+02   0.136471E+02   0.322207E+02   0.293812E+01   0.824361E-03   0.233213E-03   0.391025E-03   0.808723E-03   0.186539E+03
   0.103303E+03   0.132703E+02   0.136471E+02   0.237269E+02   0.242866E+01   0.824361E-03   0.233213E-03   0.387578E-03   0.808723E-03   0.187458E+03
   0.102417E+03   0.132703E+02   0.136471E+02   0.237269E+02   0.170566E+02   0.268117E-03   0.233213E-03   0.387578E-03   0.808723E-03   0.191060E+03
   0.102417E+03   0.129057E+02   0.125596E+02   0.241689E+02   0.170566E+02   0.268117E-03   0.233213E-03   0.387578E-03   0.808723E-03   0.191214E+03
   0.102417E+03   0.927802E+01   0.295745E+01   0.194475E+02   0.230571E+02   0.268117E-03   0.512581E-03   0.387578E-03   0.808723E-03   0.187801E+03
   0.102417E+03   0.927802E+01   0.267910E+01   0.194475E+02   0.979120E+01   0.268117E-03   0.512581E-03   0.387578E-03   0.808723E-03   0.187723E+03
   0.102417E+03   0.927802E+01   0.990501E+01   0.126489E+02   0.249565E+02   0.268117E-03   0.512581E-03   0.387578E-03   0.808723E-03   0.189915E+03
   0.102417E+03   0.927802E+01   0.148225E+02   0.169724E+02   0.275862E+02   0.268117E-03   0.512581E-03   0.387578E-03   0.808723E-03   0.190456E+03
   0.103429E+03   0.927802E+01   0.148225E+02   0.169724E+02   0.275862E+02   0.268117E-03   0.413721E-03   0.387578E-03   0.808723E-03   0.191888E+03
   0.103288E+03   0.927802E+01   0.148225E+02   0.169724E+02   0.237598E+02   0.268117E-03   0.413721E-03   0.387578E-03   0.808723E-03   0.192167E+03
   0.103288E+03   0.927802E+01   0.153476E+02   0.160726E+02   0.239220E+02   0.268117E-03   0.413721E-03   0.387578E-03   0.808723E-03   0.192172E+03
   0.103288E+03   0.927802E+01   0.251253E+02   0.160726E+02   0.333966E+02   0.268117E-03   0.413721E-03   0.426618E-03   0.808723E-03   0.188265E+03
   0.103268E+03   0.927802E+01   0.251253E+02   0.160726E+02   0.352648E+02   0.268117E-03   0.631409E-03   0.203079E-03   0.808723E-03   0.188417E+03
   0.103268E+03   0.927802E+01   0.251253E+02   0.160726E+02   0.352648E+02   0.268117E-03   0.631409E-03   0.203079E-03   0.808723E-03   0.188417E+03
   0.103268E+03   0.927802E+01   0.251253E+02   0.254780E+02   0.218757E+02   0.268117E-03   0.631409E-03   0.203079E-03   0.808723E-03   0.187941E+03
   0.103915E+03   0.927802E+01   0.251253E+02   0.246826E+02   0.216457E+02   0.268117E-03   0.631409E-03   0.203079E-03   0.808723E-03   0.190111E+03
   0.103915E+03   0.927802E+01   0.133601E+02   0.237849E+02   0.281897E+02   0.142476E-03   0.291480E-03   0.203079E-03   0.808723E-03   0.192341E+03
   0.103915E+03   0.927802E+01   0.959600E+01   0.237849E+02   0.251383E+02   0.142476E-03   0.291480E-03   0.203079E-03   0.808723E-03   0.190583E+03
   0.103915E+03   0.927802E+01   0.151485E+02   0.237849E+02   0.343998E+02   0.142476E-03   0.291480E-03   0.203079E-03   0.808723E-03   0.191437E+03
   0.103915E+03   0.927802E+01   0.137169E+02   0.256380E+02   0.217463E+02   0.142476E-03   0.307389E-03   0.207952E-03   0.808723E-03   0.192205E+03
   0.103915E+03   0.112795E+02   0.170951E+02   0.256380E+02   0.329099E+02   0.142476E-03   0.307389E-03   0.207952E-03   0.808723E-03   0.192089E+03
   0.103915E+03   0.112795E+02   0.170951E+02   0.256380E+02   0.329099E+02   0.142476E-03   0.399143E-03   0.207952E-03   0.346787E-02   0.185433E+03
   0.103915E+03   0.984794E+01   0.897961E+01   0.243618E+02   0.329099E+02   0.142476E-03   0.399143E-03   0.207952E-03   0.346787E-02   0.183751E+03
   0.103915E+03   0.952682E+01   0.718111E+01   0.258158E+02   0.305787E+02   0.142476E-03   0.318024E-03   0.207952E-03   0.346787E-02   0.183408E+03
   0.103915E+03   0.700165E+01   0.233303E+02   0.226983E+02   0.157646E+02   0.142476E-03   0.318024E-03   0.207952E-03   0.840697E-03   0.189859E+03
   0.103915E+03   0.700165E+01   0.171740E+02   0.132507E+02   0.310073E+02   0.142476E-03   0.318024E-03   0.207952E-03   0.840697E-03   0.193581E+03
   0.103915E+03   0.700165E+01   0.171171E+02   0.132507E+02   0.180876E+02   0.142476E-03   0.318024E-03   0.302148E-03   0.840697E-03   0.192412E+03
   0.103915E+03   0.334226E+01   0.177988E+02   0.160733E+02   0.256157E+02   0.473826E-04   0.167495E-03   0.302148E-03   0.840697E-03   0.191054E+03
   0.103915E+03   0.334226E+01   0.183133E+02   0.160733E+02   0.301150E+02   0.473826E-04   0.167495E-03   0.302148E-03   0.840697E-03   0.190533E+03
   0.103915E+03   0.334226E+01   0.183133E+02   0.358171E+01   0.309142E+02   0.473826E-04   0.167495E-03   0.302148E-03   0.840697E-03   0.193070E+03
   0.103915E+03   0.334226E+01   0.183133E+02   0.358171E+01   0.309142E+02   0.473826E-04   0.171224E-03   0.302148E-03   0.840697E-03   0.193062E+03
   0.103915E+03   0.299614E+01   0.183133E+02   0.211945E+01   0.309142E+02   0.473826E-04   0.171224E-03   0.302148E-03   0.840697E-03   0.192850E+03
   0.103915E+03   0.299614E+01   0.147746E+02   0.143105E+01   0.309142E+02   0.179980E-03   0.171224E-03   0.302148E-03   0.840697E-03   0.192093E+03
   0.103915E+03   0.299614E+01   0.222305E+02   0.636736E+01   0.309142E+02   0.179980E-03   0.171224E-03   0.302148E-03   0.840697E-03   0.192443E+03
   0.103915E+03   0.379073E+01   0.222305E+02   0.662739E+01   0.309142E+02   0.179980E-03   0.171224E-03   0.302148E-03   0.840697E-03   0.192701E+03
   0.103915E+03   0.379073E+01   0.160792E+02   0.662739E+01   0.309142E+02   0.179980E-03   0.171224E-03   0.302148E-03   0.104730E-02   0.193194E+03
   0.103915E+03   0.379073E+01   0.184560E+02  -0.809111E+00   0.221023E+02   0.179980E-03   0.171224E-03   0.302148E-03   0.104730E-02   0.191679E+03
   0.103915E+03   0.125554E+01   0.184560E+02  -0.338231E+01   0.297928E+02   0.179980E-03   0.171224E-03   0.302148E-03   0.104730E-02   0.191991E+03
   0.103915E+03   0.125554E+01   0.184560E+02   0.596325E+00   0.302567E+02   0.179980E-03   0.171224E-03   0.302148E-03   0.104730E-02   0.192687E+03
   0.103915E+03   0.125554E+01   0.184560E+02   0.623150E+01   0.260374E+02   0.179980E-03   0.171224E-03   0.302148E-03   0.104730E-02   0.192432E+03
   0.103915E+03   0.125554E+01   0.159285E+02   0.623150E+01   0.284031E+02   0.248636E-03   0.789998E-05   0.302148E-03   0.104730E-02   0.192429E+03
   0.103915E+03   0.125554E+01   0.159285E+02   0.623150E+01   0.284031E+02   0.248636E-03   0.789998E-05   0.302148E-03   0.104730E-02   0.192429E+03
   0.103915E+03   0.125554E+01   0.159285E+02  -0.256216E+01   0.284031E+02   0.248636E-03   0.789998E-05   0.302148E-03   0.168338E-02   0.191205E+03
   0.103915E+03   0.176236E+01   0.159285E+02   0.851173E+01   0.308640E+02   0.248636E-03   0.789998E-05   0.302148E-03   0.209978E-02   0.189680E+03
   0.103915E+03   0.176236E+01   0.159285E+02   0.851173E+01   0.160168E+02   0.248636E-03   0.789998E-05   0.302148E-03   0.152846E-02   0.190656E+03
   0.103915E+03   0.393811E+01   0.159285E+02   0.851173E+01   0.135069E+02   0.248636E-03   0.789998E-05   0.302148E-03   0.152846E-02   0.191170E+03
   0.103915E+03   0.393811E+01   0.159285E+02   0.114955E+02   0.193435E+02   0.248636E-03   0.108860E-03   0.302148E-03   0.126998E-02   0.192459E+03
   0.103915E+03   0.393811E+01   0.159285E+02   0.114955E+02   0.189799E+02   0.248636E-03   0.108860E-03   0.302148E-03   0.126998E-02   0.192408E+03
   0.104545E+03   0.393811E+01   0.149929E+02   0.177633E+02   0.234283E+02   0.248636E-03   0.108860E-03   0.302148E-03   0.126998E-02   0.189853E+03
   0.104545E+03   0.145707E+02   0.174914E+02   0.370143E+02   0.302006E+02   0.248636E-03   0.108860E-03   0.302148E-03   0.126998E-02   0.189057E+03
   0.105961E+03   0.145707E+02   0.234873E+02   0.296586E+02   0.165319E+02   0.248636E-03   0.108860E-03   0.302148E-03   0.126998E-02   0.190107E+03
   0.105228E+03   0.137928E+02   0.234873E+02   0.264997E+02   0.411389E+02   0.248636E-03   0.108860E-03   0.392480E-03   0.126998E-02   0.190596E+03
   0.105228E+03   0.137928E+02   0.252562E+02   0.207261E+02   0.349575E+02   0.248636E-03   0.108860E-03   0.392480E-03   0.126998E-02   0.192092E+03
   0.105228E+03   0.137928E+02   0.277290E+02   0.207261E+02   0.199454E+02   0.248636E-03   0.108860E-03   0.392480E-03   0.126998E-02   0.190674E+03
   0.105942E+03   0.105757E+02   0.243328E+02   0.235670E+02   0.199454E+02   0.248636E-03   0.327716E-03   0.392480E-03   0.126998E-02   0.189231E+03
   0.104778E+03   0.131837E+02   0.241229E+02   0.239159E+02   0.273515E+02   0.248636E-03   0.327716E-03   0.392480E-03   0.126998E-02   0.192116E+03
   0.104778E+03   0.652650E+01   0.224204E+02   0.201980E+02   0.326522E+02   0.248636E-03   0.327716E-03   0.953318E-03   0.126998E-02   0.186302E+03
   0.103860E+03   0.123530E+02   0.183617E+02   0.243778E+02   0.197009E+02   0.248636E-03   0.327716E-03   0.953318E-03   0.185093E-02   0.186824E+03
   0.103860E+03   0.123530E+02   0.178859E+02   0.897611E+01   0.986355E+01   0.248636E-03   0.327716E-03   0.953318E-03   0.185093E-02   0.183323E+03
   0.104035E+03   0.123530E+02   0.241554E+02   0.140006E+02   0.158120E+02   0.248636E-03   0.327716E-03   0.953318E-03   0.779212E-03   0.186484E+03
   0.103062E+03   0.123530E+02   0.205396E+02   0.140006E+02   0.373400E+02   0.248636E-03   0.583394E-03   0.953318E-03   0.779212E-03   0.184026E+03
   0.104900E+03   0.388195E+01   0.199115E+02   0.679678E+01   0.244218E+02   0.111245E-03   0.583394E-03   0.953318E-03   0.779212E-03   0.184773E+03
   0.104900E+03   0.143138E+02   0.259714E+02   0.926205E+01   0.282640E+02   0.106053E-03   0.583394E-03   0.404713E-03   0.967800E-03   0.184925E+03
   0.104900E+03   0.750159E+01   0.247457E+02   0.926205E+01   0.282640E+02   0.106053E-03   0.106611E-02   0.404713E-03   0.967800E-03   0.187632E+03
   0.104900E+03   0.510027E+01   0.198902E+02   0.926205E+01   0.307522E+02   0.176443E-03   0.106611E-02   0.404713E-03   0.967800E-03   0.187181E+03
   0.104900E+03   0.373217E+01   0.223602E+02   0.775947E+01   0.274422E+02   0.176443E-03   0.106611E-02   0.404713E-03   0.114698E-02   0.187175E+03
   0.104900E+03   0.562304E+01   0.289946E+02   0.117860E+02   0.169442E+02   0.176443E-03   0.106871E-02   0.404713E-03   0.114698E-02   0.185622E+03
   0.104900E+03   0.575448E+01   0.289946E+02   0.168892E+02   0.365479E+02   0.176443E-03   0.106871E-02   0.404713E-03   0.114698E-02   0.187028E+03
   0.104452E+03   0.575448E+01   0.264080E+02   0.153765E+02   0.256298E+02   0.176443E-03   0.106871E-02   0.404713E-03   0.795995E-03   0.187749E+03
   0.104452E+03   0.795968E+01   0.194500E+02   0.173775E+02   0.256298E+02   0.176443E-03   0.153568E-02   0.404713E-03   0.795995E-03   0.185358E+03
   0.104452E+03   0.795968E+01   0.217880E+02   0.173775E+02   0.286206E+02   0.176443E-03   0.672081E-03   0.404713E-03   0.795995E-03   0.190682E+03
   0.104452E+03   0.107333E+02   0.217880E+02   0.173775E+02   0.280446E+02   0.176443E-03   0.462326E-03   0.404713E-03   0.795995E-03   0.191834E+03
   0.104452E+03   0.107333E+02   0.157759E+02   0.173775E+02   0.280446E+02   0.176443E-03   0.462326E-03   0.404713E-03   0.795995E-03   0.190058E+03
   0.104452E+03   0.965814E+01   0.250907E+02   0.131482E+02   0.291649E+02   0.176443E-03   0.462326E-03   0.404713E-03   0.795995E-03   0.191400E+03
   0.104452E+03   0.857499E+01   0.157164E+02   0.124629E+02   0.291649E+02   0.439344E-03   0.462326E-03   0.404713E-03   0.827865E-03   0.189413E+03
   0.105185E+03   0.857499E+01   0.294996E+02   0.714815E+01   0.145787E+02   0.439344E-03   0.462326E-03   0.404713E-03   0.827865E-03   0.185559E+03
   0.105185E+03   0.857499E+01   0.239742E+02   0.127765E+02   0.305498E+02   0.439344E-03   0.462326E-03   0.404713E-03   0.827865E-03   0.190546E+03
   0.105185E+03   0.387882E+01   0.239685E+02   0.625219E+01   0.338307E+02   0.219180E-03   0.462326E-03   0.404713E-03   0.827865E-03   0.190713E+03
   0.105185E+03   0.387882E+01   0.208193E+02  -0.198777E+00   0.374041E+02   0.219180E-03   0.462326E-03   0.404713E-03   0.827865E-03   0.188902E+03
   0.105185E+03   0.318214E+01   0.208193E+02  -0.198777E+00   0.286434E+02   0.219180E-03   0.462326E-03   0.404713E-03   0.827865E-03   0.188248E+03
   0.105185E+03   0.435559E+00   0.315141E+02  -0.198777E+00   0.286434E+02   0.219180E-03   0.462326E-03   0.404713E-03   0.827865E-03   0.188315E+03
   0.105185E+03   0.435559E+00   0.252096E+02  -0.198777E+00   0.398373E+02   0.219180E-03   0.462326E-03   0.404713E-03   0.827865E-03   0.189974E+03
   0.104879E+03   0.264653E+01   0.231492E+02   0.367013E+01   0.398373E+02   0.219180E-03   0.462326E-03   0.404713E-03   0.827865E-03   0.190467E+03
   0.104879E+03   0.255878E+01   0.231492E+02   0.301248E+01   0.392703E+02   0.219180E-03   0.462326E-03   0.172738E-03   0.827865E-03   0.191668E+03
   0.104879E+03   0.297140E+01   0.209905E+02   0.104365E+02   0.301317E+02   0.219180E-03   0.462326E-03   0.172738E-03   0.827865E-03   0.191342E+03
   0.104879E+03   0.297140E+01   0.263172E+02   0.251197E+01   0.301317E+02   0.219180E-03   0.462326E-03   0.172738E-03   0.827865E-03   0.191563E+03
   0.104226E+03   0.705295E+00   0.156213E+02   0.251197E+01   0.301317E+02   0.219180E-03   0.323221E-03   0.181794E-03   0.135853E-02   0.191800E+03
   0.104226E+03   0.705295E+00   0.193530E+02   0.251197E+01   0.301317E+02   0.368437E-03   0.323221E-03   0.181794E-03   0.135853E-02   0.191955E+03
   0.104226E+03   0.226327E+01   0.125910E+02   0.251197E+01   0.354359E+02   0.368437E-03   0.323221E-03   0.181794E-03   0.135853E-02   0.190297E+03
   0.104226E+03   0.443499E+01   0.231964E+02   0.251197E+01   0.354359E+02   0.368437E-03   0.323221E-03   0.181794E-03   0.135853E-02   0.190479E+03
   0.104226E+03   0.443499E+01   0.243956E+02   0.104456E+02   0.354359E+02   0.368437E-03   0.323221E-03   0.181794E-03   0.135853E-02   0.190959E+03
   0.104226E+03   0.443499E+01   0.243956E+02   0.115952E+02   0.370744E+02   0.368437E-03   0.323221E-03   0.204389E-03   0.890084E-03   0.191144E+03
   0.105319E+03   0.443499E+01   0.243956E+02   0.115952E+02   0.293102E+02   0.368437E-03   0.323221E-03   0.204389E-03   0.700275E-03   0.190950E+03
   0.105319E+03   0.647330E+01   0.261951E+02   0.115952E+02   0.425827E+02   0.443081E-03   0.323221E-03   0.204389E-03   0.700275E-03   0.191544E+03
   0.105319E+03   0.361770E+01   0.261951E+02   0.115952E+02   0.425827E+02   0.676955E-03   0.323221E-03   0.204389E-03   0.186952E-02   0.187821E+03
   0.106035E+03   0.361770E+01   0.298050E+02   0.115952E+02   0.448661E+02   0.676955E-03   0.323221E-03   0.204389E-03   0.186952E-02   0.187741E+03
   0.106035E+03   0.361770E+01   0.298520E+02   0.105726E+02   0.332675E+02   0.976135E-03   0.323221E-03   0.204389E-03   0.186952E-02   0.187773E+03
   0.106778E+03   0.679196E+01   0.369650E+02   0.137318E+02   0.337311E+02   0.976135E-03   0.323221E-03   0.204389E-03   0.186952E-02   0.186838E+03
   0.106778E+03   0.110424E+02   0.367292E+02   0.185442E+02   0.355481E+02   0.976135E-03   0.323221E-03   0.577449E-03   0.807877E-03   0.187546E+03
   0.106568E+03   0.109690E+02   0.367292E+02   0.185442E+02   0.355481E+02   0.976135E-03   0.323221E-03   0.577449E-03   0.110992E-02   0.187195E+03
   0.106568E+03   0.149510E+02   0.283026E+02   0.249193E+02   0.369080E+02   0.976135E-03   0.323221E-03   0.577449E-03   0.110992E-02   0.188551E+03
   0.107981E+03   0.149510E+02   0.287404E+02   0.252656E+02   0.423638E+02   0.620839E-03   0.390083E-03   0.577449E-03   0.110992E-02   0.187442E+03
   0.107981E+03   0.163235E+02   0.414064E+02   0.233271E+02   0.423638E+02   0.554830E-03   0.390083E-03   0.577449E-03   0.110992E-02   0.188686E+03
   0.107981E+03   0.149114E+02   0.348343E+02   0.233271E+02   0.407642E+02   0.554830E-03   0.390083E-03   0.577449E-03   0.110992E-02   0.189044E+03
   0.107185E+03   0.149114E+02   0.219599E+02   0.355676E+02   0.393461E+02   0.554830E-03   0.390083E-03   0.577449E-03   0.110992E-02   0.187199E+03
   0.107185E+03   0.149114E+02   0.272903E+02   0.355676E+02   0.393461E+02   0.554830E-03   0.390083E-03   0.577449E-03   0.110992E-02   0.188468E+03
   0.107185E+03   0.204017E+02   0.272903E+02   0.396997E+02   0.311811E+02   0.554830E-03   0.390083E-03   0.577449E-03   0.110992E-02   0.188785E+03
   0.105539E+03   0.204017E+02   0.272903E+02   0.283203E+02   0.251414E+02   0.554830E-03   0.477169E-03   0.577449E-03   0.110992E-02   0.187175E+03
   0.105539E+03   0.124476E+02   0.272903E+02   0.208816E+02   0.306702E+02   0.108668E-04   0.555227E-04   0.577449E-03   0.110992E-02   0.192195E+03
   0.105539E+03   0.124476E+02   0.230787E+02   0.292066E+02   0.306702E+02   0.108668E-04   0.252474E-03   0.577449E-03   0.110992E-02   0.191095E+03
   0.105539E+03   0.185909E+02   0.230787E+02   0.383946E+02   0.301438E+02   0.108668E-04   0.252474E-03   0.577449E-03   0.110992E-02   0.190303E+03
   0.105539E+03   0.185909E+02   0.229959E+02   0.383946E+02   0.310811E+02   0.108668E-04   0.252474E-03   0.577449E-03   0.110992E-02   0.190209E+03
   0.105539E+03   0.185909E+02   0.303313E+02   0.330484E+02   0.170093E+02   0.108668E-04   0.252474E-03   0.577449E-03   0.867962E-03   0.188465E+03
   0.105539E+03   0.170524E+02   0.230346E+02   0.330484E+02   0.196327E+02   0.108668E-04   0.252474E-03   0.577449E-03   0.867962E-03   0.190384E+03
   0.105539E+03   0.170524E+02   0.230346E+02   0.352373E+02   0.134587E+02   0.108668E-04   0.252474E-03   0.302770E-03   0.867962E-03   0.190026E+03
   0.105539E+03   0.155110E+02   0.230346E+02   0.345566E+02   0.137230E+02   0.108668E-04   0.252474E-03   0.302770E-03   0.867962E-03   0.190147E+03
   0.105539E+03   0.155110E+02   0.230346E+02   0.407570E+02   0.120972E+02   0.108668E-04   0.252474E-03   0.302770E-03   0.867962E-03   0.188069E+03
   0.105539E+03   0.155110E+02   0.230346E+02   0.408381E+02   0.223714E+02   0.108668E-04   0.252474E-03   0.206192E-03   0.119112E-02   0.189950E+03
   0.105539E+03   0.155110E+02   0.208542E+02   0.374970E+02   0.296903E+02   0.108668E-04   0.252474E-03   0.206192E-03   0.119112E-02   0.191604E+03
   0.105539E+03   0.152701E+02   0.193482E+02   0.340965E+02   0.296903E+02   0.108668E-04   0.252474E-03   0.206192E-03   0.870107E-03   0.192018E+03
   0.105539E+03   0.160107E+02   0.193582E+02   0.339408E+02   0.264779E+02   0.108668E-04   0.252474E-03   0.206192E-03   0.870107E-03   0.191719E+03
   0.103959E+03   0.160107E+02   0.145311E+02   0.339408E+02   0.205862E+02   0.549737E-03   0.252474E-03   0.206192E-03   0.870107E-03   0.189567E+03
   0.103959E+03   0.160107E+02   0.201111E+02   0.245792E+02   0.212806E+02   0.549737E-03   0.252474E-03   0.206192E-03   0.682375E-03   0.190281E+03
   0.103959E+03   0.160107E+02   0.232868E+02   0.245792E+02   0.212806E+02   0.549737E-03   0.252474E-03   0.206192E-03   0.682375E-03   0.190355E+03
   0.103959E+03   0.160107E+02   0.232868E+02   0.245792E+02   0.212806E+02   0.549737E-03   0.252474E-03   0.206192E-03   0.682375E-03   0.190355E+03
   0.103959E+03   0.160107E+02   0.232868E+02   0.281850E+02   0.165899E+02   0.549737E-03   0.252474E-03   0.363988E-03   0.682375E-03   0.189805E+03
   0.103959E+03   0.151206E+02   0.232868E+02   0.353053E+02   0.709225E+01   0.549737E-03   0.838386E-03   0.363988E-03   0.682375E-03   0.185172E+03
   0.103959E+03   0.151206E+02   0.226434E+02   0.353053E+02   0.100383E+02   0.549737E-03   0.838386E-03   0.363988E-03   0.682375E-03   0.186074E+03
   0.103959E+03   0.163495E+02   0.226434E+02   0.310741E+02   0.248890E+02   0.549737E-03   0.838386E-03   0.363988E-03   0.682375E-03   0.188193E+03
   0.103959E+03   0.163495E+02   0.181924E+02   0.320661E+02   0.248890E+02   0.549737E-03   0.838386E-03   0.363988E-03   0.682375E-03   0.187449E+03
   0.104762E+03   0.158764E+02   0.181924E+02   0.370143E+02   0.248890E+02   0.549737E-03   0.838386E-03   0.174474E-03   0.682375E-03   0.187330E+03
   0.104762E+03   0.158764E+02   0.193015E+02   0.380272E+02   0.218946E+02   0.549737E-03   0.838386E-03   0.174474E-03   0.682375E-03   0.187461E+03
   0.103984E+03   0.158764E+02   0.215404E+02   0.313886E+02   0.284113E+02   0.549737E-03   0.263009E-03   0.174474E-03   0.682375E-03   0.190418E+03
   0.103984E+03   0.151942E+02   0.215404E+02   0.260494E+02   0.230065E+02   0.549737E-03   0.263009E-03   0.174474E-03   0.682375E-03   0.191547E+03
   0.103984E+03   0.151942E+02   0.215404E+02   0.251136E+02   0.260195E+02   0.549737E-03   0.263009E-03   0.174474E-03   0.682375E-03   0.191320E+03
   0.103984E+03   0.135358E+02   0.237965E+02   0.234105E+02   0.260195E+02   0.549737E-03   0.263009E-03   0.174474E-03   0.682375E-03   0.191906E+03
   0.103984E+03   0.135358E+02   0.237965E+02   0.275781E+02   0.260195E+02   0.108092E-02   0.263009E-03   0.831702E-03   0.682375E-03   0.185624E+03
   0.104704E+03   0.150311E+02   0.199020E+02   0.230452E+02   0.258675E+02   0.108092E-02   0.263009E-03   0.831702E-03   0.976045E-03   0.186537E+03
   0.104704E+03   0.931679E+01   0.178084E+02   0.230452E+02   0.284066E+02   0.108092E-02   0.263009E-03   0.111737E-02   0.976045E-03   0.184632E+03
   0.103072E+03   0.931679E+01   0.233334E+02   0.179210E+02   0.284066E+02   0.108092E-02   0.263009E-03   0.113483E-02   0.976045E-03   0.182049E+03
   0.103347E+03   0.931679E+01   0.233334E+02   0.179210E+02   0.284066E+02   0.108092E-02   0.263009E-03   0.554688E-03   0.976045E-03   0.186699E+03
   0.103793E+03   0.974014E+01   0.193215E+02   0.196706E+02   0.180095E+02   0.108092E-02   0.263009E-03   0.217039E-03   0.976045E-03   0.190925E+03
   0.103793E+03   0.974014E+01   0.167893E+02   0.238388E+02   0.283230E+02   0.426827E-03   0.158810E-03   0.217039E-03   0.976045E-03   0.192927E+03
   0.103793E+03   0.876675E+01   0.188063E+02   0.142927E+02   0.289347E+02   0.426827E-03   0.158810E-03   0.217039E-03   0.976045E-03   0.193617E+03
   0.103793E+03   0.480106E+01   0.149899E+02   0.142927E+02   0.124161E+02   0.622493E-03   0.158810E-03   0.217039E-03   0.976045E-03   0.190995E+03
   0.103793E+03   0.923784E+01   0.206059E+02   0.275105E+02   0.173297E+02   0.622493E-03   0.128867E-03   0.217039E-03   0.976045E-03   0.190120E+03
   0.103793E+03   0.994878E+01   0.206059E+02   0.253686E+02   0.173297E+02   0.622493E-03   0.128867E-03   0.217039E-03   0.976045E-03   0.191644E+03
   0.103793E+03   0.114559E+02   0.206059E+02   0.253686E+02   0.173297E+02   0.622493E-03   0.128867E-03   0.217039E-03   0.992240E-03   0.192174E+03
   0.103793E+03   0.114559E+02   0.158455E+02   0.253686E+02   0.249301E+02   0.220919E-03   0.129867E-03   0.217039E-03   0.992240E-03   0.193797E+03
   0.103793E+03   0.114559E+02   0.199569E+02   0.210124E+02   0.259073E+02   0.359353E-03   0.129867E-03   0.217039E-03   0.992240E-03   0.193805E+03
   0.103793E+03   0.126254E+02   0.192185E+02   0.210124E+02   0.259073E+02   0.359353E-03   0.129867E-03   0.217039E-03   0.992240E-03   0.193331E+03
   0.103793E+03   0.126254E+02   0.192185E+02   0.205915E+02   0.303029E+02   0.359353E-03   0.129867E-03   0.217039E-03   0.992240E-03   0.192477E+03
   0.103718E+03   0.127519E+02   0.192185E+02   0.205915E+02   0.222189E+02   0.359353E-03   0.129867E-03   0.217039E-03   0.992240E-03   0.193282E+03
   0.103718E+03   0.127519E+02   0.186130E+02   0.205915E+02   0.264056E+02   0.359353E-03   0.129867E-03   0.217039E-03   0.992240E-03   0.193009E+03
   0.103718E+03   0.127519E+02   0.180623E+02   0.218669E+02   0.240932E+02   0.359353E-03   0.129867E-03   0.217039E-03   0.992240E-03   0.193404E+03
   0.103718E+03   0.128839E+02   0.180623E+02   0.218669E+02   0.182314E+02   0.359353E-03   0.129867E-03   0.217039E-03   0.121592E-02   0.192885E+03
   0.103718E+03   0.128839E+02   0.164040E+02   0.218669E+02   0.311366E+02   0.359353E-03   0.129867E-03   0.217039E-03   0.121592E-02   0.191362E+03
   0.103718E+03   0.122798E+02   0.164040E+02   0.218669E+02   0.202720E+02   0.527858E-03   0.129867E-03   0.217039E-03   0.103935E-02   0.192957E+03
   0.103718E+03   0.122798E+02   0.164040E+02   0.218669E+02   0.174037E+02   0.527858E-03   0.129867E-03   0.217039E-03   0.103935E-02   0.192755E+03
   0.103718E+03   0.887004E+01   0.164040E+02   0.218669E+02   0.212016E+02   0.509921E-03   0.129867E-03   0.289723E-03   0.103935E-02   0.193064E+03
   0.103718E+03   0.927123E+01   0.164040E+02   0.218669E+02   0.212016E+02   0.424588E-03   0.129867E-03   0.289723E-03   0.103935E-02   0.193442E+03
   0.103718E+03   0.146841E+02   0.164040E+02   0.298916E+02   0.181262E+02   0.424588E-03   0.129867E-03   0.289723E-03   0.116895E-02   0.191621E+03
   0.103718E+03   0.154867E+02   0.169457E+02   0.220580E+02   0.227849E+02   0.424588E-03   0.129867E-03   0.289723E-03   0.116895E-02   0.190158E+03
   0.103718E+03   0.158911E+02   0.207353E+02   0.298930E+02   0.227849E+02   0.424588E-03   0.129867E-03   0.289723E-03   0.116895E-02   0.190550E+03
   0.103861E+03   0.158911E+02   0.230442E+02   0.261752E+02   0.227849E+02   0.424588E-03   0.129867E-03   0.289723E-03   0.116895E-02   0.190517E+03
   0.103861E+03   0.158911E+02   0.230442E+02   0.273388E+02   0.185700E+02   0.424588E-03   0.129867E-03   0.289723E-03   0.116498E-02   0.190374E+03
   0.103861E+03   0.158911E+02   0.165131E+02   0.273388E+02   0.130675E+02   0.424588E-03   0.129867E-03   0.289723E-03   0.116498E-02   0.190321E+03
   0.103861E+03   0.158911E+02   0.165131E+02   0.279479E+02   0.130675E+02   0.424588E-03   0.129867E-03   0.289723E-03   0.116498E-02   0.190392E+03
   0.103861E+03   0.158911E+02   0.214488E+02   0.263955E+02   0.130675E+02   0.424588E-03   0.129867E-03   0.289723E-03   0.793376E-03   0.190379E+03
   0.103861E+03   0.158911E+02   0.205176E+02   0.263955E+02   0.231896E+02   0.426844E-03   0.129867E-03   0.289723E-03   0.793376E-03   0.191584E+03
   0.103861E+03   0.152168E+02   0.205176E+02   0.287574E+02   0.102936E+02   0.426844E-03   0.129867E-03   0.289723E-03   0.793376E-03   0.190273E+03
   0.103861E+03   0.110139E+02   0.159046E+02   0.186251E+02   0.102248E+02   0.314587E-03   0.129867E-03   0.289723E-03   0.793376E-03   0.191057E+03
   0.104202E+03   0.110139E+02   0.244455E+02   0.191112E+02   0.316150E+02   0.314587E-03   0.129867E-03   0.289723E-03   0.793376E-03   0.192735E+03
   0.104202E+03   0.110139E+02   0.267495E+02   0.186584E+02   0.316150E+02   0.314587E-03   0.129867E-03   0.289723E-03   0.793376E-03   0.191647E+03
   0.104437E+03   0.110139E+02   0.235418E+02   0.211316E+02   0.316150E+02   0.314587E-03   0.129867E-03   0.289723E-03   0.793376E-03   0.193391E+03
   0.104437E+03   0.115198E+02   0.252840E+02   0.211316E+02   0.220299E+02   0.314587E-03   0.129867E-03   0.341469E-03   0.793376E-03   0.192520E+03
   0.104437E+03   0.115198E+02   0.187939E+02   0.157530E+02   0.187806E+02   0.314587E-03   0.129867E-03   0.341469E-03   0.793376E-03   0.190965E+03
   0.104827E+03   0.868031E+01   0.201244E+02   0.126535E+02   0.330326E+02   0.314587E-03   0.142948E-03   0.341469E-03   0.793376E-03   0.192401E+03
   0.104827E+03   0.563407E+01   0.188851E+02   0.126535E+02   0.330326E+02   0.590815E-03   0.142948E-03   0.356794E-03   0.908946E-03   0.191607E+03
   0.104389E+03   0.563407E+01   0.291461E+02   0.136758E+02   0.265814E+02   0.590815E-03   0.142948E-03   0.356794E-03   0.908946E-03   0.188733E+03
   0.104389E+03   0.563407E+01   0.228690E+02   0.136758E+02   0.265814E+02   0.590815E-03   0.142948E-03   0.160535E-03   0.100007E-02   0.193064E+03
   0.104389E+03   0.563407E+01   0.164843E+02   0.136758E+02   0.267186E+02   0.590815E-03   0.142948E-03   0.160535E-03   0.100007E-02   0.192642E+03
   0.104389E+03   0.114832E+02   0.164843E+02   0.130496E+02   0.267186E+02   0.590815E-03   0.142948E-03   0.160535E-03   0.100007E-02   0.189513E+03
   0.104389E+03   0.101500E+02   0.275925E+02   0.135676E+02   0.259164E+02   0.590815E-03   0.142948E-03   0.160535E-03   0.697548E-03   0.191029E+03
   0.104389E+03   0.111724E+02   0.275925E+02   0.160246E+02   0.259164E+02   0.590815E-03   0.285276E-03   0.160535E-03   0.697548E-03   0.191057E+03
   0.105892E+03   0.111724E+02   0.272823E+02   0.179133E+02   0.488778E+02   0.590815E-03   0.285276E-03   0.160535E-03   0.697548E-03   0.189403E+03
   0.105892E+03   0.111724E+02   0.272823E+02   0.194200E+02   0.488778E+02   0.590815E-03   0.285276E-03   0.160535E-03   0.697548E-03   0.189613E+03
   0.105892E+03   0.111724E+02   0.272823E+02   0.194200E+02   0.480064E+02   0.590815E-03   0.590613E-03   0.160535E-03   0.697548E-03   0.189293E+03
   0.106370E+03   0.111724E+02   0.272823E+02   0.208833E+02   0.437458E+02   0.590815E-03   0.297527E-03   0.160535E-03   0.939427E-03   0.192189E+03
   0.106370E+03   0.111724E+02   0.272897E+02   0.208833E+02   0.437458E+02   0.590815E-03   0.297527E-03   0.160535E-03   0.939427E-03   0.192190E+03
   0.106370E+03   0.104741E+02   0.272897E+02   0.208833E+02   0.354132E+02   0.590815E-03   0.297527E-03   0.160535E-03   0.939427E-03   0.192301E+03
   0.106787E+03   0.107539E+02   0.272897E+02   0.214705E+02   0.544596E+02   0.590815E-03   0.769545E-03   0.160535E-03   0.939427E-03   0.187594E+03
   0.106787E+03   0.107539E+02   0.296700E+02   0.214705E+02   0.325279E+02   0.990611E-03   0.769545E-03   0.160535E-03   0.228891E-02   0.184811E+03
   0.106787E+03   0.107539E+02   0.227646E+02   0.242079E+02   0.325279E+02   0.990611E-03   0.769545E-03   0.160535E-03   0.257042E-02   0.181966E+03
   0.106787E+03   0.758497E+01   0.266697E+02   0.239699E+02   0.344523E+02   0.990611E-03   0.769545E-03   0.160535E-03   0.209046E-02   0.184170E+03
   0.107277E+03   0.758497E+01   0.262663E+02   0.149409E+02   0.344523E+02   0.990611E-03   0.769545E-03   0.160535E-03   0.209046E-02   0.182120E+03
   0.107277E+03   0.758497E+01   0.390427E+02   0.149409E+02   0.415053E+02   0.990611E-03   0.539365E-03   0.160535E-03   0.209046E-02   0.186213E+03
   0.107277E+03   0.611101E+01   0.390427E+02   0.187081E+02   0.467219E+02   0.990611E-03   0.539365E-03   0.160535E-03   0.209046E-02   0.184146E+03
   0.107277E+03   0.611101E+01   0.384307E+02   0.760900E+01   0.385668E+02   0.990611E-03   0.248106E-03   0.125608E-03   0.209046E-02   0.186354E+03
   0.107277E+03   0.611101E+01   0.384307E+02   0.150689E+02   0.385668E+02   0.990611E-03   0.248106E-03   0.125608E-03   0.209046E-02   0.186407E+03
   0.107277E+03   0.611101E+01   0.384307E+02   0.125293E+02   0.385668E+02   0.990611E-03   0.248106E-03   0.125608E-03   0.110393E-02   0.189268E+03
   0.107277E+03   0.207314E+01   0.384307E+02   0.185101E+01   0.543053E+02   0.990611E-03   0.170825E-02   0.125608E-03   0.110393E-02   0.182589E+03
   0.107277E+03   0.207314E+01   0.384307E+02   0.325980E+01   0.543053E+02   0.990611E-03   0.170825E-02   0.125608E-03   0.140003E-02   0.182061E+03
   0.107542E+03   0.207314E+01   0.414884E+02   0.325980E+01   0.543053E+02   0.990611E-03   0.545462E-03   0.125608E-03   0.126721E-02   0.185770E+03
   0.107542E+03   0.828090E+01   0.420052E+02   0.218188E+01   0.495111E+02   0.990611E-03   0.545462E-03   0.125608E-03   0.400551E-03   0.180130E+03
   0.107542E+03   0.828090E+01   0.390318E+02   0.930780E+01   0.495111E+02   0.990611E-03   0.545462E-03   0.125608E-03   0.171275E-02   0.186165E+03
   0.107542E+03   0.971645E+01   0.390318E+02   0.930780E+01   0.495111E+02   0.302380E-03   0.545462E-03   0.254420E-03   0.199024E-02   0.186366E+03
   0.107478E+03   0.311074E+01   0.273367E+02   0.930780E+01   0.495111E+02   0.302380E-03   0.545462E-03   0.254420E-03   0.199024E-02   0.186874E+03
   0.107478E+03   0.311074E+01   0.312114E+02   0.930780E+01   0.495111E+02   0.143855E-03   0.334211E-03   0.254420E-03   0.118346E-02   0.190458E+03
   0.107478E+03   0.749561E+01   0.378597E+02   0.935068E+01   0.520367E+02   0.198837E-04   0.334211E-03   0.254420E-03   0.118346E-02   0.190394E+03
   0.107478E+03   0.749561E+01   0.283214E+02   0.146721E+02   0.551575E+02   0.198837E-04   0.334211E-03   0.254420E-03   0.161868E-02   0.189182E+03
   0.108465E+03   0.749561E+01   0.350086E+02   0.189902E+02   0.454119E+02   0.198837E-04   0.334211E-03   0.254420E-03   0.790480E-03   0.189170E+03
   0.106290E+03   0.125519E+02   0.350086E+02   0.189902E+02   0.454119E+02   0.198837E-04   0.334211E-03   0.235605E-03   0.790480E-03   0.191271E+03
   0.106290E+03   0.125519E+02   0.350086E+02   0.191808E+02   0.408255E+02   0.198837E-04   0.334211E-03   0.235605E-03   0.790480E-03   0.192249E+03
   0.106290E+03   0.723522E+01   0.350086E+02   0.192576E+02   0.408255E+02   0.198837E-04   0.334211E-03   0.273744E-04   0.790480E-03   0.190985E+03
   0.106224E+03   0.701490E+01   0.324129E+02   0.192576E+02   0.336134E+02   0.198837E-04   0.334211E-03   0.273744E-04   0.790480E-03   0.191747E+03
   0.106224E+03   0.701490E+01   0.324129E+02   0.146179E+02   0.336134E+02   0.198837E-04   0.334211E-03   0.273744E-04   0.867060E-03   0.192843E+03
   0.104780E+03   0.642299E+01   0.300607E+02   0.146179E+02   0.336134E+02   0.876395E-03   0.334211E-03   0.273744E-04   0.974423E-03   0.189931E+03
   0.104780E+03   0.642299E+01   0.300607E+02   0.148014E+02   0.354233E+02   0.876395E-03   0.226576E-03   0.273744E-04   0.974423E-03   0.189515E+03
   0.106367E+03   0.642299E+01   0.300607E+02   0.148014E+02   0.404445E+02   0.876395E-03   0.226576E-03   0.273744E-04   0.974423E-03   0.191585E+03
   0.106367E+03   0.642299E+01   0.321516E+02   0.115740E+02   0.400956E+02   0.876395E-03   0.226576E-03   0.273744E-04   0.974423E-03   0.191531E+03
   0.106367E+03   0.939332E+01   0.325119E+02   0.158115E+02   0.356090E+02   0.454556E-03   0.226576E-03   0.273744E-04   0.974423E-03   0.193189E+03
   0.106316E+03   0.939332E+01   0.325119E+02   0.167704E+02   0.356090E+02   0.454556E-03   0.226576E-03   0.273744E-04   0.974423E-03   0.193297E+03
   0.106316E+03   0.939332E+01   0.322002E+02   0.177752E+02   0.356090E+02   0.201400E-03   0.226576E-03   0.273744E-04   0.974423E-03   0.193925E+03
   0.106316E+03   0.113625E+02   0.338865E+02   0.177752E+02   0.356090E+02   0.201400E-03   0.226576E-03   0.273744E-04   0.974423E-03   0.193430E+03
   0.106316E+03   0.113625E+02   0.338865E+02   0.194693E+02   0.274565E+02   0.201400E-03   0.226576E-03   0.273744E-04   0.974423E-03   0.192100E+03
   0.106316E+03   0.113625E+02   0.338865E+02   0.218919E+02   0.367202E+02   0.201400E-03   0.226576E-03   0.273744E-04   0.162456E-02   0.192003E+03
   0.106316E+03   0.163810E+02   0.338865E+02   0.211342E+02   0.349047E+02   0.201400E-03   0.226576E-03   0.273744E-04   0.162456E-02   0.189621E+03
   0.106316E+03   0.163810E+02   0.319114E+02   0.211342E+02   0.349047E+02   0.201400E-03   0.226576E-03   0.149531E-04   0.162456E-02   0.189999E+03
   0.106316E+03   0.160892E+02   0.294063E+02   0.211342E+02   0.318536E+02   0.104872E-03   0.226576E-03   0.269040E-03   0.162456E-02   0.190104E+03
   0.106316E+03   0.822081E+01   0.229004E+02   0.249611E+02   0.318536E+02   0.224173E-03   0.226576E-03   0.269040E-03   0.162456E-02   0.189191E+03
   0.106316E+03   0.822081E+01   0.295055E+02   0.232366E+02   0.320797E+02   0.292811E-03   0.226576E-03   0.269040E-03   0.162456E-02   0.189983E+03
   0.106316E+03   0.126755E+02   0.326536E+02   0.282270E+02   0.320797E+02   0.292811E-03   0.281293E-03   0.269040E-03   0.162456E-02   0.190340E+03
   0.107218E+03   0.126755E+02   0.305277E+02   0.247130E+02   0.318784E+02   0.292811E-03   0.281293E-03   0.887177E-04   0.162456E-02   0.190892E+03
   0.107218E+03   0.126755E+02   0.322173E+02   0.246055E+02   0.453591E+02   0.292811E-03   0.281293E-03   0.887177E-04   0.162456E-02   0.192258E+03
   0.107218E+03   0.103774E+02   0.278521E+02   0.246055E+02   0.453591E+02   0.292811E-03   0.281293E-03   0.887177E-04   0.162456E-02   0.191064E+03
   0.107218E+03   0.103774E+02   0.278521E+02   0.246055E+02   0.453591E+02   0.292811E-03   0.240526E-03   0.887177E-04   0.162456E-02   0.191178E+03
   0.107571E+03   0.103774E+02   0.297228E+02   0.181840E+02   0.447099E+02   0.292811E-03   0.240526E-03   0.172635E-03   0.147407E-02   0.191321E+03
   0.107571E+03   0.103774E+02   0.327598E+02   0.146423E+02   0.347004E+02   0.292811E-03   0.240526E-03   0.172635E-03   0.147407E-02   0.189397E+03
   0.107587E+03   0.103774E+02   0.391206E+02   0.173979E+02   0.347004E+02   0.417603E-03   0.240526E-03   0.172635E-03   0.147407E-02   0.190097E+03
   0.107587E+03   0.103774E+02   0.314941E+02   0.199128E+02   0.358462E+02   0.417603E-03   0.240526E-03   0.172635E-03   0.775702E-03   0.189794E+03
   0.107587E+03   0.103774E+02   0.314909E+02   0.199128E+02   0.359062E+02   0.701512E-03   0.240526E-03   0.172635E-03   0.775702E-03   0.189079E+03
   0.107587E+03   0.103774E+02   0.336537E+02   0.225113E+02   0.430561E+02   0.182853E-03   0.240526E-03   0.172635E-03   0.103069E-02   0.193028E+03
   0.107587E+03   0.103774E+02   0.336537E+02   0.170180E+02   0.430561E+02   0.182853E-03   0.240526E-03   0.172635E-03   0.103069E-02   0.192888E+03
   0.107587E+03   0.103774E+02   0.328540E+02   0.158844E+02   0.480441E+02   0.182853E-03   0.240526E-03   0.172635E-03   0.103069E-02   0.192625E+03
   0.107587E+03   0.111423E+02   0.364192E+02   0.209294E+02   0.478128E+02   0.182853E-03   0.240526E-03   0.172635E-03   0.103069E-02   0.193191E+03
   0.107587E+03   0.856340E+01   0.305699E+02   0.209294E+02   0.478128E+02   0.182853E-03   0.240526E-03   0.172635E-03   0.103069E-02   0.191859E+03
   0.107587E+03   0.856340E+01   0.305699E+02   0.212251E+02   0.478128E+02   0.182853E-03   0.240526E-03   0.141138E-03   0.103069E-02   0.191886E+03
   0.107587E+03   0.119503E+02   0.305699E+02   0.212251E+02   0.571369E+02   0.182853E-03   0.916695E-04   0.141138E-03   0.127357E-02   0.189654E+03
   0.108597E+03   0.119503E+02   0.293036E+02   0.212251E+02   0.603360E+02   0.182853E-03   0.916695E-04   0.141138E-03   0.127357E-02   0.188467E+03
   0.108597E+03   0.119503E+02   0.360479E+02   0.212251E+02   0.587695E+02   0.182853E-03   0.916695E-04   0.141138E-03   0.127357E-02   0.191093E+03
   0.111099E+03   0.119503E+02   0.498472E+02   0.189294E+02   0.587695E+02   0.141636E-03   0.916695E-04   0.141138E-03   0.127357E-02   0.191524E+03
   0.111099E+03   0.119503E+02   0.529584E+02   0.189294E+02   0.580216E+02   0.141636E-03   0.916695E-04   0.141138E-03   0.127357E-02   0.191063E+03
   0.111099E+03   0.119503E+02   0.542193E+02   0.217967E+02   0.580216E+02   0.141636E-03   0.320802E-04   0.141138E-03   0.151660E-02   0.189572E+03
   0.112220E+03   0.163582E+02   0.542193E+02   0.301890E+02   0.580216E+02   0.177481E-03   0.320802E-04   0.141138E-03   0.151660E-02   0.190517E+03
   0.112220E+03   0.163582E+02   0.542193E+02   0.238472E+02   0.668155E+02   0.177481E-03   0.320802E-04   0.141138E-03   0.145778E-02   0.190776E+03
   0.112220E+03   0.163582E+02   0.542193E+02   0.238472E+02   0.668155E+02   0.462831E-03   0.281545E-03   0.141138E-03   0.857273E-03   0.190690E+03
   0.112220E+03   0.174807E+02   0.555502E+02   0.238472E+02   0.668155E+02   0.462831E-03   0.281545E-03   0.485038E-04   0.857273E-03   0.190260E+03
   0.112220E+03   0.163138E+02   0.539091E+02   0.236529E+02   0.668155E+02   0.462831E-03   0.281545E-03   0.485038E-04   0.857273E-03   0.190712E+03
   0.112220E+03   0.151655E+02   0.577846E+02   0.193899E+02   0.618029E+02   0.839728E-04   0.281545E-03   0.103769E-03   0.112343E-02   0.189991E+03
   0.112633E+03   0.151655E+02   0.577846E+02   0.174107E+02   0.618029E+02   0.839728E-04   0.281545E-03   0.103769E-03   0.804085E-03   0.188170E+03
   0.112633E+03   0.126392E+02   0.531481E+02   0.174107E+02   0.677777E+02   0.839728E-04   0.281545E-03   0.103769E-03   0.804085E-03   0.189222E+03
   0.112633E+03   0.126392E+02   0.515803E+02   0.276197E+02   0.661828E+02   0.839728E-04   0.281545E-03   0.506233E-03   0.804085E-03   0.186781E+03
   0.111032E+03   0.159850E+02   0.459791E+02   0.276197E+02   0.653327E+02   0.839728E-04   0.281545E-03   0.529633E-03   0.804085E-03   0.189762E+03
   0.111032E+03   0.159850E+02   0.459791E+02   0.271205E+02   0.667046E+02   0.839728E-04   0.281545E-03   0.529633E-03   0.804085E-03   0.189547E+03
   0.111032E+03   0.159850E+02   0.459791E+02   0.271205E+02   0.623322E+02   0.839728E-04   0.281545E-03   0.615712E-03   0.117974E-02   0.189587E+03
   0.111032E+03   0.184929E+02   0.468263E+02   0.276047E+02   0.521726E+02   0.839728E-04   0.281545E-03   0.219636E-03   0.117974E-02   0.190438E+03
   0.111032E+03   0.145387E+02   0.476711E+02   0.276047E+02   0.503043E+02   0.839728E-04   0.281545E-03   0.219636E-03   0.117974E-02   0.189997E+03
   0.111032E+03   0.145387E+02   0.478688E+02   0.276047E+02   0.503043E+02   0.839728E-04   0.281545E-03   0.358951E-03   0.117974E-02   0.189422E+03
   0.110466E+03   0.145387E+02   0.478688E+02   0.226449E+02   0.568723E+02   0.839728E-04   0.348529E-03   0.358951E-03   0.165574E-02   0.189946E+03
   0.110466E+03   0.145387E+02   0.478688E+02   0.260550E+02   0.602626E+02   0.839728E-04   0.338434E-03   0.141130E-03   0.165574E-02   0.190716E+03
   0.110510E+03   0.145387E+02   0.473722E+02   0.286576E+02   0.614040E+02   0.839728E-04   0.338434E-03   0.141130E-03   0.885586E-03   0.191583E+03
   0.110510E+03   0.145387E+02   0.455810E+02   0.218066E+02   0.614040E+02   0.839728E-04   0.338434E-03   0.141130E-03   0.885586E-03   0.191564E+03
   0.110510E+03   0.111317E+02   0.455810E+02   0.164732E+02   0.543002E+02   0.216290E-03   0.338434E-03   0.270277E-03   0.885586E-03   0.189602E+03
   0.110510E+03   0.956606E+01   0.455810E+02   0.164732E+02   0.543002E+02   0.216290E-03   0.338434E-03   0.270277E-03   0.885586E-03   0.189545E+03
   0.110510E+03   0.956606E+01   0.513955E+02   0.164732E+02   0.646177E+02   0.216290E-03   0.338434E-03   0.270277E-03   0.942879E-03   0.189402E+03
   0.110489E+03   0.956606E+01   0.513955E+02   0.171312E+02   0.598234E+02   0.216290E-03   0.338434E-03   0.439087E-03   0.942879E-03   0.189137E+03
   0.110489E+03   0.107289E+02   0.410351E+02   0.259552E+02   0.603376E+02   0.275441E-03   0.338434E-03   0.439087E-03   0.942879E-03   0.187826E+03
   0.110489E+03   0.181260E+02   0.554590E+02   0.259552E+02   0.603376E+02   0.275441E-03   0.338434E-03   0.439087E-03   0.942879E-03   0.187455E+03
   0.110489E+03   0.181260E+02   0.492002E+02   0.259552E+02   0.652511E+02   0.275441E-03   0.333134E-03   0.439087E-03   0.942879E-03   0.188872E+03
   0.110489E+03   0.181260E+02   0.482559E+02   0.259552E+02   0.652511E+02   0.275441E-03   0.333134E-03   0.439087E-03   0.112924E-02   0.188738E+03
   0.110489E+03   0.181260E+02   0.483986E+02   0.259552E+02   0.610379E+02   0.275441E-03   0.181952E-03   0.439087E-03   0.112924E-02   0.190203E+03
   0.110489E+03   0.170642E+02   0.449631E+02   0.265207E+02   0.541581E+02   0.275441E-03   0.181952E-03   0.439087E-03   0.112924E-02   0.190985E+03
   0.110489E+03   0.170642E+02   0.449631E+02   0.235100E+02   0.588540E+02   0.275441E-03   0.286678E-03   0.439087E-03   0.112924E-02   0.189976E+03
   0.110695E+03   0.138806E+02   0.502095E+02   0.235100E+02   0.601592E+02   0.275441E-03   0.238502E-03   0.439087E-03   0.112924E-02   0.190194E+03
   0.110695E+03   0.138806E+02   0.470483E+02   0.187016E+02   0.582398E+02   0.275441E-03   0.238502E-03   0.439087E-03   0.112924E-02   0.189939E+03
   0.110695E+03   0.104628E+02   0.470483E+02   0.164365E+02   0.536609E+02   0.319354E-03   0.238502E-03   0.439087E-03   0.112924E-02   0.189035E+03
   0.110695E+03   0.104628E+02   0.423564E+02   0.146763E+02   0.602070E+02   0.813858E-04   0.238502E-03   0.439087E-03   0.969392E-03   0.188573E+03
   0.111522E+03   0.104628E+02   0.529198E+02   0.146763E+02   0.719533E+02   0.813858E-04   0.238502E-03   0.439087E-03   0.969392E-03   0.187983E+03
   0.112559E+03   0.807430E+01   0.442906E+02   0.146763E+02   0.719533E+02   0.813858E-04   0.238502E-03   0.540515E-03   0.969392E-03   0.184904E+03
   0.112559E+03   0.807430E+01   0.442906E+02   0.594423E+01   0.677938E+02   0.143117E-02   0.284822E-03   0.540515E-03   0.969392E-03   0.178461E+03
   0.109967E+03   0.807430E+01   0.378571E+02   0.127977E+02   0.677938E+02   0.143117E-02   0.284822E-03   0.540515E-03   0.969392E-03   0.183358E+03
   0.109967E+03   0.807430E+01   0.404786E+02   0.152981E+02   0.679879E+02   0.143117E-02   0.284822E-03   0.540515E-03   0.969392E-03   0.183576E+03
   0.109967E+03   0.807430E+01   0.376510E+02   0.134620E+02   0.637185E+02   0.143117E-02   0.284822E-03   0.540515E-03   0.969392E-03   0.184054E+03
   0.109967E+03   0.807430E+01   0.376510E+02   0.168778E+02   0.642233E+02   0.139568E-02   0.284822E-03   0.540515E-03   0.969392E-03   0.184055E+03
   0.109967E+03   0.928279E+01   0.395978E+02   0.168778E+02   0.521660E+02   0.139568E-02   0.284822E-03   0.540515E-03   0.143446E-02   0.184264E+03
   0.109967E+03   0.928279E+01   0.410758E+02   0.173641E+02   0.561269E+02   0.139568E-02   0.284822E-03   0.540515E-03   0.935117E-03   0.185225E+03
   0.109967E+03   0.111195E+02   0.410758E+02   0.204157E+02   0.582830E+02   0.376453E-03   0.284822E-03   0.540515E-03   0.935117E-03   0.189206E+03
   0.109967E+03   0.127773E+02   0.430764E+02   0.269760E+02   0.582830E+02   0.376453E-03   0.284822E-03   0.540515E-03   0.960870E-03   0.188957E+03
   0.109967E+03   0.127773E+02   0.398128E+02   0.269760E+02   0.536912E+02   0.376453E-03   0.284822E-03   0.540515E-03   0.960870E-03   0.188647E+03
   0.108070E+03   0.127773E+02   0.405057E+02   0.160356E+02   0.499520E+02   0.376453E-03   0.284822E-03   0.540515E-03   0.960870E-03   0.189476E+03
   0.108070E+03   0.120373E+02   0.367090E+02   0.160356E+02   0.506194E+02   0.376453E-03   0.284822E-03   0.354890E-03   0.960870E-03   0.190907E+03
   0.108070E+03   0.122191E+02   0.366104E+02   0.160356E+02   0.506194E+02   0.301131E-03   0.284822E-03   0.354890E-03   0.960870E-03   0.190980E+03
   0.108344E+03   0.117179E+02   0.411475E+02   0.152995E+02   0.475728E+02   0.301131E-03   0.284822E-03   0.354890E-03   0.960870E-03   0.190979E+03
   0.107787E+03   0.762284E+01   0.354223E+02   0.188130E+02   0.475728E+02   0.301131E-03   0.284822E-03   0.354890E-03   0.960870E-03   0.190680E+03
   0.107787E+03   0.866585E+01   0.354223E+02   0.149335E+02   0.475728E+02   0.301131E-03   0.304535E-03   0.226541E-03   0.960870E-03   0.192274E+03
   0.107787E+03   0.866585E+01   0.397919E+02   0.174428E+02   0.475728E+02   0.301131E-03   0.304535E-03   0.226541E-03   0.960870E-03   0.191624E+03
   0.107787E+03   0.866585E+01   0.429574E+02   0.122594E+02   0.447497E+02   0.301131E-03   0.304535E-03   0.226541E-03   0.960870E-03   0.190408E+03
   0.107787E+03   0.866585E+01   0.429574E+02   0.126993E+02   0.488495E+02   0.301131E-03   0.304535E-03   0.718180E-04   0.960870E-03   0.190642E+03
   0.108682E+03   0.866585E+01   0.364678E+02   0.119322E+02   0.498509E+02   0.301131E-03   0.304535E-03   0.718180E-04   0.960870E-03   0.190515E+03
   0.107146E+03   0.796270E+01   0.330781E+02   0.167810E+02   0.490073E+02   0.301131E-03   0.304535E-03   0.718180E-04   0.960870E-03   0.192547E+03
   0.107455E+03   0.127952E+02   0.330781E+02   0.166876E+02   0.438627E+02   0.301131E-03   0.304535E-03   0.718180E-04   0.960870E-03   0.191425E+03
   0.107455E+03   0.127952E+02   0.351986E+02   0.166876E+02   0.438627E+02   0.301131E-03   0.304535E-03   0.718180E-04   0.967717E-03   0.191925E+03
   0.108182E+03   0.127952E+02   0.351986E+02   0.221209E+02   0.438627E+02   0.301131E-03   0.304535E-03   0.718180E-04   0.967717E-03   0.192501E+03
   0.108255E+03   0.127952E+02   0.351986E+02   0.221209E+02   0.438627E+02   0.593713E-04   0.179596E-03   0.718180E-04   0.967717E-03   0.193065E+03
   0.108255E+03   0.127952E+02   0.450768E+02   0.176886E+02   0.394478E+02   0.593713E-04   0.179596E-03   0.718180E-04   0.967717E-03   0.190191E+03
   0.108255E+03   0.127952E+02   0.450768E+02   0.148260E+02   0.399065E+02   0.593713E-04   0.179596E-03   0.718180E-04   0.814821E-03   0.189043E+03
   0.108255E+03   0.127952E+02   0.450768E+02   0.143409E+02   0.386071E+02   0.593713E-04   0.179596E-03   0.718180E-04   0.814821E-03   0.188418E+03
   0.108255E+03   0.127952E+02   0.450768E+02   0.215577E+02   0.386071E+02   0.593713E-04   0.179596E-03   0.718180E-04   0.901835E-03   0.190552E+03
   0.108255E+03   0.128411E+02   0.407010E+02   0.193247E+02   0.386071E+02   0.593713E-04   0.179596E-03   0.718180E-04   0.901835E-03   0.191927E+03
   0.108255E+03   0.128411E+02   0.422698E+02   0.187908E+02   0.563148E+02   0.593713E-04   0.179596E-03   0.718180E-04   0.901835E-03   0.190475E+03
   0.108255E+03   0.128411E+02   0.422698E+02   0.187908E+02   0.355890E+02   0.593713E-04   0.179596E-03   0.718180E-04   0.901835E-03   0.190522E+03
   0.108255E+03   0.113392E+02   0.396484E+02   0.228566E+02   0.513087E+02   0.292089E-03   0.179596E-03   0.718180E-04   0.901835E-03   0.192648E+03
   0.108255E+03   0.126633E+02   0.403846E+02   0.228566E+02   0.479037E+02   0.292089E-03   0.179596E-03   0.718180E-04   0.937852E-03   0.193405E+03
   0.108255E+03   0.126633E+02   0.349242E+02   0.228566E+02   0.479037E+02   0.957200E-03   0.179596E-03   0.718180E-04   0.649330E-03   0.189896E+03
   0.108255E+03   0.137753E+02   0.358666E+02   0.228566E+02   0.474881E+02   0.957200E-03   0.179596E-03   0.151520E-03   0.649330E-03   0.189920E+03
   0.108255E+03   0.166958E+02   0.360446E+02   0.320408E+02   0.477945E+02   0.957200E-03   0.179227E-03   0.151520E-03   0.649330E-03   0.190606E+03
   0.108255E+03   0.183933E+02   0.400084E+02   0.298316E+02   0.477945E+02   0.957200E-03   0.179227E-03   0.151520E-03   0.649330E-03   0.190462E+03
   0.108255E+03   0.183933E+02   0.400084E+02   0.333321E+02   0.440852E+02   0.957200E-03   0.179227E-03   0.151520E-03   0.252616E-02   0.186923E+03
   0.108255E+03   0.160617E+02   0.308987E+02   0.284418E+02   0.440852E+02   0.957200E-03   0.179227E-03   0.151520E-03   0.252616E-02   0.186499E+03
   0.108255E+03   0.134114E+02   0.342152E+02   0.284418E+02   0.403317E+02   0.957200E-03   0.266269E-03   0.208971E-03   0.185064E-02   0.188390E+03
   0.108255E+03   0.148295E+02   0.342152E+02   0.283901E+02   0.411646E+02   0.957200E-03   0.266269E-03   0.208971E-03   0.214941E-02   0.188005E+03
   0.107026E+03   0.148295E+02   0.267320E+02   0.283901E+02   0.365557E+02   0.957200E-03   0.166468E-05   0.784638E-04   0.214941E-02   0.188707E+03
   0.108377E+03   0.148295E+02   0.351589E+02   0.283901E+02   0.525375E+02   0.957200E-03   0.166468E-05   0.784638E-04   0.159074E-02   0.189648E+03
   0.108481E+03   0.148295E+02   0.358090E+02   0.348018E+02   0.389609E+02   0.957200E-03   0.166468E-05   0.784638E-04   0.142382E-02   0.189279E+03
   0.108481E+03   0.193032E+02   0.358090E+02   0.317476E+02   0.389609E+02   0.957200E-03   0.166468E-05   0.784638E-04   0.142382E-02   0.190142E+03
   0.108481E+03   0.196514E+02   0.417545E+02   0.317476E+02   0.438899E+02   0.957200E-03   0.166468E-05   0.784638E-04   0.142382E-02   0.190087E+03
   0.107863E+03   0.196514E+02   0.306880E+02   0.276672E+02   0.438899E+02   0.122383E-02   0.166468E-05   0.784638E-04   0.142382E-02   0.185693E+03
   0.107312E+03   0.137497E+02   0.307031E+02   0.276672E+02   0.354328E+02   0.122383E-02   0.166468E-05   0.784638E-04   0.182852E-02   0.188996E+03
   0.107312E+03   0.134768E+02   0.352239E+02   0.276672E+02   0.487543E+02   0.122383E-02   0.166468E-05   0.784638E-04   0.182852E-02   0.186694E+03
   0.107312E+03   0.148553E+02   0.313161E+02   0.264666E+02   0.346925E+02   0.122383E-02   0.166468E-05   0.784638E-04   0.182852E-02   0.188851E+03
   0.107312E+03   0.148553E+02   0.309219E+02   0.314554E+02   0.434119E+02   0.132176E-02   0.383039E-04   0.784638E-04   0.182852E-02   0.188207E+03
   0.107626E+03   0.148553E+02   0.309219E+02   0.314554E+02   0.434119E+02   0.462361E-03   0.383039E-04   0.784638E-04   0.811369E-03   0.192940E+03
   0.107626E+03   0.148553E+02   0.309219E+02   0.338786E+02   0.434119E+02   0.662444E-03   0.383039E-04   0.784638E-04   0.811369E-03   0.191644E+03
   0.107626E+03   0.174419E+02   0.302635E+02   0.288331E+02   0.434119E+02   0.662444E-03   0.109592E-03   0.784638E-04   0.811369E-03   0.191162E+03
   0.107626E+03   0.174419E+02   0.302635E+02   0.372179E+02   0.387868E+02   0.662444E-03   0.109592E-03   0.784638E-04   0.811369E-03   0.191958E+03
   0.106163E+03   0.174419E+02   0.302635E+02   0.354511E+02   0.383392E+02   0.220438E-03   0.109592E-03   0.784638E-04   0.811369E-03   0.192486E+03
   0.106163E+03   0.158468E+02   0.299559E+02   0.354511E+02   0.286367E+02   0.387822E-04   0.762086E-03   0.784638E-04   0.811369E-03   0.190936E+03
   0.106163E+03   0.173585E+02   0.299559E+02   0.354511E+02   0.458762E+02   0.387822E-04   0.302975E-03   0.784638E-04   0.811369E-03   0.189410E+03
   0.106163E+03   0.193628E+02   0.226479E+02   0.356253E+02   0.458762E+02   0.127145E-03   0.302975E-03   0.784638E-04   0.811369E-03   0.187266E+03
   0.105895E+03   0.193628E+02   0.278102E+02   0.301678E+02   0.363757E+02   0.127145E-03   0.283688E-04   0.784638E-04   0.811369E-03   0.191858E+03
   0.105895E+03   0.117441E+02   0.207820E+02   0.301678E+02   0.328087E+02   0.127145E-03   0.283688E-04   0.784638E-04   0.719752E-03   0.191692E+03
   0.105895E+03   0.126951E+02   0.279070E+02   0.239894E+02   0.426197E+02   0.127145E-03   0.283688E-04   0.784638E-04   0.719752E-03   0.193522E+03
   0.105895E+03   0.126951E+02   0.256833E+02   0.239894E+02   0.364341E+02   0.127145E-03   0.283688E-04   0.184287E-03   0.719752E-03   0.194138E+03
   0.106288E+03   0.126951E+02   0.256833E+02   0.295516E+02   0.364341E+02   0.127145E-03   0.283688E-04   0.184287E-03   0.719752E-03   0.193050E+03
   0.106288E+03   0.126951E+02   0.264311E+02   0.295516E+02   0.364341E+02   0.308056E-03   0.132894E-03   0.184287E-03   0.719752E-03   0.192793E+03
   0.106288E+03   0.126951E+02   0.264311E+02   0.295516E+02   0.351907E+02   0.308056E-03   0.132894E-03   0.245334E-04   0.719752E-03   0.193180E+03
   0.106288E+03   0.142902E+02   0.264311E+02   0.295516E+02   0.355706E+02   0.308056E-03   0.132894E-03   0.245334E-04   0.719752E-03   0.193731E+03
   0.106288E+03   0.169982E+02   0.264311E+02   0.371065E+02   0.319890E+02   0.308056E-03   0.132894E-03   0.245334E-04   0.719752E-03   0.192922E+03
   0.106288E+03   0.169982E+02   0.357252E+02   0.286102E+02   0.370246E+02   0.308056E-03   0.132894E-03   0.245334E-04   0.719752E-03   0.191953E+03
   0.106288E+03   0.169982E+02   0.357252E+02   0.286102E+02   0.330297E+02   0.468871E-03   0.132894E-03   0.245334E-04   0.719752E-03   0.191637E+03
   0.106288E+03   0.169982E+02   0.357252E+02   0.265901E+02   0.386025E+02   0.468871E-03   0.132894E-03   0.245334E-04   0.719752E-03   0.191242E+03
   0.106288E+03   0.169982E+02   0.357252E+02   0.265901E+02   0.386025E+02   0.468871E-03   0.393960E-03   0.245334E-04   0.377344E-03   0.189128E+03
   0.105830E+03   0.164305E+02   0.259834E+02   0.384146E+02   0.386025E+02   0.468871E-03   0.393960E-03   0.245334E-04   0.377344E-03   0.187167E+03
   0.105830E+03   0.164305E+02   0.259834E+02   0.311318E+02   0.386025E+02   0.468871E-03   0.393960E-03   0.268671E-03   0.377344E-03   0.188189E+03
   0.105830E+03   0.164305E+02   0.335537E+02   0.258542E+02   0.344205E+02   0.389742E-03   0.393960E-03   0.268671E-03   0.377344E-03   0.188965E+03
   0.105156E+03   0.164305E+02   0.321900E+02   0.258542E+02   0.344205E+02   0.389742E-03   0.393960E-03   0.268671E-03   0.377344E-03   0.188452E+03
   0.105589E+03   0.164305E+02   0.362403E+02   0.258542E+02   0.439672E+02   0.348050E-03   0.393960E-03   0.268671E-03   0.116502E-02   0.185213E+03
