"covariate"
55753.4246575342
55460.2739726027
55167.1232876712
54873.9726027397
54580.8219178082
54287.6712328767
53994.5205479452
53701.3698630137
53408.2191780822
53115.0684931507
52821.9178082192
52528.7671232877
52235.6164383562
51942.4657534247
51649.3150684932
51356.1643835616
51063.0136986301
50769.8630136986
50476.7123287671
50183.5616438356
49890.4109589041
49597.2602739726
49304.1095890411
49010.9589041096
48717.8082191781
48424.6575342466
48131.5068493151
47838.3561643836
47545.2054794521
47252.0547945205
46958.904109589
46665.7534246575
46372.602739726
46079.4520547945
45786.301369863
45493.1506849315
45200
44906.8493150685
44613.698630137
44320.5479452055
44027.397260274
43734.2465753425
43441.095890411
43147.9452054795
42854.7945205479
42561.6438356164
42268.4931506849
41975.3424657534
41682.1917808219
41389.0410958904
41095.8904109589
40802.7397260274
40509.5890410959
40216.4383561644
39923.2876712329
39630.1369863014
39336.9863013699
39043.8356164384
38750.6849315069
38457.5342465753
38164.3835616438
37871.2328767123
37578.0821917808
37284.9315068493
36991.7808219178
36698.6301369863
36405.4794520548
36112.3287671233
35819.1780821918
35526.0273972603
35232.8767123288
34939.7260273973
34646.5753424658
34350.9615384615
34052.8846153846
33754.8076923077
33456.7307692308
33158.6538461538
32860.5769230769
32562.5
32264.4230769231
31966.3461538462
31668.2692307692
31370.1923076923
31072.1153846154
30774.0384615385
30475.9615384615
30177.8846153846
29879.8076923077
29581.7307692308
29283.6538461538
28985.5769230769
28687.5
28389.4230769231
28091.3461538462
27793.2692307692
27495.1923076923
27197.1153846154
26899.0384615385
19233.3939393939
19040.1818181818
18846.9696969697
18653.7575757576
18460.5454545455
18267.3333333333
18074.1212121212
17880.9090909091
17687.696969697
17494.4848484848
17301.2727272727
17108.0606060606
16914.8484848485
16721.6363636364
16528.4242424242
16335.2121212121
16142
15948.7878787879
15755.5757575758
15562.3636363636
15369.1515151515
15175.9393939394
14982.7272727273
14789.5151515152
14596.303030303
14403.0909090909
14209.8787878788
14016.6666666667
13823.4545454545
13630.2424242424
13437.0303030303
13243.8181818182
13050.6060606061
12857.3939393939
12664.1818181818
12470.9696969697
12277.7575757576
12084.5454545455
11891.3333333333
11698.1212121212
11504.9090909091
11311.696969697
11118.4848484848
10925.2727272727
10732.0606060606
10538.8484848485
10345.6363636364
10152.4242424242
9959.21212121212
9766
9572.78787878788
9379.57575757576
9186.36363636364
8993.15151515152
8799.93939393939
8606.72727272727
8413.51515151515
8220.30303030303
8027.09090909091
7833.87878787879
7640.66666666667
7447.45454545455
7254.24242424242
7061.0303030303
6867.81818181818
6674.60606060606
6481.39393939394
6288.18181818182
6094.9696969697
5901.75757575758
5708.54545454545
5515.33333333333
5322.12121212121
5128.90909090909
4935.69696969697
4742.48484848485
4549.27272727273
4356.06060606061
4162.84848484848
3969.63636363636
3776.42424242424
3583.21212121212
3390
3196.78787878788
3003.57575757576
2810.36363636364
2617.15151515152
2423.93939393939
2230.72727272727
2037.51515151515
1844.30303030303
1651.09090909091
1457.87878787879
1264.66666666667
1071.45454545455
878.242424242424
685.030303030303
491.818181818182
298.606060606061
