X1_obs         X2_obs         X3_obs         X4_obs         X1_true        X2_true        X3_true        X4_true        Y1_obs         Y2_obs         Y3_obs         Y4_obs         Y5_obs         Y1_unbiased    Y2_unbiased    Y3_unbiased    Y4_unbiased    Y5_unbiased    Y1_sim         Y2_sim         Y3_sim         Y4_sim         Y5_sim         Y1_res         Y2_res         Y3_res         Y4_res         Y5_res         Y1_stdres      Y2_stdres      Y3_stdres      Y4_stdres      Y5_stdres      
   0.100000E+01   0.200000E+01   0.270000E+05   0.108000E+05   0.100000E+01   0.200000E+01   0.270000E+05   0.108000E+05   0.431455E+01  -0.999900E+04  -0.999900E+04   0.350000E+02   0.250000E+02   0.431455E+01  -0.999900E+04  -0.999900E+04   0.350000E+02   0.250000E+02   0.436768E+01   0.156752E+03   0.489233E+00   0.205171E+02   0.150000E+02  -0.531268E-01  -0.999900E+04  -0.999900E+04   0.144829E+02   0.100000E+02  -0.924257E+00  -0.999900E+04  -0.999900E+04   0.181037E+01   0.125000E+01
   0.100000E+01   0.200000E+01   0.272500E+05   0.108000E+05   0.100000E+01   0.200000E+01   0.272500E+05   0.108000E+05   0.436370E+01  -0.999900E+04  -0.999900E+04   0.350000E+02   0.250000E+02   0.436370E+01  -0.999900E+04  -0.999900E+04   0.350000E+02   0.250000E+02   0.439138E+01   0.156752E+03   0.498538E+00   0.207523E+02   0.150000E+02  -0.276809E-01  -0.999900E+04  -0.999900E+04   0.142477E+02   0.100000E+02  -0.481570E+00  -0.999900E+04  -0.999900E+04   0.178097E+01   0.125000E+01
   0.100000E+01   0.200000E+01   0.275000E+05   0.108000E+05   0.100000E+01   0.200000E+01   0.275000E+05   0.108000E+05   0.433750E+01  -0.999900E+04  -0.999900E+04   0.350000E+02   0.250000E+02   0.433750E+01  -0.999900E+04  -0.999900E+04   0.350000E+02   0.250000E+02   0.441600E+01   0.156752E+03   0.508091E+00   0.209877E+02   0.150000E+02  -0.785034E-01  -0.999900E+04  -0.999900E+04   0.140123E+02   0.100000E+02  -0.136574E+01  -0.999900E+04  -0.999900E+04   0.175154E+01   0.125000E+01
   0.100000E+01   0.200000E+01   0.277500E+05   0.108000E+05   0.100000E+01   0.200000E+01   0.277500E+05   0.108000E+05   0.442789E+01  -0.999900E+04  -0.999900E+04   0.350000E+02   0.250000E+02   0.442789E+01  -0.999900E+04  -0.999900E+04   0.350000E+02   0.250000E+02   0.444158E+01   0.156752E+03   0.517893E+00   0.212232E+02   0.150000E+02  -0.136890E-01  -0.999900E+04  -0.999900E+04   0.137768E+02   0.100000E+02  -0.238150E+00  -0.999900E+04  -0.999900E+04   0.172209E+01   0.125000E+01
   0.100000E+01   0.200000E+01   0.280000E+05   0.108000E+05   0.100000E+01   0.200000E+01   0.280000E+05   0.108000E+05   0.438663E+01  -0.999900E+04  -0.999900E+04   0.350000E+02   0.250000E+02   0.438663E+01  -0.999900E+04  -0.999900E+04   0.350000E+02   0.250000E+02   0.446818E+01   0.156752E+03   0.527944E+00   0.214590E+02   0.150000E+02  -0.815486E-01  -0.999900E+04  -0.999900E+04   0.135410E+02   0.100000E+02  -0.141872E+01  -0.999900E+04  -0.999900E+04   0.169262E+01   0.125000E+01
   0.100000E+01   0.200000E+01   0.282500E+05   0.108000E+05   0.100000E+01   0.200000E+01   0.282500E+05   0.108000E+05   0.440362E+01  -0.999900E+04  -0.999900E+04   0.350000E+02   0.250000E+02   0.440362E+01  -0.999900E+04  -0.999900E+04   0.350000E+02   0.250000E+02   0.449586E+01   0.156751E+03   0.538229E+00   0.216950E+02   0.150000E+02  -0.922383E-01  -0.999900E+04  -0.999900E+04   0.133050E+02   0.100000E+02  -0.160469E+01  -0.999900E+04  -0.999900E+04   0.166313E+01   0.125000E+01
   0.100000E+01   0.200000E+01   0.285000E+05   0.108000E+05   0.100000E+01   0.200000E+01   0.285000E+05   0.108000E+05   0.446997E+01  -0.999900E+04  -0.999900E+04   0.350000E+02   0.250000E+02   0.446997E+01  -0.999900E+04  -0.999900E+04   0.350000E+02   0.250000E+02   0.452501E+01   0.156751E+03   0.548725E+00   0.216950E+02   0.150000E+02  -0.550447E-01  -0.999900E+04  -0.999900E+04   0.133050E+02   0.100000E+02  -0.957624E+00  -0.999900E+04  -0.999900E+04   0.166313E+01   0.125000E+01
   0.100000E+01   0.200000E+01   0.287500E+05   0.108000E+05   0.100000E+01   0.200000E+01   0.287500E+05   0.108000E+05   0.452327E+01  -0.999900E+04  -0.999900E+04   0.350000E+02   0.250000E+02   0.452327E+01  -0.999900E+04  -0.999900E+04   0.350000E+02   0.250000E+02   0.455569E+01   0.156751E+03   0.559410E+00   0.219311E+02   0.150000E+02  -0.324160E-01  -0.999900E+04  -0.999900E+04   0.130689E+02   0.100000E+02  -0.563948E+00  -0.999900E+04  -0.999900E+04   0.163361E+01   0.125000E+01
   0.100000E+01   0.200000E+01   0.290000E+05   0.108000E+05   0.100000E+01   0.200000E+01   0.290000E+05   0.108000E+05   0.453446E+01  -0.999900E+04  -0.999900E+04   0.350000E+02   0.250000E+02   0.453446E+01  -0.999900E+04  -0.999900E+04   0.350000E+02   0.250000E+02   0.458762E+01   0.156751E+03   0.570323E+00   0.221675E+02   0.150000E+02  -0.531595E-01  -0.999900E+04  -0.999900E+04   0.128325E+02   0.100000E+02  -0.924828E+00  -0.999900E+04  -0.999900E+04   0.160406E+01   0.125000E+01
   0.100000E+01   0.200000E+01   0.292500E+05   0.108000E+05   0.100000E+01   0.200000E+01   0.292500E+05   0.108000E+05   0.455054E+01  -0.999900E+04  -0.999900E+04   0.350000E+02   0.250000E+02   0.455054E+01  -0.999900E+04  -0.999900E+04   0.350000E+02   0.250000E+02   0.462089E+01   0.156751E+03   0.581454E+00   0.224040E+02   0.150000E+02  -0.703484E-01  -0.999900E+04  -0.999900E+04   0.125960E+02   0.100000E+02  -0.122387E+01  -0.999900E+04  -0.999900E+04   0.157450E+01   0.125000E+01
   0.100000E+01   0.200000E+01   0.295000E+05   0.108000E+05   0.100000E+01   0.200000E+01   0.295000E+05   0.108000E+05   0.463598E+01  -0.999900E+04  -0.999900E+04   0.350000E+02   0.250000E+02   0.463598E+01  -0.999900E+04  -0.999900E+04   0.350000E+02   0.250000E+02   0.465556E+01   0.156750E+03   0.592792E+00   0.226408E+02   0.150000E+02  -0.195800E-01  -0.999900E+04  -0.999900E+04   0.123592E+02   0.100000E+02  -0.340637E+00  -0.999900E+04  -0.999900E+04   0.154490E+01   0.125000E+01
   0.100000E+01   0.200000E+01   0.297500E+05   0.108000E+05   0.100000E+01   0.200000E+01   0.297500E+05   0.108000E+05   0.470631E+01  -0.999900E+04  -0.999900E+04   0.350000E+02   0.250000E+02   0.470631E+01  -0.999900E+04  -0.999900E+04   0.350000E+02   0.250000E+02   0.469168E+01   0.156750E+03   0.604327E+00   0.228777E+02   0.150000E+02   0.146299E-01  -0.999900E+04  -0.999900E+04   0.121223E+02   0.100000E+02   0.254519E+00  -0.999900E+04  -0.999900E+04   0.151529E+01   0.125000E+01
   0.100000E+01   0.200000E+01   0.300000E+05   0.108000E+05   0.100000E+01   0.200000E+01   0.300000E+05   0.108000E+05   0.463878E+01  -0.999900E+04  -0.999900E+04   0.350000E+02   0.250000E+02   0.463878E+01  -0.999900E+04  -0.999900E+04   0.350000E+02   0.250000E+02   0.472972E+01   0.156750E+03   0.615970E+00   0.228777E+02   0.150000E+02  -0.909388E-01  -0.999900E+04  -0.999900E+04   0.121223E+02   0.100000E+02  -0.158208E+01  -0.999900E+04  -0.999900E+04   0.151529E+01   0.125000E+01
   0.100000E+01   0.200000E+01   0.302500E+05   0.108000E+05   0.100000E+01   0.200000E+01   0.302500E+05   0.108000E+05   0.476891E+01  -0.999900E+04  -0.999900E+04   0.350000E+02   0.250000E+02   0.476891E+01  -0.999900E+04  -0.999900E+04   0.350000E+02   0.250000E+02   0.476977E+01   0.156750E+03   0.627692E+00   0.231148E+02   0.150000E+02  -0.862259E-03  -0.999900E+04  -0.999900E+04   0.118852E+02   0.100000E+02  -0.150009E-01  -0.999900E+04  -0.999900E+04   0.148565E+01   0.125000E+01
   0.100000E+01   0.200000E+01   0.305000E+05   0.108000E+05   0.100000E+01   0.200000E+01   0.305000E+05   0.108000E+05   0.476714E+01  -0.999900E+04  -0.999900E+04   0.350000E+02   0.250000E+02   0.476714E+01  -0.999900E+04  -0.999900E+04   0.350000E+02   0.250000E+02   0.481147E+01   0.156750E+03   0.639544E+00   0.233521E+02   0.150000E+02  -0.443379E-01  -0.999900E+04  -0.999900E+04   0.116479E+02   0.100000E+02  -0.771356E+00  -0.999900E+04  -0.999900E+04   0.145599E+01   0.125000E+01
   0.100000E+01   0.200000E+01   0.307500E+05   0.108000E+05   0.100000E+01   0.200000E+01   0.307500E+05   0.108000E+05   0.485316E+01  -0.999900E+04  -0.999900E+04   0.350000E+02   0.250000E+02   0.485316E+01  -0.999900E+04  -0.999900E+04   0.350000E+02   0.250000E+02   0.485487E+01   0.156749E+03   0.651487E+00   0.235896E+02   0.150000E+02  -0.170475E-02  -0.999900E+04  -0.999900E+04   0.114104E+02   0.100000E+02  -0.296580E-01  -0.999900E+04  -0.999900E+04   0.142630E+01   0.125000E+01
   0.100000E+01   0.200000E+01   0.310000E+05   0.108000E+05   0.100000E+01   0.200000E+01   0.310000E+05   0.108000E+05   0.483539E+01  -0.999900E+04  -0.999900E+04   0.350000E+02   0.250000E+02   0.483539E+01  -0.999900E+04  -0.999900E+04   0.350000E+02   0.250000E+02   0.490000E+01   0.156749E+03   0.663539E+00   0.238273E+02   0.150000E+02  -0.646091E-01  -0.999900E+04  -0.999900E+04   0.111727E+02   0.100000E+02  -0.112402E+01  -0.999900E+04  -0.999900E+04   0.139659E+01   0.125000E+01
   0.100000E+01   0.200000E+01   0.312500E+05   0.108000E+05   0.100000E+01   0.200000E+01   0.312500E+05   0.108000E+05   0.492964E+01  -0.999900E+04  -0.999900E+04   0.350000E+02   0.250000E+02   0.492964E+01  -0.999900E+04  -0.999900E+04   0.350000E+02   0.250000E+02   0.494692E+01   0.156749E+03   0.675653E+00   0.240652E+02   0.150000E+02  -0.172861E-01  -0.999900E+04  -0.999900E+04   0.109348E+02   0.100000E+02  -0.300730E+00  -0.999900E+04  -0.999900E+04   0.136686E+01   0.125000E+01
   0.100000E+01   0.200000E+01   0.315000E+05   0.108000E+05   0.100000E+01   0.200000E+01   0.315000E+05   0.108000E+05   0.497015E+01  -0.999900E+04  -0.999900E+04   0.350000E+02   0.250000E+02   0.497015E+01  -0.999900E+04  -0.999900E+04   0.350000E+02   0.250000E+02   0.499618E+01   0.156749E+03   0.687688E+00   0.240652E+02   0.150000E+02  -0.260307E-01  -0.999900E+04  -0.999900E+04   0.109348E+02   0.100000E+02  -0.452862E+00  -0.999900E+04  -0.999900E+04   0.136686E+01   0.125000E+01
   0.100000E+01   0.200000E+01   0.317500E+05   0.108000E+05   0.100000E+01   0.200000E+01   0.317500E+05   0.108000E+05   0.504265E+01  -0.999900E+04  -0.999900E+04   0.350000E+02   0.250000E+02   0.504265E+01  -0.999900E+04  -0.999900E+04   0.350000E+02   0.250000E+02   0.504782E+01   0.156748E+03   0.699600E+00   0.243032E+02   0.150000E+02  -0.517178E-02  -0.999900E+04  -0.999900E+04   0.106968E+02   0.100000E+02  -0.899745E-01  -0.999900E+04  -0.999900E+04   0.133710E+01   0.125000E+01
   0.100000E+01   0.200000E+01   0.320000E+05   0.108000E+05   0.100000E+01   0.200000E+01   0.320000E+05   0.108000E+05   0.509157E+01  -0.999900E+04  -0.999900E+04   0.350000E+02   0.250000E+02   0.509157E+01  -0.999900E+04  -0.999900E+04   0.350000E+02   0.250000E+02   0.510136E+01   0.156748E+03   0.711471E+00   0.245415E+02   0.150000E+02  -0.978765E-02  -0.999900E+04  -0.999900E+04   0.104585E+02   0.100000E+02  -0.170278E+00  -0.999900E+04  -0.999900E+04   0.130732E+01   0.125000E+01
   0.100000E+01   0.200000E+01   0.322500E+05   0.108000E+05   0.100000E+01   0.200000E+01   0.322500E+05   0.108000E+05   0.519411E+01  -0.999900E+04  -0.999900E+04   0.350000E+02   0.250000E+02   0.519411E+01  -0.999900E+04  -0.999900E+04   0.350000E+02   0.250000E+02   0.515679E+01   0.156748E+03   0.723279E+00   0.247799E+02   0.150000E+02   0.373253E-01  -0.999900E+04  -0.999900E+04   0.102201E+02   0.100000E+02   0.649357E+00  -0.999900E+04  -0.999900E+04   0.127751E+01   0.125000E+01
   0.100000E+01   0.200000E+01   0.325000E+05   0.108000E+05   0.100000E+01   0.200000E+01   0.325000E+05   0.108000E+05   0.528438E+01  -0.999900E+04  -0.999900E+04   0.350000E+02   0.250000E+02   0.528438E+01  -0.999900E+04  -0.999900E+04   0.350000E+02   0.250000E+02   0.521412E+01   0.156748E+03   0.734993E+00   0.250186E+02   0.150000E+02   0.702625E-01  -0.999900E+04  -0.999900E+04   0.998144E+01   0.100000E+02   0.122237E+01  -0.999900E+04  -0.999900E+04   0.124768E+01   0.125000E+01
   0.100000E+01   0.200000E+01   0.327500E+05   0.108000E+05   0.100000E+01   0.200000E+01   0.327500E+05   0.108000E+05   0.531336E+01  -0.999900E+04  -0.999900E+04   0.350000E+02   0.250000E+02   0.531336E+01  -0.999900E+04  -0.999900E+04   0.350000E+02   0.250000E+02   0.527334E+01   0.156747E+03   0.746585E+00   0.252574E+02   0.150000E+02   0.400256E-01  -0.999900E+04  -0.999900E+04   0.974261E+01   0.100000E+02   0.696335E+00  -0.999900E+04  -0.999900E+04   0.121783E+01   0.125000E+01
   0.100000E+01   0.200000E+01   0.330000E+05   0.108000E+05   0.100000E+01   0.200000E+01   0.330000E+05   0.108000E+05   0.539431E+01  -0.999900E+04  -0.999900E+04   0.350000E+02   0.250000E+02   0.539431E+01  -0.999900E+04  -0.999900E+04   0.350000E+02   0.250000E+02   0.533504E+01   0.156747E+03   0.757866E+00   0.252574E+02   0.150000E+02   0.592733E-01  -0.999900E+04  -0.999900E+04   0.974261E+01   0.100000E+02   0.103119E+01  -0.999900E+04  -0.999900E+04   0.121783E+01   0.125000E+01
   0.100000E+01   0.200000E+01   0.332500E+05   0.108000E+05   0.100000E+01   0.200000E+01   0.332500E+05   0.108000E+05   0.544897E+01  -0.999900E+04  -0.999900E+04   0.350000E+02   0.250000E+02   0.544897E+01  -0.999900E+04  -0.999900E+04   0.350000E+02   0.250000E+02   0.539918E+01   0.156747E+03   0.768774E+00   0.254964E+02   0.150000E+02   0.497912E-01  -0.999900E+04  -0.999900E+04   0.950359E+01   0.100000E+02   0.866228E+00  -0.999900E+04  -0.999900E+04   0.118795E+01   0.125000E+01
   0.100000E+01   0.200000E+01   0.335000E+05   0.108000E+05   0.100000E+01   0.200000E+01   0.335000E+05   0.108000E+05   0.558074E+01  -0.999900E+04  -0.999900E+04   0.350000E+02   0.250000E+02   0.558074E+01  -0.999900E+04  -0.999900E+04   0.350000E+02   0.250000E+02   0.546508E+01   0.156747E+03   0.779515E+00   0.257356E+02   0.150000E+02   0.115655E+00  -0.999900E+04  -0.999900E+04   0.926438E+01   0.100000E+02   0.201208E+01  -0.999900E+04  -0.999900E+04   0.115805E+01   0.125000E+01
   0.100000E+01   0.200000E+01   0.337500E+05   0.108000E+05   0.100000E+01   0.200000E+01   0.337500E+05   0.108000E+05   0.565118E+01  -0.999900E+04  -0.999900E+04   0.350000E+02   0.250000E+02   0.565118E+01  -0.999900E+04  -0.999900E+04   0.350000E+02   0.250000E+02   0.553272E+01   0.156747E+03   0.790040E+00   0.259750E+02   0.150000E+02   0.118455E+00  -0.999900E+04  -0.999900E+04   0.902498E+01   0.100000E+02   0.206078E+01  -0.999900E+04  -0.999900E+04   0.112812E+01   0.125000E+01
   0.100000E+01   0.200000E+01   0.340000E+05   0.108000E+05   0.100000E+01   0.200000E+01   0.340000E+05   0.108000E+05   0.568140E+01  -0.999900E+04  -0.999900E+04   0.350000E+02   0.250000E+02   0.568140E+01  -0.999900E+04  -0.999900E+04   0.350000E+02   0.250000E+02   0.560209E+01   0.156746E+03   0.800325E+00   0.262146E+02   0.150000E+02   0.793115E-01  -0.999900E+04  -0.999900E+04   0.878538E+01   0.100000E+02   0.137980E+01  -0.999900E+04  -0.999900E+04   0.109817E+01   0.125000E+01
   0.100000E+01   0.200000E+01   0.342500E+05   0.108000E+05   0.100000E+01   0.200000E+01   0.342500E+05   0.108000E+05   0.584284E+01  -0.999900E+04  -0.999900E+04   0.350000E+02   0.250000E+02   0.584284E+01  -0.999900E+04  -0.999900E+04   0.350000E+02   0.250000E+02   0.567311E+01   0.156746E+03   0.810357E+00   0.264544E+02   0.150000E+02   0.169731E+00  -0.999900E+04  -0.999900E+04   0.854560E+01   0.100000E+02   0.295284E+01  -0.999900E+04  -0.999900E+04   0.106820E+01   0.125000E+01
   0.100000E+01   0.100000E+01   0.347518E+05   0.108000E+05   0.100000E+01   0.100000E+01   0.347518E+05   0.108000E+05   0.589751E+01  -0.999900E+04  -0.999900E+04   0.350000E+02   0.250000E+02   0.589751E+01  -0.999900E+04  -0.999900E+04   0.350000E+02   0.250000E+02   0.581753E+01   0.152326E+03   0.807223E+00   0.266924E+02   0.150000E+02   0.799837E-01  -0.999900E+04  -0.999900E+04   0.830761E+01   0.100000E+02   0.139149E+01  -0.999900E+04  -0.999900E+04   0.103845E+01   0.125000E+01
   0.100000E+01   0.100000E+01   0.350035E+05   0.108000E+05   0.100000E+01   0.100000E+01   0.350035E+05   0.108000E+05   0.594917E+01  -0.999900E+04  -0.999900E+04   0.350000E+02   0.250000E+02   0.594917E+01  -0.999900E+04  -0.999900E+04   0.350000E+02   0.250000E+02   0.589105E+01   0.152326E+03   0.817139E+00   0.269286E+02   0.150000E+02   0.581157E-01  -0.999900E+04  -0.999900E+04   0.807141E+01   0.100000E+02   0.101105E+01  -0.999900E+04  -0.999900E+04   0.100893E+01   0.125000E+01
   0.100000E+01   0.100000E+01   0.352553E+05   0.108000E+05   0.100000E+01   0.100000E+01   0.352553E+05   0.108000E+05   0.601845E+01  -0.999900E+04  -0.999900E+04   0.350000E+02   0.250000E+02   0.601845E+01  -0.999900E+04  -0.999900E+04   0.350000E+02   0.250000E+02   0.596620E+01   0.152326E+03   0.826753E+00   0.271650E+02   0.150000E+02   0.522574E-01  -0.999900E+04  -0.999900E+04   0.783504E+01   0.100000E+02   0.909133E+00  -0.999900E+04  -0.999900E+04   0.979380E+00   0.125000E+01
   0.100000E+01   0.100000E+01   0.355071E+05   0.108000E+05   0.100000E+01   0.100000E+01   0.355071E+05   0.108000E+05   0.609220E+01  -0.999900E+04  -0.999900E+04   0.350000E+02   0.250000E+02   0.609220E+01  -0.999900E+04  -0.999900E+04   0.350000E+02   0.250000E+02   0.604288E+01   0.152326E+03   0.836064E+00   0.274015E+02   0.150000E+02   0.493142E-01  -0.999900E+04  -0.999900E+04   0.759847E+01   0.100000E+02   0.857930E+00  -0.999900E+04  -0.999900E+04   0.949809E+00   0.125000E+01
   0.100000E+01   0.100000E+01   0.357588E+05   0.108000E+05   0.100000E+01   0.100000E+01   0.357588E+05   0.108000E+05   0.611649E+01  -0.999900E+04  -0.999900E+04   0.350000E+02   0.250000E+02   0.611649E+01  -0.999900E+04  -0.999900E+04   0.350000E+02   0.250000E+02   0.612101E+01   0.152325E+03   0.845116E+00   0.276383E+02   0.150000E+02  -0.451802E-02  -0.999900E+04  -0.999900E+04   0.736173E+01   0.100000E+02  -0.786009E-01  -0.999900E+04  -0.999900E+04   0.920216E+00   0.125000E+01
   0.100000E+01   0.100000E+01   0.360106E+05   0.108000E+05   0.100000E+01   0.100000E+01   0.360106E+05   0.108000E+05   0.618840E+01  -0.999900E+04  -0.999900E+04   0.350000E+02   0.250000E+02   0.618840E+01  -0.999900E+04  -0.999900E+04   0.350000E+02   0.250000E+02   0.620050E+01   0.152325E+03   0.853840E+00   0.278752E+02   0.150000E+02  -0.121028E-01  -0.999900E+04  -0.999900E+04   0.712479E+01   0.100000E+02  -0.210556E+00  -0.999900E+04  -0.999900E+04   0.890599E+00   0.125000E+01
   0.100000E+01   0.100000E+01   0.362624E+05   0.108000E+05   0.100000E+01   0.100000E+01   0.362624E+05   0.108000E+05   0.624915E+01  -0.999900E+04  -0.999900E+04   0.350000E+02   0.250000E+02   0.624915E+01  -0.999900E+04  -0.999900E+04   0.350000E+02   0.250000E+02   0.628128E+01   0.152325E+03   0.862269E+00   0.281123E+02   0.150000E+02  -0.321347E-01  -0.999900E+04  -0.999900E+04   0.688768E+01   0.100000E+02  -0.559054E+00  -0.999900E+04  -0.999900E+04   0.860960E+00   0.125000E+01
   0.100000E+01   0.100000E+01   0.365141E+05   0.108000E+05   0.100000E+01   0.100000E+01   0.365141E+05   0.108000E+05   0.635194E+01  -0.999900E+04  -0.999900E+04   0.350000E+02   0.250000E+02   0.635194E+01  -0.999900E+04  -0.999900E+04   0.350000E+02   0.250000E+02   0.636398E+01   0.152325E+03   0.870153E+00   0.281123E+02   0.150000E+02  -0.120392E-01  -0.999900E+04  -0.999900E+04   0.688768E+01   0.100000E+02  -0.209449E+00  -0.999900E+04  -0.999900E+04   0.860960E+00   0.125000E+01
   0.100000E+01   0.100000E+01   0.367659E+05   0.108000E+05   0.100000E+01   0.100000E+01   0.367659E+05   0.108000E+05   0.644995E+01  -0.999900E+04  -0.999900E+04   0.350000E+02   0.250000E+02   0.644995E+01  -0.999900E+04  -0.999900E+04   0.350000E+02   0.250000E+02   0.644840E+01   0.152325E+03   0.877528E+00   0.283496E+02   0.150000E+02   0.155012E-02  -0.999900E+04  -0.999900E+04   0.665038E+01   0.100000E+02   0.269678E-01  -0.999900E+04  -0.999900E+04   0.831297E+00   0.125000E+01
   0.100000E+01   0.100000E+01   0.370176E+05   0.108000E+05   0.100000E+01   0.100000E+01   0.370176E+05   0.108000E+05   0.643952E+01  -0.999900E+04  -0.999900E+04   0.350000E+02   0.250000E+02   0.643952E+01  -0.999900E+04  -0.999900E+04   0.350000E+02   0.250000E+02   0.653369E+01   0.152325E+03   0.884692E+00   0.285871E+02   0.150000E+02  -0.941651E-01  -0.999900E+04  -0.999900E+04   0.641289E+01   0.100000E+02  -0.163821E+01  -0.999900E+04  -0.999900E+04   0.801611E+00   0.125000E+01
   0.100000E+01   0.100000E+01   0.372694E+05   0.108000E+05   0.100000E+01   0.100000E+01   0.372694E+05   0.108000E+05   0.659070E+01  -0.999900E+04  -0.999900E+04   0.350000E+02   0.250000E+02   0.659070E+01  -0.999900E+04  -0.999900E+04   0.350000E+02   0.250000E+02   0.661982E+01   0.152325E+03   0.891645E+00   0.288248E+02   0.150000E+02  -0.291182E-01  -0.999900E+04  -0.999900E+04   0.617522E+01   0.100000E+02  -0.506576E+00  -0.999900E+04  -0.999900E+04   0.771902E+00   0.125000E+01
   0.100000E+01   0.100000E+01   0.375212E+05   0.108000E+05   0.100000E+01   0.100000E+01   0.375212E+05   0.108000E+05   0.667623E+01  -0.999900E+04  -0.999900E+04   0.350000E+02   0.250000E+02   0.667623E+01  -0.999900E+04  -0.999900E+04   0.350000E+02   0.250000E+02   0.670672E+01   0.152325E+03   0.898400E+00   0.290626E+02   0.150000E+02  -0.304925E-01  -0.999900E+04  -0.999900E+04   0.593736E+01   0.100000E+02  -0.530485E+00  -0.999900E+04  -0.999900E+04   0.742170E+00   0.125000E+01
   0.100000E+01   0.100000E+01   0.377729E+05   0.108000E+05   0.100000E+01   0.100000E+01   0.377729E+05   0.108000E+05   0.671148E+01  -0.999900E+04  -0.999900E+04   0.350000E+02   0.250000E+02   0.671148E+01  -0.999900E+04  -0.999900E+04   0.350000E+02   0.250000E+02   0.679431E+01   0.152325E+03   0.905021E+00   0.293007E+02   0.150000E+02  -0.828317E-01  -0.999900E+04  -0.999900E+04   0.569932E+01   0.100000E+02  -0.144104E+01  -0.999900E+04  -0.999900E+04   0.712415E+00   0.125000E+01
   0.100000E+01   0.100000E+01   0.380247E+05   0.108000E+05   0.100000E+01   0.100000E+01   0.380247E+05   0.108000E+05   0.681352E+01  -0.999900E+04  -0.999900E+04   0.350000E+02   0.250000E+02   0.681352E+01  -0.999900E+04  -0.999900E+04   0.350000E+02   0.250000E+02   0.688254E+01   0.152325E+03   0.911436E+00   0.295389E+02   0.150000E+02  -0.690210E-01  -0.999900E+04  -0.999900E+04   0.546110E+01   0.100000E+02  -0.120077E+01  -0.999900E+04  -0.999900E+04   0.682637E+00   0.125000E+01
   0.100000E+01   0.100000E+01   0.382765E+05   0.108000E+05   0.100000E+01   0.100000E+01   0.382765E+05   0.108000E+05   0.683543E+01  -0.999900E+04  -0.999900E+04   0.350000E+02   0.250000E+02   0.683543E+01  -0.999900E+04  -0.999900E+04   0.350000E+02   0.250000E+02   0.697207E+01   0.152324E+03   0.917406E+00   0.295389E+02   0.150000E+02  -0.136638E+00  -0.999900E+04  -0.999900E+04   0.546110E+01   0.100000E+02  -0.237713E+01  -0.999900E+04  -0.999900E+04   0.682637E+00   0.125000E+01
   0.100000E+01   0.100000E+01   0.385282E+05   0.108000E+05   0.100000E+01   0.100000E+01   0.385282E+05   0.108000E+05   0.698057E+01  -0.999900E+04  -0.999900E+04   0.350000E+02   0.250000E+02   0.698057E+01  -0.999900E+04  -0.999900E+04   0.350000E+02   0.250000E+02   0.706275E+01   0.152324E+03   0.922969E+00   0.297773E+02   0.150000E+02  -0.821734E-01  -0.999900E+04  -0.999900E+04   0.522269E+01   0.100000E+02  -0.142959E+01  -0.999900E+04  -0.999900E+04   0.652836E+00   0.125000E+01
   0.100000E+01   0.100000E+01   0.387800E+05   0.108000E+05   0.100000E+01   0.100000E+01   0.387800E+05   0.108000E+05   0.704712E+01  -0.999900E+04  -0.999900E+04   0.350000E+02   0.250000E+02   0.704712E+01  -0.999900E+04  -0.999900E+04   0.350000E+02   0.250000E+02   0.715374E+01   0.152324E+03   0.928466E+00   0.300159E+02   0.150000E+02  -0.106617E+00  -0.999900E+04  -0.999900E+04   0.498410E+01   0.100000E+02  -0.185484E+01  -0.999900E+04  -0.999900E+04   0.623012E+00   0.125000E+01
   0.100000E+01   0.100000E+01   0.390318E+05   0.108000E+05   0.100000E+01   0.100000E+01   0.390318E+05   0.108000E+05   0.715017E+01  -0.999900E+04  -0.999900E+04   0.350000E+02   0.250000E+02   0.715017E+01  -0.999900E+04  -0.999900E+04   0.350000E+02   0.250000E+02   0.724506E+01   0.152324E+03   0.933888E+00   0.302547E+02   0.150000E+02  -0.948938E-01  -0.999900E+04  -0.999900E+04   0.474532E+01   0.100000E+02  -0.165089E+01  -0.999900E+04  -0.999900E+04   0.593165E+00   0.125000E+01
   0.100000E+01   0.100000E+01   0.392835E+05   0.108000E+05   0.100000E+01   0.100000E+01   0.392835E+05   0.108000E+05   0.726318E+01  -0.999900E+04  -0.999900E+04   0.350000E+02   0.250000E+02   0.726318E+01  -0.999900E+04  -0.999900E+04   0.350000E+02   0.250000E+02   0.733669E+01   0.152324E+03   0.939242E+00   0.304936E+02   0.150000E+02  -0.735114E-01  -0.999900E+04  -0.999900E+04   0.450635E+01   0.100000E+02  -0.127889E+01  -0.999900E+04  -0.999900E+04   0.563294E+00   0.125000E+01
   0.100000E+01   0.100000E+01   0.395353E+05   0.108000E+05   0.100000E+01   0.100000E+01   0.395353E+05   0.108000E+05   0.737158E+01  -0.999900E+04  -0.999900E+04   0.350000E+02   0.250000E+02   0.737158E+01  -0.999900E+04  -0.999900E+04   0.350000E+02   0.250000E+02   0.742857E+01   0.152324E+03   0.944544E+00   0.307328E+02   0.150000E+02  -0.569940E-01  -0.999900E+04  -0.999900E+04   0.426721E+01   0.100000E+02  -0.991537E+00  -0.999900E+04  -0.999900E+04   0.533401E+00   0.125000E+01
   0.100000E+01   0.100000E+01   0.397871E+05   0.108000E+05   0.100000E+01   0.100000E+01   0.397871E+05   0.108000E+05   0.744209E+01  -0.999900E+04  -0.999900E+04   0.350000E+02   0.250000E+02   0.744209E+01  -0.999900E+04  -0.999900E+04   0.350000E+02   0.250000E+02   0.752070E+01   0.152324E+03   0.949799E+00   0.309721E+02   0.150000E+02  -0.786057E-01  -0.999900E+04  -0.999900E+04   0.402787E+01   0.100000E+02  -0.136752E+01  -0.999900E+04  -0.999900E+04   0.503484E+00   0.125000E+01
   0.100000E+01   0.100000E+01   0.400388E+05   0.108000E+05   0.100000E+01   0.100000E+01   0.400388E+05   0.108000E+05   0.760769E+01  -0.999900E+04  -0.999900E+04   0.350000E+02   0.250000E+02   0.760769E+01  -0.999900E+04  -0.999900E+04   0.350000E+02   0.250000E+02   0.761376E+01   0.152324E+03   0.954737E+00   0.309721E+02   0.150000E+02  -0.606254E-02  -0.999900E+04  -0.999900E+04   0.402787E+01   0.100000E+02  -0.105471E+00  -0.999900E+04  -0.999900E+04   0.503484E+00   0.125000E+01
   0.100000E+01   0.100000E+01   0.402906E+05   0.108000E+05   0.100000E+01   0.100000E+01   0.402906E+05   0.108000E+05   0.765578E+01  -0.999900E+04  -0.999900E+04   0.350000E+02   0.250000E+02   0.765578E+01  -0.999900E+04  -0.999900E+04   0.350000E+02   0.250000E+02   0.770765E+01   0.152324E+03   0.959302E+00   0.312116E+02   0.150000E+02  -0.518671E-01  -0.999900E+04  -0.999900E+04   0.378836E+01   0.100000E+02  -0.902344E+00  -0.999900E+04  -0.999900E+04   0.473545E+00   0.125000E+01
   0.100000E+01   0.100000E+01   0.405424E+05   0.108000E+05   0.100000E+01   0.100000E+01   0.405424E+05   0.108000E+05   0.773604E+01  -0.999900E+04  -0.999900E+04   0.350000E+02   0.250000E+02   0.773604E+01  -0.999900E+04  -0.999900E+04   0.350000E+02   0.250000E+02   0.780156E+01   0.152324E+03   0.963906E+00   0.314513E+02   0.150000E+02  -0.655116E-01  -0.999900E+04  -0.999900E+04   0.354866E+01   0.100000E+02  -0.113972E+01  -0.999900E+04  -0.999900E+04   0.443582E+00   0.125000E+01
   0.100000E+01   0.100000E+01   0.407941E+05   0.108000E+05   0.100000E+01   0.100000E+01   0.407941E+05   0.108000E+05   0.785280E+01  -0.999900E+04  -0.999900E+04   0.350000E+02   0.250000E+02   0.785280E+01  -0.999900E+04  -0.999900E+04   0.350000E+02   0.250000E+02   0.789549E+01   0.152324E+03   0.968540E+00   0.316912E+02   0.150000E+02  -0.426921E-01  -0.999900E+04  -0.999900E+04   0.330877E+01   0.100000E+02  -0.742723E+00  -0.999900E+04  -0.999900E+04   0.413596E+00   0.125000E+01
   0.100000E+01   0.100000E+01   0.410459E+05   0.108000E+05   0.100000E+01   0.100000E+01   0.410459E+05   0.108000E+05   0.794043E+01  -0.999900E+04  -0.999900E+04   0.350000E+02   0.250000E+02   0.794043E+01  -0.999900E+04  -0.999900E+04   0.350000E+02   0.250000E+02   0.798947E+01   0.152324E+03   0.973198E+00   0.319313E+02   0.150000E+02  -0.490394E-01  -0.999900E+04  -0.999900E+04   0.306870E+01   0.100000E+02  -0.853148E+00  -0.999900E+04  -0.999900E+04   0.383587E+00   0.125000E+01
   0.100000E+01   0.100000E+01   0.412976E+05   0.108000E+05   0.100000E+01   0.100000E+01   0.412976E+05   0.108000E+05   0.801722E+01  -0.999900E+04  -0.999900E+04   0.350000E+02   0.250000E+02   0.801722E+01  -0.999900E+04  -0.999900E+04   0.350000E+02   0.250000E+02   0.808351E+01   0.152324E+03   0.977876E+00   0.321716E+02   0.150000E+02  -0.662827E-01  -0.999900E+04  -0.999900E+04   0.282844E+01   0.100000E+02  -0.115313E+01  -0.999900E+04  -0.999900E+04   0.353555E+00   0.125000E+01
   0.100000E+01   0.100000E+01   0.415494E+05   0.108000E+05   0.100000E+01   0.100000E+01   0.415494E+05   0.108000E+05   0.815914E+01  -0.999900E+04  -0.999900E+04   0.350000E+02   0.250000E+02   0.815914E+01  -0.999900E+04  -0.999900E+04   0.350000E+02   0.250000E+02   0.817760E+01   0.152324E+03   0.982569E+00   0.324120E+02   0.150000E+02  -0.184685E-01  -0.999900E+04  -0.999900E+04   0.258800E+01   0.100000E+02  -0.321300E+00  -0.999900E+04  -0.999900E+04   0.323500E+00   0.125000E+01
   0.100000E+01   0.100000E+01   0.418012E+05   0.108000E+05   0.100000E+01   0.100000E+01   0.418012E+05   0.108000E+05   0.827260E+01  -0.999900E+04  -0.999900E+04   0.350000E+02   0.250000E+02   0.827260E+01  -0.999900E+04  -0.999900E+04   0.350000E+02   0.250000E+02   0.827246E+01   0.152324E+03   0.986944E+00   0.324120E+02   0.150000E+02   0.139926E-03  -0.999900E+04  -0.999900E+04   0.258800E+01   0.100000E+02   0.243432E-02  -0.999900E+04  -0.999900E+04   0.323500E+00   0.125000E+01
   0.100000E+01   0.100000E+01   0.420529E+05   0.108000E+05   0.100000E+01   0.100000E+01   0.420529E+05   0.108000E+05   0.836102E+01  -0.999900E+04  -0.999900E+04   0.350000E+02   0.250000E+02   0.836102E+01  -0.999900E+04  -0.999900E+04   0.350000E+02   0.250000E+02   0.836797E+01   0.152324E+03   0.991086E+00   0.326526E+02   0.150000E+02  -0.695228E-02  -0.999900E+04  -0.999900E+04   0.234738E+01   0.100000E+02  -0.120950E+00  -0.999900E+04  -0.999900E+04   0.293422E+00   0.125000E+01
   0.100000E+01   0.100000E+01   0.423047E+05   0.108000E+05   0.100000E+01   0.100000E+01   0.423047E+05   0.108000E+05   0.846356E+01  -0.999900E+04  -0.999900E+04   0.350000E+02   0.250000E+02   0.846356E+01  -0.999900E+04  -0.999900E+04   0.350000E+02   0.250000E+02   0.846339E+01   0.152324E+03   0.995263E+00   0.328934E+02   0.150000E+02   0.172966E-03  -0.999900E+04  -0.999900E+04   0.210657E+01   0.100000E+02   0.300913E-02  -0.999900E+04  -0.999900E+04   0.263321E+00   0.125000E+01
   0.100000E+01   0.100000E+01   0.425565E+05   0.108000E+05   0.100000E+01   0.100000E+01   0.425565E+05   0.108000E+05   0.856121E+01  -0.999900E+04  -0.999900E+04   0.350000E+02   0.250000E+02   0.856121E+01  -0.999900E+04  -0.999900E+04   0.350000E+02   0.250000E+02   0.855872E+01   0.152324E+03   0.999517E+00   0.331344E+02   0.150000E+02   0.249273E-02  -0.999900E+04  -0.999900E+04   0.186557E+01   0.100000E+02   0.433665E-01  -0.999900E+04  -0.999900E+04   0.233197E+00   0.125000E+01
   0.100000E+01   0.100000E+01   0.428082E+05   0.108000E+05   0.100000E+01   0.100000E+01   0.428082E+05   0.108000E+05   0.868165E+01  -0.999900E+04  -0.999900E+04   0.350000E+02   0.250000E+02   0.868165E+01  -0.999900E+04  -0.999900E+04   0.350000E+02   0.250000E+02   0.865397E+01   0.152324E+03   0.100385E+01   0.333756E+02   0.150000E+02   0.276796E-01  -0.999900E+04  -0.999900E+04   0.162439E+01   0.100000E+02   0.481548E+00  -0.999900E+04  -0.999900E+04   0.203049E+00   0.125000E+01
   0.100000E+01   0.100000E+01   0.430600E+05   0.108000E+05   0.100000E+01   0.100000E+01   0.430600E+05   0.108000E+05   0.873166E+01  -0.999900E+04  -0.999900E+04   0.350000E+02   0.250000E+02   0.873166E+01  -0.999900E+04  -0.999900E+04   0.350000E+02   0.250000E+02   0.874916E+01   0.152324E+03   0.100824E+01   0.336170E+02   0.150000E+02  -0.174956E-01  -0.999900E+04  -0.999900E+04   0.138303E+01   0.100000E+02  -0.304375E+00  -0.999900E+04  -0.999900E+04   0.172879E+00   0.125000E+01
   0.100000E+01   0.100000E+01   0.433118E+05   0.108000E+05   0.100000E+01   0.100000E+01   0.433118E+05   0.108000E+05   0.889612E+01  -0.999900E+04  -0.999900E+04   0.350000E+02   0.250000E+02   0.889612E+01  -0.999900E+04  -0.999900E+04   0.350000E+02   0.250000E+02   0.884435E+01   0.152324E+03   0.101268E+01   0.338585E+02   0.150000E+02   0.517711E-01  -0.999900E+04  -0.999900E+04   0.114148E+01   0.100000E+02   0.900672E+00  -0.999900E+04  -0.999900E+04   0.142685E+00   0.125000E+01
   0.100000E+01   0.100000E+01   0.435635E+05   0.108000E+05   0.100000E+01   0.100000E+01   0.435635E+05   0.108000E+05   0.894794E+01  -0.999900E+04  -0.999900E+04   0.350000E+02   0.250000E+02   0.894794E+01  -0.999900E+04  -0.999900E+04   0.350000E+02   0.250000E+02   0.894021E+01   0.152324E+03   0.101681E+01   0.338585E+02   0.150000E+02   0.773009E-02  -0.999900E+04  -0.999900E+04   0.114148E+01   0.100000E+02   0.134482E+00  -0.999900E+04  -0.999900E+04   0.142685E+00   0.125000E+01
   0.100000E+01   0.100000E+01   0.438153E+05   0.108000E+05   0.100000E+01   0.100000E+01   0.438153E+05   0.108000E+05   0.908263E+01  -0.999900E+04  -0.999900E+04   0.350000E+02   0.250000E+02   0.908263E+01  -0.999900E+04  -0.999900E+04   0.350000E+02   0.250000E+02   0.903666E+01   0.152324E+03   0.102068E+01   0.341003E+02   0.150000E+02   0.459706E-01  -0.999900E+04  -0.999900E+04   0.899750E+00   0.100000E+02   0.799760E+00  -0.999900E+04  -0.999900E+04   0.112469E+00   0.125000E+01
   0.100000E+01   0.100000E+01   0.440671E+05   0.108000E+05   0.100000E+01   0.100000E+01   0.440671E+05   0.108000E+05   0.919731E+01  -0.999900E+04  -0.999900E+04   0.350000E+02   0.250000E+02   0.919731E+01  -0.999900E+04  -0.999900E+04   0.350000E+02   0.250000E+02   0.913295E+01   0.152324E+03   0.102466E+01   0.343422E+02   0.150000E+02   0.643584E-01  -0.999900E+04  -0.999900E+04   0.657832E+00   0.100000E+02   0.111966E+01  -0.999900E+04  -0.999900E+04   0.822290E-01   0.125000E+01
   0.100000E+01   0.100000E+01   0.443188E+05   0.108000E+05   0.100000E+01   0.100000E+01   0.443188E+05   0.108000E+05   0.928755E+01  -0.999900E+04  -0.999900E+04   0.350000E+02   0.250000E+02   0.928755E+01  -0.999900E+04  -0.999900E+04   0.350000E+02   0.250000E+02   0.922911E+01   0.152324E+03   0.102878E+01   0.345843E+02   0.150000E+02   0.584369E-01  -0.999900E+04  -0.999900E+04   0.415730E+00   0.100000E+02   0.101664E+01  -0.999900E+04  -0.999900E+04   0.519663E-01   0.125000E+01
   0.100000E+01   0.100000E+01   0.445706E+05   0.108000E+05   0.100000E+01   0.100000E+01   0.445706E+05   0.108000E+05   0.934640E+01  -0.999900E+04  -0.999900E+04   0.350000E+02   0.250000E+02   0.934640E+01  -0.999900E+04  -0.999900E+04   0.350000E+02   0.250000E+02   0.932518E+01   0.152324E+03   0.103294E+01   0.348266E+02   0.150000E+02   0.212181E-01  -0.999900E+04  -0.999900E+04   0.173444E+00   0.100000E+02   0.369136E+00  -0.999900E+04  -0.999900E+04   0.216805E-01   0.125000E+01
   0.100000E+01   0.100000E+01   0.448224E+05   0.108000E+05   0.100000E+01   0.100000E+01   0.448224E+05   0.108000E+05   0.948981E+01  -0.999900E+04  -0.999900E+04   0.350000E+02   0.250000E+02   0.948981E+01  -0.999900E+04  -0.999900E+04   0.350000E+02   0.250000E+02   0.942115E+01   0.152324E+03   0.103718E+01   0.350690E+02   0.150000E+02   0.686552E-01  -0.999900E+04  -0.999900E+04  -0.690277E-01   0.100000E+02   0.119441E+01  -0.999900E+04  -0.999900E+04  -0.862846E-02   0.125000E+01
   0.100000E+01   0.100000E+01   0.450741E+05   0.108000E+05   0.100000E+01   0.100000E+01   0.450741E+05   0.108000E+05   0.960141E+01  -0.999900E+04  -0.999900E+04   0.350000E+02   0.250000E+02   0.960141E+01  -0.999900E+04  -0.999900E+04   0.350000E+02   0.250000E+02   0.951710E+01   0.152324E+03   0.104148E+01   0.353117E+02   0.150000E+02   0.843046E-01  -0.999900E+04  -0.999900E+04  -0.311684E+00   0.100000E+02   0.146666E+01  -0.999900E+04  -0.999900E+04  -0.389605E-01   0.125000E+01
   0.100000E+01   0.100000E+01   0.453259E+05   0.108000E+05   0.100000E+01   0.100000E+01   0.453259E+05   0.108000E+05   0.972164E+01  -0.999900E+04  -0.999900E+04   0.350000E+02   0.250000E+02   0.972164E+01  -0.999900E+04  -0.999900E+04   0.350000E+02   0.250000E+02   0.961368E+01   0.152324E+03   0.104546E+01   0.353117E+02   0.150000E+02   0.107965E+00  -0.999900E+04  -0.999900E+04  -0.311684E+00   0.100000E+02   0.187829E+01  -0.999900E+04  -0.999900E+04  -0.389605E-01   0.125000E+01
   0.100000E+01   0.100000E+01   0.455776E+05   0.108000E+05   0.100000E+01   0.100000E+01   0.455776E+05   0.108000E+05   0.981330E+01  -0.999900E+04  -0.999900E+04   0.350000E+02   0.250000E+02   0.981330E+01  -0.999900E+04  -0.999900E+04   0.350000E+02   0.250000E+02   0.971079E+01   0.152324E+03   0.104919E+01   0.355545E+02   0.150000E+02   0.102513E+00  -0.999900E+04  -0.999900E+04  -0.554524E+00   0.100000E+02   0.178343E+01  -0.999900E+04  -0.999900E+04  -0.693155E-01   0.125000E+01
   0.100000E+01   0.100000E+01   0.458294E+05   0.108000E+05   0.100000E+01   0.100000E+01   0.458294E+05   0.108000E+05   0.991912E+01  -0.999900E+04  -0.999900E+04   0.350000E+02   0.250000E+02   0.991912E+01  -0.999900E+04  -0.999900E+04   0.350000E+02   0.250000E+02   0.980770E+01   0.152324E+03   0.105306E+01   0.357975E+02   0.150000E+02   0.111424E+00  -0.999900E+04  -0.999900E+04  -0.797549E+00   0.100000E+02   0.193847E+01  -0.999900E+04  -0.999900E+04  -0.996937E-01   0.125000E+01
   0.100000E+01   0.100000E+01   0.460812E+05   0.108000E+05   0.100000E+01   0.100000E+01   0.460812E+05   0.108000E+05   0.100372E+02  -0.999900E+04  -0.999900E+04   0.350000E+02   0.250000E+02   0.100372E+02  -0.999900E+04  -0.999900E+04   0.350000E+02   0.250000E+02   0.990444E+01   0.152324E+03   0.105704E+01   0.360408E+02   0.150000E+02   0.132746E+00  -0.999900E+04  -0.999900E+04  -0.104076E+01   0.100000E+02   0.230942E+01  -0.999900E+04  -0.999900E+04  -0.130095E+00   0.125000E+01
   0.100000E+01   0.100000E+01   0.463329E+05   0.108000E+05   0.100000E+01   0.100000E+01   0.463329E+05   0.108000E+05   0.100949E+02  -0.999900E+04  -0.999900E+04   0.350000E+02   0.250000E+02   0.100949E+02  -0.999900E+04  -0.999900E+04   0.350000E+02   0.250000E+02   0.100011E+02   0.152324E+03   0.106116E+01   0.362842E+02   0.150000E+02   0.937709E-01  -0.999900E+04  -0.999900E+04  -0.128415E+01   0.100000E+02   0.163135E+01  -0.999900E+04  -0.999900E+04  -0.160519E+00   0.125000E+01
   0.100000E+01   0.100000E+01   0.465847E+05   0.108000E+05   0.100000E+01   0.100000E+01   0.465847E+05   0.108000E+05   0.102010E+02  -0.999900E+04  -0.999900E+04   0.350000E+02   0.250000E+02   0.102010E+02  -0.999900E+04  -0.999900E+04   0.350000E+02   0.250000E+02   0.100977E+02   0.152324E+03   0.106530E+01   0.365277E+02   0.150000E+02   0.103380E+00  -0.999900E+04  -0.999900E+04  -0.152773E+01   0.100000E+02   0.179853E+01  -0.999900E+04  -0.999900E+04  -0.190967E+00   0.125000E+01
   0.100000E+01   0.100000E+01   0.468365E+05   0.108000E+05   0.100000E+01   0.100000E+01   0.468365E+05   0.108000E+05   0.103203E+02  -0.999900E+04  -0.999900E+04   0.350000E+02   0.250000E+02   0.103203E+02  -0.999900E+04  -0.999900E+04   0.350000E+02   0.250000E+02   0.101942E+02   0.152324E+03   0.106951E+01   0.367715E+02   0.150000E+02   0.126101E+00  -0.999900E+04  -0.999900E+04  -0.177150E+01   0.100000E+02   0.219381E+01  -0.999900E+04  -0.999900E+04  -0.221437E+00   0.125000E+01
   0.100000E+01   0.100000E+01   0.470882E+05   0.108000E+05   0.100000E+01   0.100000E+01   0.470882E+05   0.108000E+05   0.104104E+02  -0.999900E+04  -0.999900E+04   0.350000E+02   0.250000E+02   0.104104E+02  -0.999900E+04  -0.999900E+04   0.350000E+02   0.250000E+02   0.102913E+02   0.152324E+03   0.107342E+01   0.367715E+02   0.150000E+02   0.119095E+00  -0.999900E+04  -0.999900E+04  -0.177150E+01   0.100000E+02   0.207192E+01  -0.999900E+04  -0.999900E+04  -0.221437E+00   0.125000E+01
   0.100000E+01   0.100000E+01   0.473400E+05   0.108000E+05   0.100000E+01   0.100000E+01   0.473400E+05   0.108000E+05   0.104979E+02  -0.999900E+04  -0.999900E+04   0.350000E+02   0.250000E+02   0.104979E+02  -0.999900E+04  -0.999900E+04   0.350000E+02   0.250000E+02   0.103889E+02   0.152324E+03   0.107707E+01   0.370154E+02   0.150000E+02   0.108982E+00  -0.999900E+04  -0.999900E+04  -0.201545E+01   0.100000E+02   0.189598E+01  -0.999900E+04  -0.999900E+04  -0.251931E+00   0.125000E+01
   0.100000E+01   0.100000E+01   0.475918E+05   0.108000E+05   0.100000E+01   0.100000E+01   0.475918E+05   0.108000E+05   0.105064E+02  -0.999900E+04  -0.999900E+04   0.350000E+02   0.250000E+02   0.105064E+02  -0.999900E+04  -0.999900E+04   0.350000E+02   0.250000E+02   0.104863E+02   0.152324E+03   0.108087E+01   0.372596E+02   0.150000E+02   0.201859E-01  -0.999900E+04  -0.999900E+04  -0.225958E+01   0.100000E+02   0.351179E+00  -0.999900E+04  -0.999900E+04  -0.282447E+00   0.125000E+01
   0.100000E+01   0.100000E+01   0.478435E+05   0.108000E+05   0.100000E+01   0.100000E+01   0.478435E+05   0.108000E+05   0.105760E+02  -0.999900E+04  -0.999900E+04   0.350000E+02   0.250000E+02   0.105760E+02  -0.999900E+04  -0.999900E+04   0.350000E+02   0.250000E+02   0.105835E+02   0.152324E+03   0.108477E+01   0.375039E+02   0.150000E+02  -0.749592E-02  -0.999900E+04  -0.999900E+04  -0.250390E+01   0.100000E+02  -0.130408E+00  -0.999900E+04  -0.999900E+04  -0.312987E+00   0.125000E+01
   0.100000E+01   0.100000E+01   0.480953E+05   0.108000E+05   0.100000E+01   0.100000E+01   0.480953E+05   0.108000E+05   0.106913E+02  -0.999900E+04  -0.999900E+04   0.350000E+02   0.250000E+02   0.106913E+02  -0.999900E+04  -0.999900E+04   0.350000E+02   0.250000E+02   0.106806E+02   0.152324E+03   0.108877E+01   0.377484E+02   0.150000E+02   0.106120E-01  -0.999900E+04  -0.999900E+04  -0.274840E+01   0.100000E+02   0.184619E+00  -0.999900E+04  -0.999900E+04  -0.343550E+00   0.125000E+01
   0.100000E+01   0.100000E+01   0.483471E+05   0.108000E+05   0.100000E+01   0.100000E+01   0.483471E+05   0.108000E+05   0.107399E+02  -0.999900E+04  -0.999900E+04   0.350000E+02   0.250000E+02   0.107399E+02  -0.999900E+04  -0.999900E+04   0.350000E+02   0.250000E+02   0.107777E+02   0.152324E+03   0.109286E+01   0.379931E+02   0.150000E+02  -0.378105E-01  -0.999900E+04  -0.999900E+04  -0.299309E+01   0.100000E+02  -0.657798E+00  -0.999900E+04  -0.999900E+04  -0.374136E+00   0.125000E+01
   0.100000E+01   0.100000E+01   0.485988E+05   0.108000E+05   0.100000E+01   0.100000E+01   0.485988E+05   0.108000E+05   0.108262E+02  -0.999900E+04  -0.999900E+04   0.350000E+02   0.250000E+02   0.108262E+02  -0.999900E+04  -0.999900E+04   0.350000E+02   0.250000E+02   0.108747E+02   0.152324E+03   0.109707E+01   0.382380E+02   0.150000E+02  -0.484261E-01  -0.999900E+04  -0.999900E+04  -0.323796E+01   0.100000E+02  -0.842479E+00  -0.999900E+04  -0.999900E+04  -0.404745E+00   0.125000E+01
   0.100000E+01   0.100000E+01   0.488506E+05   0.108000E+05   0.100000E+01   0.100000E+01   0.488506E+05   0.108000E+05   0.109318E+02  -0.999900E+04  -0.999900E+04   0.350000E+02   0.250000E+02   0.109318E+02  -0.999900E+04  -0.999900E+04   0.350000E+02   0.250000E+02   0.109722E+02   0.152324E+03   0.110091E+01   0.382380E+02   0.150000E+02  -0.404338E-01  -0.999900E+04  -0.999900E+04  -0.323796E+01   0.100000E+02  -0.703435E+00  -0.999900E+04  -0.999900E+04  -0.404745E+00   0.125000E+01
   0.100000E+01   0.100000E+01   0.491024E+05   0.108000E+05   0.100000E+01   0.100000E+01   0.491024E+05   0.108000E+05   0.109893E+02  -0.999900E+04  -0.999900E+04   0.350000E+02   0.250000E+02   0.109893E+02  -0.999900E+04  -0.999900E+04   0.350000E+02   0.250000E+02   0.110702E+02   0.152324E+03   0.110449E+01   0.384830E+02   0.150000E+02  -0.809737E-01  -0.999900E+04  -0.999900E+04  -0.348301E+01   0.100000E+02  -0.140872E+01  -0.999900E+04  -0.999900E+04  -0.435377E+00   0.125000E+01
   0.100000E+01   0.100000E+01   0.493541E+05   0.108000E+05   0.100000E+01   0.100000E+01   0.493541E+05   0.108000E+05   0.110771E+02  -0.999900E+04  -0.999900E+04   0.350000E+02   0.250000E+02   0.110771E+02  -0.999900E+04  -0.999900E+04   0.350000E+02   0.250000E+02   0.111681E+02   0.152324E+03   0.110821E+01   0.387283E+02   0.150000E+02  -0.909666E-01  -0.999900E+04  -0.999900E+04  -0.372825E+01   0.100000E+02  -0.158257E+01  -0.999900E+04  -0.999900E+04  -0.466032E+00   0.125000E+01
   0.100000E+01   0.100000E+01   0.496059E+05   0.108000E+05   0.100000E+01   0.100000E+01   0.496059E+05   0.108000E+05   0.111817E+02  -0.999900E+04  -0.999900E+04   0.350000E+02   0.250000E+02   0.111817E+02  -0.999900E+04  -0.999900E+04   0.350000E+02   0.250000E+02   0.112658E+02   0.152324E+03   0.111205E+01   0.389737E+02   0.150000E+02  -0.841040E-01  -0.999900E+04  -0.999900E+04  -0.397368E+01   0.100000E+02  -0.146318E+01  -0.999900E+04  -0.999900E+04  -0.496710E+00   0.125000E+01
   0.100000E+01   0.100000E+01   0.498576E+05   0.108000E+05   0.100000E+01   0.100000E+01   0.498576E+05   0.108000E+05   0.112730E+02  -0.999900E+04  -0.999900E+04   0.350000E+02   0.250000E+02   0.112730E+02  -0.999900E+04  -0.999900E+04   0.350000E+02   0.250000E+02   0.113633E+02   0.152324E+03   0.111600E+01   0.392193E+02   0.150000E+02  -0.902645E-01  -0.999900E+04  -0.999900E+04  -0.421929E+01   0.100000E+02  -0.157035E+01  -0.999900E+04  -0.999900E+04  -0.527411E+00   0.125000E+01
   0.100000E+01   0.100000E+01   0.501094E+05   0.108000E+05   0.100000E+01   0.100000E+01   0.501094E+05   0.108000E+05   0.113621E+02  -0.999900E+04  -0.999900E+04   0.350000E+02   0.250000E+02   0.113621E+02  -0.999900E+04  -0.999900E+04   0.350000E+02   0.250000E+02   0.114608E+02   0.152324E+03   0.112004E+01   0.394651E+02   0.150000E+02  -0.986591E-01  -0.999900E+04  -0.999900E+04  -0.446508E+01   0.100000E+02  -0.171639E+01  -0.999900E+04  -0.999900E+04  -0.558136E+00   0.125000E+01
   0.100000E+01   0.100000E+01   0.503612E+05   0.108000E+05   0.100000E+01   0.100000E+01   0.503612E+05   0.108000E+05   0.114989E+02  -0.999900E+04  -0.999900E+04   0.350000E+02   0.250000E+02   0.114989E+02  -0.999900E+04  -0.999900E+04   0.350000E+02   0.250000E+02   0.115581E+02   0.152324E+03   0.112416E+01   0.397111E+02   0.150000E+02  -0.592052E-01  -0.999900E+04  -0.999900E+04  -0.471106E+01   0.100000E+02  -0.103001E+01  -0.999900E+04  -0.999900E+04  -0.588883E+00   0.125000E+01
   0.100000E+01   0.100000E+01   0.506129E+05   0.108000E+05   0.100000E+01   0.100000E+01   0.506129E+05   0.108000E+05   0.115639E+02  -0.999900E+04  -0.999900E+04   0.350000E+02   0.250000E+02   0.115639E+02  -0.999900E+04  -0.999900E+04   0.350000E+02   0.250000E+02   0.116561E+02   0.152324E+03   0.112800E+01   0.397111E+02   0.150000E+02  -0.921686E-01  -0.999900E+04  -0.999900E+04  -0.471106E+01   0.100000E+02  -0.160348E+01  -0.999900E+04  -0.999900E+04  -0.588883E+00   0.125000E+01
   0.100000E+01   0.100000E+01   0.508647E+05   0.108000E+05   0.100000E+01   0.100000E+01   0.508647E+05   0.108000E+05   0.116775E+02  -0.999900E+04  -0.999900E+04   0.350000E+02   0.250000E+02   0.116775E+02  -0.999900E+04  -0.999900E+04   0.350000E+02   0.250000E+02   0.117545E+02   0.152324E+03   0.113151E+01   0.399572E+02   0.150000E+02  -0.769753E-01  -0.999900E+04  -0.999900E+04  -0.495723E+01   0.100000E+02  -0.133916E+01  -0.999900E+04  -0.999900E+04  -0.619654E+00   0.125000E+01
   0.100000E+01   0.100000E+01   0.511165E+05   0.108000E+05   0.100000E+01   0.100000E+01   0.511165E+05   0.108000E+05   0.117799E+02  -0.999900E+04  -0.999900E+04   0.350000E+02   0.250000E+02   0.117799E+02  -0.999900E+04  -0.999900E+04   0.350000E+02   0.250000E+02   0.118527E+02   0.152324E+03   0.113518E+01   0.402036E+02   0.150000E+02  -0.728246E-01  -0.999900E+04  -0.999900E+04  -0.520358E+01   0.100000E+02  -0.126695E+01  -0.999900E+04  -0.999900E+04  -0.650447E+00   0.125000E+01
   0.100000E+01   0.100000E+01   0.513682E+05   0.108000E+05   0.100000E+01   0.100000E+01   0.513682E+05   0.108000E+05   0.118313E+02  -0.999900E+04  -0.999900E+04   0.350000E+02   0.250000E+02   0.118313E+02  -0.999900E+04  -0.999900E+04   0.350000E+02   0.250000E+02   0.119508E+02   0.152324E+03   0.113897E+01   0.404501E+02   0.150000E+02  -0.119498E+00  -0.999900E+04  -0.999900E+04  -0.545011E+01   0.100000E+02  -0.207894E+01  -0.999900E+04  -0.999900E+04  -0.681264E+00   0.125000E+01
   0.100000E+01   0.100000E+01   0.516200E+05   0.108000E+05   0.100000E+01   0.100000E+01   0.516200E+05   0.108000E+05   0.119882E+02  -0.999900E+04  -0.999900E+04   0.350000E+02   0.250000E+02   0.119882E+02  -0.999900E+04  -0.999900E+04   0.350000E+02   0.250000E+02   0.120487E+02   0.152324E+03   0.114287E+01   0.406968E+02   0.150000E+02  -0.604867E-01  -0.999900E+04  -0.999900E+04  -0.569683E+01   0.100000E+02  -0.105230E+01  -0.999900E+04  -0.999900E+04  -0.712104E+00   0.125000E+01
   0.100000E+01   0.100000E+01   0.518718E+05   0.108000E+05   0.100000E+01   0.100000E+01   0.518718E+05   0.108000E+05   0.121193E+02  -0.999900E+04  -0.999900E+04   0.350000E+02   0.250000E+02   0.121193E+02  -0.999900E+04  -0.999900E+04   0.350000E+02   0.250000E+02   0.121465E+02   0.152324E+03   0.114686E+01   0.409437E+02   0.150000E+02  -0.272136E-01  -0.999900E+04  -0.999900E+04  -0.594373E+01   0.100000E+02  -0.473441E+00  -0.999900E+04  -0.999900E+04  -0.742966E+00   0.125000E+01
   0.100000E+01   0.100000E+01   0.521235E+05   0.108000E+05   0.100000E+01   0.100000E+01   0.521235E+05   0.108000E+05   0.121840E+02  -0.999900E+04  -0.999900E+04   0.350000E+02   0.250000E+02   0.121840E+02  -0.999900E+04  -0.999900E+04   0.350000E+02   0.250000E+02   0.122443E+02   0.152324E+03   0.115092E+01   0.411908E+02   0.150000E+02  -0.603114E-01  -0.999900E+04  -0.999900E+04  -0.619082E+01   0.100000E+02  -0.104925E+01  -0.999900E+04  -0.999900E+04  -0.773852E+00   0.125000E+01
   0.100000E+01   0.100000E+01   0.523753E+05   0.108000E+05   0.100000E+01   0.100000E+01   0.523753E+05   0.108000E+05   0.122678E+02  -0.999900E+04  -0.999900E+04   0.350000E+02   0.250000E+02   0.122678E+02  -0.999900E+04  -0.999900E+04   0.350000E+02   0.250000E+02   0.123426E+02   0.152324E+03   0.115465E+01   0.411908E+02   0.150000E+02  -0.748110E-01  -0.999900E+04  -0.999900E+04  -0.619082E+01   0.100000E+02  -0.130150E+01  -0.999900E+04  -0.999900E+04  -0.773852E+00   0.125000E+01
   0.100000E+01   0.100000E+01   0.526271E+05   0.108000E+05   0.100000E+01   0.100000E+01   0.526271E+05   0.108000E+05   0.124230E+02  -0.999900E+04  -0.999900E+04   0.350000E+02   0.250000E+02   0.124230E+02  -0.999900E+04  -0.999900E+04   0.350000E+02   0.250000E+02   0.124413E+02   0.152324E+03   0.115812E+01   0.414381E+02   0.150000E+02  -0.183244E-01  -0.999900E+04  -0.999900E+04  -0.643809E+01   0.100000E+02  -0.318793E+00  -0.999900E+04  -0.999900E+04  -0.804761E+00   0.125000E+01
   0.100000E+01   0.100000E+01   0.528788E+05   0.108000E+05   0.100000E+01   0.100000E+01   0.528788E+05   0.108000E+05   0.125000E+02  -0.999900E+04  -0.999900E+04   0.350000E+02   0.250000E+02   0.125000E+02  -0.999900E+04  -0.999900E+04   0.350000E+02   0.250000E+02   0.125399E+02   0.152324E+03   0.116182E+01   0.416855E+02   0.150000E+02  -0.398633E-01  -0.999900E+04  -0.999900E+04  -0.668555E+01   0.100000E+02  -0.693511E+00  -0.999900E+04  -0.999900E+04  -0.835693E+00   0.125000E+01
   0.100000E+01   0.100000E+01   0.531306E+05   0.108000E+05   0.100000E+01   0.100000E+01   0.531306E+05   0.108000E+05   0.126223E+02  -0.999900E+04  -0.999900E+04   0.350000E+02   0.250000E+02   0.126223E+02  -0.999900E+04  -0.999900E+04   0.350000E+02   0.250000E+02   0.126383E+02   0.152324E+03   0.116557E+01   0.419332E+02   0.150000E+02  -0.160066E-01  -0.999900E+04  -0.999900E+04  -0.693319E+01   0.100000E+02  -0.278470E+00  -0.999900E+04  -0.999900E+04  -0.866648E+00   0.125000E+01
   0.100000E+01   0.100000E+01   0.533824E+05   0.108000E+05   0.100000E+01   0.100000E+01   0.533824E+05   0.108000E+05   0.127058E+02  -0.999900E+04  -0.999900E+04   0.350000E+02   0.250000E+02   0.127058E+02  -0.999900E+04  -0.999900E+04   0.350000E+02   0.250000E+02   0.127365E+02   0.152324E+03   0.116941E+01   0.421810E+02   0.150000E+02  -0.307243E-01  -0.999900E+04  -0.999900E+04  -0.718101E+01   0.100000E+02  -0.534517E+00  -0.999900E+04  -0.999900E+04  -0.897627E+00   0.125000E+01
   0.100000E+01   0.100000E+01   0.536341E+05   0.108000E+05   0.100000E+01   0.100000E+01   0.536341E+05   0.108000E+05   0.128194E+02  -0.999900E+04  -0.999900E+04   0.350000E+02   0.250000E+02   0.128194E+02  -0.999900E+04  -0.999900E+04   0.350000E+02   0.250000E+02   0.128347E+02   0.152324E+03   0.117336E+01   0.424290E+02   0.150000E+02  -0.153302E-01  -0.999900E+04  -0.999900E+04  -0.742902E+01   0.100000E+02  -0.266703E+00  -0.999900E+04  -0.999900E+04  -0.928628E+00   0.125000E+01
   0.100000E+01   0.100000E+01   0.538859E+05   0.108000E+05   0.100000E+01   0.100000E+01   0.538859E+05   0.108000E+05   0.129439E+02  -0.999900E+04  -0.999900E+04   0.350000E+02   0.250000E+02   0.129439E+02  -0.999900E+04  -0.999900E+04   0.350000E+02   0.250000E+02   0.129328E+02   0.152324E+03   0.117738E+01   0.426772E+02   0.150000E+02   0.110904E-01  -0.999900E+04  -0.999900E+04  -0.767722E+01   0.100000E+02   0.192942E+00  -0.999900E+04  -0.999900E+04  -0.959652E+00   0.125000E+01
   0.100000E+01   0.100000E+01   0.541376E+05   0.108000E+05   0.100000E+01   0.100000E+01   0.541376E+05   0.108000E+05   0.130279E+02  -0.999900E+04  -0.999900E+04   0.350000E+02   0.250000E+02   0.130279E+02  -0.999900E+04  -0.999900E+04   0.350000E+02   0.250000E+02   0.130314E+02   0.152324E+03   0.118108E+01   0.426772E+02   0.150000E+02  -0.347093E-02  -0.999900E+04  -0.999900E+04  -0.767722E+01   0.100000E+02  -0.603845E-01  -0.999900E+04  -0.999900E+04  -0.959652E+00   0.125000E+01
   0.100000E+01   0.100000E+01   0.543894E+05   0.108000E+05   0.100000E+01   0.100000E+01   0.543894E+05   0.108000E+05   0.131247E+02  -0.999900E+04  -0.999900E+04   0.350000E+02   0.250000E+02   0.131247E+02  -0.999900E+04  -0.999900E+04   0.350000E+02   0.250000E+02   0.131305E+02   0.152324E+03   0.118450E+01   0.429256E+02   0.150000E+02  -0.578606E-02  -0.999900E+04  -0.999900E+04  -0.792560E+01   0.100000E+02  -0.100661E+00  -0.999900E+04  -0.999900E+04  -0.990700E+00   0.125000E+01
   0.100000E+01   0.100000E+01   0.546412E+05   0.108000E+05   0.100000E+01   0.100000E+01   0.546412E+05   0.108000E+05   0.132023E+02  -0.999900E+04  -0.999900E+04   0.350000E+02   0.250000E+02   0.132023E+02  -0.999900E+04  -0.999900E+04   0.350000E+02   0.250000E+02   0.132293E+02   0.152324E+03   0.118807E+01   0.431742E+02   0.150000E+02  -0.270444E-01  -0.999900E+04  -0.999900E+04  -0.817416E+01   0.100000E+02  -0.470497E+00  -0.999900E+04  -0.999900E+04  -0.102177E+01   0.125000E+01
   0.100000E+01   0.100000E+01   0.548929E+05   0.108000E+05   0.100000E+01   0.100000E+01   0.548929E+05   0.108000E+05   0.133375E+02  -0.999900E+04  -0.999900E+04   0.350000E+02   0.250000E+02   0.133375E+02  -0.999900E+04  -0.999900E+04   0.350000E+02   0.250000E+02   0.133280E+02   0.152324E+03   0.119184E+01   0.434229E+02   0.150000E+02   0.951050E-02  -0.999900E+04  -0.999900E+04  -0.842291E+01   0.100000E+02   0.165456E+00  -0.999900E+04  -0.999900E+04  -0.105286E+01   0.125000E+01
   0.100000E+01   0.100000E+01   0.551447E+05   0.108000E+05   0.100000E+01   0.100000E+01   0.551447E+05   0.108000E+05   0.134166E+02  -0.999900E+04  -0.999900E+04   0.350000E+02   0.250000E+02   0.134166E+02  -0.999900E+04  -0.999900E+04   0.350000E+02   0.250000E+02   0.134266E+02   0.152324E+03   0.119565E+01   0.436718E+02   0.150000E+02  -0.100352E-01  -0.999900E+04  -0.999900E+04  -0.867185E+01   0.100000E+02  -0.174585E+00  -0.999900E+04  -0.999900E+04  -0.108398E+01   0.125000E+01
   0.100000E+01   0.100000E+01   0.553965E+05   0.108000E+05   0.100000E+01   0.100000E+01   0.553965E+05   0.108000E+05   0.135854E+02  -0.999900E+04  -0.999900E+04   0.350000E+02   0.250000E+02   0.135854E+02  -0.999900E+04  -0.999900E+04   0.350000E+02   0.250000E+02   0.135251E+02   0.152324E+03   0.119955E+01   0.439210E+02   0.150000E+02   0.602762E-01  -0.999900E+04  -0.999900E+04  -0.892097E+01   0.100000E+02   0.104864E+01  -0.999900E+04  -0.999900E+04  -0.111512E+01   0.125000E+01
   0.100000E+01   0.100000E+01   0.556482E+05   0.108000E+05   0.100000E+01   0.100000E+01   0.556482E+05   0.108000E+05   0.136434E+02  -0.999900E+04  -0.999900E+04   0.350000E+02   0.250000E+02   0.136434E+02  -0.999900E+04  -0.999900E+04   0.350000E+02   0.250000E+02   0.136235E+02   0.152324E+03   0.120353E+01   0.441703E+02   0.150000E+02   0.198725E-01  -0.999900E+04  -0.999900E+04  -0.917027E+01   0.100000E+02   0.345727E+00  -0.999900E+04  -0.999900E+04  -0.114628E+01   0.125000E+01
   0.200000E+01   0.300000E+01   0.453684E+03   0.108000E+05   0.200000E+01   0.300000E+01   0.453684E+03   0.108000E+05   0.676959E+01  -0.999900E+04  -0.999900E+04   0.350000E+02   0.250000E+02   0.676959E+01  -0.999900E+04  -0.999900E+04   0.350000E+02   0.250000E+02   0.676729E+01   0.258335E+02   0.126608E+00   0.334601E+02   0.150000E+02   0.229628E-02  -0.999900E+04  -0.999900E+04   0.153989E+01   0.100000E+02   0.399489E-01  -0.999900E+04  -0.999900E+04   0.192486E+00   0.125000E+01
   0.200000E+01   0.300000E+01   0.705368E+03   0.108000E+05   0.200000E+01   0.300000E+01   0.705368E+03   0.108000E+05   0.674242E+01  -0.999900E+04  -0.999900E+04   0.350000E+02   0.250000E+02   0.674242E+01  -0.999900E+04  -0.999900E+04   0.350000E+02   0.250000E+02   0.676810E+01   0.258333E+02   0.135615E+00   0.333759E+02   0.150000E+02  -0.256801E-01  -0.999900E+04  -0.999900E+04   0.162410E+01   0.100000E+02  -0.446762E+00  -0.999900E+04  -0.999900E+04   0.203013E+00   0.125000E+01
   0.200000E+01   0.300000E+01   0.957053E+03   0.108000E+05   0.200000E+01   0.300000E+01   0.957053E+03   0.108000E+05   0.675721E+01  -0.999900E+04  -0.999900E+04   0.350000E+02   0.250000E+02   0.675721E+01  -0.999900E+04  -0.999900E+04   0.350000E+02   0.250000E+02   0.676912E+01   0.258332E+02   0.145989E+00   0.332950E+02   0.150000E+02  -0.119174E-01  -0.999900E+04  -0.999900E+04   0.170499E+01   0.100000E+02  -0.207330E+00  -0.999900E+04  -0.999900E+04   0.213124E+00   0.125000E+01
   0.200000E+01   0.300000E+01   0.120874E+04   0.108000E+05   0.200000E+01   0.300000E+01   0.120874E+04   0.108000E+05   0.678597E+01  -0.999900E+04  -0.999900E+04   0.350000E+02   0.250000E+02   0.678597E+01  -0.999900E+04  -0.999900E+04   0.350000E+02   0.250000E+02   0.677045E+01   0.258331E+02   0.158066E+00   0.331432E+02   0.150000E+02   0.155198E-01  -0.999900E+04  -0.999900E+04   0.185677E+01   0.100000E+02   0.270001E+00  -0.999900E+04  -0.999900E+04   0.232096E+00   0.125000E+01
   0.200000E+01   0.300000E+01   0.146042E+04   0.108000E+05   0.200000E+01   0.300000E+01   0.146042E+04   0.108000E+05   0.677622E+01  -0.999900E+04  -0.999900E+04   0.350000E+02   0.250000E+02   0.677622E+01  -0.999900E+04  -0.999900E+04   0.350000E+02   0.250000E+02   0.677220E+01   0.258330E+02   0.172290E+00   0.330723E+02   0.150000E+02   0.401346E-02  -0.999900E+04  -0.999900E+04   0.192767E+01   0.100000E+02   0.698231E-01  -0.999900E+04  -0.999900E+04   0.240958E+00   0.125000E+01
   0.200000E+01   0.300000E+01   0.171211E+04   0.108000E+05   0.200000E+01   0.300000E+01   0.171211E+04   0.108000E+05   0.680128E+01  -0.999900E+04  -0.999900E+04   0.350000E+02   0.250000E+02   0.680128E+01  -0.999900E+04  -0.999900E+04   0.350000E+02   0.250000E+02   0.677457E+01   0.258329E+02   0.189276E+00   0.330048E+02   0.150000E+02   0.267079E-01  -0.999900E+04  -0.999900E+04   0.199523E+01   0.100000E+02   0.464643E+00  -0.999900E+04  -0.999900E+04   0.249404E+00   0.125000E+01
   0.200000E+01   0.300000E+01   0.196379E+04   0.108000E+05   0.200000E+01   0.300000E+01   0.196379E+04   0.108000E+05   0.678793E+01  -0.999900E+04  -0.999900E+04   0.350000E+02   0.250000E+02   0.678793E+01  -0.999900E+04  -0.999900E+04   0.350000E+02   0.250000E+02   0.677787E+01   0.258328E+02   0.209881E+00   0.328796E+02   0.150000E+02   0.100630E-01  -0.999900E+04  -0.999900E+04   0.212038E+01   0.100000E+02   0.175068E+00  -0.999900E+04  -0.999900E+04   0.265047E+00   0.125000E+01
   0.200000E+01   0.300000E+01   0.221547E+04   0.108000E+05   0.200000E+01   0.300000E+01   0.221547E+04   0.108000E+05   0.675273E+01  -0.999900E+04  -0.999900E+04   0.350000E+02   0.250000E+02   0.675273E+01  -0.999900E+04  -0.999900E+04   0.350000E+02   0.250000E+02   0.678262E+01   0.258326E+02   0.235329E+00   0.328220E+02   0.150000E+02  -0.298959E-01  -0.999900E+04  -0.999900E+04   0.217795E+01   0.100000E+02  -0.520106E+00  -0.999900E+04  -0.999900E+04   0.272244E+00   0.125000E+01
   0.200000E+01   0.300000E+01   0.246716E+04   0.108000E+05   0.200000E+01   0.300000E+01   0.246716E+04   0.108000E+05   0.680004E+01  -0.999900E+04  -0.999900E+04   0.350000E+02   0.250000E+02   0.680004E+01  -0.999900E+04  -0.999900E+04   0.350000E+02   0.250000E+02   0.678975E+01   0.258325E+02   0.267399E+00   0.327678E+02   0.150000E+02   0.102876E-01  -0.999900E+04  -0.999900E+04   0.223220E+01   0.100000E+02   0.178975E+00  -0.999900E+04  -0.999900E+04   0.279025E+00   0.125000E+01
   0.200000E+01   0.300000E+01   0.271884E+04   0.108000E+05   0.200000E+01   0.300000E+01   0.271884E+04   0.108000E+05   0.686410E+01  -0.999900E+04  -0.999900E+04   0.350000E+02   0.250000E+02   0.686410E+01  -0.999900E+04  -0.999900E+04   0.350000E+02   0.250000E+02   0.680101E+01   0.258324E+02   0.308655E+00   0.326693E+02   0.150000E+02   0.630821E-01  -0.999900E+04  -0.999900E+04   0.233070E+01   0.100000E+02   0.109745E+01  -0.999900E+04  -0.999900E+04   0.291338E+00   0.125000E+01
   0.200000E+01   0.300000E+01   0.297053E+04   0.108000E+05   0.200000E+01   0.300000E+01   0.297053E+04   0.108000E+05   0.682958E+01  -0.999900E+04  -0.999900E+04   0.350000E+02   0.250000E+02   0.682958E+01  -0.999900E+04  -0.999900E+04   0.350000E+02   0.250000E+02   0.681986E+01   0.258323E+02   0.362595E+00   0.326250E+02   0.150000E+02   0.972424E-02  -0.999900E+04  -0.999900E+04   0.237496E+01   0.100000E+02   0.169175E+00  -0.999900E+04  -0.999900E+04   0.296870E+00   0.125000E+01
   0.200000E+01   0.300000E+01   0.322221E+04   0.108000E+05   0.200000E+01   0.300000E+01   0.322221E+04   0.108000E+05   0.686177E+01  -0.999900E+04  -0.999900E+04   0.350000E+02   0.250000E+02   0.686177E+01  -0.999900E+04  -0.999900E+04   0.350000E+02   0.250000E+02   0.685326E+01   0.258322E+02   0.432834E+00   0.325841E+02   0.150000E+02   0.850306E-02  -0.999900E+04  -0.999900E+04   0.241588E+01   0.100000E+02   0.147930E+00  -0.999900E+04  -0.999900E+04   0.301985E+00   0.125000E+01
   0.200000E+01   0.300000E+01   0.347389E+04   0.108000E+05   0.200000E+01   0.300000E+01   0.347389E+04   0.108000E+05   0.693719E+01  -0.999900E+04  -0.999900E+04   0.350000E+02   0.250000E+02   0.693719E+01  -0.999900E+04  -0.999900E+04   0.350000E+02   0.250000E+02   0.691462E+01   0.258321E+02   0.518446E+00   0.325465E+02   0.150000E+02   0.225758E-01  -0.999900E+04  -0.999900E+04   0.245348E+01   0.100000E+02   0.392756E+00  -0.999900E+04  -0.999900E+04   0.306685E+00   0.125000E+01
   0.200000E+01   0.300000E+01   0.372558E+04   0.108000E+05   0.200000E+01   0.300000E+01   0.372558E+04   0.108000E+05   0.709004E+01  -0.999900E+04  -0.999900E+04   0.350000E+02   0.250000E+02   0.709004E+01  -0.999900E+04  -0.999900E+04   0.350000E+02   0.250000E+02   0.702277E+01   0.258320E+02   0.603170E+00   0.324813E+02   0.150000E+02   0.672715E-01  -0.999900E+04  -0.999900E+04   0.251868E+01   0.100000E+02   0.117034E+01  -0.999900E+04  -0.999900E+04   0.314835E+00   0.125000E+01
   0.200000E+01   0.300000E+01   0.397726E+04   0.108000E+05   0.200000E+01   0.300000E+01   0.397726E+04   0.108000E+05   0.718757E+01  -0.999900E+04  -0.999900E+04   0.350000E+02   0.250000E+02   0.718757E+01  -0.999900E+04  -0.999900E+04   0.350000E+02   0.250000E+02   0.718616E+01   0.258320E+02   0.658965E+00   0.324537E+02   0.150000E+02   0.141071E-02  -0.999900E+04  -0.999900E+04   0.254629E+01   0.100000E+02   0.245424E-01  -0.999900E+04  -0.999900E+04   0.318286E+00   0.125000E+01
   0.200000E+01   0.300000E+01   0.422895E+04   0.108000E+05   0.200000E+01   0.300000E+01   0.422895E+04   0.108000E+05   0.742759E+01  -0.999900E+04  -0.999900E+04   0.350000E+02   0.250000E+02   0.742759E+01  -0.999900E+04  -0.999900E+04   0.350000E+02   0.250000E+02   0.738825E+01   0.258320E+02   0.680928E+00   0.324294E+02   0.150000E+02   0.393354E-01  -0.999900E+04  -0.999900E+04   0.257057E+01   0.100000E+02   0.684326E+00  -0.999900E+04  -0.999900E+04   0.321321E+00   0.125000E+01
   0.200000E+01   0.300000E+01   0.448063E+04   0.108000E+05   0.200000E+01   0.300000E+01   0.448063E+04   0.108000E+05   0.760842E+01  -0.999900E+04  -0.999900E+04   0.350000E+02   0.250000E+02   0.760842E+01  -0.999900E+04  -0.999900E+04   0.350000E+02   0.250000E+02   0.760599E+01   0.258320E+02   0.686515E+00   0.323909E+02   0.150000E+02   0.242926E-02  -0.999900E+04  -0.999900E+04   0.260913E+01   0.100000E+02   0.422623E-01  -0.999900E+04  -0.999900E+04   0.326141E+00   0.125000E+01
   0.200000E+01   0.300000E+01   0.473232E+04   0.108000E+05   0.200000E+01   0.300000E+01   0.473232E+04   0.108000E+05   0.783655E+01  -0.999900E+04  -0.999900E+04   0.350000E+02   0.250000E+02   0.783655E+01  -0.999900E+04  -0.999900E+04   0.350000E+02   0.250000E+02   0.782789E+01   0.258320E+02   0.687523E+00   0.323766E+02   0.150000E+02   0.866230E-02  -0.999900E+04  -0.999900E+04   0.262342E+01   0.100000E+02   0.150700E+00  -0.999900E+04  -0.999900E+04   0.327927E+00   0.125000E+01
   0.200000E+01   0.300000E+01   0.498400E+04   0.108000E+05   0.200000E+01   0.300000E+01   0.498400E+04   0.108000E+05   0.805821E+01  -0.999900E+04  -0.999900E+04   0.350000E+02   0.250000E+02   0.805821E+01  -0.999900E+04  -0.999900E+04   0.350000E+02   0.250000E+02   0.805059E+01   0.258320E+02   0.687638E+00   0.323656E+02   0.150000E+02   0.762490E-02  -0.999900E+04  -0.999900E+04   0.263437E+01   0.100000E+02   0.132652E+00  -0.999900E+04  -0.999900E+04   0.329296E+00   0.125000E+01
   0.200000E+01   0.300000E+01   0.523568E+04   0.108000E+05   0.200000E+01   0.300000E+01   0.523568E+04   0.108000E+05   0.830934E+01  -0.999900E+04  -0.999900E+04   0.350000E+02   0.250000E+02   0.830934E+01  -0.999900E+04  -0.999900E+04   0.350000E+02   0.250000E+02   0.827353E+01   0.258320E+02   0.687584E+00   0.323537E+02   0.150000E+02   0.358066E-01  -0.999900E+04  -0.999900E+04   0.264629E+01   0.100000E+02   0.622935E+00  -0.999900E+04  -0.999900E+04   0.330787E+00   0.125000E+01
   0.200000E+01   0.300000E+01   0.548737E+04   0.108000E+05   0.200000E+01   0.300000E+01   0.548737E+04   0.108000E+05   0.852786E+01  -0.999900E+04  -0.999900E+04   0.350000E+02   0.250000E+02   0.852786E+01  -0.999900E+04  -0.999900E+04   0.350000E+02   0.250000E+02   0.849650E+01   0.258320E+02   0.687398E+00   0.323527E+02   0.150000E+02   0.313558E-01  -0.999900E+04  -0.999900E+04   0.264726E+01   0.100000E+02   0.545504E+00  -0.999900E+04  -0.999900E+04   0.330908E+00   0.125000E+01
   0.200000E+01   0.300000E+01   0.573905E+04   0.108000E+05   0.200000E+01   0.300000E+01   0.573905E+04   0.108000E+05   0.876235E+01  -0.999900E+04  -0.999900E+04   0.350000E+02   0.250000E+02   0.876235E+01  -0.999900E+04  -0.999900E+04   0.350000E+02   0.250000E+02   0.871929E+01   0.258320E+02   0.687409E+00   0.323551E+02   0.150000E+02   0.430598E-01  -0.999900E+04  -0.999900E+04   0.264490E+01   0.100000E+02   0.749120E+00  -0.999900E+04  -0.999900E+04   0.330612E+00   0.125000E+01
   0.200000E+01   0.300000E+01   0.599074E+04   0.108000E+05   0.200000E+01   0.300000E+01   0.599074E+04   0.108000E+05   0.898489E+01  -0.999900E+04  -0.999900E+04   0.350000E+02   0.250000E+02   0.898489E+01  -0.999900E+04  -0.999900E+04   0.350000E+02   0.250000E+02   0.894204E+01   0.258320E+02   0.687462E+00   0.323608E+02   0.150000E+02   0.428437E-01  -0.999900E+04  -0.999900E+04   0.263921E+01   0.100000E+02   0.745361E+00  -0.999900E+04  -0.999900E+04   0.329901E+00   0.125000E+01
   0.200000E+01   0.300000E+01   0.624242E+04   0.108000E+05   0.200000E+01   0.300000E+01   0.624242E+04   0.108000E+05   0.923509E+01  -0.999900E+04  -0.999900E+04   0.350000E+02   0.250000E+02   0.923509E+01  -0.999900E+04  -0.999900E+04   0.350000E+02   0.250000E+02   0.916474E+01   0.258320E+02   0.687574E+00   0.323822E+02   0.150000E+02   0.703467E-01  -0.999900E+04  -0.999900E+04   0.261783E+01   0.100000E+02   0.122384E+01  -0.999900E+04  -0.999900E+04   0.327229E+00   0.125000E+01
   0.200000E+01   0.300000E+01   0.649411E+04   0.108000E+05   0.200000E+01   0.300000E+01   0.649411E+04   0.108000E+05   0.940561E+01  -0.999900E+04  -0.999900E+04   0.350000E+02   0.250000E+02   0.940561E+01  -0.999900E+04  -0.999900E+04   0.350000E+02   0.250000E+02   0.938734E+01   0.258320E+02   0.687801E+00   0.323979E+02   0.150000E+02   0.182699E-01  -0.999900E+04  -0.999900E+04   0.260215E+01   0.100000E+02   0.317846E+00  -0.999900E+04  -0.999900E+04   0.325268E+00   0.125000E+01
   0.200000E+01   0.300000E+01   0.674579E+04   0.108000E+05   0.200000E+01   0.300000E+01   0.674579E+04   0.108000E+05   0.956327E+01  -0.999900E+04  -0.999900E+04   0.350000E+02   0.250000E+02   0.956327E+01  -0.999900E+04  -0.999900E+04   0.350000E+02   0.250000E+02   0.960992E+01   0.258320E+02   0.688051E+00   0.324169E+02   0.150000E+02  -0.466483E-01  -0.999900E+04  -0.999900E+04   0.258313E+01   0.100000E+02  -0.811550E+00  -0.999900E+04  -0.999900E+04   0.322892E+00   0.125000E+01
   0.200000E+01   0.300000E+01   0.699747E+04   0.108000E+05   0.200000E+01   0.300000E+01   0.699747E+04   0.108000E+05   0.983592E+01  -0.999900E+04  -0.999900E+04   0.350000E+02   0.250000E+02   0.983592E+01  -0.999900E+04  -0.999900E+04   0.350000E+02   0.250000E+02   0.983240E+01   0.258320E+02   0.688407E+00   0.324649E+02   0.150000E+02   0.351728E-02  -0.999900E+04  -0.999900E+04   0.253512E+01   0.100000E+02   0.611908E-01  -0.999900E+04  -0.999900E+04   0.316889E+00   0.125000E+01
   0.200000E+01   0.300000E+01   0.724916E+04   0.108000E+05   0.200000E+01   0.300000E+01   0.724916E+04   0.108000E+05   0.100529E+02  -0.999900E+04  -0.999900E+04   0.350000E+02   0.250000E+02   0.100529E+02  -0.999900E+04  -0.999900E+04   0.350000E+02   0.250000E+02   0.100548E+02   0.258320E+02   0.688837E+00   0.324939E+02   0.150000E+02  -0.196378E-02  -0.999900E+04  -0.999900E+04   0.250611E+01   0.100000E+02  -0.341643E-01  -0.999900E+04  -0.999900E+04   0.313264E+00   0.125000E+01
   0.200000E+01   0.300000E+01   0.750084E+04   0.108000E+05   0.200000E+01   0.300000E+01   0.750084E+04   0.108000E+05   0.102877E+02  -0.999900E+04  -0.999900E+04   0.350000E+02   0.250000E+02   0.102877E+02  -0.999900E+04  -0.999900E+04   0.350000E+02   0.250000E+02   0.102772E+02   0.258320E+02   0.689282E+00   0.325262E+02   0.150000E+02   0.104323E-01  -0.999900E+04  -0.999900E+04   0.247378E+01   0.100000E+02   0.181493E+00  -0.999900E+04  -0.999900E+04   0.309222E+00   0.125000E+01
   0.200000E+01   0.300000E+01   0.775253E+04   0.108000E+05   0.200000E+01   0.300000E+01   0.775253E+04   0.108000E+05   0.105466E+02  -0.999900E+04  -0.999900E+04   0.350000E+02   0.250000E+02   0.105466E+02  -0.999900E+04  -0.999900E+04   0.350000E+02   0.250000E+02   0.104994E+02   0.258320E+02   0.689932E+00   0.326009E+02   0.150000E+02   0.471941E-01  -0.999900E+04  -0.999900E+04   0.239912E+01   0.100000E+02   0.821046E+00  -0.999900E+04  -0.999900E+04   0.299890E+00   0.125000E+01
   0.200000E+01   0.300000E+01   0.800421E+04   0.108000E+05   0.200000E+01   0.300000E+01   0.800421E+04   0.108000E+05   0.107264E+02  -0.999900E+04  -0.999900E+04   0.350000E+02   0.250000E+02   0.107264E+02  -0.999900E+04  -0.999900E+04   0.350000E+02   0.250000E+02   0.107216E+02   0.258320E+02   0.690626E+00   0.326432E+02   0.150000E+02   0.480343E-02  -0.999900E+04  -0.999900E+04   0.235680E+01   0.100000E+02   0.835663E-01  -0.999900E+04  -0.999900E+04   0.294600E+00   0.125000E+01
   0.200000E+01   0.300000E+01   0.825589E+04   0.108000E+05   0.200000E+01   0.300000E+01   0.825589E+04   0.108000E+05   0.109433E+02  -0.999900E+04  -0.999900E+04   0.350000E+02   0.250000E+02   0.109433E+02  -0.999900E+04  -0.999900E+04   0.350000E+02   0.250000E+02   0.109439E+02   0.258320E+02   0.691227E+00   0.326889E+02   0.150000E+02  -0.586184E-03  -0.999900E+04  -0.999900E+04   0.231115E+01   0.100000E+02  -0.101980E-01  -0.999900E+04  -0.999900E+04   0.288893E+00   0.125000E+01
   0.200000E+01   0.300000E+01   0.850758E+04   0.108000E+05   0.200000E+01   0.300000E+01   0.850758E+04   0.108000E+05   0.111986E+02  -0.999900E+04  -0.999900E+04   0.350000E+02   0.250000E+02   0.111986E+02  -0.999900E+04  -0.999900E+04   0.350000E+02   0.250000E+02   0.111661E+02   0.258320E+02   0.691860E+00   0.327378E+02   0.150000E+02   0.324329E-01  -0.999900E+04  -0.999900E+04   0.226216E+01   0.100000E+02   0.564242E+00  -0.999900E+04  -0.999900E+04   0.282771E+00   0.125000E+01
   0.200000E+01   0.300000E+01   0.875926E+04   0.108000E+05   0.200000E+01   0.300000E+01   0.875926E+04   0.108000E+05   0.114266E+02  -0.999900E+04  -0.999900E+04   0.350000E+02   0.250000E+02   0.114266E+02  -0.999900E+04  -0.999900E+04   0.350000E+02   0.250000E+02   0.113881E+02   0.258320E+02   0.692800E+00   0.328458E+02   0.150000E+02   0.384674E-01  -0.999900E+04  -0.999900E+04   0.215421E+01   0.100000E+02   0.669225E+00  -0.999900E+04  -0.999900E+04   0.269276E+00   0.125000E+01
   0.200000E+01   0.300000E+01   0.901095E+04   0.108000E+05   0.200000E+01   0.300000E+01   0.901095E+04   0.108000E+05   0.116258E+02  -0.999900E+04  -0.999900E+04   0.350000E+02   0.250000E+02   0.116258E+02  -0.999900E+04  -0.999900E+04   0.350000E+02   0.250000E+02   0.116100E+02   0.258320E+02   0.693807E+00   0.329048E+02   0.150000E+02   0.157570E-01  -0.999900E+04  -0.999900E+04   0.209524E+01   0.100000E+02   0.274127E+00  -0.999900E+04  -0.999900E+04   0.261905E+00   0.125000E+01
   0.200000E+01   0.300000E+01   0.926263E+04   0.108000E+05   0.200000E+01   0.300000E+01   0.926263E+04   0.108000E+05   0.118650E+02  -0.999900E+04  -0.999900E+04   0.350000E+02   0.250000E+02   0.118650E+02  -0.999900E+04  -0.999900E+04   0.350000E+02   0.250000E+02   0.118321E+02   0.258320E+02   0.694624E+00   0.329671E+02   0.150000E+02   0.328640E-01  -0.999900E+04  -0.999900E+04   0.203293E+01   0.100000E+02   0.571742E+00  -0.999900E+04  -0.999900E+04   0.254117E+00   0.125000E+01
   0.200000E+01   0.300000E+01   0.951432E+04   0.108000E+05   0.200000E+01   0.300000E+01   0.951432E+04   0.108000E+05   0.120899E+02  -0.999900E+04  -0.999900E+04   0.350000E+02   0.250000E+02   0.120899E+02  -0.999900E+04  -0.999900E+04   0.350000E+02   0.250000E+02   0.120539E+02   0.258320E+02   0.695804E+00   0.331017E+02   0.150000E+02   0.360397E-01  -0.999900E+04  -0.999900E+04   0.189834E+01   0.100000E+02   0.626990E+00  -0.999900E+04  -0.999900E+04   0.237292E+00   0.125000E+01
   0.200000E+01   0.300000E+01   0.976600E+04   0.108000E+05   0.200000E+01   0.300000E+01   0.976600E+04   0.108000E+05   0.123094E+02  -0.999900E+04  -0.999900E+04   0.350000E+02   0.250000E+02   0.123094E+02  -0.999900E+04  -0.999900E+04   0.350000E+02   0.250000E+02   0.122756E+02   0.258320E+02   0.697060E+00   0.331740E+02   0.150000E+02   0.338730E-01  -0.999900E+04  -0.999900E+04   0.182605E+01   0.100000E+02   0.589296E+00  -0.999900E+04  -0.999900E+04   0.228256E+00   0.125000E+01
   0.200000E+01   0.300000E+01   0.100177E+05   0.108000E+05   0.200000E+01   0.300000E+01   0.100177E+05   0.108000E+05   0.125088E+02  -0.999900E+04  -0.999900E+04   0.350000E+02   0.250000E+02   0.125088E+02  -0.999900E+04  -0.999900E+04   0.350000E+02   0.250000E+02   0.124975E+02   0.258320E+02   0.698078E+00   0.332496E+02   0.150000E+02   0.113017E-01  -0.999900E+04  -0.999900E+04   0.175042E+01   0.100000E+02   0.196618E+00  -0.999900E+04  -0.999900E+04   0.218803E+00   0.125000E+01
   0.200000E+01   0.300000E+01   0.102694E+05   0.108000E+05   0.200000E+01   0.300000E+01   0.102694E+05   0.108000E+05   0.127643E+02  -0.999900E+04  -0.999900E+04   0.350000E+02   0.250000E+02   0.127643E+02  -0.999900E+04  -0.999900E+04   0.350000E+02   0.250000E+02   0.127191E+02   0.258320E+02   0.699499E+00   0.334108E+02   0.150000E+02   0.452691E-01  -0.999900E+04  -0.999900E+04   0.158919E+01   0.100000E+02   0.787555E+00  -0.999900E+04  -0.999900E+04   0.198648E+00   0.125000E+01
   0.200000E+01   0.300000E+01   0.105211E+05   0.108000E+05   0.200000E+01   0.300000E+01   0.105211E+05   0.108000E+05   0.129119E+02  -0.999900E+04  -0.999900E+04   0.350000E+02   0.250000E+02   0.129119E+02  -0.999900E+04  -0.999900E+04   0.350000E+02   0.250000E+02   0.129405E+02   0.258320E+02   0.701055E+00   0.334964E+02   0.150000E+02  -0.285661E-01  -0.999900E+04  -0.999900E+04   0.150357E+01   0.100000E+02  -0.496971E+00  -0.999900E+04  -0.999900E+04   0.187947E+00   0.125000E+01
   0.200000E+01   0.300000E+01   0.107727E+05   0.108000E+05   0.200000E+01   0.300000E+01   0.107727E+05   0.108000E+05   0.132068E+02  -0.999900E+04  -0.999900E+04   0.350000E+02   0.250000E+02   0.132068E+02  -0.999900E+04  -0.999900E+04   0.350000E+02   0.250000E+02   0.131623E+02   0.258320E+02   0.702282E+00   0.335854E+02   0.150000E+02   0.445467E-01  -0.999900E+04  -0.999900E+04   0.141463E+01   0.100000E+02   0.774988E+00  -0.999900E+04  -0.999900E+04   0.176829E+00   0.125000E+01
   0.200000E+01   0.300000E+01   0.110244E+05   0.108000E+05   0.200000E+01   0.300000E+01   0.110244E+05   0.108000E+05   0.134243E+02  -0.999900E+04  -0.999900E+04   0.350000E+02   0.250000E+02   0.134243E+02  -0.999900E+04  -0.999900E+04   0.350000E+02   0.250000E+02   0.133837E+02   0.258320E+02   0.703894E+00   0.337732E+02   0.150000E+02   0.406663E-01  -0.999900E+04  -0.999900E+04   0.122676E+01   0.100000E+02   0.707480E+00  -0.999900E+04  -0.999900E+04   0.153345E+00   0.125000E+01
   0.200000E+01   0.300000E+01   0.112761E+05   0.108000E+05   0.200000E+01   0.300000E+01   0.112761E+05   0.108000E+05   0.136883E+02  -0.999900E+04  -0.999900E+04   0.350000E+02   0.250000E+02   0.136883E+02  -0.999900E+04  -0.999900E+04   0.350000E+02   0.250000E+02   0.136050E+02   0.258320E+02   0.705635E+00   0.338722E+02   0.150000E+02   0.833485E-01  -0.999900E+04  -0.999900E+04   0.112782E+01   0.100000E+02   0.145003E+01  -0.999900E+04  -0.999900E+04   0.140978E+00   0.125000E+01
   0.200000E+01   0.300000E+01   0.115278E+05   0.108000E+05   0.200000E+01   0.300000E+01   0.115278E+05   0.108000E+05   0.138664E+02  -0.999900E+04  -0.999900E+04   0.350000E+02   0.250000E+02   0.138664E+02  -0.999900E+04  -0.999900E+04   0.350000E+02   0.250000E+02   0.138266E+02   0.258320E+02   0.706996E+00   0.339744E+02   0.150000E+02   0.397939E-01  -0.999900E+04  -0.999900E+04   0.102556E+01   0.100000E+02   0.692302E+00  -0.999900E+04  -0.999900E+04   0.128195E+00   0.125000E+01
   0.200000E+01   0.300000E+01   0.117795E+05   0.108000E+05   0.200000E+01   0.300000E+01   0.117795E+05   0.108000E+05   0.140854E+02  -0.999900E+04  -0.999900E+04   0.350000E+02   0.250000E+02   0.140854E+02  -0.999900E+04  -0.999900E+04   0.350000E+02   0.250000E+02   0.140483E+02   0.258320E+02   0.708328E+00   0.340800E+02   0.150000E+02   0.370993E-01  -0.999900E+04  -0.999900E+04   0.919969E+00   0.100000E+02   0.645424E+00  -0.999900E+04  -0.999900E+04   0.114996E+00   0.125000E+01
   0.200000E+01   0.300000E+01   0.120312E+05   0.108000E+05   0.200000E+01   0.300000E+01   0.120312E+05   0.108000E+05   0.143353E+02  -0.999900E+04  -0.999900E+04   0.350000E+02   0.250000E+02   0.143353E+02  -0.999900E+04  -0.999900E+04   0.350000E+02   0.250000E+02   0.142695E+02   0.258320E+02   0.710258E+00   0.343012E+02   0.150000E+02   0.658558E-01  -0.999900E+04  -0.999900E+04   0.698794E+00   0.100000E+02   0.114571E+01  -0.999900E+04  -0.999900E+04   0.873492E-01   0.125000E+01
   0.200000E+01   0.300000E+01   0.122828E+05   0.108000E+05   0.200000E+01   0.300000E+01   0.122828E+05   0.108000E+05   0.145466E+02  -0.999900E+04  -0.999900E+04   0.350000E+02   0.250000E+02   0.145466E+02  -0.999900E+04  -0.999900E+04   0.350000E+02   0.250000E+02   0.144905E+02   0.258320E+02   0.712359E+00   0.344168E+02   0.150000E+02   0.560518E-01  -0.999900E+04  -0.999900E+04   0.583211E+00   0.100000E+02   0.975145E+00  -0.999900E+04  -0.999900E+04   0.729014E-01   0.125000E+01
   0.200000E+01   0.300000E+01   0.125345E+05   0.108000E+05   0.200000E+01   0.300000E+01   0.125345E+05   0.108000E+05   0.147184E+02  -0.999900E+04  -0.999900E+04   0.350000E+02   0.250000E+02   0.147184E+02  -0.999900E+04  -0.999900E+04   0.350000E+02   0.250000E+02   0.147120E+02   0.258320E+02   0.713983E+00   0.345357E+02   0.150000E+02   0.640734E-02  -0.999900E+04  -0.999900E+04   0.464299E+00   0.100000E+02   0.111470E+00  -0.999900E+04  -0.999900E+04   0.580374E-01   0.125000E+01
   0.200000E+01   0.300000E+01   0.127862E+05   0.108000E+05   0.200000E+01   0.300000E+01   0.127862E+05   0.108000E+05   0.148966E+02  -0.999900E+04  -0.999900E+04   0.350000E+02   0.250000E+02   0.148966E+02  -0.999900E+04  -0.999900E+04   0.350000E+02   0.250000E+02   0.149330E+02   0.258320E+02   0.716115E+00   0.347835E+02   0.150000E+02  -0.364353E-01  -0.999900E+04  -0.999900E+04   0.216484E+00   0.100000E+02  -0.633872E+00  -0.999900E+04  -0.999900E+04   0.270605E-01   0.125000E+01
   0.200000E+01   0.300000E+01   0.130379E+05   0.108000E+05   0.200000E+01   0.300000E+01   0.130379E+05   0.108000E+05   0.151120E+02  -0.999900E+04  -0.999900E+04   0.350000E+02   0.250000E+02   0.151120E+02  -0.999900E+04  -0.999900E+04   0.350000E+02   0.250000E+02   0.151539E+02   0.258320E+02   0.718399E+00   0.349124E+02   0.150000E+02  -0.419538E-01  -0.999900E+04  -0.999900E+04   0.875818E-01   0.100000E+02  -0.729880E+00  -0.999900E+04  -0.999900E+04   0.109477E-01   0.125000E+01
   0.200000E+01   0.300000E+01   0.132896E+05   0.108000E+05   0.200000E+01   0.300000E+01   0.132896E+05   0.108000E+05   0.153025E+02  -0.999900E+04  -0.999900E+04   0.350000E+02   0.250000E+02   0.153025E+02  -0.999900E+04  -0.999900E+04   0.350000E+02   0.250000E+02   0.153753E+02   0.258320E+02   0.720149E+00   0.350447E+02   0.150000E+02  -0.727884E-01  -0.999900E+04  -0.999900E+04  -0.446505E-01   0.100000E+02  -0.126631E+01  -0.999900E+04  -0.999900E+04  -0.558132E-02   0.125000E+01
   0.200000E+01   0.300000E+01   0.135413E+05   0.108000E+05   0.200000E+01   0.300000E+01   0.135413E+05   0.108000E+05   0.155827E+02  -0.999900E+04  -0.999900E+04   0.350000E+02   0.250000E+02   0.155827E+02  -0.999900E+04  -0.999900E+04   0.350000E+02   0.250000E+02   0.155962E+02   0.258320E+02   0.722551E+00   0.353191E+02   0.150000E+02  -0.135008E-01  -0.999900E+04  -0.999900E+04  -0.319105E+00   0.100000E+02  -0.234875E+00  -0.999900E+04  -0.999900E+04  -0.398881E-01   0.125000E+01
   0.200000E+01   0.300000E+01   0.137929E+05   0.108000E+05   0.200000E+01   0.300000E+01   0.137929E+05   0.108000E+05   0.157610E+02  -0.999900E+04  -0.999900E+04   0.350000E+02   0.250000E+02   0.157610E+02  -0.999900E+04  -0.999900E+04   0.350000E+02   0.250000E+02   0.158169E+02   0.258320E+02   0.725129E+00   0.354613E+02   0.150000E+02  -0.558650E-01  -0.999900E+04  -0.999900E+04  -0.461327E+00   0.100000E+02  -0.971895E+00  -0.999900E+04  -0.999900E+04  -0.576659E-01   0.125000E+01
   0.200000E+01   0.300000E+01   0.140446E+05   0.108000E+05   0.200000E+01   0.300000E+01   0.140446E+05   0.108000E+05   0.159899E+02  -0.999900E+04  -0.999900E+04   0.350000E+02   0.250000E+02   0.159899E+02  -0.999900E+04  -0.999900E+04   0.350000E+02   0.250000E+02   0.160381E+02   0.258320E+02   0.727074E+00   0.356069E+02   0.150000E+02  -0.482245E-01  -0.999900E+04  -0.999900E+04  -0.606880E+00   0.100000E+02  -0.838973E+00  -0.999900E+04  -0.999900E+04  -0.758599E-01   0.125000E+01
   0.200000E+01   0.300000E+01   0.142963E+05   0.108000E+05   0.200000E+01   0.300000E+01   0.142963E+05   0.108000E+05   0.162373E+02  -0.999900E+04  -0.999900E+04   0.350000E+02   0.250000E+02   0.162373E+02  -0.999900E+04  -0.999900E+04   0.350000E+02   0.250000E+02   0.162594E+02   0.258320E+02   0.728949E+00   0.357558E+02   0.150000E+02  -0.221154E-01  -0.999900E+04  -0.999900E+04  -0.755762E+00   0.100000E+02  -0.384746E+00  -0.999900E+04  -0.999900E+04  -0.944702E-01   0.125000E+01
   0.200000E+01   0.300000E+01   0.145480E+05   0.108000E+05   0.200000E+01   0.300000E+01   0.145480E+05   0.108000E+05   0.164329E+02  -0.999900E+04  -0.999900E+04   0.350000E+02   0.250000E+02   0.164329E+02  -0.999900E+04  -0.999900E+04   0.350000E+02   0.250000E+02   0.164801E+02   0.258320E+02   0.731565E+00   0.360635E+02   0.150000E+02  -0.472201E-01  -0.999900E+04  -0.999900E+04  -0.106352E+01   0.100000E+02  -0.821499E+00  -0.999900E+04  -0.999900E+04  -0.132939E+00   0.125000E+01
   0.200000E+01   0.300000E+01   0.147997E+05   0.108000E+05   0.200000E+01   0.300000E+01   0.147997E+05   0.108000E+05   0.166631E+02  -0.999900E+04  -0.999900E+04   0.350000E+02   0.250000E+02   0.166631E+02  -0.999900E+04  -0.999900E+04   0.350000E+02   0.250000E+02   0.167008E+02   0.258320E+02   0.734452E+00   0.362224E+02   0.150000E+02  -0.376289E-01  -0.999900E+04  -0.999900E+04  -0.122239E+01   0.100000E+02  -0.654638E+00  -0.999900E+04  -0.999900E+04  -0.152799E+00   0.125000E+01
   0.200000E+01   0.300000E+01   0.150514E+05   0.108000E+05   0.200000E+01   0.300000E+01   0.150514E+05   0.108000E+05   0.169268E+02  -0.999900E+04  -0.999900E+04   0.350000E+02   0.250000E+02   0.169268E+02  -0.999900E+04  -0.999900E+04   0.350000E+02   0.250000E+02   0.169220E+02   0.258320E+02   0.736503E+00   0.363846E+02   0.150000E+02   0.486134E-02  -0.999900E+04  -0.999900E+04  -0.138459E+01   0.100000E+02   0.845737E-01  -0.999900E+04  -0.999900E+04  -0.173074E+00   0.125000E+01
   0.200000E+01   0.300000E+01   0.153031E+05   0.108000E+05   0.200000E+01   0.300000E+01   0.153031E+05   0.108000E+05   0.170955E+02  -0.999900E+04  -0.999900E+04   0.350000E+02   0.250000E+02   0.170955E+02  -0.999900E+04  -0.999900E+04   0.350000E+02   0.250000E+02   0.171425E+02   0.258320E+02   0.739392E+00   0.367190E+02   0.150000E+02  -0.469973E-01  -0.999900E+04  -0.999900E+04  -0.171898E+01   0.100000E+02  -0.817622E+00  -0.999900E+04  -0.999900E+04  -0.214873E+00   0.125000E+01
   0.200000E+01   0.300000E+01   0.155547E+05   0.108000E+05   0.200000E+01   0.300000E+01   0.155547E+05   0.108000E+05   0.173285E+02  -0.999900E+04  -0.999900E+04   0.350000E+02   0.250000E+02   0.173285E+02  -0.999900E+04  -0.999900E+04   0.350000E+02   0.250000E+02   0.173629E+02   0.258320E+02   0.742484E+00   0.368912E+02   0.150000E+02  -0.344198E-01  -0.999900E+04  -0.999900E+04  -0.189118E+01   0.100000E+02  -0.598808E+00  -0.999900E+04  -0.999900E+04  -0.236397E+00   0.125000E+01
   0.200000E+01   0.300000E+01   0.158064E+05   0.108000E+05   0.200000E+01   0.300000E+01   0.158064E+05   0.108000E+05   0.175945E+02  -0.999900E+04  -0.999900E+04   0.350000E+02   0.250000E+02   0.175945E+02  -0.999900E+04  -0.999900E+04   0.350000E+02   0.250000E+02   0.175840E+02   0.258320E+02   0.744787E+00   0.370667E+02   0.150000E+02   0.105499E-01  -0.999900E+04  -0.999900E+04  -0.206670E+01   0.100000E+02   0.183539E+00  -0.999900E+04  -0.999900E+04  -0.258337E+00   0.125000E+01
   0.200000E+01   0.300000E+01   0.160581E+05   0.108000E+05   0.200000E+01   0.300000E+01   0.160581E+05   0.108000E+05   0.177712E+02  -0.999900E+04  -0.999900E+04   0.350000E+02   0.250000E+02   0.177712E+02  -0.999900E+04  -0.999900E+04   0.350000E+02   0.250000E+02   0.178044E+02   0.258320E+02   0.747910E+00   0.374277E+02   0.150000E+02  -0.331654E-01  -0.999900E+04  -0.999900E+04  -0.242773E+01   0.100000E+02  -0.576985E+00  -0.999900E+04  -0.999900E+04  -0.303467E+00   0.125000E+01
   0.200000E+01   0.300000E+01   0.163098E+05   0.108000E+05   0.200000E+01   0.300000E+01   0.163098E+05   0.108000E+05   0.179887E+02  -0.999900E+04  -0.999900E+04   0.350000E+02   0.250000E+02   0.179887E+02  -0.999900E+04  -0.999900E+04   0.350000E+02   0.250000E+02   0.180247E+02   0.258320E+02   0.751176E+00   0.376132E+02   0.150000E+02  -0.359877E-01  -0.999900E+04  -0.999900E+04  -0.261324E+01   0.100000E+02  -0.626085E+00  -0.999900E+04  -0.999900E+04  -0.326656E+00   0.125000E+01
   0.200000E+01   0.300000E+01   0.165615E+05   0.108000E+05   0.200000E+01   0.300000E+01   0.165615E+05   0.108000E+05   0.182318E+02  -0.999900E+04  -0.999900E+04   0.350000E+02   0.250000E+02   0.182318E+02  -0.999900E+04  -0.999900E+04   0.350000E+02   0.250000E+02   0.182457E+02   0.258320E+02   0.753588E+00   0.378021E+02   0.150000E+02  -0.139007E-01  -0.999900E+04  -0.999900E+04  -0.280209E+01   0.100000E+02  -0.241833E+00  -0.999900E+04  -0.999900E+04  -0.350261E+00   0.125000E+01
   0.200000E+01   0.300000E+01   0.168132E+05   0.108000E+05   0.200000E+01   0.300000E+01   0.168132E+05   0.108000E+05   0.184635E+02  -0.999900E+04  -0.999900E+04   0.350000E+02   0.250000E+02   0.184635E+02  -0.999900E+04  -0.999900E+04   0.350000E+02   0.250000E+02   0.184668E+02   0.258320E+02   0.755907E+00   0.379943E+02   0.150000E+02  -0.330028E-02  -0.999900E+04  -0.999900E+04  -0.299426E+01   0.100000E+02  -0.574156E-01  -0.999900E+04  -0.999900E+04  -0.374282E+00   0.125000E+01
   0.200000E+01   0.300000E+01   0.170648E+05   0.108000E+05   0.200000E+01   0.300000E+01   0.170648E+05   0.108000E+05   0.186547E+02  -0.999900E+04  -0.999900E+04   0.350000E+02   0.250000E+02   0.186547E+02  -0.999900E+04  -0.999900E+04   0.350000E+02   0.250000E+02   0.186871E+02   0.258320E+02   0.759268E+00   0.383886E+02   0.150000E+02  -0.324472E-01  -0.999900E+04  -0.999900E+04  -0.338859E+01   0.100000E+02  -0.564490E+00  -0.999900E+04  -0.999900E+04  -0.423574E+00   0.125000E+01
   0.200000E+01   0.300000E+01   0.173165E+05   0.108000E+05   0.200000E+01   0.300000E+01   0.173165E+05   0.108000E+05   0.188903E+02  -0.999900E+04  -0.999900E+04   0.350000E+02   0.250000E+02   0.188903E+02  -0.999900E+04  -0.999900E+04   0.350000E+02   0.250000E+02   0.189073E+02   0.258320E+02   0.762851E+00   0.385908E+02   0.150000E+02  -0.169794E-01  -0.999900E+04  -0.999900E+04  -0.359075E+01   0.100000E+02  -0.295395E+00  -0.999900E+04  -0.999900E+04  -0.448844E+00   0.125000E+01
   0.200000E+01   0.300000E+01   0.175682E+05   0.108000E+05   0.200000E+01   0.300000E+01   0.175682E+05   0.108000E+05   0.191135E+02  -0.999900E+04  -0.999900E+04   0.350000E+02   0.250000E+02   0.191135E+02  -0.999900E+04  -0.999900E+04   0.350000E+02   0.250000E+02   0.191282E+02   0.258320E+02   0.765487E+00   0.387962E+02   0.150000E+02  -0.147134E-01  -0.999900E+04  -0.999900E+04  -0.379625E+01   0.100000E+02  -0.255972E+00  -0.999900E+04  -0.999900E+04  -0.474531E+00   0.125000E+01
   0.200000E+01   0.300000E+01   0.178199E+05   0.108000E+05   0.200000E+01   0.300000E+01   0.178199E+05   0.108000E+05   0.193153E+02  -0.999900E+04  -0.999900E+04   0.350000E+02   0.250000E+02   0.193153E+02  -0.999900E+04  -0.999900E+04   0.350000E+02   0.250000E+02   0.193484E+02   0.258320E+02   0.769084E+00   0.392172E+02   0.150000E+02  -0.331449E-01  -0.999900E+04  -0.999900E+04  -0.421722E+01   0.100000E+02  -0.576629E+00  -0.999900E+04  -0.999900E+04  -0.527152E+00   0.125000E+01
   0.200000E+01   0.300000E+01   0.180716E+05   0.108000E+05   0.200000E+01   0.300000E+01   0.180716E+05   0.108000E+05   0.195627E+02  -0.999900E+04  -0.999900E+04   0.350000E+02   0.250000E+02   0.195627E+02  -0.999900E+04  -0.999900E+04   0.350000E+02   0.250000E+02   0.195685E+02   0.258320E+02   0.772833E+00   0.394327E+02   0.150000E+02  -0.588212E-02  -0.999900E+04  -0.999900E+04  -0.443270E+01   0.100000E+02  -0.102333E+00  -0.999900E+04  -0.999900E+04  -0.554088E+00   0.125000E+01
   0.200000E+01   0.300000E+01   0.183233E+05   0.108000E+05   0.200000E+01   0.300000E+01   0.183233E+05   0.108000E+05   0.198273E+02  -0.999900E+04  -0.999900E+04   0.350000E+02   0.250000E+02   0.198273E+02  -0.999900E+04  -0.999900E+04   0.350000E+02   0.250000E+02   0.197894E+02   0.258320E+02   0.775567E+00   0.396515E+02   0.150000E+02   0.378631E-01  -0.999900E+04  -0.999900E+04  -0.465151E+01   0.100000E+02   0.658713E+00  -0.999900E+04  -0.999900E+04  -0.581439E+00   0.125000E+01
   0.200000E+01   0.300000E+01   0.185749E+05   0.108000E+05   0.200000E+01   0.300000E+01   0.185749E+05   0.108000E+05   0.200299E+02  -0.999900E+04  -0.999900E+04   0.350000E+02   0.250000E+02   0.200299E+02  -0.999900E+04  -0.999900E+04   0.350000E+02   0.250000E+02   0.200096E+02   0.258320E+02   0.779363E+00   0.400991E+02   0.150000E+02   0.203756E-01  -0.999900E+04  -0.999900E+04  -0.509913E+01   0.100000E+02   0.354479E+00  -0.999900E+04  -0.999900E+04  -0.637391E+00   0.125000E+01
   0.200000E+01   0.300000E+01   0.188266E+05   0.108000E+05   0.200000E+01   0.300000E+01   0.188266E+05   0.108000E+05   0.202123E+02  -0.999900E+04  -0.999900E+04   0.350000E+02   0.250000E+02   0.202123E+02  -0.999900E+04  -0.999900E+04   0.350000E+02   0.250000E+02   0.202296E+02   0.258320E+02   0.783368E+00   0.403279E+02   0.150000E+02  -0.172420E-01  -0.999900E+04  -0.999900E+04  -0.532793E+01   0.100000E+02  -0.299963E+00  -0.999900E+04  -0.999900E+04  -0.665991E+00   0.125000E+01
   0.200000E+01   0.300000E+01   0.190783E+05   0.108000E+05   0.200000E+01   0.300000E+01   0.190783E+05   0.108000E+05   0.204622E+02  -0.999900E+04  -0.999900E+04   0.350000E+02   0.250000E+02   0.204622E+02  -0.999900E+04  -0.999900E+04   0.350000E+02   0.250000E+02   0.204504E+02   0.258320E+02   0.786260E+00   0.405601E+02   0.150000E+02   0.117896E-01  -0.999900E+04  -0.999900E+04  -0.556006E+01   0.100000E+02   0.205107E+00  -0.999900E+04  -0.999900E+04  -0.695007E+00   0.125000E+01
